t=4.3648044364300265E-5
logZ_t=-0.3454594528975612
-7.347451869972102, 2.3928697305620115, 3.2812956367577817, [0]
-7.325120172140872, 1.3119414470133797, 2.781142875150062, [0]
-7.581393749352795, -1.2332050952458353, 1.775281423834593, [1]
-7.416159881655517, 3.6956011073480237, 2.9532552377312875, [1]
-7.522179175169948, -1.0742633376039792, 3.011681811983592, [1]
-7.355349181243642, -0.24752782795718087, 1.2970765820698966, [1]
-7.32816549812526, -1.8265865158581769, 2.7676426002112895, [1]
-6.978115676479214, 0.3190420092269931, 1.7136537326464072, [0]
-7.36632439894827, 4.565808711670763, 1.7160512310385625, [1]
-7.160994196456804, 2.044898551890164, 2.7495325325371347, [0]
-7.07131820013433, 2.2821746902176825, 1.853847915734786, [1]
-7.753842628840376, -3.2274418474387168, 2.8478788258763226, [0]
-7.252821564241004, 2.0598348198434655, 3.163456026446215, [1]
-7.2145974585425945, 1.2634976683432062, 3.4899630465825, [0]
-7.147419949933906, -1.346413278634401, 3.368569346042041, [0]
-7.5658425134358165, -1.0885374244024593, 2.0032607810920555, [1]
-7.607984328984507, -0.003087967392808366, 1.1507308064217947, [1]
-7.123704263267504, 0.45826422958379265, 2.9985086705384374, [0]
-7.97188393276272, -0.20389160079375523, 3.3360006958601534, [1]
-7.352475810353709, 2.827836368713472, 2.7015351217803154, [1]
-7.337715234996362, 2.9817769294661898, -0.16742104479187847, [1]
-7.5287897205663725, 0.30325684368751205, 0.39873872483550743, [0]
-7.1782853460155644, 4.371843036081334, 2.299314963369694, [0]
-7.104417435288837, 0.21161950478255998, 1.0151962867187991, [0]
-7.183554680648946, 2.7024563222771514, 1.4776248176403874, [0]
-6.993642975790943, 2.8067662406930025, 0.9231918331977763, [1]
-7.189837360010047, 0.28122867542401586, -0.6189993001430862, [0]
-7.328316412328472, 2.2423664540319015, 1.1741909223431664, [0]
-7.046485079672803, -0.672279245610643, 3.4171055724743287, [1]
-7.466185371795338, -2.9302239749162844, 2.630270658931499, [1]
-7.157700544004271, 0.7955271384413306, 3.1374706688071354, [0]
-7.446781620304386, 3.354390810520476, 3.346384629128776, [0]
-7.059925346976955, -0.8630481955603153, 2.146467496403572, [1]
-7.0026756176408425, -4.941236710992731, 2.007285447049477, [0]
-7.476740446362415, -3.851343227107813, 1.6845813893858708, [1]
-7.235238669917709, 1.3835511745145173, 3.105651603169402, [0]
-7.5452943337878144, -3.983771462834591, 0.16350502299884173, [0]
-8.084905425051566, -0.9343561952882811, 2.7285506525049104, [0]
-7.5461729356466485, -3.8065458746167966, 2.5289582141500366, [0]
-7.144540601882199, -2.356125360669804, 2.7676168310882243, [0]
-7.4663246712673095, -0.17914949610406516, 3.484507217412626, [0]
-7.591748932185971, 0.49044931436460937, 2.942729065400367, [0]
-7.110880243103388, 1.2203233868496852, 2.812438535732488, [1]
-7.204841790691119, -0.6550404517792755, 3.496633972435641, [0]
-6.9841364105947825, -0.4292658385390969, 2.1823750258368113, [0]
-7.817863986281846, 1.7333124601897594, 2.9851292299799668, [1]
-7.02517994152876, 1.066387542480865, 2.562884619448143, [0]
-7.177781385735783, -3.7327642552727736, 0.5459671995734585, [1]
-7.167883319494066, 2.5109167650009008, 2.051270002207304, [0]
-7.075797645478701, 3.142369290658511, 1.3463626288488273, [0]
-7.215524435032575, -0.14297864085542755, 1.6433194565314344, [0]
-7.115984392662238, -0.23682057201363804, 2.1426668053227997, [1]
-7.190936474991809, 1.998375140092044, 2.123208971997319, [0]
-7.062615369449288, 2.1062103850293914, 2.730530619208208, [0]
-7.20079587548068, 2.5199046173641633, 1.8912262649095906, [1]
-7.0100822987720095, 0.7076765504647122, 2.593912622445227, [1]
-7.040478882122795, 0.14504407023939914, 1.0076923598412009, [0]
-7.206549193273196, -2.7784131012156217, 1.5201206993262488, [1]
-7.767315160797911, 2.7163218630005908, 0.8631149650722025, [0]
-7.143252344945214, 2.0297190894563344, 1.8598146651822267, [1]
-7.250555354136899, 0.5225948515384838, 2.720433284117575, [1]
-7.328174496883558, -1.0746405890894488, 1.3922829366212133, [1]
-7.12302946424511, 0.4094074292239105, 1.9777838353166666, [1]
-7.385123536001149, 0.605780627784037, 2.147917757567334, [1]
-7.280219426527459, 0.5487881229349105, 1.4764803113508511, [1]
-6.985512064840688, 2.6700936968766706, 2.5895480898342242, [1]
-7.472962125012569, -2.17068952105615, 1.5701313412719142, [0]
-7.793847897340484, 1.9389937218387483, 2.765899558834023, [1]
-7.251044206495304, 2.6756927314497783, 2.9228463492702517, [1]
-7.21342358572026, 1.1705705984038344, 1.9426871125277647, [1]
-7.316622290226173, 2.5135151864970395, 2.9088388807121563, [1]
-7.485909191643715, -3.1975793928959404, 1.1909176042173866, [0]
-7.129977847619291, 2.0750304727532636, 2.609259988168878, [1]
-7.433493087112429, -3.00659204560317, 2.6641390580026028, [0]
-7.634656751657866, 0.4870687788463819, 2.0178034971738317, [1]
-7.387792892765182, 4.9084922162247775, 1.39161979313121, [1]
-7.3605581742773065, -1.3765206689712879, 3.0073788808761863, [1]
-7.163023221882599, 1.920207090932646, 2.6487532364945006, [0]
-7.391778295138385, -2.48714509801387, 2.6369988513657074, [1]
-7.169264080492386, 2.2095802736217776, 0.8098778904617294, [0]
-7.26764764517053, -0.6231324042748505, 1.682990326251443, [0]
-7.197489781770907, 1.2006543260565175, 1.8835972727009183, [1]
-7.075416686608326, 0.9649918574471213, 0.7382492665582446, [1]
-7.590508562369768, 4.02564067705821, 1.9057489662696416, [0]
-7.3949693143732205, -2.0739256417535232, 2.9317536080401894, [1]
-7.180428597863659, -0.7061353874224878, 1.0048360542058814, [1]
-7.111334586685621, -1.0340715718011793, 1.8303182299587821, [0]
-7.303301970221782, -0.6881304781785587, 1.1319319249926758, [1]
-7.9637458068357425, -0.5535242696086191, 1.5950066147688224, [0]
-7.306369647022564, 3.8372871723130686, 2.5679030790058635, [1]
-7.2444075111380295, -1.2676915805862063, 2.2234674903733245, [1]
-7.3398840085867985, 2.8313432540997137, 1.6262061179707308, [1]
-7.028352903619643, -0.8918257859948786, 2.0803903663271517, [1]
-7.546000482310916, 3.24942367444152, 1.888140646474281, [1]
-7.11174361098511, -3.013280082233028, 3.179428730257472, [1]
-7.188271449155261, 0.8753455068330436, 3.0982788594953767, [1]
-7.727307915276709, -1.1684356205799102, 0.8609750728892076, [0]
-6.997329694422873, 1.5120582976510186, 1.6071994922240425, [0]
-7.170909083676125, -1.205730969068629, 2.4922001752517113, [0]
-7.048033918043412, -1.8731048630501843, 2.8917417675796315, [0]
-7.05940194516493, 0.48865933781475657, 2.713900103092856, [1]
-7.162210297035141, -0.5510469106457867, 2.4290124486112177, [0]
-7.1477330650992945, 0.8118976095963586, 2.385132985433752, [1]
-7.140703046324611, 0.5979722874535081, 2.0663247538140754, [0]
-7.107922717622352, 3.513719573511952, 2.010894694097329, [0]
-7.283537737228398, 3.588686243852613, 1.5742590272238015, [0]
-7.482574922355017, 8.392199472528972, 1.1381134692091217, [1]
-7.252003963419247, 3.3070680591591426, 1.8254054141453624, [0]
-7.252594259263949, -1.0862518571537907, 1.3965430932370235, [0]
-7.539797905356831, 4.7541126789169486, 1.1376143070028115, [0]
-8.007057293298473, 0.7639413660589369, 2.6263326025359466, [0]
-7.0583650949328085, -0.37305749873933747, 2.3457471621065964, [1]
-7.177401453699214, -2.952965304326379, 1.7970393415111021, [1]
-7.181318505715511, -0.6492247914311422, 2.6883972976283776, [0]
-7.160516785096453, -0.2202877810474102, 1.7011613879734822, [0]
-7.0378993317305145, -5.550391191060423, 1.9178614746021978, [1]
-7.315443787876467, -0.843729573195966, 3.3913626765126588, [0]
-7.381052240082582, -2.983214373298967, 2.8762650413052926, [0]
-6.968348803785045, -0.12279003208170552, 2.369224120318355, [1]
-7.080222916858274, -0.3319073177497749, 3.725436052733973, [0]
-7.043969812178271, 0.4105943458951278, 2.2919363451987613, [0]
-7.162242371651081, 0.5719231664880521, 1.9689482744106894, [0]
-7.28053372503511, 2.0905332643424734, 2.4236261597955697, [1]
-7.05448645138201, 1.4139488413085466, 1.9193564754763623, [0]
-7.40222151806526, 5.918054703908616, 1.3882612652701294, [1]
-7.126863556802956, 1.2743684275141216, 3.0557624132842136, [1]
-7.112209683443973, -0.6261019998852113, 2.882117070448939, [0]
-7.916671712354711, 0.5211009274507812, 2.1145675546613565, [0]
-7.76882492172341, 2.2397309864250956, 3.545797242037084, [0]
-7.676747387907866, 0.23649694157441825, 2.717557406606239, [1]
-7.120367917866073, -3.1445288462214274, 2.331322770851411, [1]
-7.005704124452476, -0.20563692348189488, 2.8143573865223286, [0]
-7.588261646099368, 2.5042198212639057, 0.9160658039838787, [1]
-7.2163149952605705, 0.8344926096051797, 1.6300532505028724, [0]
-7.267887938937602, 1.9081792960973067, 3.3198316250926863, [0]
-7.048147606128681, 2.2515830476714047, 1.3143026863221785, [0]
-7.2520701380712795, -1.4047212605677912, 2.5744547552129964, [0]
-7.121232040279777, 2.293918734862838, 2.048309155285968, [0]
-7.211209099198147, -2.959042589114688, 2.180503705819404, [1]
-7.436227417791319, 0.42902820637616135, 2.9385371771748785, [0]
-7.277457976759227, -0.44719821679343563, 2.5599202787933426, [1]
-7.322150122274378, -4.719056111561572, 1.4383143073751332, [0]
-7.477591080776595, 2.921553099896295, 2.3178113704996113, [0]
-6.987223106639499, 0.716361880729592, 2.668372958835322, [1]
-7.355708844301095, -0.601270699213192, 2.925795960562503, [0]
-7.03021196701785, 2.535851314634663, 1.4824326763535471, [1]
-7.177256175644239, -1.4007653873804913, 1.2694620529028102, [1]
-7.6790770628659075, 4.105577983551536, 2.5887075942279703, [0]
-7.231314923800193, 3.0173641048807394, 1.9869188496813832, [1]
-7.984916966093548, 0.3448763853080914, 1.6951982456573493, [1]
-7.200931279867624, -1.2403578539930358, 3.130193716625719, [1]
-7.040473418111393, -1.2015429052680666, 1.4575021351427988, [1]
-7.334653675097876, -0.4412266306158872, 1.9168788818487708, [0]
-7.099973674753748, 0.5282250473519995, 1.6234513760684322, [1]
-7.394897343851896, -2.4349484050633965, 3.9920255350184393, [0]
-7.223758579186912, -1.079290758509094, 2.880717802788964, [1]
-7.072117428401482, -0.977114520711726, 2.4993393304465528, [0]
-7.142861362925151, 1.5837499919241658, 1.9763931848839362, [1]
-7.12806963468742, 3.1091806135697424, -1.1882082597739625, [1]
-7.264950839024796, 6.491008705349963, 0.8829219403113455, [1]
-7.097148821132725, -0.8906300445915906, 2.626198526194106, [0]
-7.16382674947759, 0.16314605610996047, 2.423647129183786, [0]
-7.177356393869247, 3.484346304137449, 2.737425198129107, [0]
-7.484056723313211, 0.6825778706309447, 1.4490597678880777, [1]
-7.248296671966192, -0.10374617044985701, 3.016075658622116, [0]
-7.346457246674546, 0.5158175001151943, 0.288509097073411, [0]
-7.517905006460347, 5.457154357073756, 1.7710867314514207, [1]
-7.151760964723103, 3.325694910936022, 2.0330173151909197, [0]
-7.259107565802333, -2.175595744126481, 1.7004302632198143, [1]
-7.570737414159004, 2.427868254891201, 0.478500341690828, [0]
-7.408171339450971, -1.3325420250405826, 2.096004071520405, [1]
-7.376571542042954, -0.9211209734706705, 3.541246854969384, [1]
-7.0787653178324526, 1.7145285795060663, 2.1362834652376863, [0]
-7.142369344845457, -3.96508180129575, 1.8850772005073917, [1]
-7.365871696607664, 2.782495045549347, 2.73778923048875, [1]
-7.858425654319558, -2.1623189146788184, 2.5549521766408256, [0]
-8.229611841955206, 4.1730704514010135, 2.4011032862130093, [1]
-7.396676579068107, 3.4523813299877872, 2.7536375010241865, [0]
-7.320098903294524, 2.9290223253318235, 3.029484282660288, [0]
-7.304329641408893, 2.7859264223303795, 2.604674518829349, [0]
-7.55024898968798, 2.819753147950584, 3.301993674913546, [1]
-7.073228273412265, -0.6141584589885896, 1.1985095317792687, [0]
-7.296967328009564, 1.3213355692045075, 2.606398818182639, [1]
-7.181365238754498, -0.8412903883626373, 3.093939346807071, [1]
-7.4147103088458435, -1.3826218609753977, 0.9446512867359318, [0]
-7.499136356035473, 1.8528986669123984, 1.9836634909403839, [0]
-7.3189296010550295, 0.6240073926926746, 2.123672242016029, [1]
-7.197053860268779, 1.9555160054794922, 1.5752878079305732, [1]
-7.881893835802876, -2.7016847767755303, 3.066715391488663, [1]
-7.183315267966474, 0.2494386596115259, 2.253678648764858, [1]
-7.252062148012155, -0.5274503110696429, 2.9839987518433104, [1]
-7.164265135719801, 3.815284995648128, 1.3223711624831103, [1]
-6.973291952637884, 1.9003933391871786, 0.9112335146674124, [0]
-7.07601925965362, 1.6143296841683665, 1.7100606820887716, [0]
-7.103110498003078, -0.28247862799715406, 2.9602851703579507, [1]
-7.180431167139559, 2.0805340275973654, 0.671802582327369, [0]
-7.132838061695659, 1.4574319187205869, 1.9904463453141594, [0]
-7.091048481923002, -0.2651381617022335, 1.9591052167828442, [0]
-7.351613434754136, -1.0519449092027355, 3.156253753179715, [0]
-7.600867747455132, -0.8732624428765148, 3.3029739871483175, [1]
-7.1566571750865595, 1.5840128628814931, 1.8686354178330284, [1]
-7.021100256362046, 0.6500960166493915, 2.908623734569135, [0]
-7.717022089176065, -4.002533882528404, 1.2266933076393598, [0]
-7.336915226769881, -1.7541806827503046, 2.7280486525613505, [0]
-7.008346174768074, 1.9906418425866272, 2.4490463517099337, [0]
-7.077366051661365, 0.7726886150069541, 2.6431815907901015, [1]
-7.103545747916344, 1.8360962320008398, 1.6898501721687347, [1]
-7.713310866740941, 0.8383845871558127, 3.093251800292216, [0]
-7.0922506719173795, -0.96775285182696, 2.0630932703094063, [1]
-7.1829212787226036, 2.6505900294906177, 2.4464929917201976, [1]
-7.008308917354878, 2.5538178957105178, 2.579189068519404, [0]
-7.154008028266304, 3.3137424296866547, 2.2796232760681896, [1]
-7.103377142616631, -3.1383911606470205, 1.6892133792333612, [1]
-7.521998877124145, -0.6856115839895112, 1.089735160530666, [1]
-7.019062121199579, -0.751855258110361, 1.0084327306289274, [0]
-7.207330619466967, 0.12985323279690753, 2.5885574293953733, [0]
-7.349437263284598, 3.2927181741247105, 2.633602244359977, [0]
-7.180351941676084, 0.362878548021047, 2.5363692826920516, [1]
-7.027238123641338, 3.422687461815749, 2.1093001917380443, [0]
-7.0314122979515545, -2.2944589547853096, 2.3236098229464455, [1]
-7.034802735516863, 1.4396128742783731, 2.511928182465495, [1]
-7.315728842404687, 0.1056402997910118, 3.4941264787789574, [1]
-7.385571947405441, 1.580111022112197, 2.511970143142179, [1]
-7.301954749013438, 3.1372768134695614, 0.38007900559350194, [1]
-7.094149916587206, -0.6891124239442628, 1.62312413291854, [0]
-7.14765631471961, -1.9537829263857223, 2.531293300705644, [0]
-7.647411220515569, -1.855309450348458, 2.8733851763134757, [0]
-6.971861591747255, 1.342274517032802, 2.248919577291132, [0]
-7.2880201714772515, -1.1483489535084344, 1.6593350834052405, [1]
-7.067493339434728, 3.3355569954341586, 1.9673069292950582, [1]
-7.5481185008039064, -2.8138370913778523, 2.0426422935068564, [1]
-7.223408338583607, 3.6711222367909744, 1.5624813831063393, [0]
-7.17964243080399, 2.1665346516306734, 2.2395813305234684, [0]
-7.333744399384787, 0.8177110895899928, 1.8990526230749376, [1]
-7.02126267370558, 0.20005347606786072, 3.181079276345656, [0]
-7.5780007484663985, -0.47238980651168333, 0.9067827087862179, [1]
-7.072033040769564, -0.3464237875397529, 3.307847433181062, [1]
-7.118471126100691, -1.5144412700640615, 2.5277124611069586, [0]
-7.2647927964677885, 2.066189716894043, 2.7113957809333704, [1]
-7.214136475823869, 2.798006857214455, 1.654179627910453, [0]
-7.130309753957594, 3.6524489105017843, 2.492976163245559, [1]
-7.23172430517535, 2.0071339564530457, 0.8417970979862694, [1]
-7.001687860400005, 2.0981633004902793, 2.6239058298361204, [0]
-7.3299021390301595, 3.189936906312079, 2.2148638355373635, [0]
-7.1466595030147335, 2.2490843095608355, 1.9031315501575696, [1]
-7.05088353914109, 1.4844767518254631, 1.5678395222005646, [0]
-7.510768070764004, 1.1621566560308945, 2.8197884423375736, [1]
-7.138766689275458, 0.10650369838991347, 1.8113869638384914, [1]
-7.083861163760029, 0.3966682846942528, 0.7158307137197564, [1]
-7.088528592028828, -1.7948258353067978, 1.9646274925681093, [1]
-7.04953673020415, 1.5070085864670082, 2.1138625684123995, [1]
-7.044651109218809, -0.2510780610424217, 2.940820146987824, [0]
-7.406579276138227, 0.6517394149841738, 2.666841909346272, [0]
-7.660571133102743, 1.759211901638888, 2.3351416474911355, [0]
-7.7655700946111175, -4.81959331815051, 2.1930908077651217, [0]
-7.0119890623097545, 0.08435237779616966, 2.5698747173847427, [1]
-7.175102138447637, 0.7236311794391814, 1.3029143990291647, [1]
-7.4310967825721015, -2.5249443158681792, 0.5515541358292506, [1]
-7.122359109876981, 3.2865535955180505, 1.915814380196605, [1]
-7.284271692821981, 1.8441171938719507, 1.1078561579839028, [1]
-7.26234287101342, 0.9277511167361312, 2.5568848308152825, [1]
-7.16825304338897, 2.0962140011245407, 1.5893679542420176, [1]
-8.252322343151741, -0.1716909298516478, 2.5010869029181406, [1]
-7.51887852746115, 2.0523020861033885, 2.7605395954115473, [0]
-7.307752750634537, 4.275196220421002, 0.11171226815748703, [1]
-7.252262808210694, -0.32459041128889377, 0.9919443713715577, [1]
-7.517588458118676, -2.5083357447075088, 2.1585968838941376, [1]
-7.154721746890612, 1.5125119032193988, 2.2803717399902124, [0]
-7.522110266789097, 2.7742778447348644, 3.107307319177189, [0]
-7.084556536868922, 0.26421671660757085, 0.6291098353075122, [0]
-7.326252057926332, 4.47753827765628, 2.2242590534820295, [1]
-7.349082775403255, 8.05186788314127, 0.1356700889293896, [0]
-7.487114346191465, -1.6842296966041452, 2.5599053364284483, [1]
-7.091962356358669, -0.18700722846189777, 1.8845639507679866, [0]
-7.127459421397587, 2.2002274725323616, 2.3987477897319045, [0]
-7.031192939865723, -1.4559421034057636, 1.5518048346820075, [0]
-7.541734042753535, 1.9172980180798027, 1.2458025825813985, [1]
-7.07639790220194, -0.12821103574153953, 2.1974582766559214, [1]
-7.13796799323862, -1.0643697924050661, 2.7679365162266327, [1]
-7.268074977852191, -0.9134335163744083, 2.5729004172415726, [1]
-7.304754071788388, -2.3827786185342608, 1.8460967551848357, [0]
-7.361466509171714, 0.5721167248232303, 2.889666119953292, [1]
-7.426920814298192, 6.4310652480133506, 1.8984804873241967, [1]
-7.297410793826141, -4.645050064584083, 1.2828210231703085, [1]
-7.062715832190891, -0.5896529098490945, 1.9536863992865894, [0]
-7.105548013022604, -2.0946748060662133, 1.458539357333954, [1]
-7.320554741321531, -0.3911638867775795, 2.9185264074190402, [1]
-7.354355910585851, -1.6698128046033953, 3.258802026795749, [1]
-7.326311733467611, -1.7785433341461034, 0.16801604380838153, [0]
-7.140798591413205, 1.1547265845893624, 2.336380026471012, [0]
-7.310404144829128, -3.2875701226367777, 2.4689954080441776, [1]
-7.306048968744825, 1.4879323253215497, 0.926865665506031, [0]
-7.119493079089003, 3.768019579230324, 2.7612068150711115, [0]
-7.23310354479082, 1.4288874434669419, 2.1960927758250697, [1]
-7.116699740323421, 2.8854015110227125, 1.6402366252410427, [0]
-7.38887878580724, -0.20713012894465033, 2.7962823649971047, [1]
-6.9920714084448665, 1.61371169847966, 2.9201088676333304, [0]
-7.184406336346376, -0.49789698207278194, 3.100886750819708, [1]
-7.793702178537833, 2.77337231879025, 2.3869972875019387, [1]
-7.3050363914685565, 2.379923572161694, 2.7705608544838576, [0]
-7.365758880394262, -5.646183916029695, 1.1504851024932679, [0]
-7.860111044665063, 4.444884672334216, 1.9299243136374313, [0]
-7.249526513625274, 1.317455503399355, 1.1487107672301913, [1]
-7.261527549646591, -2.7738841406177723, 2.159675574449451, [0]
-6.998319367557869, 1.8595728836960148, 2.5021200289662144, [1]
-7.307234221017336, 1.7196456222776308, 1.2552632805642632, [1]
-7.739605852937579, -3.683349219161152, 2.442649453211657, [1]
-7.25454785620957, -0.3935023558103077, 3.145136439825511, [0]
-7.213929999683362, 1.0103641176624276, 2.4969061682659675, [1]
-7.0574964999691625, 4.917748867717789, 1.4518713839157633, [1]
-7.1382266607355565, -0.3965039084819585, 2.3742754689248646, [0]
-7.396782384094473, 3.201025430865382, 0.8074560847896008, [1]
-7.398278874221449, -0.6664989856857402, 2.3857556587065125, [0]
-7.344875384263868, 0.05354063822001576, 2.865098703474759, [1]
-7.207353512451597, 1.3036795161461665, 1.8836478845306086, [0]
-7.026642576338572, 0.46942317413429135, 3.120822623354004, [0]
-8.124338157580754, 2.7243742335159284, 1.0521803167694594, [1]
-7.109074381050703, 5.338890399871345, 1.8921475117276718, [0]
-7.13881522372353, 0.7011151603874315, 2.6291311688233794, [0]
-7.191642356795352, 0.275769303318288, 2.805180884226948, [1]
-7.202475116398444, -0.5703459146552122, 1.081267869540737, [1]
-7.741164860383759, 4.4579758877759526, 2.8475573732718282, [0]
-7.272491330014548, 1.1704495538816533, 1.899838219290386, [0]
-7.109778576295668, -0.5976006634760052, 0.4495576219277335, [0]
-7.206005569150904, 1.6861611962781353, 1.4018910671474918, [0]
-7.192161903444487, 2.645910064941079, 2.5292507454447994, [1]
-7.01179358567295, 1.6380961041171986, 1.7994112093640149, [1]
-7.576059970186594, 5.251379224249042, 2.8651511039485653, [1]
-7.460077748065533, -3.286699597440145, 3.038840212765624, [1]
-7.083554996900286, -1.44026343813643, 3.0393320364475, [1]
-7.534003283988258, -1.7356992340967294, 0.5458672887936054, [0]
-7.114253978628993, 0.6556782467810534, 2.665425521057476, [1]
-7.307401771259921, -0.8697459260848821, 0.43191528748926955, [1]
-7.242430175814894, -1.025081464548435, 0.6903551125416294, [0]
-7.388448597662157, -0.634083135733868, 1.4536623669300555, [1]
-6.9874576768601635, 1.8194426079830204, 1.699038361221612, [1]
-7.087645389371664, 0.7519068862053562, 2.6322790907770255, [0]
-7.175084544184518, 3.148574392785697, -0.10325430011915682, [1]
-7.111157717200491, 1.0343373291991922, 2.8964147665115254, [0]
-7.089885688718098, 2.1907659707074894, 2.2583542834836994, [0]
-7.058535082895021, 3.856117329896101, 0.17877564876979563, [1]
-7.4321830841162155, 3.423477228308041, 1.259086542536223, [0]
-7.543700842049196, -0.4705885663407472, 1.0258905760318549, [0]
-7.1651546298093605, 0.1450031336002593, 1.279852608832973, [1]
-7.184043146595576, -1.390654005509451, -0.4877214532941554, [1]
-7.319060525727316, 1.7789741558537964, 2.877121400072636, [0]
-7.018009117283677, -1.9881755471826073, 1.8278446980294378, [1]
-6.9597821348691316, 0.24344516912329395, 2.4659720204402333, [1]
-7.112148157441489, -0.003991564725100316, 1.0842858264608892, [1]
-7.0180703579398935, -1.8646424666531904, 1.310269341717857, [1]
-6.969516705928177, 0.49797956536839877, 1.314728554731206, [0]
-7.236305323687956, 0.17020857865257, 1.970362332531236, [1]
-7.309805943951001, -2.7477535662377464, 1.716125438720166, [0]
-7.862143292676944, 0.9104029009357283, 2.9595890829421405, [1]
-7.715423374479113, 1.5594564714333976, 1.5481533227672264, [0]
-7.230949783877738, 3.0868195902998736, 3.1517552228065426, [0]
-7.457731516864616, 2.9313604644229954, 2.769499004210572, [1]
-7.420002627417111, -0.33727082342356124, 1.4820097267874373, [1]
-7.049605264610921, -2.5725379170636025, 2.6562410593121597, [0]
-7.381618522826084, 0.03300899742628281, 2.4327647585131356, [0]
-7.1457166837717585, 3.3982625426189164, 2.111085702283301, [0]
-7.270390533280931, 0.024698841590392928, 1.0763273446740058, [0]
-7.00959705473414, 0.4705057947015877, 2.330840128277149, [0]
-7.255565664798244, 1.10444105560375, 1.238689686493426, [0]
-7.143568502627456, 0.9856077095628661, 1.5592427332925634, [1]
-7.439745120071317, -2.087797529374058, 2.949983550754086, [0]
-8.037649633306518, -0.7466826736459771, 0.5506567446978325, [0]
-7.4049140674481935, -1.5150691362747204, 3.197546339636775, [1]
-7.654028215245004, 3.3148535680743842, -1.1670747442574774, [0]
-7.136200527218114, 2.8185046290824394, 1.937955182394032, [0]
-7.190819175202193, -0.9182542369515123, 2.6958492320179412, [0]
-7.195835013641155, 3.08726338944869, 3.261405817180709, [1]
-7.067234390715976, 1.7494883919491973, 2.1894209545193295, [1]
-7.278745279594759, 0.9533764509765219, 3.0372630948656, [0]
-6.977750449529334, -0.4840348982271748, 1.5868701528717426, [0]
-7.4530414627071835, 2.192337374349417, 2.7040010860054675, [1]
-7.506803240171634, -1.2529661413384263, 0.9208036752829771, [0]
-7.493607150632476, 0.9623193268227694, 1.9774994622446724, [1]
-7.065646008683904, 0.6286117363839285, 1.7850476638471826, [0]
-7.109151315884142, -1.3185214067372624, 2.1314712445523933, [0]
-7.177595472274462, 1.1037900179132545, 2.6093408114765184, [0]
-7.512738474228328, 3.710583075847219, 2.3371049513970235, [1]
-7.085826303150731, 2.9582760450392476, 2.2783173945621993, [0]
-7.349742258240092, -1.2002899295476444, 1.491566280233389, [0]
-7.0557130757545075, 1.3479179524185514, 1.7797373956462, [0]
-7.137732017901817, -1.6608020683867997, 2.204003782192733, [0]
-7.0583749840711745, 3.294570905933695, 1.300344348437795, [1]
-7.196430402297545, 0.036121371287598736, 2.6896015472674257, [0]
-7.086311909574734, -1.466064813416971, 2.411715068758552, [1]
-7.3644627931806355, 3.752906272156432, 3.2558358662209237, [0]
-7.252006368327186, -2.4571272049453294, 2.5971239363955383, [1]
-7.129886403742755, 3.5691948513429015, 2.344335877420643, [0]
-7.159284729419601, 4.293131119206911, 1.7923623038036631, [0]
-7.256933139750852, -2.9966740314617013, 2.620698477593481, [0]
-7.574536349388426, -1.603200452251828, 2.707013786992962, [0]
-7.7765741197123415, -3.7032784941809087, 1.2499649787184484, [1]
-7.145053532345524, 0.19470354517554433, 0.3657859496846457, [0]
-7.489096594849268, -2.7095483017109787, 2.6725314417149826, [0]
-7.279460677935622, -0.14234923439747088, 2.2806187137387006, [0]
-7.213648820880991, 1.2554382260058516, 1.7257124298181354, [1]
-7.467992743765101, 2.181282882014269, 0.7248370393836584, [0]
-7.068335237266142, 1.5003774950727642, 2.7598811388954623, [0]
-7.368248287704078, 2.1469890590651968, 1.5380274889338794, [0]
-7.048204784971773, 0.17323749530692362, 3.7524909808475924, [0]
-7.038157717591967, -0.2771222297076168, 1.1026840017760653, [1]
-7.269498349514596, 0.7124789528878936, 2.578026023803096, [0]
-7.220779493397471, 1.5038725557490227, 2.5762216939635194, [1]
-7.367669865271357, -3.302532050988226, 2.5052000652879407, [0]
-7.003090308504036, 0.16157900865197866, 3.1741636917473315, [1]
-6.998657511687071, 1.479640582986231, 1.5418243663102373, [1]
-7.003991802724037, -0.023457735462591778, 2.5954328741054016, [0]
-7.39873865653778, -3.022696106721421, 1.2724758958881188, [0]
-7.3017986097480785, 1.8392522849278914, 3.0072304342719027, [1]
-7.1787280619913965, 3.9327447447384234, 1.3113223592497052, [1]
-7.27114773454455, -1.581382361302834, 2.7422760147132976, [0]
-7.28603715476745, -0.6083835731535288, 2.164785790056075, [0]
-7.031583184259363, 2.2311994945145823, 2.0851983963884915, [0]
-7.093007717629141, 4.568357597701916, 2.4969001613906427, [1]
-7.162573843990441, -3.736643661291171, 2.3458703489101316, [0]
-7.650513105311536, -0.18353784412974417, 3.0208840542386883, [0]
-7.281307969197901, 1.898519481557687, 1.576385498537989, [0]
-7.111807096910577, 3.2323238288929685, 2.225335294896178, [0]
-7.429707140407868, -1.1911274903308011, 2.7012934622989433, [1]
-7.319231042144475, 1.426227908342996, 1.0178375234108752, [1]
-7.401537330673671, 0.9043017332657621, 1.5929167399827435, [0]
-7.612864968268495, -0.8615313725425091, 2.10458125481803, [1]
-7.041310823979563, 4.440159319615033, 2.296207314863901, [0]
-7.639288153420511, -1.1197922109113156, -0.2783006496638948, [0]
-7.164946393170421, 2.0020195122219424, 3.6135570979101352, [0]
-7.196750841703205, -0.21950632444837204, 1.9875733809886857, [1]
-7.380382509852081, 0.6788060337874557, 3.2053975851263297, [1]
-7.241334352220808, -3.3742415007274413, 1.7839043328984463, [0]
-7.169221764875542, 1.9143804847101715, 3.522326738558885, [1]
-7.245692872615916, 2.482866788573427, 3.5239110622700176, [1]
-7.084863970137122, -0.5055588951264394, 1.9174024217403836, [0]
-7.194346701287382, 2.0425475313677532, 2.5619515670689803, [0]
-7.593805311157329, -0.18965233891097, 2.8437439603821524, [0]
-7.340763180378385, -2.226216354203096, 1.9838417749381279, [1]
-7.26027284185034, 0.014714498589664782, 3.361071788212486, [0]
-7.181323766328667, -0.7293269972713166, 1.096630209522897, [1]
-7.126246829609952, 2.9932938255897055, 2.5397685397317558, [1]
-7.1373262006080145, -3.164140734213482, 0.720434782869479, [0]
-7.422048198303458, 3.383510285902857, -0.07364196162154357, [0]
-7.033933440181851, -1.3991775882294073, 2.5632191421026245, [1]
-7.29264749312336, 0.5172373985797515, 3.7267714161136642, [0]
-7.103425314616396, -1.477893436318117, 3.0495791088854496, [0]
-7.284212007221382, -1.746645911818197, 1.3765266057488974, [1]
-7.047570133704788, 2.4429435733127414, 3.000291834002483, [0]
-7.063471182581695, 1.3036712628307612, 2.569609992757914, [0]
-7.571568849392214, -0.9513062447326124, 1.7651944571912563, [1]
-7.663473843292384, 4.64035662526377, 2.325952572250547, [0]
-7.147926977625807, -1.809269469484951, 0.32234951839765635, [1]
-7.720978614430074, -0.3550057412241099, 1.9731693274781186, [1]
-7.316249963793605, -2.315433397312565, 1.8497724192461098, [0]
-7.058739073055008, 6.079146958085085, 1.2509616404216324, [1]
-7.443816804669676, 1.325243817754079, 2.505241354735655, [0]
-7.221876106674227, 2.4929355648666682, 2.5457528475352986, [1]
-7.284443941335333, 1.1097494560499443, 3.3048442381936405, [1]
-7.144614854147704, 0.22257657269731368, 2.585266450157869, [1]
-7.2647435593939, 3.9206035593796833, 0.9986495964135731, [0]
-7.293695139536589, 0.31559761827170396, 2.379878529629882, [0]
-7.270606590497803, 3.383900739564509, 3.0632469714120987, [1]
-6.981277816920637, 1.2417552764055995, 2.0805913303296726, [0]
-7.20925495863091, 1.582065779650295, 2.694790234290337, [0]
-7.385761646168311, 3.418437718385915, 2.651275891391299, [0]
-7.544180122773468, 4.248513214166606, 2.378223545040943, [1]
-7.030357867046887, 0.18607415446998832, 3.1753350683592507, [0]
-7.019403148408932, 1.3531181924997335, 2.4149985378489633, [1]
-7.289579899633519, -0.6413748395112022, 2.6313278733076455, [0]
-7.072469240328749, -0.5574136206254181, 1.881252988918636, [0]
-7.163874413304383, -4.8925966075827825, 1.2881771267640014, [0]
-7.219037470900218, -2.5962750797784064, 1.6382289687495897, [1]
-7.388668655724537, -0.24844324273472773, 2.1105804007807345, [1]
-7.34876170988965, -1.6134087247494147, 2.5007166667605785, [0]
-7.534591491660544, 1.1732316631406234, 2.5612746957471773, [0]
-7.43992808233676, 6.253649119002248, 1.5788875777402005, [0]
-7.503531079155779, 3.4358943156459376, 2.890424767818053, [1]
-7.236452202269475, 1.505236943145722, 1.5290435100814697, [0]
-7.498134078983916, 0.6554714488960243, 3.4407623798227105, [1]
-7.547251555714793, 0.276051570372986, 3.5155703909831373, [1]
-7.142917708121681, 1.0271956824932278, 0.5053826168552034, [0]
-7.45990018679497, 0.3368464759233208, 2.086417521212639, [0]
-7.084390616813386, 2.140577230049632, 1.8053808696009963, [1]
-7.240793989932768, 2.1771620188867926, 3.0439409600524687, [1]
-7.089405483954415, 1.3289623730947078, 2.66441402491331, [1]
-7.319124681902073, -0.905836719690547, 2.446636671970677, [1]
-7.417377711490157, 0.9696224086403586, 2.432794704262162, [1]
-7.083658812525029, -1.0887064519441472, 2.60461278736485, [0]
-7.258856909657321, 1.8831103332717398, 1.4207331237061014, [1]
-7.469581398715779, -3.2113350877216336, 2.186862809235466, [0]
-7.77573513786913, 0.39259739290748746, 1.4769256987291446, [1]
-7.688732591323207, -1.8147334637189874, 2.2043034030733164, [1]
-7.111164249916893, -1.0395413122545367, 2.784585048452705, [0]
-7.6774342154001225, -3.876499052122371, 2.1567589071812288, [0]
-7.123413706382803, 2.598181134781326, 2.959567309192287, [0]
-7.126044803179133, 1.0307672166376798, 3.136307479765294, [1]
-7.034595117910871, -2.9543579835431437, -0.28554863562608945, [1]
-7.137516964348521, 2.297955073028324, 0.9902653978264127, [1]
-7.213216448632912, -1.0230882720593852, 1.8901677388444054, [1]
-7.315766758987212, -0.8077055366211514, 2.6376469402337595, [0]
-7.111284391856889, 1.739077153493585, 2.8740335584484558, [1]
-7.49162827971272, -2.0450660058891974, 3.82432764358, [1]
-7.347840943070716, 0.4447225251949895, 2.355389110393969, [1]
-7.126294496479471, 1.1093814722837512, 2.259698830575957, [1]
-7.086964615023969, 2.5388226159668412, 1.9790373021658043, [1]
-7.600983433788746, 2.1505049002160845, 2.077430454418997, [1]
-7.141063075766016, -0.33511044879726604, 2.4881545721803513, [0]
-7.012506899384979, -0.7083774797386808, 2.182802098164161, [1]
-7.4314632425158, -6.313332088731245, 1.1464471283160216, [1]
-7.745562512650106, 2.4794418731853956, 3.4066084268523436, [0]
-7.427711488432831, -2.4443278446672325, 1.0559500961864263, [1]
-7.254525402694629, 0.48352328605222894, 1.4459705627414239, [0]
-7.022440452432621, 1.4547971273225802, 2.0657533745020715, [0]
-7.090117710849959, -2.947192094396189, 2.261909060158156, [1]
-7.457100419851379, 5.724400631189833, 2.02147935008558, [0]
-7.208449632466549, -0.7308946949593299, 2.407560722625637, [0]
-7.267305816053676, 2.225910206063931, 2.0478423124905545, [1]
-7.488831117656286, -3.192539594540258, 2.462024160757633, [1]
-7.53147372470257, -2.50607463782392, 2.7664374753974856, [1]
-7.160239437333871, 2.484069118632103, 1.0833798770319545, [0]
-7.15663560112871, -1.235867842195892, 2.997900266681448, [0]
-7.0515196915145575, 1.8975452304958051, 3.135346121050688, [0]
-7.265585238042768, 0.4880351525706881, 1.7227252676242588, [1]
-7.015078289436862, -1.0110513437747914, -0.4169199809187528, [1]
-7.167781440111814, 0.8646076426089975, -0.28701571172068574, [0]
-7.343152943852548, -0.28944659873993905, 2.5742139080413193, [0]
-7.281220531521009, 2.3003761327301775, 3.1750082917644575, [1]
-7.3632630004859, -1.3122383225831722, 2.1645680569521337, [0]
-7.24755400344687, 3.090932711347425, 1.8320305288084466, [1]
-7.644876473621412, -0.6924145315607895, 2.744206769817098, [0]
-7.192952489395467, -1.4829516426687341, 2.423545335841232, [1]
-7.722526824684331, -0.2994455271949148, 3.4984601629708183, [1]
-7.149841552982781, 1.6458236358189589, 2.0337230478028308, [0]
-7.126856181878705, -1.5857215399179667, 1.7189482638441504, [0]
-7.172258670043454, 4.59161839068871, 2.0209196943548395, [1]
-7.272839039214611, 0.6663184966840374, 3.468479790599692, [1]
-7.01605007612939, -1.8420099836223254, 2.091223587423195, [1]
-7.180527901437059, -2.345890217651589, 1.359458173200205, [1]
-7.049134003875397, -0.5384012180012652, 2.277833495451788, [0]
-7.295737395066075, 0.6991871868602253, 2.193008106101959, [1]
-7.388440668178531, -3.2539811195808843, 2.0275341477432933, [1]
-7.3579290457286, -0.6679323550187326, 1.2671509627134954, [1]
-7.536529238106012, 3.750285520763464, 1.6672643420257987, [0]
-7.617383771775335, -2.0293996602656614, 2.469248999698525, [0]
-7.301555704572434, 0.8688081985274219, 1.883163970190355, [0]
-7.28806686883221, 3.095483043520333, 1.5151120746944216, [1]
-7.868645957927194, 3.919702210032841, 3.1432429362754712, [1]
-7.238737296322219, 2.5600020750441237, -1.3396955226279845, [0]
-7.0997742527117955, 2.5240161023034533, 2.365228125071673, [0]
-7.3341394853159, 2.5880947269840275, 0.35225993568848635, [0]
-7.064553214314663, 0.5158902505404002, 2.4772789839314555, [1]
-7.296036119109199, 0.08399751495446206, 1.874052516086306, [0]
-7.082365280619907, 1.1456387806383557, 3.331932672809703, [0]
-7.119526113373131, 0.427039623403756, 2.6086087962125926, [1]
-7.573066726913273, 0.6796534511814127, 3.2814287356077485, [1]
-7.183501873528928, 0.10112700811576936, -0.7549697590331772, [0]
-7.1816955890783625, -2.4101492193185567, 2.788535809530769, [0]
-7.382668923047781, 1.4340590245553608, 2.8286594900889965, [0]
-7.081326555736555, 4.904492409801813, 1.4951128215449143, [1]
-7.288747682858924, 1.3829197295517779, 1.8387013159119001, [0]
-7.68948981916728, 1.9206585033967905, 3.24734345582954, [1]
-7.031299575858779, 3.5807539946743048, 2.029980304946944, [0]
-7.414370895323168, -1.739567206548325, 2.5580229170269035, [1]
-7.262003978109972, -3.24583293067197, 1.7833228809293125, [1]
-7.018153112803617, 0.5052496209170175, 2.086910768551791, [0]
-7.320465494747994, -0.0682794133058644, 2.2809441747304393, [0]
-7.341979679339207, 1.048226637135869, 2.459126358199021, [0]
-7.123980717866184, -0.651867820869817, 2.3177482496879644, [0]
-8.49992564843209, 2.3927711011976296, 0.8694048236584389, [1]
-7.098782405042176, -0.6702128276450503, 1.9501497822429688, [0]
-7.201415174304671, 2.1338454614336473, 1.0809918115398118, [1]
-7.119861744130021, -0.20103715693884583, 2.853803734706481, [0]
-7.0642454532364525, 2.1054447760821677, 3.162981808712601, [0]
-7.2415551801471505, 3.9381569204867968, 2.07873771427219, [1]
-7.0372876728603035, 1.2698883503941192, 1.1433664549743192, [1]
-7.589977437563329, 0.8379582583868546, 2.8546296447107133, [1]
-7.289266442971483, -0.5448090722126255, 1.597899406299343, [1]
-7.02350286083704, 1.46369650241727, 0.46925682679472325, [0]
-7.147267319869093, -0.6030150917013106, 2.2006662100882215, [1]
-7.105448290113485, -1.197291152927008, 2.263582803861052, [1]
-7.182653942576607, 1.3430618878470366, 2.4146476494650986, [0]
-7.206613874504358, 4.846469119413209, 1.393912072429846, [0]
-7.9047810021789235, 4.210640086354287, 1.7797217396330223, [0]
-7.171017307421107, 1.5765680526055488, 3.1428621529891068, [1]
-7.2843676398078685, -1.4728425208686526, 1.8442132553289787, [1]
-7.439992262259209, -1.3187281091375227, 1.5247690810554284, [0]
-7.238186419686833, 3.2757373460483787, 3.3026223262809906, [0]
-7.263857718347552, 4.267584168398627, 1.2260332944791819, [1]
-7.715775755760024, -0.9650659066037086, 1.6891539795671817, [0]
-7.101711681760172, -0.02935449626711939, 2.3377395002330084, [1]
-7.378828301371113, -0.38059391513271645, 3.593960896822118, [0]
-7.086076275401502, -0.7332190142923216, 1.677832731799281, [0]
-7.0180503427358945, 2.1492404563005656, 1.411085980515284, [1]
-7.2050078344022905, 0.5239504449055712, 0.6521838108407416, [1]
-7.570330344963668, -0.7591323930866578, 1.59308398636122, [0]
-7.056533666546295, -1.0725898846163036, 3.35262787696213, [1]
-7.076481868631738, -2.5757766174206345, 2.142192540844536, [1]
-7.334359735935132, 1.2300599924487947, 3.1491321066402946, [0]
-7.075127847970324, -0.5605776899350963, 1.7163503128542783, [0]
-7.06368159545231, 2.1852413071154206, 2.6589191117149342, [0]
-7.314223432451373, 0.5002204789206584, 2.218840497476951, [1]
-7.000795327536822, -0.9995204553014005, 1.594385823449076, [0]
-7.24619445774242, -0.6992460712039876, 2.376192613819221, [0]
-7.358954315776284, -1.858506002829065, 1.9520255823946415, [0]
-7.2715261839959275, 2.2336770827615737, 3.1358744466067003, [0]
-7.219023204069967, -2.033383342629381, 3.1175817123769174, [1]
-7.360581353186494, 2.9688239736739495, 1.465280053032594, [0]
-7.4858398423317825, 2.1263905427160434, 2.500047324957863, [1]
-7.221186356964503, -0.3346146529260938, 2.7449583521555447, [1]
-7.802775365112374, -3.77218060567772, 0.6489371305126799, [0]
-7.349348768386891, 0.3844155027453393, 0.6305062543801423, [1]
-7.433220730870794, 1.398496241937866, 1.6111757354477332, [0]
-7.088840391911547, 3.5359746448027143, 1.6170824206904277, [1]
-7.048969863263831, -2.389516807347702, 2.139682262487315, [1]
-7.088837092072132, 2.170520585448586, 0.5906021421214285, [1]
-7.048695612653239, 0.11341121981517965, 3.1358449608424865, [1]
-7.0483013197284485, 0.7059963260812665, 0.5290250599605315, [1]
-7.212589243295625, 3.4518043900855298, 1.8942380847799036, [1]
-7.574142404499585, -0.5656796659888914, 2.672473035171845, [0]
-7.434755780345463, -0.7280606464216608, 3.021992785950771, [1]
-7.569310732766539, 1.479834531541808, 1.2367338781288248, [0]
-7.308037425007279, 3.6561670046656363, 2.3602733374654155, [0]
-7.18200069522766, 1.717506098275095, 2.64576422958296, [0]
-7.224798399872173, -1.6679863898342384, 2.5393902719336805, [1]
-7.093863988687086, 2.116963350347723, 2.6578179841335223, [1]
-7.209923292970397, -0.7988151224223536, 2.476087696947955, [1]
-7.2760243472553725, -0.410024243289575, 3.610473464202971, [1]
-7.011029321564772, 0.20699887303438552, 2.373351330549961, [1]
-7.030500866110379, 1.4091337839638065, 2.6093631611188255, [0]
-7.095131850759516, 1.244219111892049, 1.5352855611821705, [0]
-7.162671845396201, 2.5527991680142055, 2.694946460247861, [1]
-7.04661592116611, -0.9734267800162739, 0.9424914989509232, [1]
-7.11031728069025, 4.61168209756357, 1.751162744102011, [1]
-7.157878900761211, 4.133031616015996, 1.9970867862157873, [0]
-7.034885497079095, 1.718832933640637, 1.777821596474255, [0]
-7.210517122247758, 1.6891938377017375, 3.029620767202506, [1]
-7.141751170870597, 0.5318638601066987, 1.1419843508604428, [1]
-7.209935950502067, -1.6572607164029018, 2.228559266995871, [1]
-7.515659229243156, 2.8639031966897273, 2.9726335687271623, [0]
-7.58927989952901, -2.486420455079479, 2.2794736931740283, [1]
-7.0644822399153036, 1.0953781305770773, 2.5539888009592615, [0]
-7.077636751787322, -0.7713204910276374, 0.7701764459545203, [1]
-7.542814422696124, 5.942325248220747, 1.8408004141735668, [0]
-7.414559177703622, 3.353238072488461, 3.185742767146683, [0]
-7.437976581008409, -2.550006444572961, 1.5105302864007317, [1]
-7.041051814861906, 2.8892023825985027, 1.9459497733333568, [0]
-7.204806148295494, 1.2089907433162383, 2.7026127501285386, [0]
-7.342003552236518, -0.956859478523428, 2.3646394725360866, [1]
-7.067962055387181, 1.7497490985474893, 1.2882001711782198, [1]
-7.491862523322912, 3.6634580881627805, 1.687954211503118, [1]
-7.1891399836243055, 1.2829790677969268, 1.1592212448423855, [0]
-7.40620325112262, -2.1599512850757088, 2.6212144578885463, [1]
-7.0544755339656335, 0.5070824584753864, 2.65166042017623, [1]
-7.349174925014359, -0.7306751343883793, 2.501806198118903, [1]
-7.037247763372484, -0.22766887639839473, 2.9666185501516673, [0]
-7.997191788280918, -2.1649197108390847, 1.7741129803330613, [0]
-7.0967564562826135, -0.007573451206632442, 2.2970142547370123, [1]
-7.131993604481125, -1.6432832412608063, 2.0426557474865996, [1]
-7.324121368395377, -0.43103478869816936, 2.786692446707194, [1]
-7.1255499774555515, -0.8654199664198376, 2.914339681867907, [1]
-7.666997480409006, 0.7361798717834018, 2.292750738789988, [1]
-7.052830412467095, -1.188873796990837, 2.746069593980435, [1]
-7.203197222133448, 3.687329910356926, 1.2329051145809995, [0]
-7.106705104451926, 1.3613348428466057, 2.4683280019307023, [1]
-7.165837174971629, -0.3218827614482338, 1.9422686426658535, [0]
-7.116243898932006, 1.478956056223489, 2.8887981178391415, [0]
-7.509596248893279, 2.421984948783105, 2.9074286038547674, [0]
-7.072595011347103, 0.360288472134477, 1.4823544943158826, [1]
-7.155253858445553, 1.221030594807158, 2.2595540006667174, [1]
-7.1134799133965085, 0.05601351352560646, 3.420382219687301, [0]
-7.152716110457829, 1.184687996608288, 2.8557079980250037, [1]
-7.122740344580537, -0.0019195466255861326, 2.0719458542865556, [1]
-7.753204341088342, 2.1892663469374902, 2.9138205651852385, [1]
-7.051107547459981, -3.3962963465641187, 2.1739573505864374, [1]
-6.996006024079153, 0.6493523729395743, 0.1769651298824546, [0]
-7.623995463181405, 0.4161264678223766, 1.9664963569577962, [1]
-7.395533959479631, -3.8561174816104726, -0.48305011544634463, [0]
-7.259745569402649, 0.7717737590632785, 2.458292981942577, [0]
-7.868719777569896, -1.443909630297495, 2.448744625651784, [0]
-7.199706591292667, -1.1528768220877519, 2.7676461331654387, [1]
-7.143090178777682, -1.4587301091075684, 1.7631959686557075, [1]
-7.249390153710663, -0.7763281352243451, 3.0855690837706766, [0]
-6.945337258683033, 0.7943870909679199, 2.607813610687639, [0]
-7.217401276744837, -2.8528662440845545, 2.3113233869099004, [0]
-7.37278878707078, 0.938490318518084, 2.491843762789876, [0]
-7.434076311575006, -1.870684417475808, 2.711546030975492, [0]
-7.361616339804648, -0.9994041381028294, 2.3045631920712073, [1]
-7.872488798597005, 5.326953945707205, 2.4390524507579325, [1]
-7.573796618839423, -0.9094909443734491, 0.8889347969307727, [0]
-7.377511958034304, 3.332367807350796, -0.0393864838832787, [1]
-7.27080213167806, -1.684493383732672, 1.6871255678639732, [1]
-6.926074896023429, 0.6147258101822098, 2.318026108249228, [1]
-7.494965288175392, 3.205202012927783, 2.5528976766129263, [0]
-7.24737611675908, -3.367606704527691, 1.1686314161431464, [0]
-7.199102251018466, 2.72102424656865, 1.2245109342331522, [1]
-7.036748643803232, 0.7600594608887934, 1.21669473383416, [1]
-7.089955972256293, -0.965908953107184, 1.2077054044843776, [0]
-7.171074102365137, 0.9872924091648652, 2.544203779034083, [1]
-7.411849880920177, -0.6334076626112483, 2.0649675203379596, [1]
-7.2748893567352635, 1.9906041185780698, 3.241589682481489, [1]
-7.386343834186178, 4.393989701739368, 2.3421074490436924, [1]
-7.253827517162279, -0.7105578501773753, 3.164829817191729, [0]
-7.261928363075332, -0.07564977042069154, 3.0178222303466753, [0]
-7.06270432260544, 2.412214368925289, 0.9227488481535134, [1]
-7.015449490753716, 0.8662845126399552, 2.2200655722297866, [1]
-7.21678773867956, 4.595746744591953, 0.7088933093731473, [0]
-7.174437415860619, -2.088784960991902, 2.383750330714511, [0]
-7.2822282105358855, -0.5843852779990261, 2.579046910210643, [0]
-6.967461444039116, 1.2013848533076528, 2.5551574685036185, [0]
-7.214140696170796, -2.5283138848001725, 2.097643294527162, [1]
-7.399091552020684, 4.0793910393527835, 2.810450594372252, [1]
-7.092938936495198, 1.7225074588022513, 3.684539306144063, [1]
-7.184677484965929, 4.341905505933906, 2.513439603278063, [1]
-7.499296808125338, 1.4234294316500309, 2.398825678095605, [1]
-6.973945330337482, -0.2762197243765563, 2.8747852820644835, [1]
-7.361741614828974, 1.8858902306684526, 2.5040959184251697, [0]
-7.47603490273838, 4.106956563585178, 1.8045009044976212, [1]
-7.414925390477357, 2.8874589715800423, 2.7889239347857653, [0]
-7.253237081911385, -0.8782936290363499, 0.12424955939407445, [1]
-7.2857570909123845, 0.21018622199269688, 2.0657770898531425, [0]
-7.285739422531863, 2.829100882195184, 2.0478138689052776, [0]
-7.689671617666005, -3.5648643099523527, 2.5220895970482133, [1]
-7.331553419859425, -0.6966658620117891, 2.2086081724231215, [1]
-7.194082035204044, -0.7054263766179014, 2.683016140662048, [0]
-7.265922796955812, 0.8786114090340642, 2.2650820273577987, [1]
-7.366426898166314, 4.352247610753341, 2.1078406251735053, [1]
-7.977661534101031, 5.168943925431086, 2.819175075001025, [0]
-7.117208387693823, -0.7857038349743153, 2.479847866603088, [1]
-7.116520629627733, 2.731387926244306, 2.856222368353496, [0]
-7.179783412462408, -0.677411795147359, 1.6871980958670805, [1]
-7.13258786577986, -0.6447516497466983, 2.869626763494006, [0]
-7.55331233352384, -2.815053348157712, 2.5448804760506105, [1]
-7.137811460044555, 0.18414376533193766, 1.4843646580367191, [0]
-7.050638345867874, 1.5163107720983393, 2.3212878580474694, [0]
-7.757347570737403, -0.5168847638269414, 2.3121462196076816, [0]
-6.973189884463672, 1.1128282049023646, 2.862577305055855, [1]
-7.386345927589817, -5.816525520169111, 0.914414026038818, [0]
-7.2756342736372055, -1.0423847440773053, 1.6587076907475407, [0]
-7.346676950037519, 3.1451967751336367, 2.2505347576627073, [0]
-6.988335515813819, 0.011820246822963787, 3.224350440698266, [1]
-7.340403080021326, 1.2518794036843366, 1.9463078253430846, [1]
-7.028830706396831, 1.4049900251153007, 3.0284923786686506, [0]
-7.280484183485207, 0.3537630131993561, 3.0650189150456852, [0]
-7.030483341653101, -1.2761063824379513, 2.7996399118314588, [1]
-7.540852010493459, -2.0434352109425142, 1.862956368564848, [0]
-7.132075625948449, -0.2865554517863459, -0.6925398707011337, [1]
-7.372760851809492, 0.9707130851394874, 2.4480875883685127, [1]
-7.322137158459092, -0.16039216688024016, 2.640113372802041, [0]
-7.030144037408225, 0.963363915031445, 1.4455532178100756, [1]
-7.204659049087594, -0.46058503437983767, 1.7153845545221875, [1]
-7.248735937184784, -1.4498091473507653, 1.1704009699574696, [1]
-7.051353391386147, 2.086564332858692, 2.538275612188076, [1]
-7.139093478406967, 2.7605825584025507, 2.5249597351272075, [0]
-7.0981547034295795, -0.36771380118479424, 2.8889503561909047, [0]
-7.528069635589413, -0.3503880000077626, 2.3185391204950356, [0]
-7.155382551089484, 4.418203675685465, 2.563415473807451, [1]
-7.500985271125631, -3.29865494403686, 2.3518306647620926, [0]
-7.549280030341931, 1.7835026581236222, 2.970968893309817, [1]
-6.96648633248864, 1.1000500607158776, 0.8536287198240831, [1]
-7.175990799533036, -6.269262112847477, 0.883952164854561, [0]
-7.032019457443274, 1.231356417896352, 2.724653710340227, [1]
-7.088657889722511, 0.9439120109225834, 2.576690387457634, [0]
-7.276111136273024, -1.2160660258394347, 3.1239081545182676, [1]
-7.1069112889375035, -1.5322405559107497, 2.4959799169926153, [1]
-6.951944272219752, 0.7661756237778037, 2.0150932293765114, [1]
-7.120113984490083, 0.681477953391946, 3.3723258373439062, [1]
-7.38287354654802, -0.004819363042066538, 1.0912939072220857, [0]
-8.079607768270295, 1.9138828693853642, 3.04095034047516, [0]
-7.03972737322086, -1.2146749687049283, 2.4806444160051866, [0]
-7.482647390767271, -3.1045946595661458, 2.1385413014270522, [1]
-7.146888144149146, -1.43075516718734, 0.6396948954186025, [0]
-7.119538942062343, 1.2283823578760744, 3.2433652889258764, [0]
-7.263774731827238, 3.0470261151631055, 1.3462732529011636, [0]
-7.0201314111435815, 0.01903469638302102, 1.487088755103749, [0]
-8.21047423106121, 7.843499126450869, 0.681109099752488, [1]
-7.027992687858847, 2.885266392382918, 2.0175066790058236, [1]
-7.225875742101502, 5.027628960974502, 2.2151533443324287, [1]
-7.264405487278246, 2.3055327420273857, 2.565489262114581, [1]
-7.907412847617766, -2.7002921740978567, 2.261436242106627, [0]
-7.168484473936169, 0.41976425112957805, 3.2141870466362565, [1]
-7.1304316799744765, -0.1800039261166546, 1.55207820644695, [0]
-7.3332366841740555, -0.40659334430930527, 1.0167356132972305, [0]
-7.135167006228602, -4.048868811292595, 2.6575643523713177, [1]
-7.182462492276685, 4.797873505220609, 1.8456331342200085, [1]
-7.123597325528691, 0.04044128513834344, 2.543655541796927, [1]
-7.404369691070945, 2.9380381590257083, 3.1526948986452235, [1]
-7.010314668870264, -1.1889746373670347, 2.658294928353933, [0]
-7.171495376804038, -2.094476226172802, 2.714921757736909, [0]
-7.088742461613349, -0.900211824758987, 1.916188615329959, [1]
-7.550730690809311, 3.9496649633148113, 3.3703606097220167, [0]
-7.079667908295643, -0.30807119890323875, 2.238542005253072, [0]
-6.96022542587577, 3.6016597293090267, 2.1897467250432308, [1]
-7.100103903292565, 1.7239559203304327, 2.8063605076496563, [1]
-7.162423552025661, 3.0396167104509764, 1.9445333324523717, [0]
-7.492775443538187, -0.35141463521356453, 3.2003060574657463, [0]
-7.170979669572295, 2.751013827363022, 1.7373435992385136, [0]
-7.303074070934204, -1.5321730280758934, 2.4518305743008733, [0]
-7.006901253458751, 3.0732885049597467, 1.7346073537967215, [1]
-7.088338357060096, 1.1566998033261866, 2.669891450524039, [0]
-7.10259144099874, 1.8553763583181568, 1.3321641187714348, [0]
-7.077479737685481, 0.42187464175834033, 2.3817412244202325, [1]
-8.127002753494871, -2.70372197235114, 3.2020009954688957, [0]
-7.40205583402975, -0.5851626465981554, 1.7097184421684215, [0]
-7.22090040045387, -0.7890463909220862, -0.8643179440773061, [1]
-7.032639448651581, 0.09631401115986982, 2.4730355446289645, [1]
-7.360146872682134, -0.3930993584675484, 2.530989957084818, [1]
-7.3872416053818055, -2.2516336069410365, 1.6390051102036587, [0]
-7.129766437276414, 1.0593209696240395, 1.6947047819892094, [1]
-7.403000818808096, -3.6996716086213395, 2.2946500773912284, [1]
-7.253392871399153, 2.0892404715318666, 1.6691174468728653, [1]
-7.2076679632759095, 2.1273966514073406, 2.495947369021727, [1]
-7.916466837274359, -3.776692819728862, 0.9063472198309601, [0]
-7.046855404732494, 0.2919202033350852, 2.8006020593201586, [0]
-7.314086174586836, 0.6433215846633771, 1.9215196676479602, [0]
-7.675284585252344, 4.389261629675222, 0.7881352949887441, [0]
-7.1096340800992115, 3.390667809308387, 1.5682067129313073, [1]
-7.028517417459436, 2.8890016694732696, 2.0530741441349423, [0]
-7.114153101929064, -0.09925241228660342, 3.407262705793255, [1]
-7.278944254338359, -2.1286527292284045, 1.6510233813110828, [1]
-8.1986950994232, 3.4990047679479623, 2.5788823171181825, [1]
-7.208601901919697, 0.6095258790642142, 0.5338715467819557, [0]
-7.198510820410512, 1.128820431488141, 2.537995178059325, [0]
-7.177655248363857, 3.5213274903406178, 2.600597710930842, [1]
-7.264990616888617, 0.518484465584895, 0.5685418316619315, [0]
-7.1054709924170165, 4.454354741910328, 1.5852596155097118, [1]
-7.670066650551242, -0.6178120071622062, 2.918638624214944, [1]
-7.257097953691766, 0.786157278717329, 2.997204717841699, [1]
-7.159413274102987, 1.5938342872084479, 2.116875343132399, [0]
-7.0992010857609, 3.5637930661383614, 1.9356037987194687, [1]
-7.3546721597668885, -0.4500053262046295, 1.9123256122095078, [0]
-7.338488945244271, -1.8697639109020994, -0.15825169095939762, [0]
-8.684433971354204, 1.9219952065450068, -2.2344307502588454, [0]
-7.5338886357528265, 0.07698336837429243, 2.4299639650816904, [1]
-7.368844359456606, 4.98044675361706, 1.8117934773650342, [0]
-7.030850380137111, -1.6488718121436732, 3.1599365071802175, [1]
-7.289746562345678, -0.5466047904642339, 3.6288365108595926, [1]
-8.52378792435331, 0.8021105105535566, 2.7823956640069296, [1]
-7.257601505218003, -0.6470069656820006, 2.396705196369384, [0]
-7.732062909984801, -1.1669261679966985, 3.068810978271811, [0]
-7.004635798214177, 0.9692881660630156, 2.199568338835534, [0]
-7.081326385588478, 2.2445426696628115, 2.5221688413933636, [1]
-7.0289302599314585, 1.8758807696233624, 1.2233389337966978, [0]
-7.075515442701251, -1.9927330412306197, 1.95937547841942, [0]
-7.672316984607934, 1.1151472234797613, 3.924848576949401, [1]
-7.133649438766706, -0.6331505967979631, 2.5106234260755067, [1]
-7.505204408178825, -3.0724411159082425, 1.517360785742261, [0]
-7.205644686247261, 2.240798591907847, 1.5760312682463313, [1]
-7.3334585572888376, -2.5750630240582266, 1.4470101993726128, [1]
-7.118906492980468, 1.895114984156379, 3.0927420740369995, [0]
-7.046210167377123, 0.09797422911096199, 1.412924846051243, [1]
-6.999637737265399, 4.051441176754872, 2.4520770518134913, [0]
-7.002934514455753, 2.2850970713562413, 2.3513652696871374, [0]
-7.9997250029397735, -1.8715094195449726, 1.827076940288565, [1]
-7.266555632220311, 0.7500858116265032, 1.2552207321995668, [1]
-7.2106149707697424, -0.6376848288955206, 1.0797868841816736, [0]
-7.713445675504421, 3.674904628762581, 2.420304816674229, [0]
-7.668549677594708, 1.1374191565613478, 3.371448388253136, [1]
-7.095561743337409, -0.18128588280584673, 2.448745748026507, [1]
-7.058195314883917, 1.2255498705489785, 1.5592781904980146, [0]
-7.2551784152959815, -0.8841135367162045, 2.5582992594893965, [0]
-7.1616637813220585, 4.584790654320269, 1.1424968718410937, [0]
-7.023391464148763, -0.8484642122191478, 1.570645447605492, [1]
-7.350861812249789, 1.8475274232505483, 1.8653899487142669, [1]
-7.079190198624644, -0.33136479374604166, 1.3969822452928815, [1]
-7.249713405613282, -2.8544355873233185, 2.0681751703381974, [0]
-6.97594590653674, 1.501309713693959, 2.0428429754920088, [0]
-7.8419429484438705, -3.833052035496175, 2.57064687252511, [0]
-7.497450148277738, 2.2005262571339124, 2.83864447709202, [0]
-7.112405190027675, -0.5154054430742749, 2.2272301985653895, [0]
-7.220332210859428, 4.891215339151302, 2.9054338010566907, [0]
-7.954514100632448, 1.2640041044585049, 2.370498730377971, [0]
-7.0572748352814605, 1.8650530789056856, 2.129654184280979, [1]
-7.277328433016658, -1.151864655816723, 2.172416750536885, [1]
-7.148461456192754, 1.6228745185766311, 2.46340051319584, [1]
-7.086646476100128, -0.017942516626017202, 2.5918619254843343, [0]
-7.488828950423382, 1.2451995379329936, 1.898695603755337, [0]
-7.087017024135979, 0.9689814334557492, 2.2067460025110157, [1]
-7.365537655880379, -3.428041347346554, 2.686223184220085, [1]
-7.155613181856319, -2.5618181179793478, 1.9159869559129568, [1]
-7.116742704506524, -1.5448662280180439, 2.099056370547638, [0]
-7.098633228720952, 3.098877811359712, 1.8453956553903148, [1]
-7.307053574044109, 2.8929619936114324, 0.8703823109524177, [1]
-7.15885587716914, 1.2001343406303477, 3.5094157699925423, [1]
-7.669472249995417, -1.0357348898102594, 3.2940852924388504, [1]
-7.401564907877882, 0.7225145864019913, -0.5603278553867499, [1]
-7.350900881927696, 5.8730963437941845, 1.362796618658006, [0]
-7.133941310794403, 0.7214867757258543, 2.8519686757283855, [0]
-7.272488777908835, 0.720061412644937, 3.729477296012131, [0]
-7.184791252587767, 4.026199250340278, 2.3528851173557714, [1]
-7.205469072340248, 0.6893079057765971, 1.6631834890914334, [0]
-7.358516008634426, 2.8337794029562957, 3.0288861056521332, [0]
-7.328858560948339, -3.3213925477371675, 1.4947180989140783, [1]
-7.854663519743581, 5.5398354397773755, 2.1528500480925734, [0]
-7.376210535940633, 1.632519491241569, 2.8642752367020394, [1]
-7.157527269601067, -1.79653205983344, 2.561190971282655, [1]
-7.152645288517017, -1.6385530027738058, 2.0337097351814775, [1]
-7.143171027804949, -0.10599089523755234, 1.2026034672824442, [0]
-6.959775643804251, -1.5908969107901414, 0.6665008092813389, [0]
-7.1364465336929195, -0.9025786595756355, 2.831208686311953, [1]
-7.080521801350919, -0.40427599287591864, 2.395935388402892, [1]
-7.276872095730323, 2.7046019875384077, 0.1827846370442141, [0]
-7.313292230336545, -0.5115834072029957, 1.469621974462842, [0]
-7.453332067824367, -4.731761259408261, 0.9601511844732101, [1]
-7.268034548946684, -1.7292522229211817, 2.354320082600133, [1]
-7.323232936528822, -2.3108163873879968, 3.2257567311639908, [1]
-7.721892396435413, 1.4042668746576918, 2.546785024279062, [1]
-6.994272090029279, 1.1075495658459662, 2.7516846899719827, [1]
-7.086163996802618, -2.5453862838641084, 1.8913269679347957, [0]
-7.612914916180048, -0.19065181206165904, -0.7760537909740728, [1]
-7.125532292601469, 1.727664339892817, 3.2843203120177704, [0]
-7.2190203658938215, 3.8532218051661005, 1.6594145005236651, [1]
-7.071908938524621, 1.4530192756611138, 2.6049368521832, [1]
-7.119010902569046, -3.287302096309754, 2.3137061052323604, [1]
-7.698296033293613, -0.7004172456583873, 1.7801464558358182, [0]
-7.753561399814018, -0.3236096494780636, 2.735153196164712, [1]
-7.072211692388954, -2.8013726516954325, 2.0814534505261206, [0]
-7.851448839794756, -0.11762063726550043, 1.9754521007842767, [0]
-6.972852210681049, 0.8405223885347237, 1.4371134328892359, [0]
-7.035059248318863, -1.0456982488388935, 2.4850798290680203, [0]
-7.346824067311031, -4.225135624033721, 2.305154800130278, [1]
-7.095760653617976, 0.959709887522306, 3.0958546029575142, [1]
-7.165669248139746, -3.0483928430686014, 1.0205371984322922, [0]
-7.24990422563864, 2.060698292334152, 2.026483879771183, [1]
-7.136445984697184, 1.644902706219869, 3.559249656188518, [1]
-6.975807060160468, -2.2762823532683756, 1.6061664534164983, [1]
-7.424731412989916, 1.2158785254551798, 2.0869137260900956, [1]
-7.153027149587727, 1.326052136914658, 2.043897548596132, [1]
-7.528371392401998, -0.37520381392718694, 2.3802165102022292, [0]
-7.091154238928753, 0.2046640850391961, 1.8807283745849834, [0]
-7.213765344858251, -2.1872452577525188, 1.9083504497862855, [1]
-7.158058442981038, 1.3455433902575595, 3.1115367144633175, [1]
-7.391388394076737, 2.479875916823522, 1.6210766689775071, [0]
-7.12868059157418, 3.8023080266560947, 0.9489514007369384, [1]
-7.103257619728917, 0.09259941127030957, 2.759237802247137, [1]
-7.4344522912932725, 2.463009603597371, 2.220135692553028, [0]
-7.653089956317129, -6.435659942334075, 1.3998857854489763, [1]
-7.3126854417590605, 3.8395394469124184, 1.6252338062498406, [0]
-7.116638239828995, -0.4823064332141571, 2.751261514435048, [0]
-7.025525440850978, 0.458511354222076, 1.5166646152570677, [1]
-7.069492292585042, 3.7799745622375145, 3.1749087171063604, [1]
-7.195063835525446, 0.6453482402247231, 3.49958354643465, [1]
-7.442240130696662, 2.1887148282906943, 2.636994937112163, [1]
-7.1390621711368665, 1.323953543111166, 1.1651993716494702, [1]
-7.235055039455648, 2.3551165057657846, 2.8033607953092208, [0]
-7.0609565278651845, -0.9594859355094183, 0.9869765249539086, [0]
-7.521989854818138, -1.2940667120356226, 3.0790273122216205, [1]
-7.201023894132941, 0.2420606482550226, 2.447935214384536, [1]
-7.404386154078392, 6.802589615369527, 1.29711579066526, [1]
-7.40807273018439, -0.7007152354145179, 2.4894394952283747, [1]
-7.202186105139245, 2.3617459068217728, 2.7857772858933116, [0]
-7.287076191370152, 4.796099568977061, 2.499409953760275, [0]
-7.095629959527092, -1.6355555556517596, 2.6185743250362457, [1]
-7.582601602604546, -0.13918596260571636, 1.5553310290512086, [0]
-7.811239043295955, 0.5671161911184068, 2.5139206533238245, [1]
-7.424558369957179, -0.4102639878156866, -1.183336558599263, [0]
-7.265355267034067, 2.507317922722334, 2.735570629456719, [0]
-7.229280109619466, 2.7164194406461406, 1.0549293205394306, [0]
-7.087368006500664, 1.9751679490082017, 1.8636945300430536, [1]
-6.9666748257514115, 1.0018355879595058, 2.4929076224448004, [0]
-7.327692649045888, 0.7955063420268347, 2.9800266756894978, [1]
-7.059131228602231, -1.4199920835987558, 3.014759099852435, [0]
-7.1766223140246685, -0.716787190649784, 2.929472678813171, [1]
-7.087372085320234, 1.2066772286412508, 2.135246338358904, [0]
-7.305760217795385, 0.25637229016425, 0.3993359091678461, [0]
-7.479796206140443, -0.7498939891087826, 3.0869799609467177, [0]
-7.286805280401725, 1.8371001506101274, 3.1098312083484494, [0]
-8.220081406927081, 0.3641289916578332, 0.4765057621855928, [0]
-7.127493070175666, -0.37864559394531927, 0.8128909827317683, [1]
-7.140075181167262, 4.381274303470732, 2.8554910353722462, [1]
-7.044412485183239, 0.932695842198421, 0.7383327580063099, [0]
-7.0918993448315915, 0.4426299222029164, 2.7851589783763213, [0]
-7.504782515530498, 3.9607108858335756, 2.00882214637915, [0]
-7.509329405015384, 0.5343085834387464, 2.7998417170653536, [0]
-7.548870232435199, 0.6717452664029008, 2.2149679476638098, [0]
-7.314933696072109, 0.4242122299348756, 2.9032821233803006, [1]
-7.344714597137278, -1.2888304569035802, 2.7514096877545082, [0]
-7.086989320107257, -2.3952623545849123, 1.5393691292815177, [0]
-7.209692382391042, -0.21643759975487886, 2.0272922808306797, [0]
-7.086896383252619, 1.032599608933089, 2.354788382676917, [1]
-7.321310276437768, -0.08827767639506012, 2.6057013588781546, [0]
-7.268939438836069, -1.7264833800910444, 2.911900954082107, [0]
-7.080284647796601, -4.526994836720833, 2.8190010472731033, [0]
-7.510171741729688, 0.777051746648501, 3.5376120979290397, [1]
-7.141529867604695, 2.6428962410527124, 3.1032920743941563, [0]
-7.179127163334945, 3.5869063889313777, 2.0108965938387104, [1]
-7.337090962628686, -1.5243924606522863, 3.484599783249477, [1]
-7.336964701653685, 2.831880815504534, 2.3859550681721076, [1]
-7.410926848275617, -2.0603855082826, 2.432917046731613, [0]
-7.108413565064319, -1.2335604324240992, 2.0645685399570777, [0]
-7.00721468269397, 1.7232785040731198, 1.9449648426493786, [0]
-7.18900581086237, 2.5510400328361005, 2.003827931933687, [0]
-7.242648070735192, -2.1227475405215213, 2.2000708059654053, [0]
-7.183261067858543, 2.547154974539688, 1.8955888384800907, [1]
-7.3170520070530305, 4.3644704825700416, 2.4349690112126097, [0]
-7.164647879653389, -1.4498555828035826, 2.498273384187784, [1]
-7.0933999703119035, -0.1789959518214408, 2.2660165856249384, [0]
-7.6263924835163674, 2.8626508207303196, 2.6208955379047345, [0]
-7.549355447146387, -2.4217859067313032, 3.634679591293505, [1]
-7.085444233783867, 2.7552814001110035, 1.7528494202589482, [1]
-7.0381715127455955, 2.204041233846745, 2.1959671654753783, [1]
