t=0.023015912772986785
logZ_t=-9.46571882596422
-16.370933389351087, 0.48029006235112276, 1.24477506759588, [0]
-16.593401319936287, 0.8007546119521041, 1.3152561493320007, [0]
-17.50576511508563, 0.6831074826298686, 2.0090543230541473, [1]
-16.547218928908904, 0.7796851342968949, 0.65461051628695, [1]
-16.984840762554125, 0.31689006253467966, 0.7579531973541961, [1]
-16.718063633924668, 0.6721600429420898, 1.2706959853562008, [1]
-16.707474199043244, 0.9352845333261657, 1.650953707040603, [1]
-17.27079735886179, 0.6270471117729624, 1.5590084367647266, [0]
-16.191908192406977, 0.699297881063626, 0.7965386686784114, [1]
-16.576487900760448, 0.3477612102074348, 1.3308653938103152, [0]
-15.564016307730796, -0.03393730512390902, 0.3044919836016778, [1]
-16.846449897735965, 0.6022606199651708, 1.1913020598225619, [0]
-16.074879464260185, 0.4542235330795224, 2.0867912215235913, [1]
-16.362422309024463, 1.0398832038052737, 1.0794239056098207, [0]
-16.06006866107314, 0.3622053744333316, 0.9525794481379724, [0]
-16.90955332872843, 0.5835837955723873, 1.1249270661557493, [1]
-16.704888974407144, 0.4481670985589373, 1.5041172182652838, [1]
-15.529613761073065, 0.9015359948258098, 1.6031997301255871, [0]
-16.850538805562152, 0.48635170168349895, 1.1941314429331724, [1]
-16.070812692690474, 0.23934232642893793, 1.2980398413452112, [1]
-16.04726666544944, 0.347897847904855, 0.764209582998374, [1]
-18.330795398629764, 0.7061493448679094, 1.9240387922380346, [0]
-15.30552595596736, 0.6135367926723941, 1.7648754647789258, [0]
-15.759812286262255, 0.7542205908235415, 2.0796031743280072, [0]
-17.666064836526143, 1.0015962644412018, 1.659898622824909, [0]
-15.327705920799275, 0.06308108230756782, 0.8384876282485175, [1]
-17.752174533840034, 1.1729022068419792, 0.0490117572324584, [0]
-16.61948741967153, 0.44321404872857856, 1.125709733183216, [0]
-16.940131177739417, 0.8313160269485057, 2.143912013344542, [1]
-17.6325839658328, 1.1381036058229537, 1.278265450048775, [1]
-15.695209008534842, 0.6559238577552671, 0.6100522951312024, [0]
-17.487489850547476, 0.5286688274637585, 0.4095146226879883, [0]
-16.950381040622975, 0.20155323679179027, 0.9559858521117189, [1]
-16.501867689868256, 0.3276896366977206, 1.1802556268023658, [0]
-16.84994768587907, 0.42720140754330427, 0.5025855216863152, [1]
-16.734911926323953, -0.023915685101518036, 0.5568191188230299, [0]
-17.87494596614055, 0.29123588559203517, 1.4765417991138166, [0]
-17.507584525896835, 0.7500817900709731, 1.6955232544914183, [0]
-18.436873190998917, 0.6778696212764878, 1.3729209672170624, [0]
-17.08799802008033, 1.0849839252343143, 0.35044326603246495, [0]
-17.357133266722947, 0.5950986281849961, 1.7286455121014652, [0]
-16.654401754723697, 0.7395679602395835, 1.118273955423993, [0]
-16.077610251126764, 0.8469869859542491, 0.798085068383353, [1]
-16.457868961075402, 1.1183194942138335, 1.181236531031356, [0]
-15.48749952900163, 0.8353235919988116, -0.0978744991149052, [0]
-16.45554661814549, 0.3683710892141752, 1.1264679468607024, [1]
-15.096220327611384, 0.563550876574867, 1.6213266088422138, [0]
-16.621223053328325, 0.5836890089890698, 0.9094153013485079, [1]
-15.593014769231853, 0.9763061524637804, 0.8879523593718229, [0]
-17.033375243050088, 0.697464298826967, 1.356374409297103, [0]
-17.87041289399862, 0.6760819612435844, 1.8983791428440275, [0]
-16.634202440448714, 0.5507619292179966, 0.49031326894961097, [1]
-15.91313981548026, 0.6920815672987546, 1.055583117654055, [0]
-15.871246264836653, -0.10203356282826069, 0.34415094211274266, [0]
-15.59355682227834, 0.7130570205102846, 1.4787919694470446, [1]
-15.316032532783746, 0.7404821930225864, 1.4115417029165658, [1]
-18.284378109159185, 0.772134677429863, 1.2980548915115493, [0]
-17.16310184494373, 0.7662478650828688, 1.5812924161732487, [1]
-17.77819973409048, 0.9665829593659802, -0.28757009335457, [0]
-16.670678824296882, 0.5905567919339363, 1.4339023372839526, [1]
-15.851537586728536, 0.9273196035463362, 1.2937260670623965, [1]
-17.335397694497445, 1.1597785283226676, 0.9122417435458423, [1]
-15.919943840403473, 0.695824904270937, 1.7174064972226215, [1]
-15.964397339378168, 0.32825949126291626, 0.818947485255628, [1]
-16.463596437826553, 0.6574138568495004, 0.8323504780507087, [1]
-16.27575168815954, 0.6387897030673649, 1.6210686960496599, [1]
-16.394193597661516, 0.8373065992707237, 1.1778780567836646, [0]
-16.36823637913042, 0.7784228451566574, 0.6023552890472348, [1]
-16.318623705810804, 0.6334630198530986, 1.3323401287510475, [1]
-16.925092504313298, 0.5117793032544873, 2.018945425382162, [1]
-15.19391820547839, 0.7489215205714548, 1.2776814495687843, [1]
-17.971998621936365, 0.9922831692740073, 0.5041017858977151, [0]
-16.305210813618167, 0.6783572886011535, 1.5380764672616387, [1]
-17.649474723060845, 0.9742452060829898, 1.7793915344245874, [0]
-16.530320159514023, 0.8257987468199492, 1.9643867737727245, [1]
-16.360101077752027, 0.49586603786992, 1.3100104809126893, [1]
-15.777211444706172, 1.0853844569626045, 1.1970818309323126, [1]
-17.328661495848074, 0.7171337032389857, 1.0455294809484352, [0]
-17.382523469688916, 0.5181697434490157, 1.452441917885528, [1]
-16.38143157708516, 1.1638946240211296, 1.1277644548312509, [0]
-16.96445915636566, 0.43943034060909514, 1.7172765295129584, [0]
-15.932578200447013, 0.4545533956154194, 1.1561397730205993, [1]
-15.93662525028043, 0.23720246487062202, 0.7362340467256648, [1]
-17.897250080748453, 0.7023399988158965, 1.5710221029362872, [0]
-17.318094098969773, 0.33530641576536524, 2.102892997994506, [1]
-16.878505650246105, 0.5752378219173666, 0.8555407924237467, [1]
-16.04908300316062, 0.5130956825282136, 1.5809332992866696, [0]
-16.433956735255315, 0.8581616270610056, 0.6066314387663692, [1]
-17.189165718504665, 1.376308858431226, -0.45195745307966484, [0]
-16.657440293257817, 0.6658055112070014, 1.3397774007556187, [1]
-16.29413644658453, 0.6206187704188029, 0.3534766902091582, [1]
-17.220828506504354, 0.8075409560151159, 1.3595832411500117, [1]
-16.359284704263686, 0.9366200846890476, -0.3330134891963643, [1]
-16.04595720604656, 0.7822742618068613, 1.4868490859846497, [1]
-16.821930047936753, 0.5809204179566363, 0.26451733035751634, [1]
-16.776841816331515, 0.32332464719708076, 1.6506287311012615, [1]
-18.726337079419576, 0.6705341696577427, 1.415588223761799, [0]
-17.014853640689132, 1.7947833450541772, 0.2701515140727847, [0]
-15.935757718132981, 0.5134408589327742, 1.9297777551367115, [0]
-17.132400059493786, 0.28000132127930866, 1.529189229180636, [0]
-16.108979622791356, 0.5574646057352002, 1.9651363440558673, [1]
-15.598771470376366, 0.4381503460530285, 0.9227807134755898, [0]
-15.062310755838096, 0.6796309790991032, 0.5693517366425934, [1]
-15.990565176983898, 0.857910883331427, 1.482017857212367, [0]
-16.374128774600205, 0.5929858947419149, 1.6129910560407419, [0]
-16.027373760278792, 0.7331721088732331, 1.5908239473166845, [0]
-16.27304353813558, 0.9115975103916275, 1.3695993926004566, [1]
-16.848867395552766, 0.5952493011452094, 0.5300477666098496, [0]
-16.103842163006487, 0.6292950043557752, 0.8333618131458531, [0]
-17.147443526196557, 0.08187710913185153, 1.0741493532118662, [0]
-17.17828111756263, 0.4522875595455874, 1.8931070323799046, [0]
-16.336216000161315, 0.8729046228766744, 1.4903181737421116, [1]
-16.774769325248183, 0.576353921555557, 0.8703833569381476, [1]
-16.223586923875352, 0.39584640859551246, 1.005946310946165, [0]
-16.89216617791417, 0.8160797690368058, 1.0918135404633729, [0]
-16.44452885613428, 0.7115796676671414, 0.8465103701055523, [1]
-16.358435559470085, 0.21358486244243477, 1.0877372327693184, [0]
-16.479301995434067, 1.0413252481593047, 1.5419582696970104, [0]
-16.44406610272156, 1.026788136145109, 0.3774453907422926, [1]
-16.40723610321121, 0.6130294715202428, 2.030060177496045, [0]
-15.88084912302007, 0.6111261473187393, 0.8752557796073678, [0]
-16.872736440313375, 0.3339397433433864, 1.1620798705419175, [0]
-17.14487122421492, 0.38073057741198835, 1.0581069941097638, [1]
-16.92776632176977, 0.8255010628231643, 0.691982159053089, [0]
-16.69951024740869, 0.6460408429048031, 1.8135538048828805, [1]
-16.66483766334421, 0.5878833109972654, 0.643886847220707, [1]
-15.526161058876495, 0.7978923839843197, 1.2956005337599987, [0]
-16.797031581905255, 1.0919498506746252, 0.7904061927103067, [0]
-17.901709365930746, 0.7324179198344087, 1.4177663109402088, [0]
-17.5465052621387, 0.44592437735510815, 1.0998626884673017, [1]
-16.2519113232693, 0.18165164345538443, 1.0345609489926553, [1]
-16.146401442303997, 0.9013122421666766, 1.7627729926217612, [0]
-16.760448996282072, 0.6983043409661838, 1.3413333520076038, [1]
-15.103230567513735, 1.099968921641523, 0.28873380837042373, [0]
-16.853720817339724, 0.9313817678350573, 0.24664740438951105, [0]
-16.592750965737352, 0.32478115833512883, 1.7621036570274449, [0]
-16.687834069234686, 1.0519877710626964, 0.8900632279212449, [0]
-16.265311386691458, 1.0304459617079749, -0.04015278217825444, [0]
-16.202067966243412, 0.4796664452644601, 0.22674017872340996, [1]
-16.050096082075346, 0.6684404566527831, 1.8391068519152842, [0]
-15.696954556158271, 0.32267829160294204, 0.8958635427743703, [1]
-16.296644876309816, 0.3934205082980785, 1.5447976560040455, [0]
-15.979425652190702, 0.5736053968711305, 1.7917679079351339, [0]
-16.429443824995886, 0.806377797645425, 0.8926410908975674, [1]
-18.088355823359247, 0.6213897619946094, 1.1955919294318325, [0]
-15.947920698103305, 0.834681957747103, 1.1519032766259865, [1]
-16.00670018508672, 0.7867687602921551, 1.0702642972411918, [1]
-17.36479218051982, 0.9160457868171541, 1.758254699315132, [0]
-16.935488916858077, 0.9629538940769391, 1.4142097439565626, [1]
-16.067097722593505, 0.7328756491567797, 0.9429890957091545, [1]
-16.99050421276994, 0.4950727273176013, 1.2605834677466632, [1]
-16.065707141788504, 0.4817499953118027, 1.480841343240941, [1]
-16.56900109747737, 0.834746315636583, 1.2724488281472803, [0]
-15.73044502464015, 0.4315868187322197, 0.9963336864673649, [1]
-17.603462692339026, 0.5223082855919636, 1.7333328368174756, [0]
-16.5455025295152, 0.5594471777158649, 1.3981308401628154, [1]
-16.034589689551304, 0.5364578117157065, 0.7396132453583942, [0]
-17.939519461091912, 1.1092475840746419, 1.5289369560163786, [1]
-16.009711462583038, 0.7348253256946169, 0.9984184251315316, [1]
-16.74055389705691, 1.180510730907742, 0.5398312725826736, [1]
-15.921974194026678, 0.7871333276721242, 1.4060447480613456, [0]
-15.21620685016775, 1.1403098622655878, 0.4155605532775359, [0]
-16.485431807439266, 0.8300041673687708, 1.033892902225235, [0]
-16.898267748554492, 0.10269507583943127, 1.0019045501875696, [1]
-16.424046004047973, 0.6134666464456606, 1.2674039573459075, [0]
-17.05668438986542, 0.5151929320031623, 1.87114929274282, [0]
-16.710178380017883, 0.742540408606151, 1.5256256797913879, [1]
-15.563736200709997, 0.48991807997865194, 1.1984445415682994, [0]
-16.30781433330072, 0.2487623262340258, 1.3295353428933228, [1]
-17.534955721428947, 0.8049925415117574, 1.6021319371952778, [0]
-17.878814750073808, 0.5602165387898856, 1.5649967840776766, [1]
-17.1608519320842, 0.3422507412234378, 0.4851913454285259, [1]
-17.08238529623656, 0.4689906106197219, 1.4343002730931151, [0]
-17.84647106218929, 0.46057642327524345, 1.2184403239445996, [1]
-16.810988862374526, 0.7159762112962043, 0.5791678776088807, [1]
-18.00852919790381, 0.5178522399341469, 1.668101964404168, [0]
-18.92474877935009, 0.363525594598635, 0.7772652296906525, [1]
-16.997982482758072, 0.7138929045979195, 1.4967591717328612, [0]
-17.132459737374134, 0.6239196822371746, 0.9348411582147542, [0]
-16.116330284229697, 0.7085164471745335, 0.6782400965119587, [0]
-17.545614229890866, 0.4287056766829066, 1.5899197782640961, [1]
-16.015281817307606, 0.5240140600516969, 0.9674244104103074, [0]
-17.071802366360195, 0.6449902981745106, 1.5672804971619732, [1]
-17.18317809405812, 0.3872712546873799, 1.5225652888999084, [1]
-17.335233656338318, 0.7001817326240026, 2.0000958575594425, [0]
-17.160683811168585, 0.46058567106467496, 1.3294838875199222, [0]
-18.60612492262165, 0.21542809510778327, 0.8617848455221451, [1]
-16.202178678697784, 0.7076386767260668, 1.1045149605566107, [1]
-17.497211008050872, 0.87190703058395, 1.805840228418848, [1]
-16.91544541208051, 0.6220610180058157, 0.6224847729569953, [1]
-16.82517914343714, 0.5621801012270479, 1.3290911427225864, [1]
-16.580057664647466, 0.3786004544347677, 1.5282142394857927, [1]
-16.036793372815705, 0.5035391570599281, 1.1358083006517488, [0]
-17.944631595407355, 0.5736398937553888, 1.7427819569816343, [0]
-15.988692226760213, 0.833390925262929, 1.0642058989631609, [1]
-16.04712403017326, 0.866494299398988, 1.3611954299669198, [0]
-17.155431318663393, 0.09036723842796657, 0.6649663740476757, [0]
-17.293332835781257, 0.6139584137992371, 0.8314800991116074, [0]
-17.561247722416457, 0.7344018154464369, 1.981328448068101, [0]
-17.894221945673493, 0.5679142737759335, 1.3915421820950196, [1]
-16.76844950915149, 0.45536070075188706, 0.6888312559747548, [1]
-17.299289855812635, 0.2730654296973615, 0.7569905090625085, [0]
-16.701165428182577, 0.7087311989848815, 2.1423082558499087, [0]
-16.399870666713074, 1.0702066552830811, 1.501361113979202, [0]
-16.101122192592296, 0.6369039197812556, 0.8710595166747336, [0]
-15.835106832494892, 0.32609788030003756, 0.49258580157225956, [1]
-16.585917933071162, 0.4267102904977159, 1.2349661117185748, [1]
-16.168145440316877, 0.5682381099498012, 1.525703523775074, [0]
-15.10017045548324, 0.8339130550242744, 1.5690706984467286, [1]
-17.145418990522746, 0.3857372554864495, 1.0972114257138248, [1]
-15.879279357606476, 0.6871060113429556, 1.0209795665173464, [0]
-16.94361463388425, 0.7820257136810612, 1.6235447746853795, [1]
-16.891990754606688, 0.8408557773223568, 0.3386986967197899, [1]
-15.909961779877747, 0.45310812175768883, 1.6340157620301168, [1]
-17.07678100393161, 0.8719159185908282, 2.213306956846411, [0]
-19.39789285474488, 0.12696496364169185, 0.8547665226703401, [0]
-16.748991121773248, 0.6518698538085381, 1.4318665444848184, [0]
-15.752267389905795, 0.43226291312518095, 0.5645725815806738, [1]
-16.601563534284075, 1.0089955435732225, 1.7506743815548296, [0]
-16.69524336146725, 0.40000619589539466, 0.9176167417945054, [1]
-14.864388974383663, 0.5665691725699809, 1.7099756492171978, [1]
-15.390745087204817, 0.9534498838780316, 0.6035437665533485, [1]
-15.59298527625659, 0.3034767342155026, 0.8124493178834982, [1]
-16.726632552936287, 0.7628496890693529, 0.8920119459046181, [1]
-16.23498532571647, 0.9112420201179482, 0.6433385696448027, [0]
-15.42407288494486, 0.6481535803448806, 1.6681786691791427, [0]
-15.748154065454095, 0.3817814268171736, 0.8753679513247641, [0]
-15.226607387800415, 0.6274938601062929, 1.1511731146124646, [0]
-16.676981273454118, 0.8336116371065009, 0.7588910668796862, [1]
-17.22235831004025, 0.40958040849914834, 0.17444868438783412, [1]
-17.18830378952062, 0.29532291069635075, 1.2971517493932092, [1]
-15.989377862517856, 0.7540047047734287, 1.5382405595608357, [0]
-16.317234569450626, 0.5450940911082017, 1.040325130090614, [0]
-17.074618041800882, 0.768119799558188, 2.071340732994979, [1]
-15.711856448097041, 0.7294697468755185, 1.4614026572692669, [0]
-16.18842146264028, 0.4653586526862921, 1.044634602608115, [1]
-15.665030234102884, 1.3020882101171425, 0.5509197655818822, [1]
-17.12516978424265, 0.8853774000769725, 1.0381731097731128, [0]
-17.77377596144298, 0.5836227841569651, 0.4323493602541084, [1]
-17.32934129795288, 0.8733539991523365, 0.9047117500955131, [0]
-16.436212137120904, 0.9052293407981181, 1.4411005186751735, [1]
-18.184406465905337, 0.6139576812216971, 1.485417517415242, [1]
-17.525377104306866, 0.9536896996699856, 1.1190676669399258, [0]
-17.40356608147313, 0.7523624660932101, 1.2680061400037612, [0]
-15.938912537790094, 0.48740512512549306, 1.542744053920139, [1]
-17.31727238515017, 0.27032031113519495, 0.9322952890789394, [0]
-17.640876104424606, 0.8262739142287828, 1.4699004050243782, [1]
-16.879277284568797, 1.0968218140693518, 0.5355381866856276, [1]
-17.36467486476922, 0.8156398716788975, 1.4345795616067654, [1]
-17.118389209936893, 0.3192426556738449, 1.2782952411899564, [1]
-18.83475006390953, 0.7304914727800138, 2.2903948299875743, [1]
-16.80926866564937, 0.5261705859665253, 1.3434478427839693, [0]
-17.43511896433125, 1.014483095463813, 1.3019872093871914, [0]
-17.801660770556566, 0.8576951183204771, 0.874837275930516, [0]
-17.473354122847137, 0.46713391493180023, 1.7110390441478174, [0]
-16.422694422976857, 0.8842270082878121, 0.40684315657237435, [1]
-17.23691054097117, 0.7487603533405149, 1.4915656996547293, [1]
-16.852591664336355, 0.6652223954099667, 0.8398149795614402, [1]
-17.342324905716595, 0.6823742200215405, 1.1492249589168637, [1]
-15.617448825793009, 0.33933924122714, 0.7921062228337898, [1]
-16.747307138890186, 0.22682029434358758, 0.7845714465309908, [1]
-16.639929948746783, 0.44774875744659903, 0.15188342174005376, [1]
-20.286281807656792, 0.3352947613795447, 0.9717636288442016, [1]
-16.26522820393966, 0.4812202380516002, 0.8527473125313768, [0]
-16.301369284605514, 0.5957018784907266, 1.312557107995493, [1]
-16.300732119499614, 0.8277521521189877, 0.4483927371411571, [1]
-16.419863770573368, 0.9549310425873662, 1.1778080102013866, [1]
-14.925621861220392, 1.055937608782902, 0.9743828634125953, [0]
-16.681330360407152, 0.5346535012863043, 0.47562814204896997, [0]
-17.021647131282577, 0.9373934539650242, 1.2329389079791506, [0]
-16.986910244927497, 0.6732889488411977, 1.0918563134768529, [1]
-17.138901373895195, 0.8613128099906038, 1.156930019830638, [0]
-15.689360116567604, 0.47496018271134943, 0.6917851592832894, [1]
-15.642572035963019, 0.630839838282904, 0.1932559470558537, [0]
-15.968540996359689, 0.34824599884434154, 0.7125266550956079, [0]
-16.309709338463417, 0.699860046186018, 1.793854301481168, [0]
-15.527053603661043, 0.3922416551944129, 1.22225601754841, [1]
-15.553675213074138, 0.9691708090631306, 1.6519937887487113, [1]
-18.361326096495077, 0.42225773937926375, 1.1573971163135723, [1]
-16.4782122459803, 0.6622709351172718, 1.0981082775989293, [1]
-15.94627896004021, 0.7523150614978826, 1.5962485938463442, [0]
-15.990058494540659, 0.5786444920599448, 1.7015570533594342, [1]
-16.94643452695849, 0.5391981749682203, 1.4115643437197176, [1]
-17.474414591153696, 0.8701394544232675, 0.9161287131086533, [1]
-15.004938302804906, 0.5611997933978027, 1.8091033978197695, [0]
-16.82439083534093, 1.0391192422839854, 1.716373897022147, [1]
-16.94310426255248, 0.3697757086671168, 1.941011155011779, [1]
-17.167561087899767, 0.47842392120688504, 0.6022361003286332, [1]
-15.221433182627955, 0.42085087494644824, 0.6236443660005603, [0]
-16.72493711092839, 1.2353819209771852, 0.9016696015546384, [0]
-17.668654651093973, 0.7411159174801849, 1.8343302051325665, [1]
-16.268414014032984, 0.38049805697974803, 1.9377598799057583, [0]
-16.274339490762888, 0.3277796252667442, 1.1600833123279375, [0]
-15.611489019111836, 0.5652429825658843, 1.4498671833069392, [1]
-17.568282648005198, 0.5494094701410871, 1.2857240739339404, [0]
-16.770914670613156, 0.47831917359737586, 0.8322557249612693, [1]
-16.130076451210904, 0.661895317643755, 1.456559304968538, [0]
-17.254886364958786, 0.5694962568069154, 1.7027393178611898, [1]
-17.58021713351291, 0.6692220545114348, 0.3913032600761782, [1]
-18.314534898608205, 0.49273774640751306, 1.4294863341604809, [0]
-16.78590972525371, 0.5992484573690148, 1.4430393913202713, [0]
-18.670439166205497, 0.613045685813552, 1.1708829383476185, [0]
-16.327990546806753, 0.7505345849530614, 1.0043629414669633, [1]
-16.944195667312272, 0.6376525318368458, 0.5348782577424689, [0]
-15.422332318541407, 0.4969101531710667, 1.5643994019932657, [1]
-16.574579545374657, 0.8045491615941958, 1.111401587200949, [1]
-15.934143098335934, 0.786177228810487, 1.6629887974684547, [1]
-16.42799911060446, 0.5934914906176244, 1.5016481468105571, [0]
-16.10451040476613, 0.6429548313276848, 0.9094611253903813, [1]
-14.834758196286636, 0.3043444045987079, 1.3341102380649101, [1]
-17.232998387730184, 0.7360625418479747, 1.9504878827190635, [0]
-16.27161691401585, 0.7100043236541316, 1.6501851745750398, [1]
-15.891403040864974, 0.8168886064967249, 1.4502508988680758, [0]
-17.178587097279365, 0.4882704728532752, 1.6213271255856272, [1]
-16.245555232142284, 0.5036319943295845, 1.836116531330068, [0]
-16.77521863397958, 0.8270121380518014, -0.006531791938477971, [0]
-17.87275663814479, 0.4838590375501971, 1.521342982155859, [1]
-15.814132110065735, 0.8077333499995851, 0.5192094590532507, [0]
-15.735265018854744, 1.1743729093307909, 1.1027312015824138, [0]
-16.39266616107462, 0.4918177812419395, 1.3248684873098864, [1]
-15.473650470547371, 0.6333588493285685, 1.8600677365290164, [1]
-16.823060776393728, 0.4866230494259887, 1.5620524480116433, [0]
-16.61447759091831, 0.5928252850371254, 0.562691782105095, [0]
-16.904672482672684, 0.40206729417988507, 1.1004505085972351, [0]
-15.816839850948057, 1.054177262993861, 1.0804465802476502, [0]
-16.988513550024866, 0.6315146489893381, 1.2422818698579512, [1]
-18.15042222143721, 0.7704680012782679, 1.5932970235237995, [1]
-17.374501127670996, 0.6682437230536213, 1.7085146513510083, [1]
-16.393630067596366, 0.7450624801298066, 1.1497858582721647, [1]
-15.998832255702451, 0.6423302833190048, 0.5438951862860403, [1]
-16.343684556636074, 0.5394142980355205, 1.3474106600090343, [0]
-17.25893799944657, 0.44947774255468953, 0.972978194273738, [1]
-15.790357218139286, 0.7002749318110608, 0.8560168493531475, [1]
-15.652973626604432, 0.857278140181458, 1.182580043093993, [0]
-16.27701013249342, 0.41425999647331724, 0.8209671512769405, [1]
-16.657627617931993, 1.0267501387417954, 1.5847665993030702, [1]
-15.711010783893384, 0.3839773102148727, 0.17722112519145827, [0]
-17.202579825110092, 0.20338852962502574, 1.158618071104779, [1]
-16.39089972340933, 0.8007706820536264, 0.7619949304295721, [0]
-15.481134511493604, 0.5060986298376737, 0.9451961705277981, [0]
-15.93598348388215, 0.6079076404627726, 1.355083823674613, [1]
-16.262345556745522, 0.5525212071892409, 0.9788900901535648, [0]
-17.659660093615337, 0.9166662034723729, 1.2506562967604533, [0]
-17.537193505120783, 0.7315296895765696, 1.5780926804490656, [1]
-16.565484219424047, 0.7175942508462696, 1.5041540953504213, [1]
-16.653228998782943, 0.10950790122487208, 0.5628379515036059, [0]
-15.571746601864481, 0.556705155569444, 1.9049480328416568, [1]
-18.083533181156152, 0.226663456841936, 1.3849998093778875, [1]
-16.170074686856083, 0.8471373137725596, 1.681130479833684, [1]
-15.122346453444397, 0.4935508493740053, 0.6053054186444724, [1]
-17.087702197688692, 0.5309539716182963, 0.6175210419058692, [0]
-16.43241519895039, 0.53635232608526, 1.7753032161220543, [1]
-17.019730644741717, 0.4006049267844198, 1.4193445425247988, [0]
-17.18838573219675, -0.19306042616086433, 0.7143995473658203, [1]
-17.138140032056103, 0.8584762304051922, 0.7953058658463479, [0]
-17.324171064201384, 0.7266714318334491, 1.1573372993085171, [0]
-15.874470749221562, 0.9178602431210199, 1.5809615359872096, [1]
-16.59872225980776, 0.6097113557872593, 1.2913418002237882, [1]
-16.856209912933995, 0.8333300148632764, 1.3067392361299837, [0]
-17.243724278040283, 0.19003767219802942, 1.1111992533729116, [0]
-17.045986749337136, 0.5087898852313187, 1.1779394567266455, [0]
-16.71479729183651, 0.5223630914322326, 1.2492675623076521, [0]
-16.62352096727631, 0.653672034494855, 2.148866910176124, [0]
-16.65414232567893, 0.33560030050620554, 1.610681082684494, [0]
-16.02153844945002, 0.9355869144413616, 0.5662169357538948, [1]
-16.97201463047145, 0.4189537422403598, 0.5215068965549036, [0]
-17.04085072915235, 0.5011619283219723, 0.9395752753458633, [0]
-16.72625966570012, 0.6500350739897903, 0.6985702386963262, [1]
-16.785080940881404, 0.6740028312850723, 1.128785033804312, [0]
-15.772690469205518, 0.8114746596934667, 0.6576209893858549, [0]
-16.514525153769778, 0.3646126388494944, 1.316676249826029, [0]
-17.076197388229883, 0.3446680238980814, 0.7511721579481829, [1]
-16.95295165111652, 0.5150323298968514, 1.3881498946200592, [1]
-17.03357061670678, 0.6348009894642387, 2.0682871376708882, [0]
-15.908976695862773, 0.6318994350113367, 1.21821400177598, [0]
-16.721220017283088, 0.5810320713703216, 1.1296533225512864, [1]
-18.895507810450443, 1.112879940651713, 0.6827244699237203, [0]
-17.352812675701447, 0.3375092473408503, 0.463620684067767, [1]
-16.454703867217837, 0.6248951065828394, 1.0919274643593797, [0]
-16.966097635526037, 0.10985883281331477, 0.6339647926732703, [0]
-16.750441234482054, 0.5879140219316035, 1.101457853237196, [0]
-17.38854780402826, 0.5149215202120396, 1.4486348312240511, [1]
-16.937450539508664, 0.6452026438891066, 0.7430389910824227, [0]
-15.868270365436706, 0.5344663520095072, 1.0759466568103713, [0]
-16.923850278573184, 0.5780103559855557, 1.4353461361570905, [0]
-15.935259635901373, 0.806843451168228, 0.8783434861457203, [0]
-16.15786140216677, 0.9928075630002234, 2.01082961613748, [1]
-16.46170660935506, 0.5304970718897885, 1.4432139859112703, [0]
-17.371651786295743, 0.5414380747764492, 1.1363979999537221, [1]
-17.638883391847028, 0.9477648765465981, 1.155389433089554, [0]
-16.387673103486257, 0.754222949996532, 1.0044985087146552, [1]
-16.725537474453517, 1.2962313718049514, 0.8042984681271459, [0]
-15.466806592288282, 0.7651020202481169, 1.0974498059429174, [0]
-16.395966602224547, 0.5777633467069914, 1.6624674502653183, [0]
-16.261877276420567, 0.73880917937799, 1.585641148381661, [0]
-16.537059747023708, 0.7073230099988475, 1.3425176230579912, [1]
-16.214419233827225, 0.1708061332953414, 0.3505167915719499, [0]
-15.920607039237051, 0.8905585290595246, 2.000118040422736, [0]
-15.952025902758969, 0.8474865869702297, 0.9186216645417582, [0]
-16.6033354273565, 0.8513264863397718, 0.4367867084651837, [1]
-17.169310986870528, 0.517294456589395, 1.2780209503068756, [0]
-16.43490689452636, 0.6332788194943737, 1.2398261459058684, [0]
-16.84606165721221, 0.45484161621017594, 1.4613847878758612, [0]
-15.098674510511401, 0.5522985423765423, 1.2473819964935602, [0]
-15.438607413603645, 0.7340660455075729, 1.549607434132831, [1]
-16.654132468020936, 0.8071508756800307, 1.2412123537900432, [0]
-17.11164473680802, 0.687733440972119, 1.5242655654182808, [1]
-16.378908955747978, 0.3274226838017441, 0.7389867859904133, [0]
-15.740407181564024, 0.42835619195074814, 0.5751420847459083, [1]
-15.961579603152417, 0.592469836787676, 0.8915185825827097, [1]
-16.90424561965175, 0.8711815314632269, 1.8198936274692032, [0]
-16.72740297778341, 1.0164289084718825, 1.3884168669465702, [0]
-15.599863417782595, 0.8796600618456014, 1.1996689063799881, [1]
-17.070390362450794, 0.9214229026986388, 1.1573729531461696, [1]
-16.80104839386165, 0.43675833378482326, 1.742102562559793, [0]
-16.750163681669754, 0.9121495179334111, 1.5537397296923978, [0]
-16.153921250851397, 0.4809831192023638, 0.9605269634086143, [0]
-17.0784964286294, 0.3557005930007046, 1.5926487521059307, [1]
-17.501263854187545, 0.5812912513689619, 0.4922636405693919, [0]
-17.902322475866367, 0.7198864143699197, 1.5858522083599125, [0]
-17.434290328074685, 0.03153907655333643, 1.2581728294266408, [0]
-15.351916619518114, 0.6543652046874274, 1.0876482489733141, [0]
-16.83656553565329, 0.5201342206252707, 1.6242791601141249, [1]
-16.618379194429487, 0.7217412716506111, 1.0977330750114789, [1]
-17.07570342513984, 0.9588980636741754, 1.4869467479143617, [0]
-15.936570196132475, 0.5332134891733633, 1.0779166094926158, [1]
-15.423027226102574, 0.46785861684641084, 0.9909526577563463, [0]
-16.69923738186386, 0.5299469864303337, 1.9360960294225258, [0]
-17.044396945147334, 0.7518979602510286, 1.659917654758181, [0]
-16.300893083203757, 0.4726481456410752, 1.7085178029377104, [1]
-17.14037754162921, 0.4303364304660304, 1.4494597300631535, [1]
-16.073611777225114, 0.5323072875196367, 1.40247347469175, [0]
-15.845398883894587, 0.840649073332687, 1.7929567699470526, [1]
-16.987391990611435, 0.934009365886449, 0.6617013774661064, [1]
-15.816303097563273, 0.7453143376608795, 0.6067392810342921, [0]
-15.920898272565227, 0.1285708256597155, 1.3136323780111865, [0]
-17.033375013942848, 0.29084767664907724, 0.871168415355148, [0]
-14.993788701202599, 0.911626018362528, 1.2524983729033705, [1]
-17.549791420506807, 0.7344575287482201, 0.8673331303435022, [0]
-17.159571004013706, 0.5360886235923473, 1.0553736643548182, [1]
-16.40608981005996, 1.050212979971302, 1.1195831613225586, [1]
-17.002589055953326, 0.8661470508231828, 1.121040055138569, [0]
-16.218742956310013, 0.3328525486816097, 1.2577796592327957, [0]
-17.39450613958813, 0.4792566173964389, 0.9840377237881417, [1]
-17.366658778086503, 0.7786080432283103, 1.0401647887168954, [0]
-16.042504487610135, 0.334399646918848, 1.1970898141134203, [0]
-17.112094845143186, 0.3741644524479204, 1.0180935147583463, [1]
-15.149081788184874, 0.46736305082142654, -0.2562139748815273, [0]
-16.800600968645888, 0.5283205168586289, 1.0435236841500544, [0]
-17.261721834819205, 0.6931139921993557, 1.1071007203688714, [1]
-16.73882749579611, 0.41072580115225404, 1.034688268441396, [0]
-18.346733566014674, 0.8531964561971084, 1.6049083303659042, [1]
-16.444364900385665, 0.891864702160656, 2.2399394370070187, [1]
-15.702604629227306, 0.46846320523531226, 2.019336575790716, [0]
-16.510986092473118, 0.6708105812270965, 1.3648947956325084, [1]
-16.437399105100535, 0.3704281291718611, 0.7739161987028629, [0]
-15.895305161375136, 0.5372580784229755, 1.9057644715809414, [1]
-17.57320078442833, 0.6027228298868743, 0.5813166184216416, [1]
-17.23358224703736, 0.6532429096834753, 0.607551040782037, [1]
-15.65943221125883, 0.6990535758099413, 0.7422645822389256, [0]
-17.80197541640871, 0.8464297898398491, 1.7700336509449337, [0]
-16.780958624794692, 0.5342793133935436, 1.266273289549198, [1]
-15.944261850104223, 0.46135486410018756, 1.7086177160293676, [0]
-15.882988468471007, 0.8330451849276159, 1.2402359681218318, [0]
-16.361947753763957, 0.7045432713201695, 1.1272855891845446, [0]
-18.31217084901246, 0.40012969677386667, 1.1490836782853526, [1]
-15.284658097071468, 0.38765981472727107, 0.13689881509754834, [0]
-16.284729992242333, 1.1185833727168006, 1.0546292648876183, [1]
-16.297714984580782, 0.36396447039265684, 1.3215348437414967, [0]
-15.701343626917705, 0.04099253843920154, 0.7549477307391932, [0]
-16.67306199153018, 0.8158734638741942, 1.171185707736167, [0]
-15.427356526406886, 0.9013702434487209, 1.4896917273631844, [1]
-16.575449929537097, 0.810963454333413, 1.7849491412907144, [1]
-17.26985730687841, 0.41231304257400403, 0.7359712866721877, [0]
-16.965282883540873, 0.559749646724327, 0.9967267656729499, [0]
-19.918182133691687, 0.7737411628285806, 0.8853639571317131, [0]
-17.78972985754437, 0.5826904615852071, 1.7369701421505366, [1]
-16.93221175014249, 0.4359232829719692, 1.6503041374617688, [0]
-16.657539070302846, 0.5831414828664321, 1.3384613196731607, [1]
-17.987325186448885, 0.4944793679022037, 0.30559264069516967, [1]
-16.293920131032845, 0.5968279955701129, 0.7356702592619382, [0]
-15.526077991744557, 0.7552250549263022, 1.8383705652564695, [0]
-16.20599208579711, 1.0398973358411814, 1.460084693576615, [1]
-16.039092315708004, 0.5884429182033767, 1.7541972960929642, [1]
-16.00526020496547, 0.3727627118205965, 0.27293076733067545, [1]
-16.19722929476942, 1.792461687703399, -0.054671357924114095, [1]
-16.248251728928235, 1.0163632018536808, 0.5449147001019953, [1]
-16.931121503150177, 0.6953233179199363, 1.3243367422291854, [0]
-16.276119410040852, 1.0240392597551908, 1.0651413973074166, [1]
-17.107816248058974, 0.4545379440511811, 0.9114071756573034, [0]
-16.841118964490178, 0.5843881868276828, 1.446336509033617, [1]
-17.591961668119747, 0.4827442215093732, 1.5043618489348374, [1]
-16.726181684201098, 0.5119673165067393, 1.538091343051655, [0]
-17.136574060728016, 0.6765471553211213, 1.8134403133378079, [0]
-17.376288110394988, 0.5017467788270693, 0.6594384313758528, [0]
-15.557876858751946, 0.17280034336402264, 0.9645243209268628, [1]
-15.041856672059973, 0.8873336463075493, 0.8904898036055475, [1]
-16.488965533910488, 0.7932589499479334, 1.1224322715354598, [1]
-16.044293059582607, 0.9432147120292167, 1.3503480310548777, [1]
-16.537372816874026, 0.7065740831917613, 1.436868312366876, [0]
-16.518661534096065, 0.44553360244787127, 0.842296308008643, [1]
-16.920579646931717, 0.45052807759742886, 1.5720310401707596, [1]
-15.994108585821815, 0.653531618175863, 1.5867898439679358, [1]
-18.065159098468456, 0.46949750695577774, 0.9512662743277059, [1]
-15.731385347021916, 0.6081389423408028, 1.7014460787317423, [1]
-16.91056054678773, -0.06557705691523918, 1.1355489612942076, [1]
-16.58957405912423, 0.25834017822827293, 1.8663563244699817, [0]
-16.254282390703214, 0.557706063540402, 1.3772641290537688, [1]
-16.50306329931652, 0.5896436173934525, 1.3755385055049525, [1]
-16.862956796495308, 0.843983144805117, 1.5206217236387007, [0]
-17.183769833699646, 0.7132554980399033, 1.7664210182906124, [1]
-16.456581804540665, 0.10266882110221076, 1.6752149217991674, [0]
-15.839819069879818, 0.4833633000876294, 1.8315162612722744, [0]
-17.10398964937135, 0.7452945668612008, 1.2803796617995138, [1]
-17.16502184400568, 0.5266084364844225, 2.1961259425152746, [0]
-15.856119136345761, 0.8133221931736101, 1.2802139675332116, [0]
-17.952543130122947, 0.7035277779086374, 1.2463398474006815, [1]
-17.26056527815565, 0.3310181240797107, 1.4115211231006115, [1]
-16.5111049908061, 0.6433947530393817, 1.850998473891794, [1]
-15.297012684689232, 0.2834894555943981, 0.7745015127964467, [0]
-15.736354578968616, 0.9835896074142608, 0.47380295248420434, [0]
-17.068463599985538, 0.2236905098966846, -0.1393392029019208, [0]
-15.51374495731246, 0.8727344612512754, 1.0403512379897626, [1]
-17.106339786696083, 0.7487481339446505, 1.6465160655353408, [1]
-17.012679691119995, 0.42890735695442844, 1.1730249891046811, [0]
-16.24574893619626, 0.37117474310520115, 1.5488122820408892, [0]
-16.703773541009845, 0.42215018810128274, 1.5338509879244127, [1]
-16.11411163130412, 0.4833197618025571, 1.743393548316291, [0]
-16.23510608236289, 0.6317792875448519, 1.118223663829096, [1]
-18.878821992887573, 0.537695651993378, 1.8914420960076954, [0]
-15.971615711693758, 0.6958133270907523, 1.5423320883660034, [1]
-17.084109597360133, 1.3247251815972034, 0.603868317309609, [1]
-16.63430648922682, 0.7144828544475083, 1.7393756258892452, [0]
-16.816607640307517, 0.5305229312855059, 1.3674639225302347, [0]
-16.996127162759738, 0.8191120971224836, 1.089253876090623, [1]
-15.533343889582852, 0.6618873877551502, 0.6096753420823974, [1]
-16.542560470418582, 0.5465027603095232, 0.9698003622274272, [1]
-16.232243404277124, 0.6230958089583698, 1.291221406999176, [1]
-16.711599109809665, 0.3704376894683992, 1.735571574718794, [0]
-16.423652085486243, 1.3984738246614792, 0.4718986974300913, [1]
-16.759469981180963, 0.845119646166135, 0.5398611921279056, [1]
-17.016357077874197, 0.377341868911509, 2.0723336929469505, [1]
-16.712779195712194, 0.726095480756109, 1.6364361048577114, [0]
-16.232510690734145, 0.6271699496533834, 1.3042303135927191, [0]
-16.789290203229605, 0.6721270925179242, 1.9143404267925657, [0]
-16.603219047366952, 0.6065459222811247, 0.5150435581955547, [1]
-17.545106467212598, 0.6470793445785861, 1.4484098980651583, [1]
-15.819030623796522, 0.3264389990043154, 0.41497689691391804, [0]
-16.628647301361195, 0.580190327474897, 1.9614374710611346, [0]
-15.841494309513934, 0.5259647759479054, 1.0611353726137418, [0]
-17.330780681087273, 0.8334729411866226, 1.5039105560114532, [1]
-16.7826824505475, 0.5296027187302134, 1.7920816844302925, [0]
-16.841601364137333, 0.44897128370067874, 1.4617220396258552, [0]
-16.26893927609163, 0.41413366841859833, 0.836639741737548, [1]
-16.993653252406574, 0.7732412872112835, 1.3662134689947465, [1]
-16.398858775986245, 0.9160709569449378, 0.8102024730733601, [0]
-17.320119464617722, 0.6512636905589465, -0.060051636441485534, [0]
-15.059552632651764, 1.051799355130216, 1.0595720277509724, [0]
-16.036600582309642, 0.4984598290433791, 1.1324755115645675, [1]
-15.26550372055251, 0.6890241242168784, 1.5443372401423165, [0]
-18.709273397471062, 0.5927235199910824, 1.612022628098109, [1]
-16.825887760678416, 0.7990146661415751, 0.6384439553044521, [0]
-17.046630294388525, 0.48370167461246844, 1.5759775141112484, [1]
-16.411072981143487, 0.6175145728877256, 1.5000500588670924, [1]
-17.40964845836195, 0.7799778983460967, 1.2633184913373907, [0]
-16.284208704223126, 0.6117972774034963, 1.409941700353515, [0]
-16.359269400682, 1.4147562531711901, 0.9765043760680573, [0]
-16.284996908893035, 0.5965203097198076, 1.3651049941358293, [0]
-18.086514809194515, 0.8252518694799653, 1.0514946255196829, [1]
-16.662082417497963, 0.3988611125125902, 0.004810486503798783, [0]
-16.256549649736804, 0.5987158713346069, 1.1040238350321538, [1]
-17.61906656265292, 0.6128990605547602, 1.8047921224201315, [0]
-16.476948990645013, 0.40534131184524885, 1.3754971514766, [0]
-16.364760221755905, 0.927509449842048, 0.17826008195879317, [1]
-15.14107779854376, 0.705008315565087, 0.9940252499605444, [1]
-16.705178834585897, 0.6339219445335504, 1.3831160017400823, [1]
-17.483135538220765, 0.8026231512715498, 1.305496811295437, [1]
-16.096409106031636, 0.5547178502418504, 1.643333098308748, [0]
-15.971916717062182, 0.757905570791034, 0.9268430002254132, [1]
-17.773518888817268, 0.6200832615817322, 0.7443621264186842, [1]
-15.725981030938865, 0.8650466434505384, 0.896719914468577, [0]
-17.210111429864916, 0.684632090640096, 2.3715024219598577, [0]
-16.596188025975653, 0.4431280873940382, 2.027781339669643, [0]
-16.554420626580853, 0.5210754600396614, 1.0660293112235748, [1]
-15.933245048465144, 0.25351326632896326, 0.7272952890711064, [1]
-17.45608201431816, 1.039396914303422, -0.8625000239296814, [0]
-15.583723732970856, 0.7570166126085924, 1.5319801953911187, [0]
-16.206488969144527, 0.7232705302457162, 1.444771896340138, [1]
-17.06261785792494, 0.07455232269708179, 0.6102297386894965, [0]
-16.13887608678376, 0.7027713971474422, 1.3584827125206576, [1]
-18.101888554338633, 1.5303302670601084, 0.37720618905848985, [0]
-15.991238735926729, 0.6791132291336377, 1.4921944435687804, [0]
-15.404460608817216, 0.7981509984790355, 0.8713165918349521, [1]
-15.901376066788945, 0.8017604610060627, 1.3819644017315302, [1]
-16.499483913590737, 0.7811130085588803, 0.9247652953749714, [0]
-16.806752750830924, 0.48474889439567376, 1.4980033031687738, [1]
-16.020725949809357, 0.8494904633046974, 1.9532816639450852, [1]
-17.8372658830328, 0.9423076781736403, 0.40168048887458013, [0]
-15.984240359645648, 0.5486551540827375, 1.3415619321860088, [0]
-15.984189928311041, 0.5145819421258147, 1.2132840682695094, [0]
-16.39763257060276, 0.25913732254374056, 0.8287914156777793, [1]
-16.951885193081075, 0.7560880849808963, 0.7921530888726873, [0]
-16.987077939694487, 0.9053218629539872, 0.40463378571409747, [0]
-17.624435387990506, 0.6982451517540998, 0.9567183959236669, [0]
-17.49333048429962, 0.9435166097652914, 1.2083680752060248, [0]
-16.98495780367232, 0.8317462190942344, 1.1923748185886573, [1]
-16.04417522975107, 0.20912577073151367, 0.43049846651724266, [0]
-16.693129444892232, 0.28740911515930856, 0.9206801097847465, [1]
-17.720872776859398, 0.6379514683523058, 0.28820225260766924, [1]
-18.220925528056096, 0.497224816016833, 0.9222110574480342, [0]
-16.928290619075597, 0.9361218409062839, 1.8282929213578434, [1]
-16.28284319772154, 1.3012108323985794, 0.4253245313392128, [0]
-15.852903138988287, 0.6910105376725671, 1.4163504480233358, [1]
-15.710163585665251, 0.6345004813858386, 1.2961826278966515, [1]
-17.07501100380515, 0.5120672119511358, 1.5771066003196497, [1]
-18.05760891799424, 0.6862991691062366, 1.6708882912357759, [1]
-15.37642256485911, 0.9191887173003407, 1.0326835304317854, [1]
-15.869735695915356, 0.5371382398648934, 1.8786626642031456, [1]
-16.955258010348345, 0.7989993498697465, 1.3074491401568333, [0]
-16.7259754653037, 0.6071271435835975, 1.8837867068471192, [1]
-17.402016175670802, 1.2111222456256756, 0.5054255897916634, [0]
-16.57711039745015, 1.1037501580102747, 1.5864413727895714, [0]
-16.43268663467038, 0.8261731899417837, 0.8477661965816767, [0]
-16.32662514186851, 0.6336440626736312, 1.609641155614534, [1]
-18.08160306342899, 0.7794540637884099, 1.3490618280347617, [1]
-15.1358721264274, 0.28768180843182944, 0.9628296416635935, [1]
-16.529538720610198, 0.3084177352557896, 1.0321896748977721, [1]
-15.46784201649269, 0.4785440131145845, 1.5969943705060228, [1]
-17.049757130429377, 0.17824716530119467, 0.2867785142999928, [0]
-16.256563458151557, 0.5130127456030029, 1.8135710640101064, [0]
-17.243785733532487, 1.0127707291088581, 0.6840432060892485, [1]
-16.643614706752782, 0.9254707606271031, 1.5919116528513753, [1]
-17.41806397153888, 0.8759087365113188, 1.3986800358243108, [1]
-16.31188594562009, 0.5166822410744323, 1.8606580226608496, [0]
-16.5909781323031, 0.7710759212687087, 1.5223957372341999, [0]
-16.047273364918397, 0.5481582261319273, 0.5495571218386255, [1]
-16.204970722584697, 0.4001235635025426, 0.3957550991755474, [1]
-16.05234034774113, 0.967099889771004, 0.47679795118955554, [1]
-15.836235686886862, 0.3448141471861728, 0.5951900974729194, [0]
-16.199806853866278, 0.5092003665206515, 1.435190641835564, [1]
-15.883708835181134, 0.8126857500429453, 0.977947413912664, [0]
-16.813022302446374, 0.31893140621443195, 1.3719399110519266, [1]
-16.032666518578743, 0.09106060975361274, 0.5897919544400598, [0]
-18.6187101570078, 0.6445426187936796, 1.7898395262868205, [0]
-16.121457620054905, 0.3186453767285566, 1.1329296369904718, [1]
-16.92971261187435, 0.7783657050215311, 1.1256147245242798, [0]
-17.976991842759205, 0.7895418728551277, 1.5326759144749023, [0]
-16.82239812959747, 0.6731995547370904, 1.2950491975218716, [1]
-16.153492168588166, 0.7397972036629655, 1.8497563390525757, [1]
-17.543789700730063, 0.40999300483664225, 0.9620518340851771, [1]
-16.01642726920962, 0.4829452237393549, 1.04351077953193, [0]
-17.044776136785206, 0.4566281343410617, 1.0804051538374404, [1]
-17.421740921002424, 0.8109774338417212, 1.3868245965478603, [1]
-15.750682280446837, 0.4795341309372915, 0.7368002896061581, [1]
-16.179490300449302, 0.6794293661421063, 1.2462176685396207, [0]
-16.77296413875714, 0.6983768312312277, 1.4464729551751008, [0]
-16.583357174642202, 0.2697906570666202, 1.4379177694089154, [1]
-16.84341724483242, 0.394935321275477, 1.2200279678979917, [1]
-16.74596456024208, 0.8574584228494653, 1.5325092195653855, [1]
-16.294961537576814, 0.5004337842471196, 1.4289000367690592, [1]
-16.394716555730508, 0.3453743468542323, 1.2301657185697283, [1]
-16.093161233732374, 1.0305156708889818, 0.6350288679164329, [1]
-15.774445815040881, 0.3020788722573418, 0.6532451408470983, [0]
-17.008769897780937, 0.4054703581836939, 1.5331536237649361, [1]
-16.157908673066213, 0.49327459051010475, 1.4812169460822884, [0]
-15.790151086249097, 0.6080194305059345, 0.748819663119042, [0]
-15.478612849151597, 0.8966579566907427, 0.6089089791039657, [0]
-16.585172600490544, 0.5656632137159874, 2.0713757183587655, [1]
-15.90672908809134, 0.7060722332939824, 1.0098613960024805, [1]
-16.051362958495893, 0.1938782738270476, 0.8735805462664379, [0]
-15.649056227476793, 0.3099900847688276, 1.0484308812906442, [1]
-17.558145944037886, 0.9508921759006298, 1.7438441112953973, [1]
-16.53712351090961, 0.3633726595400306, 0.7780995812216178, [1]
-16.541320614286576, 0.4957968586840736, 2.20220046891028, [1]
-17.031885638925456, 0.8375902621425219, 0.900262984708802, [0]
-15.997397134609828, 0.26932234077164563, 0.15581553355556, [1]
-15.91394711276578, 1.051525203478863, 0.6346041829146356, [0]
-16.34320872389199, 0.9137950363922955, 1.66787811954621, [0]
-17.86960264789165, 1.0465757823320625, -1.028722459443476, [0]
-16.461481435319907, 0.4207501514952671, 1.345001686723978, [1]
-16.325362994493464, 0.520849359730833, 1.5337600903238293, [1]
-18.029601172972253, 0.923474759326163, 1.488906477409223, [0]
-16.677654977250796, 0.6222148408455298, 0.9543723553127872, [0]
-17.154894147630255, 0.6975421285146123, 0.3064555875093322, [0]
-17.446000568001498, 0.5669713493596888, 1.0490745732227664, [0]
-16.302834798349245, 0.6942855908274146, 1.8154039011917726, [0]
-16.57656974255139, 0.8549825209314343, 0.8475598706914476, [1]
-18.893427829011813, 0.5732774171236874, 1.4958489595830033, [1]
-16.237971157382315, 0.7742636318097347, 0.5327230887818997, [0]
-16.671198755835544, 0.6572231438974939, 1.75035935667951, [1]
-17.05218454862364, 0.3820082067610613, 2.01974713833, [1]
-15.309196309374284, -0.3844636518867004, -0.4142870119338834, [1]
-15.594693557079232, 0.42999428837896037, 1.263499001526529, [0]
-17.433349577647675, 0.49858971982523503, 1.2553760439548818, [0]
-16.14485089284059, 0.7920674555184521, 1.1985903584787432, [1]
-15.881290393181708, 1.1262962926046347, 0.5306404591642285, [1]
-16.755490872747114, 0.5080370540126649, 2.0692151869665465, [0]
-16.46313619616013, 0.8703228140424177, 1.2812822234929446, [1]
-16.40332606387077, 0.7288083013697498, 1.9853273413940158, [1]
-17.597962828329578, 0.38890152480536455, 0.6387263498124247, [1]
-17.23318701071231, 0.6117834535931154, 0.9380319242137698, [1]
-15.833303335054682, 0.45981734616052455, 1.3201254408521594, [0]
-16.662943978820778, 0.5130560330226928, 1.4569376700276058, [0]
-16.78551912933453, 0.5690416070403039, 1.6374410840293385, [1]
-17.31821046393855, 0.4813865337104626, 1.2942630776841435, [1]
-16.322367203675114, 0.5031550253690611, 1.1207215369301737, [0]
-16.626742704369544, 0.6979094389069861, 1.0245535664706273, [0]
-17.560512517297134, 0.7631593289934262, 1.5721959879290894, [0]
-15.700922894685391, 0.8070017943047251, 2.0886722150933923, [0]
-15.503017080260804, 0.8055977441709044, 1.539134923702058, [1]
-17.620385908652306, 0.7075616356365306, 2.1916240910917253, [1]
-16.32994324165101, 0.5008245194197909, 1.7867147831900405, [1]
-16.93942116085984, 0.3347414988201993, 1.3703254366920479, [1]
-16.131344180761754, 0.8067566092862224, 1.637572714705898, [1]
-16.027955257543688, 0.43756190476351875, 0.7965693537762101, [1]
-16.677249471998596, 0.7562782268170434, 1.262443663047043, [0]
-16.302763968332354, 0.6684837733972964, 1.9370366381475912, [1]
-16.80250872798858, 0.5622669844656337, 0.8851692309312312, [0]
-15.972073250521223, 0.8223364952318868, 1.5188612594328998, [1]
-15.912180517715038, 0.06421307468361476, 0.8932093794533567, [0]
-15.783810120228361, 0.5256183667812683, 1.3791503080220737, [0]
-16.940028888091895, 1.1745133658243536, 0.6138360823487531, [1]
-16.133129097503225, 0.5823192199599093, 1.6940645077090335, [1]
-16.31953462014661, 0.5686427816007107, 0.7499561294179217, [0]
-16.409306855097544, 1.2232629041836502, -0.3949242868269458, [1]
-16.83523618878049, 1.5586808834898638, 0.6389632865734002, [1]
-16.9695051728569, 0.38690525707687773, 1.5936044049874765, [0]
-15.749455587557613, 0.6497984244365627, 2.0368107295136744, [1]
-15.816852321817313, 0.5560559311455578, 1.290650288330597, [0]
-15.241013318485889, 0.5382931116834138, 0.9956647168907353, [1]
-15.683526747935394, 0.9385482402935528, 0.8598960350528765, [0]
-16.653476364125456, 0.7622640585333589, 0.2049766643131578, [1]
-16.741267475952945, 0.6242440406608596, 9.58788612109851E-4, [0]
-15.805945372390307, 0.8735948225061706, 1.3217820017232282, [0]
-16.266574550290606, 0.4849593498735471, 1.2166755676296563, [0]
-15.680234325378692, 0.711142750570741, 1.1458456063947746, [1]
-16.387245078349327, 1.0555706040699468, 0.972043896678309, [0]
-18.11399633365745, 0.7326091467557003, 0.9405037522943596, [0]
-16.312122546622977, 0.55993595042166, 1.6096989584484942, [0]
-14.965951992829417, 0.41730061000107127, 1.1707054965866437, [1]
-16.768380351338056, 0.7631398512295828, 1.1175445712575982, [1]
-16.53246394074958, 0.6283466057490651, 1.8320102479882507, [0]
-16.914849105470076, 0.46979913806150136, 1.729216812627047, [0]
-16.579623746926206, 0.1990218170503983, -0.28370187321633955, [1]
-18.21672607954356, 0.5190060758514362, 1.8255176709194014, [0]
-16.184709049147898, 0.49366089391828355, 2.1972532866203323, [1]
-16.2899919367018, 0.9616105043502094, -0.3525362063809256, [1]
-15.960535650161141, 0.5858571196598124, 0.6750836200765415, [0]
-15.12825190959371, 0.8503960412336548, 1.2275152874041635, [1]
-16.560637731420474, 0.5498920093509354, 1.6317110672968917, [1]
-16.34152169546432, 0.7414389039547241, 0.9094474886276767, [1]
-16.853083854673493, 0.21655726364891886, 0.5928333538501107, [1]
-16.740587220423716, 0.5805784131380755, 0.4307308938683774, [0]
-17.613345583971256, 0.1012841944965352, 0.11685649646571622, [0]
-16.034276875772996, 0.8084066050176355, 0.8908251350878154, [0]
-16.52762746590984, 0.7444781472608906, 0.9928400771389756, [1]
-16.611781615090727, 0.7535695450641658, 0.8034888112745611, [0]
-17.355138014407792, 0.9173647729634671, 0.4377490890526431, [1]
-16.719221940489636, 0.6573371999239833, 0.530187955627659, [1]
-16.573840414250988, 0.9696697461499111, 1.322802569324124, [0]
-15.22835065583302, 0.997268181863594, 1.1582420978349612, [1]
-16.038738721336607, 0.3964786586036366, 1.7681826769722688, [0]
-17.963942683636553, 0.4872832253241285, 1.4952534727961018, [1]
-15.603797354581927, 0.8276611543932492, 0.9959402334683555, [1]
-16.746211629223602, 0.48291576837270667, 0.9997650478467563, [1]
-15.335660724707182, 0.37000668751240967, 1.0631961086065935, [1]
-16.438519181045365, 0.4876291254109034, 1.1040352170743528, [0]
-18.14496435428633, 0.15949415246536133, 1.3138060993044514, [0]
-15.097035971241741, 0.9230319276096932, 1.0367197928046732, [0]
-16.872438361600764, 1.0051572202905321, 0.17821004911578786, [1]
-16.804034349331864, 0.6831766110333404, 1.3800089808215985, [0]
-16.26822527990427, 0.32894215799315407, 0.6136668488603746, [0]
-15.90418610518628, 0.5948073871896788, 1.6780053483499016, [0]
-17.3717632853382, 0.5273039453256995, 2.209475933321676, [0]
-16.454283503578626, 0.8058903795404506, 1.0412275781859373, [1]
-17.21272332333941, 0.6907197008201997, 1.5828284743157233, [1]
-15.877045033570855, 1.1763086122935191, 0.26838559968763176, [1]
-16.875424015424848, 0.8949870549732544, 1.055970636212515, [1]
-18.932428544769976, 0.7079059296018739, 1.2459153368638918, [0]
-17.418118565060524, 0.9036452970769469, 0.47862382039995865, [1]
-16.7801873188155, 0.32315167839316394, 1.195694864201601, [0]
-16.242766532433716, -0.008489421292874444, -0.5444048790057262, [0]
-16.087041503437355, 0.7460627015627787, 1.4970443413761587, [1]
-16.777618276870204, 0.7714174268440533, 1.903355552167416, [1]
-16.24876683416739, 0.586748137990315, 0.8341179566996653, [1]
-16.389757084412004, 0.6161174060511325, 1.260969696370701, [1]
-16.17525806708693, 0.2350058003056607, 0.8434622719114313, [0]
-17.29916482133067, 0.7997778737283517, 1.782551635889357, [0]
-15.746129938378306, 0.7698838656337487, 1.2290940615036805, [1]
-16.993084383385895, 0.9337307359591492, 1.6029329038484939, [0]
-16.08152955341919, 0.5827403656283485, 1.9858382985671401, [0]
-15.556732621681798, 0.9747733707533748, 0.694775228340772, [1]
-16.15209384106692, 0.25166134606269686, 0.9785434754681299, [1]
-17.43533906365395, -0.03649883942310572, 0.2547136123524074, [0]
-16.724875340926776, 0.4671846221157354, 1.4279516906309357, [0]
-15.695653325338977, 1.3176836726399181, 0.8925319841237378, [0]
-16.87958074941802, 0.87300444338357, 1.1228414363090211, [0]
-16.26206978508241, 0.4261027762144094, 1.2964532665080268, [1]
-16.582674464357183, 0.6409245537303548, 0.4820562314691319, [0]
-16.877122767943575, -0.0058914052366282055, 0.7210446625146962, [0]
-17.041171550663137, 0.9260375509746304, 0.3439175009604188, [1]
-17.256219305429155, 0.7410239193704462, -0.11489491500560794, [0]
-15.76320351255549, 0.4533962868427412, 0.6832851665760559, [0]
-15.999607610298362, 0.6646138647775964, 1.3039003776342297, [1]
-17.357172223296075, 0.5501615328835261, 1.6702074264286253, [1]
-16.602462102891014, 0.9500095138599436, 1.9147431469280238, [1]
-17.410440183664004, 0.5739353068065214, 0.881225355187037, [0]
-17.586220049469752, 0.6480209586437163, 0.2768559973057022, [1]
-16.260281627123327, 1.1367142652176452, 0.6581969747732783, [1]
-16.91260591742576, 0.28675907328587347, 0.45530193537420616, [1]
-17.6039526220695, 0.9605642622819122, 0.8935835161432043, [1]
-16.58380785694808, 0.5726534723108694, 1.6048743096350184, [0]
-16.38858647760789, 0.7450820008317995, 1.4936093045091372, [0]
-17.116794357548777, 0.5643482904165812, 1.7337380944047336, [0]
-16.439441556821002, 0.82489629996068, 1.0895526970874987, [0]
-16.904107465360532, 1.1569632383756916, 1.249476358799147, [1]
-17.45792973543107, 0.7451472060393558, 1.0343883980863524, [0]
-16.915711387210965, 0.703919194984329, 1.9128275785728133, [1]
-15.865213521238777, 0.39115822618710416, 1.0763465908242904, [1]
-18.258106695086962, 0.5027569236561075, 1.591387116681048, [1]
-15.74050456929229, 0.2078687008922116, 0.1918921968096362, [0]
-15.023205105872966, 0.5539469871776351, 1.4716541419058793, [0]
-16.342514706935933, 0.05426263272816578, 0.9516603583784619, [1]
-16.089958820992887, 0.7740189047249536, 0.6070020467516501, [0]
-15.716447575576845, 0.508571744766779, 1.7271624794383156, [1]
-16.020862759471854, 0.7448517505014032, 0.21396194440905714, [1]
-15.901975706114632, 0.13627292242063083, 1.3564585065231665, [1]
-16.1336726312823, 0.5926168801319339, 2.1644750174364678, [0]
-17.632901617741876, 0.42254199396938874, 1.308987449292026, [1]
-15.404220081091362, 0.9171174115217754, 0.39006955010696975, [0]
-16.790795663285365, 1.0077913665935707, 0.6484531362202042, [0]
-18.647581330885924, 0.07835144068668598, 1.0970903055328918, [0]
-16.79221524766533, 0.4445955431892772, 1.1612397455788748, [1]
-17.1014854877782, 0.8982204708487798, 1.0748247510987776, [0]
-16.454381911761875, 0.626955422310382, 1.4006448281148975, [1]
-16.344472348521673, 0.4761990766844876, 1.136672125711235, [1]
-18.504564664988262, 0.7883602591195605, 1.2880818255785953, [1]
-18.25975638721063, 0.5779789820768808, 1.665846380572523, [0]
-16.906098942831, 0.7576979206424288, 1.7568316663821408, [0]
-16.322235025664977, 1.0127793777901675, 1.0094696904147578, [0]
-17.21435233146785, 0.8223707647675516, 0.7570135952211654, [1]
-15.576815024246102, 0.2494925917904313, 1.6126548434101386, [0]
-17.015557108693518, 1.359514377317241, 0.4616550381314233, [0]
-16.242148616538955, 0.5495088675371584, 1.1311089735914797, [1]
-16.13778105008685, 0.6123141230819555, 1.324682508622889, [1]
-16.375690259235785, 0.3533177367747007, 1.2149552135877904, [0]
-16.863858419006995, 0.43167853651271215, 1.2558336361315359, [1]
-15.586058852036967, 0.23051406498023697, 0.7653100706995619, [1]
-16.040731575703266, 0.9877754511200106, 1.19108173642298, [0]
-15.728853704295378, 0.6754513241284035, 1.3085633668816101, [1]
-16.803452601222023, 0.6210765777547185, 0.019961842069542296, [0]
-17.313596350731846, 0.35757886158461094, 1.9598678807380432, [0]
-18.90249655989286, 0.7988129584312658, 1.4481848620012612, [1]
-16.078403136080414, 0.576123394556158, 1.35662648994349, [1]
-17.10947608079907, 0.6849739593787836, 0.23997420489296994, [0]
-18.786692560798762, 0.514742435632419, 0.49249269723504757, [0]
-17.28128510017971, 0.5493280770241749, 0.7486763109440671, [1]
-16.771387309333647, 0.5554783887578219, 1.9758255256145643, [1]
-17.17056717042131, -0.2902383089347085, 1.3691531577795901, [0]
-18.03436480926069, 1.0161511908140732, 0.08207817713385124, [0]
-16.415139965333314, -0.010520744705069418, -0.18028304286260619, [0]
-15.645846336030294, 0.8672290473855949, 1.2879059277782328, [1]
-17.201007941790724, 0.8906496861046305, 0.8531985732849634, [1]
-16.770128737194472, 0.483675164539296, 1.3356586837032487, [1]
-17.08181735172178, 0.7520307748719492, 1.1400232066482396, [0]
-15.337496866651273, 0.44774020345404064, 1.1610668116226714, [0]
-16.61847380084921, 0.25789529893103746, 0.823833988982046, [0]
-17.072531110786937, 0.5865553772908491, 1.667757447271665, [0]
-16.6887410224679, 0.625362714883153, 1.1086489533353137, [0]
-16.021576565842196, 0.3966789895720731, 0.7606673594710229, [0]
-18.173141413966015, 0.7161726083466249, 0.18516423473693266, [0]
-17.067835585668305, 0.3477732450006279, 1.5111879597618514, [1]
-15.866263702116687, 0.4808682552988359, 1.101670985703405, [1]
-17.059595118840896, -0.0025230349605062097, 0.940480265577264, [1]
-15.915335960492822, 0.494913170061877, 1.5158593814551125, [0]
-15.889715331513273, 0.7017338988866676, 0.9011606972380952, [0]
-16.04416222813912, 0.8132007156400596, 1.1051448020204604, [1]
-15.81727335527514, 0.7948934168249937, 1.5044358806104838, [1]
-16.956292922959783, 0.614314238149069, 1.8163309886239154, [1]
-16.876171986096928, 0.43113172571155683, 0.7512643827294518, [0]
-16.553189310331927, 0.8252533624848915, 1.5297549229044556, [1]
-16.2655759875398, 0.21840824607217615, 0.30382609690815604, [1]
-15.81136311189915, 0.4625578856491714, 1.6276101942410133, [1]
-16.82852926488955, 0.808759793422268, 1.3167800255078064, [1]
-15.496621283015534, 0.4277271738075482, 1.716637488629834, [1]
-16.833108794479294, 0.455399376291595, 1.8166253843584657, [0]
-15.447943101928544, 0.9150586692591117, 1.8609096257640267, [0]
-15.940646245738133, 0.46079315650302016, 1.7577267770791836, [0]
-16.80823495641292, 1.0844960318057197, 0.5505781316020801, [1]
-17.971957133269523, 0.7356455593233773, 0.5333741791846058, [0]
-16.352957483768595, 1.1426295596970686, 0.5302968334535589, [0]
-17.026907356043615, -0.05987115800054077, 0.07866832360803194, [1]
-17.07558130026438, 0.5241661156182629, 0.7444273788559024, [0]
-16.862691205251764, 0.3980141286553209, 2.22833599783697, [1]
-15.664519816615428, 0.562606843550412, 2.058730305583651, [1]
-16.165568837108825, 0.6943287826311451, 1.0053813198021095, [1]
-17.138068689307396, 0.6135408715656903, 1.4605207914803724, [0]
-16.502198050465434, 0.8155781775746037, 0.5372309448360504, [0]
-16.749999646369183, 0.5821829966813918, 1.831715281581738, [1]
-16.145427504369955, 0.7471956172600485, 1.5390220626834668, [1]
-15.955824059529759, 0.36922502317802636, 1.2832084607462402, [0]
-16.35059311137645, 0.6677836781992399, 1.3910796745933631, [0]
-18.229519316542667, 0.17392192119729788, 0.25995854562056153, [1]
-16.17123453671336, 0.7914849313732362, 1.717981097731351, [1]
-16.571485326252112, 0.736706614296955, 1.1382085888110582, [1]
-17.83767320293053, 1.0729328886558012, 1.011313986521558, [1]
-16.381951855528136, 0.40626600505052657, 0.8730114422604025, [1]
-16.189206096384584, 0.6316833433654729, 1.1783254585964376, [0]
-17.858384283499404, 0.8476164723581432, 1.0552521022137828, [1]
-17.532917447386254, 0.6872333091864861, 1.8589818940438967, [0]
-16.947640064813513, 0.6348404173933417, 0.8465945848131751, [1]
-16.24519599237358, 0.6234163296231657, 1.8578564915118583, [1]
-18.00820402346746, 0.3913108630049011, 1.203700143026154, [1]
-16.402519075281184, 0.43603297227746035, 0.9388362083547139, [0]
-17.459222610620994, 0.528302274056206, 1.5732113293256904, [1]
-17.337787178012036, 0.2197541868297599, 0.7120345851326092, [0]
-17.81201463613418, 0.7949731964928035, 1.4983905870178238, [0]
-16.01407496831292, 0.7477257711359095, 0.7852383724457181, [0]
-18.477716358322326, 0.7511307784970733, 2.0189172519596785, [0]
-15.917163157308325, 1.2036882969774525, 1.1312519863983324, [1]
-16.558443733009412, 0.6774342073344698, 1.1789126392856661, [1]
-17.50247373350761, 0.3977528639930886, 1.1673842985209457, [0]
-17.36052628277484, 0.9655043778597574, 0.0015159364043287882, [1]
-17.27810391649353, 0.5472853645641415, 0.850453891604309, [1]
-16.902292676110438, 0.3161241837486006, 1.1040394406591385, [1]
-18.289395992379323, 0.7284494887305597, 1.0142489019579886, [1]
-16.383577918240768, 1.0290498724153592, 0.870564576678644, [1]
-16.96154063115921, 0.4269409293904166, 0.5796460936414064, [0]
-17.58617868154644, 0.8522797075296267, 1.534969527315784, [0]
-16.662022068859287, 0.41264318095259, 1.163503409865238, [1]
-16.271555982849314, 0.6751060103841915, 1.6479860070915278, [1]
-17.30149198095876, 0.557314713241899, 0.585667445403028, [0]
-16.768607239043774, 0.27476004064540904, 1.1760045839098234, [1]
-16.848926999687787, 0.577563616664112, 2.0329548551270116, [1]
-16.907681741019353, 0.6904435000449259, 1.993903383650438, [0]
-18.568931412110825, 0.7161753256014557, 1.572224561865053, [1]
-16.69735121069519, 0.6204548807367165, 1.7438431095627425, [0]
-15.938547727663066, 0.5718750069676997, -0.01815448003493056, [0]
-16.49371445649063, 0.5550772045791939, 0.8378832789588093, [1]
-16.108335598095714, 0.5685204405546561, 1.671812194440144, [1]
-17.166254230812978, 0.7636171783670777, 1.4601581352955921, [1]
-15.540328948320493, 0.6154816049361396, 0.856200475946709, [1]
-15.922101775372608, 0.5373807130097643, 1.5808176067458408, [1]
-17.524767603381427, 0.8641443459953504, 1.3899739587227204, [0]
-15.788091856092253, 0.7676591654839171, 1.1410563310881185, [0]
-16.78813397249352, 1.219059940532328, 0.4054644148773904, [1]
-17.050006137400953, 0.9118769207422056, 0.6196271503672216, [1]
-17.28472411050495, 0.9102655690819939, 1.0843055440593625, [1]
-16.479001058040566, 0.5250666116418221, 2.2264410736981075, [1]
-16.89904066453234, 0.6299257571713084, 1.5726907453682273, [0]
-17.030794721662055, 0.4225386204826699, 0.7863308559994932, [0]
-16.790203646222334, 0.5915245290759843, 1.7034137296176197, [1]
-16.186019728673976, 0.5683016169518615, 1.24260534516813, [0]
-16.992882586243518, 0.5429357970122699, 1.7529318378964207, [1]
-16.6711541676236, 0.5781181929146617, 1.2574125629293087, [0]
-17.250729143188856, 0.8268995814686313, 0.30796670972401685, [0]
-17.38038559510713, 0.7726340939534735, 1.7859497787451242, [0]
-16.265382436157772, 0.5590775701142884, 1.8366436287018912, [1]
-16.365027974135927, 0.8400046622777603, 1.4217798631988208, [0]
-17.288094603101367, 0.5518963427007604, 0.5304575679139956, [1]
-16.239591780575463, 0.5873107201152685, 0.8468227608029963, [0]
-16.907075798991453, 1.016960962399025, 2.014713834512428, [1]
-16.198353060740487, 0.8855664746472515, 0.559544278907524, [0]
-16.937113998001106, 0.8384253959220604, 2.0537346736619684, [0]
-16.268901741123422, 0.5556830061898009, 0.8963490150903546, [0]
-16.213382511130394, 0.11963132409309662, 0.9799900970893682, [0]
-17.62321428580477, 0.8859521654118974, 0.43776665842605056, [0]
-15.562594505362176, 0.9939655355764783, 0.9575682841268888, [1]
-17.430721646032413, 0.4456980005096383, 1.4792089614259325, [1]
-15.972492262474205, 0.615837542789588, 1.2377374367033045, [0]
-15.933070042386294, 0.6741434184297721, 1.4709959671986563, [0]
-16.435401616953023, 0.8857578941273848, 0.9352040628979629, [0]
-16.168360624339158, 0.4850571543670551, 1.6960821279787466, [0]
-17.459817363179383, 1.030050195050672, 1.1543641318579665, [0]
-16.029586512143943, 0.3948868208851207, 1.5645199202506992, [1]
-16.42231710828129, 0.5466434432130914, 1.51219816288078, [0]
-16.702936050229887, 0.12050317797470045, 0.8506958097147307, [0]
-15.753469416948025, 0.7792907755773634, 1.1399300524679896, [0]
-15.974622836805377, 0.6788891998893446, 1.3842564139311262, [1]
-17.350988049716275, 0.7512682856159705, 2.006622159046344, [0]
-16.949718794388563, 0.2955416359558759, 0.16397158228987085, [0]
-17.215367670541948, 0.5958796383134024, 0.7052755582311598, [0]
-16.554277147385214, 0.713679177375922, 1.4333205949271524, [1]
-16.807293748937322, 0.42032568826836497, 0.8099319971481918, [0]
-17.024668099018324, 1.0257651882798753, 0.8666991376567852, [1]
-16.4259236636414, 0.4716698016234307, 1.4243607056859782, [1]
-17.360288695165124, 0.7508506239393956, 0.7384470449409238, [1]
-16.366722228586173, 0.4657711940833076, 1.5297232835760455, [0]
-17.284807186426264, 1.0668776234112873, 0.6169436521430006, [0]
-17.408052271315128, 0.43636146385761065, 1.5629854412648247, [0]
-15.757281496438697, 0.8286660128210073, 1.2167459376243985, [0]
-16.957008838828955, 0.5512893309159925, 1.0026262515283777, [0]
-17.17167411007957, 0.730468894364943, 1.8040571309855842, [1]
-17.467858753768294, 0.6264342476668177, 0.8338538504585957, [0]
-15.792342617795033, 0.7083378009016713, 0.8259657423972782, [1]
-15.821532224566969, 0.7397148659077195, 1.46944381790911, [0]
-17.920013622517246, 8.710541056903276E-4, 1.2267928530113685, [0]
-18.782156159605034, 0.21826333235666198, -0.14927337199174331, [1]
-16.514326815326225, 0.559187418900209, 1.0470901318339974, [1]
-16.737537271697928, 0.7038143735569673, 0.6962059296172654, [1]
