t=0.08158476348693268
logZ_t=-24.178985537050245
-31.17354845198362, 0.7316463306473936, 1.3179776741054807, [0]
-31.101201728677943, 0.5732104429070445, 1.2350539003302934, [0]
-32.04471207066314, 0.7504680643756323, 0.8381989205664113, [1]
-31.123124374672624, 0.6821702043181249, 1.072447870988538, [1]
-32.22448898970549, 0.6209327873835485, 0.9298323147715086, [1]
-31.485228515223497, 0.7006343799153651, 1.0180020671528025, [1]
-31.722160181579472, 0.7305056026951623, 0.8334523718250528, [1]
-32.3905018908166, 0.8064290885447869, 0.9410788008001045, [0]
-30.97346381942479, 0.6565499422141404, 1.4658184166200385, [1]
-31.40081139676111, 1.0434767723844842, 0.6807237020401187, [0]
-30.224394404193564, 0.734144454096224, 1.0337804985407035, [1]
-31.232066406062504, 0.7703928910755374, 0.9041740411486441, [0]
-30.893221790187884, 0.4078501151808599, 1.3605239663264277, [1]
-31.369682750391764, 0.38379377117628494, 1.0012066114596896, [0]
-31.478973107643867, 0.5087011214369317, 1.0708087889488036, [0]
-31.60033877628264, 0.7725328018055785, 1.3142290838686987, [1]
-31.20990840395376, 0.6665363764095821, 0.4798090034108804, [1]
-29.843260619502935, 0.5821137432065682, 0.9783449362713281, [0]
-31.407767351532794, 0.5092344487059037, 0.6655059885758965, [1]
-32.109310959807026, 0.7602025414911849, 1.5695017022460527, [1]
-30.462274889211052, 0.49734661964514415, 1.2213172025176506, [1]
-32.893870731055806, 0.862783418265986, 1.019937608576114, [0]
-31.03633586230179, 0.5729395269633922, 0.9526825477419028, [0]
-30.59652639975612, 0.3704523315714885, 0.6289536237351538, [0]
-32.08956625969411, 0.6722760760695855, 1.2879527213961828, [0]
-30.122781037925932, 0.44021176831339676, 1.1637022694171995, [1]
-33.30731664408502, 0.3997661092713639, 1.2885087654809708, [0]
-31.331844737147545, 0.6415200675503016, 0.8050336065348688, [0]
-31.631001487753647, 0.7714554140529192, 1.3846228531926636, [1]
-32.75982242902202, 0.48331504479480597, 1.048703446509248, [1]
-30.88359206806738, 0.8305200138040925, 1.6733866205099313, [0]
-32.45158961150875, 0.6091059766754734, 1.2582960296367807, [0]
-32.06219060461162, 0.539456191520635, 0.6529712196796278, [1]
-31.269693877234534, 0.8799744822012319, 1.2604591429663436, [0]
-32.029625558021664, 0.36858496383029193, 1.3315487972912072, [1]
-31.344572306672664, 0.6461252971259077, 1.3453755581950524, [0]
-33.33554996291431, 0.7559531928029988, 0.8198988767557973, [0]
-31.9613449139605, 0.6713248024514957, 1.033674088445471, [0]
-33.019770140191014, 0.7265736811773523, 0.6784093808844409, [0]
-31.613473887189773, 0.8622572897703614, 0.7928533413498788, [0]
-32.0448843701545, 0.5186286189992637, 1.066138044436585, [0]
-30.89843322671693, 0.692808878931085, 1.3974381622347372, [0]
-30.85213457247717, 0.804744257960901, 0.9959934044634418, [1]
-31.921350723690303, 0.5005676758289164, 0.8362841306065637, [0]
-31.064930584411698, 0.4596064338026078, 1.4599935820855219, [0]
-31.573977681307166, 0.4997530420728472, 0.950861667857207, [1]
-29.580968840929557, 0.8544534209784966, 0.7745857407402059, [0]
-31.21014484340713, 0.3905730128144944, 0.9021356731885545, [1]
-30.771689181458672, 0.5469704653591644, 0.6974959247689556, [0]
-31.93835846143705, 0.6436200034149926, 0.9172513036588754, [0]
-33.712668516200324, 0.532203660687728, 0.7437153650527603, [0]
-30.938539536658073, 0.6625592915300433, 0.3910951279471103, [1]
-30.5365762104498, 0.7948491158162848, 0.674875252457408, [0]
-31.07963621962106, 0.46451026782423843, 1.4352122551472046, [0]
-30.076420523996426, 0.7484305202805682, 0.4295499789315741, [1]
-30.77031242741219, 0.5821142915947084, 1.1908922030203588, [1]
-33.20545310205192, 0.4668513898675024, 1.1966216374362493, [0]
-32.334317917355506, 0.6788091174633574, 1.082851975565684, [1]
-33.5971449306575, 0.5840388619909783, 1.250750688486, [0]
-32.44928275625119, 0.5623716776209732, 1.7997706757872487, [1]
-30.898480490591893, 0.6568060820486811, 1.0569475679118938, [1]
-33.14093259512535, 0.7188995128739484, 0.9685660201663823, [1]
-30.56187545270105, 0.7145656168584598, 1.2033213364993227, [1]
-30.313888078535008, 0.4789780752921704, 1.0357129207813847, [1]
-31.3659091667213, 0.7729610441092827, 1.2515988807923386, [1]
-30.714402499129893, 0.7431856919927156, 1.1724500325806555, [1]
-30.771540079274864, 0.6649897141469953, 1.3294074311185455, [0]
-30.93027852726732, 0.7040217516322396, 0.9460381794055933, [1]
-31.129769348825167, 0.6426156499812081, 0.7101247724123871, [1]
-31.521558771164408, 0.660001392556057, 1.1425371429885067, [1]
-29.776266158140054, 0.5880739478064911, 0.8384519629433957, [1]
-32.03982259350489, 0.4821453311962098, 0.6731479335459575, [0]
-32.05966886989821, 0.7221174480660202, 1.0415581266048108, [1]
-33.14214065666981, 0.5010030834258455, 1.3334368684778743, [0]
-32.16930716532451, 0.09756509551932342, 0.4495305209242313, [1]
-31.264123743542015, 0.8752949719790588, 1.366937855084244, [1]
-31.126154796606016, 0.7145517356337601, 0.7710049866065674, [1]
-32.03203121578147, 0.44483974304602797, 0.9018842948327155, [0]
-32.64255012373919, 0.6300890581074381, 1.0589537981911656, [1]
-31.07694962208861, 0.49234773899410045, 0.6117141940138598, [0]
-31.81690637964836, 0.5136285456142383, 1.2798249527132164, [0]
-30.39291059301296, 0.5934054669933326, 0.7475646838523411, [1]
-31.186911011953626, 0.5141269456675721, 0.35023325907687786, [1]
-34.20017102360001, 0.628118827436169, 1.194141086995899, [0]
-32.76252996740195, 0.7276969727932102, 1.433787386920912, [1]
-31.865936498673744, 0.7721847381951076, 1.1407568445339313, [1]
-30.490631747984313, 0.6246213020657029, 0.9101065468503484, [0]
-30.94630467457039, 0.7343735423067999, 0.8853193819010197, [1]
-32.92817881390188, 0.6399452137591946, 0.6906080756538083, [0]
-31.58755393079886, 0.5961482616336623, 1.0999145615993902, [1]
-30.78590692266848, 0.7182616090441175, 0.786070413066049, [1]
-32.37740749196081, 0.7122432429569968, 1.0448893206776506, [1]
-30.957290961204787, 0.6678733297690193, 0.6029846985964902, [1]
-30.53421243725, 0.6558926860936409, 1.1677863316153203, [1]
-32.4280250306895, 0.9305787691196694, 0.9023950104062752, [1]
-31.69611792327502, 0.7462285353494611, 0.6784650120951816, [1]
-32.9478857519005, 0.47859242728891427, 1.4511196333329137, [0]
-32.084457458557736, 0.6784902514936251, 1.0315303664199886, [0]
-31.241473666625378, 0.5728549993189529, 1.1737141280457202, [0]
-32.35893834619982, 0.6455421711724176, 1.1019362147906948, [0]
-30.495210017016458, 0.701411447321898, 1.4724568749156393, [1]
-30.231296182672253, 0.7686705840437621, 1.187722870961962, [0]
-29.935611824312772, 0.6851537984408843, 0.7991466517438203, [1]
-30.663543900196796, 0.695614072291864, 0.8606323074154777, [0]
-31.04250675217559, 0.43075276129843365, 0.37982405666758046, [0]
-32.4430065586184, 0.7585925269611522, 1.406245033384763, [0]
-30.724687886788832, 0.5835360473842711, 1.0173503032276328, [1]
-31.409376809961145, 0.6707762328765954, 0.7260868014966699, [0]
-31.13007193721211, 0.5396818974806976, 0.9555819054230803, [0]
-31.940322156110412, 0.4428802201752587, 1.2921040793104968, [0]
-32.45318762243979, 0.7229448089667061, 1.7014240143135018, [0]
-30.568367504444552, 0.6381908444404594, 0.4766460371703861, [1]
-31.07736977450759, 0.5280889301433556, 1.1110899761231698, [1]
-31.068073755603333, 0.6607714951767709, 0.9090553066318727, [0]
-32.50835671839619, 0.5617500195692463, 0.9380478942917287, [0]
-31.495988971894093, 0.5776935252410154, 1.3564140793016042, [1]
-31.48121068653067, 0.671726564306722, 1.0575186967379382, [0]
-30.831266476626116, 0.7156773834259679, 1.0418965372148752, [0]
-31.623801752541265, 0.5599288647550993, 1.1317902087788956, [1]
-31.115429656259998, 0.5738361818151725, 0.9449843253241583, [0]
-30.57680716473651, 0.6561128443550377, 0.8740713489143249, [0]
-31.88612447540298, 0.7946055663412446, 1.2459936758491914, [0]
-31.727021017223166, 0.4723772563278914, 0.4066819286646496, [1]
-31.549062014125546, 0.7323634813206887, 0.9459940180024109, [0]
-32.259491955195315, 0.7574924870980565, 1.2745440204054987, [1]
-30.782701854063838, 0.5701685087086457, 1.1020240304926596, [1]
-30.44086474911551, 0.6796359241636925, 0.5718379807282348, [0]
-31.717735429297075, 0.5784759264910672, 1.1123868594413033, [0]
-32.36050119378207, 0.5626040325224451, 1.203051226219771, [0]
-31.610609498504658, 0.7160488168759372, 0.7118195782825653, [1]
-30.821549547994763, 0.5396684164807246, 1.093404820227373, [1]
-31.043025945584567, 0.9686411218202369, 0.45088058973278833, [0]
-32.14686959954681, 0.35926218661879017, 0.6128930167329436, [1]
-29.828567984806867, 0.7625067112988198, 1.387765462392728, [0]
-31.286909089729576, 0.8483567578403852, 1.0612848747294719, [0]
-31.489256392570848, 0.2556580928532607, 0.9552006437977891, [0]
-31.068342792509174, 0.4612588968857891, 0.7013764210463876, [0]
-30.164078014497687, 0.5801413410318578, 1.3853631496662198, [0]
-31.165578066815264, 0.807664945923359, 0.7207397442646666, [1]
-30.907437893835816, 0.3933268614362864, 0.8458581672205238, [0]
-30.233609249745534, 0.8738287490158914, 1.21505830380999, [1]
-31.022986925759383, 0.5734325236460913, 0.49604333815127966, [0]
-30.782954661155852, 0.8523037075155492, 0.35215083728139207, [0]
-30.919129737205424, 0.7820409005427958, 1.3564527833223199, [1]
-33.049091806283705, 0.6547588552855046, 0.9608759566420626, [0]
-31.81025117312748, 0.8493164841590697, 0.7375343863736453, [1]
-31.18190684866816, 0.5912846302229986, 1.0723662019115088, [1]
-32.650816973019424, 0.5559666862505993, 1.2034643298145915, [0]
-31.423601568318098, 0.7671440849967487, 0.8525048411634516, [1]
-30.61194061510362, 0.46662812818588767, 0.9175039160086955, [1]
-32.09282457687028, 0.6158245209692838, 1.596450692314069, [1]
-30.48983721713613, 0.5972645401300891, 1.0215790727699572, [1]
-31.9401730655962, 0.5437030353540732, 1.3437447382771814, [0]
-30.283003397952207, 0.5153490203767412, 1.018387905748182, [1]
-32.510013405957245, 0.561775279690262, 1.026934316934028, [0]
-31.940971923427277, 0.5073760256136371, 1.433176401800039, [1]
-30.513485177911225, 0.6415921202641843, 0.6559760957946212, [0]
-32.87861250878215, 0.6262232941713308, 0.7603075549877897, [1]
-30.457012784024457, 0.4337321668201854, 1.5498788751657024, [1]
-31.92482581963422, 0.7271462176595452, 1.060490916803794, [1]
-30.663562042055432, 0.6321431488123623, 0.9351728918353942, [0]
-30.05012980077119, 0.6582040306331021, 0.9810472190819758, [0]
-31.091795152748134, 0.6241013876743059, 1.1123820679298413, [0]
-32.16659725559044, 0.6525140631099462, 1.07240505854851, [1]
-32.17789090151045, 0.5525354423688935, 0.9843147965627717, [0]
-31.537358651587223, 0.7302686626548476, 0.6790592155648634, [0]
-31.319812830849603, 0.5901120195407586, 0.9041308128690992, [1]
-31.103499206323995, 0.7369058587566082, 1.0275164009348914, [0]
-31.28808058100129, 0.4951949112652401, 1.2810812132802942, [1]
-32.54197717645633, 0.4754782855862175, 1.8369818082131266, [0]
-32.14254742098441, 0.7773335094741057, 1.0489988198016529, [1]
-32.03784332396352, 0.6953600129459311, 1.3888981130469504, [1]
-31.73875470102905, 0.6635931996085087, 0.8982575253509095, [0]
-32.527929229866025, 0.6941137159094465, 0.8061935011413994, [1]
-31.029509413202934, 0.7274019037015134, 0.8635692506257884, [1]
-32.66654695384191, 0.6319704316915883, 1.4104627468704376, [0]
-33.500834235923655, 0.6041040314380699, 0.8818300068299192, [1]
-31.545728081229043, 0.6266523265613132, 0.2820278963733273, [0]
-33.472411543344414, 0.9798900589663588, 1.2851139594797356, [0]
-30.3202512611082, 0.6916700638586271, 0.7126338706157118, [0]
-33.302128505958876, 0.504548758101584, 1.6041288620318532, [1]
-30.412381173724896, 0.6602489366724462, 1.2048322597828538, [0]
-32.73159002261759, 0.5560764192373955, 0.8549523625332325, [1]
-32.13894823776755, 0.6511311872038538, 0.7443332566907451, [1]
-31.70841660985246, 0.7123197487121432, 0.344490399493578, [0]
-31.337642881472995, 0.6869370294973652, 0.931567028704948, [0]
-33.04809952453678, 0.621778306402311, 0.683389807651885, [1]
-30.839064813554582, 0.5596135990477467, 0.7705420511378842, [1]
-32.83488286089057, 0.60611260204888, 1.3908406255678916, [1]
-31.658361193102433, 0.823598846397352, 0.7754193484761305, [1]
-31.029196783035562, 0.5760520144832988, 0.7186851766148282, [1]
-31.10514749577118, 0.7603261182616678, 0.8498779430978148, [1]
-30.512239693909017, 0.5129366484569012, 0.5632539071525987, [0]
-32.71036292494506, 0.5975034869427942, 1.4010962124317827, [0]
-30.422652411264345, 0.6720143980555776, 0.29370865708645677, [1]
-30.181378035061794, 0.5780691138869093, 0.4783855822150306, [0]
-32.30882135235374, 0.6289654193072736, 1.7041741162135313, [0]
-31.781812489955673, 0.7678725198039038, 1.1605100302239255, [0]
-33.101898886317294, 0.7269191757399758, 0.8613330371581682, [0]
-32.80358792383207, 0.5961942769137468, 0.968629968222672, [1]
-30.912556460263314, 0.5429562666324876, 1.1792072501138462, [1]
-31.68903220523203, 0.6134492066204198, 0.8600924931667724, [0]
-31.934445529120435, 0.8513762469722712, 1.4501742913490112, [0]
-30.98094949754499, 0.9520324924327227, 0.4132963453097754, [0]
-31.70183038475159, 0.8589961509608459, 1.4298399339100367, [0]
-31.27446563259061, 0.7862558969773333, 0.8331864326705396, [1]
-31.14431662495103, 0.7115786122533748, 1.430471380461873, [1]
-30.793123377826838, 0.31851990292136284, 0.8693256847255026, [0]
-29.956120247588544, 0.6663788747648847, 0.601078963439122, [1]
-32.01516980132869, 0.8454542329561049, 1.1505536650778887, [1]
-30.933441896257133, 0.2912799615605838, 0.5725378933141049, [0]
-32.119525994523, 0.5959164535675742, 1.4340030163387445, [1]
-32.80802940799085, 0.7637182027989549, 0.44747946700338437, [1]
-30.992026066170183, 0.642123454820148, 1.1274697691990023, [1]
-32.55887484886761, 0.4393279124510414, 1.2877473963379653, [0]
-33.75534929444936, 0.46225894692510255, 0.2509330619148007, [0]
-31.660467378427143, 0.5859435587730073, 1.2091700015989968, [0]
-30.174581631429298, 0.583816395482403, 1.3859633679455976, [1]
-31.905160098504545, 0.6573941752644091, 1.1593458815155757, [0]
-31.219342395805405, 0.6597834414635534, 0.8956870250996527, [1]
-29.62394377848869, 0.5172144278200755, 0.30998535271436256, [1]
-29.995154413038602, 0.5857232811913952, 1.4068848819783384, [1]
-30.04094748372364, 0.5916555508336065, 1.2607912765467004, [1]
-31.441243324932664, 0.7595417055693326, 0.8917346492289857, [1]
-30.456177086230028, 0.4783012642754431, 0.6859517638485852, [0]
-29.883591239734542, 0.4052457306780347, 1.1093379589081953, [0]
-30.235982810934484, 0.4824064690224572, 0.7592818168624738, [0]
-29.35273317585219, 0.7327184771112002, 1.260486820363702, [0]
-32.296958905809575, 0.5749896102018912, 1.3649657958557295, [1]
-32.065271705663804, 0.5762013195331432, 1.256606577251398, [1]
-32.19695626292534, 0.45344479067211335, 1.1209034265695614, [1]
-30.36072545003429, 0.8315800409457468, 0.868796733589366, [0]
-30.746213486978252, 0.7850027432382565, 1.0959422024853067, [0]
-32.21275967655221, 0.8072216102787971, 0.35571385242877906, [1]
-31.28208456825015, 0.8979375382877183, 1.0456202358656728, [0]
-31.101835025460005, 0.5766935166057499, 1.5620881596299485, [1]
-30.488380669796395, 0.6802990655016057, 1.2322797745069116, [1]
-31.426147389976936, 0.7560289482969086, 0.7444572563425633, [0]
-32.83858527043561, 0.5211096642117904, 1.366565345158898, [1]
-31.94246446645452, 0.6193509383367706, 1.1041906741819865, [0]
-31.316860897780213, 0.6001551552688883, 1.024657407430255, [1]
-32.48347968538649, 0.5633179654517178, 1.1836207498130993, [1]
-32.633591882643245, 0.9682346786513861, 0.5105080700377556, [0]
-32.84098284397384, 0.5865738986533038, 0.7140552663124813, [0]
-30.430997189846014, 0.731407936564733, 1.4681430301244194, [1]
-33.42668563014948, 0.6861928181573322, 0.46856324179777153, [0]
-33.258396743248646, 0.5502142175420848, 0.9208246042201429, [1]
-32.23773149194214, 0.46230404602811903, 1.42010139611426, [1]
-32.00657091188315, 0.5135603129107795, 1.4618905200487293, [1]
-31.701464261327075, 0.7188192998092304, 0.7908214835531773, [1]
-34.386216191285484, 0.5409076592290086, 1.314825043035371, [1]
-31.541603895421222, 0.583118392566507, 0.48791985790529896, [0]
-32.32028504974376, 0.9954234871156187, 0.5951797824381686, [0]
-32.64496825091783, 0.6650970253082575, 0.7519036524949376, [0]
-32.003114656640875, 0.6160561235691512, 1.3988268215968387, [0]
-30.85740229028016, 0.6637194112988827, 0.6763111316941269, [1]
-32.29923804642686, 0.7459587159393489, 0.5985489941871521, [1]
-31.294695068792077, 0.5911339049308573, 0.9538208711660082, [1]
-32.08884160739806, 0.44745217360190326, 1.127805540309637, [1]
-29.967451916866157, 0.5152412274188982, 0.42796429983296463, [1]
-31.371854659067846, 0.5857647009354368, 1.0652012729047102, [1]
-31.260591500064294, 0.4412130233820535, 1.1035674111390552, [1]
-35.433210571909484, 0.7694839088462894, 0.7136747240893092, [1]
-30.540128123421024, 0.39580975205876917, 1.1008463063774132, [0]
-33.12669047797409, 0.934867607812662, 1.0616945608346022, [1]
-31.372191676949118, 0.7169347474853917, 0.8948664050360533, [1]
-31.375231443237798, 0.3964820826220019, 0.8163326983174947, [1]
-29.705966983885283, 0.6129446000522121, 0.719650283456658, [0]
-31.418301756499613, 0.7339372573166929, 0.25175209885116057, [0]
-31.431198294232928, 0.7692712751797777, 1.0430450078798665, [0]
-31.177476668014858, 0.6766337228720872, 1.287217907777136, [1]
-32.648132542286525, 0.8117946082973627, 1.4588589131574492, [0]
-30.800929087658325, 0.8955045477247909, 1.4315740285788348, [1]
-30.026648177348516, 0.6984005247043367, 0.87608912225853, [0]
-30.516252388241206, 0.6750433982956744, 0.8589986900195128, [0]
-31.01330981868027, 0.7641275205149497, 0.9285563468721116, [0]
-30.410218638674515, 0.7007962658623627, 1.445940731643501, [1]
-31.246525269194926, 0.6688430022487013, 1.672645404420678, [1]
-33.003828623066546, 0.7535092225351568, 1.026504033377272, [1]
-30.44240923659358, 0.7456697079884597, 0.9465168070788461, [1]
-30.747394577554132, 0.6398323023648518, 1.0922465639623766, [0]
-30.929426209288753, 0.5033992607856872, 1.4323305633347616, [1]
-32.30360610422454, 0.7574929348915763, 0.7618110569897202, [1]
-33.079511501496505, 0.5077934533041037, 1.4206108717309267, [1]
-30.63336364881334, 0.5730714287201583, 1.4626268750764377, [0]
-31.91722118479439, 0.7272002859616719, 0.5959494270137645, [1]
-32.25140205053629, 0.46600456233485743, 0.7652491318523568, [1]
-32.196385006768104, 0.7510976420894659, 0.7332731836052713, [1]
-29.62617900784878, 0.889595480162322, 0.936845748377863, [0]
-31.48211295933137, 0.8116266642530332, 1.1647725077670938, [0]
-32.40160864894562, 0.7304902846801542, 1.1832622343015586, [1]
-31.576726892429818, 0.6784606218734421, 0.49874574629938767, [0]
-30.559130619737694, 0.7472315734898507, 1.194453811161488, [0]
-30.14556479410831, 0.7865135240686016, 0.6497137862296082, [1]
-32.43170629387776, 0.7391788387250232, 1.2419509400755706, [0]
-31.211516040820342, 0.35005382996709977, 1.0111489919841032, [1]
-30.70946568963063, 0.5520861474534986, 1.3034628773843395, [0]
-32.16427015332562, 0.5066289791485826, 0.7968327358968983, [1]
-33.6667176002156, 0.7453624278044696, 1.2305366309555252, [1]
-33.25628361807652, 0.6883073572922792, 0.7803273371385153, [0]
-30.78809219414037, 0.5937921960091279, 1.037621777409868, [0]
-33.06556137086199, 0.5734436141227598, 1.1978517019867907, [0]
-30.848432510928635, 0.6389942520844558, 1.330455507733152, [1]
-31.639619533029578, 0.633698554482895, 1.1274414292569679, [0]
-30.124190958258183, 0.32782496904163827, 1.2763706271664046, [1]
-30.870056177979237, 0.5896921173193153, 1.1113073018076807, [1]
-30.63716180621724, 0.6957685014617577, 0.6159861474650179, [1]
-31.229415216943895, 0.8849095453404957, 0.5666670921181134, [0]
-30.939987887566712, 0.6087268880833061, 1.3423007007641852, [1]
-29.54582002402675, 0.7690954425587597, 0.8259266665623832, [1]
-31.758266637813264, 0.7811092859984435, 0.9252015643336571, [0]
-31.092740291654966, 0.5016073170182096, 1.5384052162816029, [1]
-30.763018646569606, 1.1366097743118793, 0.7218232240634961, [0]
-32.5682964177066, 0.6997489429164195, 1.1025979931275494, [1]
-31.238816077578935, 0.7034640420856619, 0.7495886343860896, [0]
-31.731996017601425, 0.597474053695484, 1.3781852747563337, [0]
-32.46151928355642, 0.6144466072217873, 1.0610069394665438, [1]
-30.682568353328076, 0.46866232175831085, 0.5902180729214466, [0]
-30.370011487675214, 0.6759186777524537, 0.7666110016638212, [0]
-30.788871062380245, 0.8953135625294075, 0.1578207365485912, [1]
-30.258746339039668, 0.5850481582146209, 0.8303388691887605, [1]
-31.37905513165066, 0.6754414755038278, 1.359994154827719, [0]
-31.096561813953677, 0.43949864384193993, 1.4263669778423254, [0]
-31.33934307565134, 0.7239054935593048, 0.8732256977503472, [0]
-30.828482593705868, 0.7835572986383571, 1.2289949094005572, [0]
-31.927613484314683, 0.6142909906826798, 1.4194472545607661, [1]
-32.501494953325874, 1.0032528728860952, 0.6976590271087262, [1]
-32.46728112107945, 0.6229925027989434, 0.8695630018485512, [1]
-31.0206047606676, 0.6701858498524839, 0.7508120707512353, [1]
-30.155836325899802, 0.7310920166795902, 0.4807708381130933, [1]
-30.70660565760049, 0.5635513276591866, 1.0759821930321167, [0]
-31.66745269745178, 0.56301630672242, 1.0478446488122368, [1]
-30.501676990998327, 0.6449954330633125, 1.1470839877165238, [1]
-30.1692446478694, 0.6137125114058158, 1.1100332982485934, [0]
-30.886025029709966, 0.6918296195012594, 0.6491369793708045, [1]
-31.672804047186414, 0.6910282502862528, 0.8268148316026808, [1]
-30.42848670135372, 0.7387123879032241, 1.1237613492898728, [0]
-31.81634602236235, 0.7806722377673352, 1.0062137845958437, [1]
-30.867310460412146, 0.7647265726971169, 1.3084701173137017, [0]
-30.1086705753452, 0.5537647182781638, 0.9545145862234699, [0]
-30.13868115520206, 0.4977511269913777, 1.2391145924529536, [1]
-31.15338984907986, 0.6559630122112604, 0.6985946538688912, [0]
-32.72712664519581, 0.6538486632737565, 0.7903855596318297, [0]
-31.575613438200786, 0.5885083828676113, 1.0088130633770762, [1]
-31.047715583597867, 0.5594051275857123, 1.258539669690394, [1]
-31.11936545487245, 0.5694664960091402, 1.1375648644413632, [0]
-30.47654400377752, 0.557622744405705, 0.9094129644363595, [1]
-32.19130339143773, 0.6014447220239749, 0.8106136135198974, [1]
-31.253072070048933, 0.5879428618356516, 1.3841412124246066, [1]
-30.447799763027138, 0.689454558148331, 0.7976804199175545, [1]
-32.30697102677448, 0.3137500917806586, 1.185749164534629, [0]
-31.425523145387928, 0.5816646806604928, 0.8208142041373063, [1]
-31.323487410489804, 0.6416110158247053, 1.4017548110334577, [0]
-31.914924765233046, 0.7159770293270351, 1.0433279108276037, [1]
-32.18632840751175, 0.6322159141078243, 0.7392945017057717, [0]
-32.71106471775982, 0.5163944417932738, 0.760778289291493, [0]
-31.36212533070136, 0.5603107032088602, 1.507447969711392, [1]
-32.04707683806036, 0.40545651045010084, 1.420424751572986, [1]
-31.248420887093072, 0.6597850872008115, 1.002587512561841, [0]
-31.96869489645087, 0.8787359386232987, 1.012846501709975, [0]
-32.66120360659118, 0.3939872265503912, 0.8668398473354559, [0]
-31.10138532652023, 0.6700701852329396, 0.8613090406259826, [0]
-31.30620537680948, 0.5983171223704181, 1.0119069831745355, [0]
-31.020454042072856, 0.43574725087418975, 1.0871994098511513, [0]
-30.47944453841562, 0.6102967383778886, 1.4077917819907713, [1]
-31.34540619114457, 0.40769045014445543, 1.653648654551754, [0]
-31.24989031506887, 0.6424532359814302, 1.1012813514846231, [0]
-32.77832564966685, 0.7227537228264587, 1.3330612894597245, [1]
-31.691628011544182, 0.673635453281783, 0.7827218246183758, [0]
-30.31542235629253, 0.6596495728624382, 0.7044772010373567, [0]
-31.108891259828166, 0.8875835671525901, 0.48443043375678724, [0]
-32.45567919208742, 0.637942533577573, 0.9951129534625114, [1]
-32.04579500277741, 0.5248356998739151, 1.2811460915421926, [1]
-31.836312187595276, 0.3687376219147497, 1.2359772309113066, [0]
-30.67870974919161, 0.6580225246101262, 1.6150066685143845, [0]
-30.89528934652188, 0.7483608680240618, 0.819107211831274, [1]
-33.831170246160255, 0.7461085898652262, 1.6272775548425857, [0]
-32.27847819329774, 0.5105081288859039, 1.1374006714685532, [1]
-31.2146997869457, 0.5629557972902351, 1.3109785829900173, [0]
-31.383718072279002, 0.5663422866140713, 0.7100819307334579, [0]
-31.1461127537238, 0.6413223199828634, 1.0028177825999591, [0]
-32.78733770428771, 0.718308076572735, 1.5426596030352075, [1]
-31.238576938626853, 0.3808564827847765, 1.3482077371305672, [0]
-30.176803413053996, 0.7172364192837375, 1.167697988027156, [0]
-32.29530125131856, 0.9541159839450627, 0.6912219640619481, [0]
-30.568443384579574, 0.8506590455985996, 0.7727888044958908, [0]
-31.25389078429451, 0.7082814227178778, 0.019199971919460657, [1]
-31.563195378638017, 1.1608366117578757, 0.11245496240809327, [0]
-32.111046623498204, 0.8319986288853047, 0.7904403724033646, [1]
-33.08152773639582, 0.7802685448588254, 0.6256579424219625, [0]
-30.94786249399832, 0.642447575768426, 0.6684252660208244, [1]
-31.782371358087104, 0.5697802150068317, 0.7122970808240334, [0]
-29.84465458665817, 0.6840236040287103, 1.0467734851974202, [0]
-31.442214224255977, 0.6572493170469079, 0.6321129753886124, [0]
-31.362216690552916, 0.9766741672632513, 0.8706426682651577, [0]
-30.912354174454936, 0.41829122037402905, 0.5673667300455587, [1]
-30.87803885802429, 0.6089252998194647, 0.966236455063965, [0]
-30.83671862514666, 0.6733633757946406, 1.027537120049596, [0]
-30.34284787690409, 0.6483912039785026, 1.3748043891840454, [0]
-32.32361134659675, 0.5010339479957804, 1.3545677249787604, [1]
-32.13960857711977, 0.8080405877650966, 1.4752022674500267, [0]
-31.636988145418552, 0.630724272451437, 1.7472186513399037, [0]
-31.846484986569266, 0.8337456000165223, 1.0500887509387256, [0]
-29.37393008757194, 0.4761501764304963, 1.024503730696357, [0]
-30.46963847706333, 0.7349369305481727, 0.40307058559026665, [1]
-31.95503893936613, 0.6841265722591016, 0.959751761846962, [0]
-31.655429749685545, 0.8297235395644181, 1.5451979403813443, [1]
-31.01001351710176, 0.7436248441459772, 1.0058857640380525, [0]
-30.171230233496697, 0.4833379818634041, 1.3349580663391865, [1]
-30.41823867571411, 0.5805438492068681, 1.4974890615239693, [1]
-31.765532430041066, 0.4359731920471861, 1.0872081236059121, [0]
-30.957935978706825, 0.6490437920971566, 1.0496323329385524, [0]
-29.9125316213193, 0.646452829802118, 0.6926243186155909, [1]
-31.511611940903396, 0.9205009954422558, 0.9558301073279857, [1]
-31.266010551763806, 0.43459730247197814, 0.9518009142986031, [0]
-31.48072424144379, 0.5603556982857821, 0.84571719724782, [0]
-30.195888251196767, 0.546244981229527, 1.1617736651326946, [0]
-32.17705769422312, 0.6713664588985155, 0.26802975969993337, [1]
-32.25338028964045, 0.5766065074238784, 1.2132243209288336, [0]
-32.38029126874965, 0.48585490706832074, 1.4028446234021577, [0]
-31.856175066800567, 0.8495345167593994, 0.9557031143565033, [0]
-29.55352718298976, 0.7940350974757567, 0.9129202942725064, [0]
-31.18976264096049, 0.44462404775198583, 0.7542852069637258, [1]
-30.98069274320609, 0.6121740174745279, 1.0319290889166217, [1]
-31.847332975478064, 0.7577583358838311, 0.8186679593297708, [0]
-30.583479396840563, 0.6344297544232429, 0.7271932313566483, [1]
-31.156079641736035, 0.87160852199094, 0.8876316398657269, [0]
-32.30597688647861, 0.7004165092688277, 1.0236666099934977, [0]
-31.472670251717027, 0.7444511192726843, 1.0654503501088353, [0]
-30.90825436504966, 0.5390962718639407, 1.335342051479137, [1]
-32.19548513422206, 0.6851982619342863, 0.6367446741786029, [1]
-31.12469606015574, 0.2419538956822031, 0.7851207359933478, [0]
-30.801015547742786, 0.8193729806286119, 0.6570490829156913, [1]
-31.967333945114095, 0.8740969220038884, 1.0539458715166903, [1]
-30.30159013598338, 0.49785325463686425, 0.805257331609883, [0]
-30.772620692320903, 0.5891945657515452, 0.9640230362578559, [0]
-31.398539912946475, 0.6653333440015454, 1.2987979235131388, [0]
-29.254483587418363, 0.7751010400109096, 1.4226703124236033, [1]
-32.07843049833923, 0.7804636291792821, 1.1019047926127568, [0]
-31.93588613100391, 0.4306568838708478, 1.3065263425267322, [1]
-31.10700997993166, 0.40091384840478067, 1.0201235735672185, [1]
-31.747387399827478, 0.5798920646150841, 1.0757350296424266, [0]
-31.405142018020268, 0.23448814463690215, 0.6766898247103832, [0]
-31.592573276363108, 0.5066389252509845, 0.6579068578743754, [1]
-32.428813828376754, 0.7623839210998317, 1.2337049180370714, [0]
-30.171956043298064, 0.7543011415127663, 0.9761400637845767, [0]
-32.02911932733049, 0.5793366809609592, 0.5504987170757466, [1]
-29.341730696147824, 0.6786282795671676, 0.8169062109560637, [0]
-31.217487541280313, 0.6993196688343241, 0.43905915962172165, [0]
-32.14004002062753, 0.3766611542027031, 0.8821104021776041, [1]
-31.372803217355987, 0.6637547538871118, 0.8523261629556969, [0]
-33.261006144281936, 0.8079153099975149, 0.7760662458310068, [1]
-30.897037634207962, 0.7419168283632632, 0.8385360732853727, [1]
-30.222174914224887, 0.6973165452971706, 1.2237888618711275, [0]
-31.31260605406121, 0.38305382082324857, 0.9071382859151309, [1]
-31.475482183704397, 0.4963733151037106, 1.2234334134381835, [0]
-30.822857849376508, 0.6699024613947768, 1.1648869264623214, [1]
-32.16609634535507, 0.6073736861788802, 1.345281831571611, [1]
-32.526084891399606, 0.6681767812341364, 0.9987030822739704, [1]
-30.68844231103172, 0.6294335813640768, 0.8243079028257614, [0]
-32.69825040853495, 0.6577057505878228, 0.9752885777092877, [0]
-30.928015176612842, 0.729314622265825, 1.0204434246690193, [1]
-30.673016163772267, 0.5273192856892938, 1.0585083093081826, [0]
-30.263127829377947, 0.8209608998094537, 1.0497077490883602, [0]
-30.90765342764114, 0.742536702302538, 1.3768247853209266, [0]
-33.07401865896969, 0.2959041872943353, 0.1605973036466481, [1]
-30.325236455004674, 0.38260896188232174, 0.986887633776096, [0]
-31.009191885561563, 0.285676169567986, 0.38141283915319, [1]
-31.07122618353057, 0.6974422048884994, 1.0665506036846824, [0]
-30.028444728674923, 0.505271806775584, 1.1185218358740936, [0]
-31.694358410252452, 0.62003958224806, 0.9828659434925981, [0]
-30.318427653514664, 0.43972039497533794, 0.9628430988065493, [1]
-31.61074519823358, 0.9172586484512828, 0.6958249521074772, [1]
-32.23373746454442, 0.5603777924018596, 0.18394844066686988, [0]
-31.85359046449086, 0.8448800115842269, 0.9700365597463272, [0]
-34.16207917699098, 0.6331268727629857, 1.0302243660812425, [0]
-32.310123597664315, 0.862437579481768, 0.8002167144561967, [1]
-31.86485966322873, 0.49184375355622023, 0.4050994505051005, [0]
-32.28591367653843, 0.474708154079997, 1.475396056211756, [1]
-32.62753188499255, 0.7169945818419299, 0.6241819017289452, [1]
-31.08412988448549, 0.5433335800438021, 1.2434454644608672, [0]
-30.535918080111536, 0.47378065962825944, 0.7691859704962944, [0]
-31.365534249586872, 0.671194266888381, 1.1915328165265786, [1]
-30.6717871985112, 0.678498412091959, 1.1043973277342842, [1]
-31.561868014801878, 0.5854704195624832, 1.5507229368315916, [1]
-31.823793677768894, 0.7120179972603211, 0.922740144274748, [1]
-31.015495647019314, 0.6379236240369963, 1.4992428844241763, [1]
-31.905532902217022, 0.723869938544864, 0.6287235315175348, [0]
-31.412346663318505, 0.551561203685949, 1.7136978681078667, [1]
-31.36017498236321, 0.6157213989812313, 1.28511254521499, [0]
-32.23154294884551, 0.5128966120087277, 1.2127216851550275, [1]
-32.49870411074783, 0.7323205087067512, 1.1704049730873434, [1]
-31.250811985303972, 0.4305507206230326, 0.5597854700607052, [0]
-31.44601169533733, 0.7702848310985781, 0.7124922740388369, [0]
-31.63370425819484, 0.8224229177090329, 1.0744392974237817, [0]
-30.569491291196005, 0.6501369830977511, 1.4205364506361295, [1]
-29.61414372743365, 0.654837217952458, 0.69128425798652, [1]
-31.24167481895767, 1.0026135251292876, 0.9967482600172861, [1]
-31.175171990327776, 0.48932906690864575, 0.7366080206610157, [1]
-31.154644662610256, 0.4606707503438114, 0.9802712097954523, [0]
-30.7529362668915, 0.731956301505857, 1.248791451185773, [1]
-31.840231957632124, 0.340989269010492, 0.7507303323379315, [1]
-30.848760094061372, 0.42181473581798823, 1.3917474205158349, [1]
-32.63384438960668, 0.8131122120889825, 1.0161850687694338, [1]
-30.365912607192286, 0.7412571242430592, 0.8297291544462424, [1]
-31.2808180193518, 0.43255775644628586, 0.9038803573204768, [1]
-31.281609923699268, 0.5365780568902947, 0.9695966491973329, [0]
-30.997570608557222, 0.37877973569569723, 1.048513180127546, [1]
-30.455285754992673, 0.669964207832776, 1.6645962922309452, [1]
-31.670688860977826, 0.6458389743889602, 0.9785559433246729, [0]
-31.94184545696332, 0.5493103700528332, 0.6915020467907453, [1]
-31.195717615598948, 0.7441588006807318, 0.9457903275454296, [0]
-30.512639595166387, 0.5258979409496787, 0.7409872858186192, [0]
-31.38230916847254, 0.8067462750192564, 0.11807268989657396, [1]
-32.05690421854653, 0.617012673282729, 0.6274047527347161, [0]
-31.004217453329918, 0.5259867017740425, 0.7515299683131356, [0]
-33.055610928158416, 0.5645646160528311, 1.3191551034091569, [1]
-32.278874774492785, 0.9410438525440064, 1.0960307728279617, [1]
-31.8504187722086, 0.5052205810222871, 1.1202786005812144, [1]
-30.702742903473297, 0.6996010683195902, 1.1990091733991253, [0]
-30.573647426831528, 0.7419140707350709, 1.3016042602835007, [0]
-32.14447674368669, 0.554755619003511, 1.2319496135092967, [0]
-29.92908322913064, 0.7716639362573503, 1.0951251832496838, [1]
-31.930633510732875, 0.47106218686299867, 1.1393619960176893, [1]
-31.517499882510958, 0.6096516821094149, 0.7509998464917441, [0]
-31.723951334366323, 0.3740676468541542, 1.1422979980328156, [0]
-31.245106945859312, 0.6056857312149202, 0.3930606130400878, [1]
-31.278916100245493, 0.6852092612278221, 1.3004200597147166, [0]
-30.984024081002683, 0.9044509357107349, 1.3272080442681262, [1]
-33.80970395554459, 0.5007219884675598, 1.1847176796120489, [0]
-30.822930614565944, 0.7129610188910074, 0.8479355109971356, [1]
-32.37578680909894, 0.5195510513852547, 1.125970273782873, [1]
-33.2070806125701, 0.6634575513986256, 1.2790778828671674, [0]
-31.548962774989064, 0.690309681868962, 1.0550792253865855, [0]
-31.686723317219872, 0.7015660912426445, 0.05644500613818687, [1]
-30.340513034296002, 0.5814757722737628, 1.4628324130397252, [1]
-31.016772850279303, 0.5259756722418378, 1.0800345006624648, [1]
-30.886083157174955, 0.5330907403979839, 0.8847181153907154, [1]
-32.17873812807093, 0.7032846309088678, 1.4430308348726197, [0]
-30.775225737230972, 0.4827845043599859, 0.9606758021788455, [1]
-30.89358263359418, 0.771176406348458, 0.929127865366307, [1]
-31.59077314458701, 0.6444200555987152, 0.9754302215461907, [1]
-31.71915190719407, 0.7183594637305138, 1.138298229669406, [0]
-30.419017872133477, 0.418791732308261, 0.6585747400137598, [0]
-32.23773617993838, 0.49595152775633616, 0.9987835401505967, [0]
-31.532897835280675, 0.8933716409143442, 0.8608615427483968, [1]
-32.271571326164185, 0.43746258899049245, 0.8018215729434094, [1]
-30.420544356410442, 0.49860271022685565, 1.0545885560607369, [0]
-31.509905553042696, 0.8871334328223568, 0.9841495166354381, [0]
-31.869240110679854, 0.7680069094425138, 1.1655301489818974, [0]
-31.792326469708414, 0.6719564787836011, 0.7313294341658234, [1]
-31.406745943926474, 0.4873313965682033, 1.065870114300984, [0]
-31.49795023883925, 0.471562279771062, 0.9644535555333976, [0]
-30.501205320246147, 0.7228504740443438, 1.0313300560441165, [1]
-31.423454324925473, 0.48311564483366143, 0.7883550030983155, [1]
-30.851802434885382, 0.6596639129677073, 1.305648205911762, [0]
-31.96844379264538, 0.5831607666454164, 1.197166619941727, [0]
-29.9506239584835, 0.5777397340031721, 1.482004493588767, [0]
-30.745785389121753, 0.7161400036928796, 1.0545135727362578, [1]
-29.522731719490377, 0.7766053309749569, 0.9390383934134268, [0]
-34.23992450883159, 0.6952626119497355, 0.6038757268215271, [1]
-31.71143717681986, 0.5057364549677875, 1.5205709420798497, [0]
-32.60862370928151, 0.5533859170326875, 0.3575730631133329, [1]
-31.60848729870241, 0.5958894043762537, 1.4751498257257085, [1]
-31.831728627889472, 0.7863931780497068, 1.1109495168097772, [0]
-30.603353524711387, 0.6927471664171824, 0.860342613757422, [0]
-31.896925867263995, 0.5752429806306335, 1.4328827694195385, [0]
-31.11886604917068, 0.6546476928771296, 1.1161826652482325, [0]
-32.79465447494901, 0.6497711175247762, 1.052125618886677, [1]
-31.657129589627825, 0.5386801191356143, 1.4886935667170635, [0]
-31.161758120516403, 0.7921587106795969, 1.6156404697326496, [1]
-32.66985031092462, 0.8964206339737839, 0.9623821776504891, [0]
-31.32517894797624, 0.7993924066183438, 0.546257106811777, [0]
-31.161422476703375, 0.7215199473201624, 1.4000774331958854, [1]
-29.549338497648638, 0.6543096795672975, 1.2914231260777886, [1]
-30.833310412344208, 0.6114702644448518, 1.0740357612185631, [1]
-33.17688507522647, 0.5361751974458936, 1.3532875065348746, [1]
-30.490535295707684, 0.794424268230608, 0.7841649941043216, [0]
-30.748739636694015, 0.6092231232736022, 1.3018681183001717, [1]
-32.562071818584656, 0.7962198579094549, 0.6941243320997126, [1]
-30.179118097296065, 0.5473134640297854, 1.1224722238557094, [0]
-32.21166829783951, 0.5966664518321552, 0.8533854021871482, [0]
-32.32832552991511, 0.6399394466650521, 1.4014849015851185, [0]
-31.026191292648708, 0.48497284322955164, 0.5497832411639556, [1]
-30.43157431777213, 0.7818028753955248, 0.5624579257282518, [1]
-32.80106341127837, 0.6201823862672544, 0.9385208205858044, [0]
-30.10307064848476, 0.691924204404889, 1.5204398422363743, [0]
-30.406129519051298, 0.6682025766804006, 0.5901260449218755, [1]
-31.916279943767634, 0.49547281730570236, 1.1438283730284553, [0]
-30.375047311801183, 0.5338060364813486, 0.7509267486568142, [1]
-33.32341764335378, 0.6355414666621886, 1.1449759049699455, [0]
-30.635256845940425, 0.5129385296627078, 0.4895036703166519, [0]
-30.76231946172432, 0.6203057876340297, 0.8217675498408656, [1]
-30.604819127852416, 0.8184337688048917, 0.730735064299549, [1]
-31.208634153664644, 0.4439029272163501, 1.175405156386993, [0]
-30.936783207257683, 0.7379697792264384, 0.9913033724779948, [1]
-31.075726390208114, 0.8730637042246466, 1.0345179434996337, [1]
-32.271716656103834, 0.47801922436037575, 1.1556415993836002, [0]
-30.51410631118339, 0.7208697063094511, 1.5711428860069403, [0]
-30.439441862490103, 0.49295345003399255, 1.0929172617451732, [0]
-30.98170095519692, 0.8212206776426012, 1.3852715434859664, [1]
-31.17678848041643, 0.6576208551117636, 1.205728553814206, [0]
-31.36356608096811, 0.7056786902535841, 0.520504594024547, [0]
-32.61134170823666, 0.7761083594987769, 1.1450050490526542, [0]
-32.045742382815014, 0.5298844404156765, 0.9066863115294161, [0]
-31.110842352511096, 0.608195504047804, 1.7507895973980658, [1]
-30.487995204221985, 0.6115698445102515, 0.8068769010446317, [0]
-31.2290038982519, 0.6200306504668595, 0.7219769709720302, [1]
-33.19152997994067, 0.5626860710371554, 1.6582708150334833, [1]
-33.19094080146673, 0.778695181352459, 0.856518033462624, [0]
-32.07419606411053, 0.5276557393409913, 1.166041450438647, [1]
-31.198962347389283, 0.4192967370543278, 0.8044281076155804, [0]
-30.384354219333456, 0.8018477959138116, 1.2044379461371442, [1]
-29.863450695980372, 0.5207634000377237, 0.8216442132578103, [1]
-31.837420508182007, 0.6393207870014361, 1.0667447437237958, [1]
-32.59237057945503, 0.6036641792198281, 0.9430229091828797, [1]
-30.62443352172852, 0.5159757311466895, 1.1544684813858719, [1]
-32.27690163118406, 0.9050776544384971, 1.0696153358260538, [1]
-31.36310218660138, 0.4477472607201295, 0.9283711028830204, [0]
-31.037204045987693, 0.5840171750301277, 1.260346860074901, [1]
-32.15888754514058, 0.6786605627827533, 1.1607970813575001, [0]
-30.828535006575507, 0.6593140625630494, 1.465208282305411, [0]
-31.427008566518055, 0.560437993022412, 1.2075530972466946, [0]
-31.912857989858722, 0.40281045078047406, 0.9243063983576911, [1]
-32.66947959224339, 0.60670949082289, 1.186324854782967, [1]
-29.474092629349904, 0.6341143774410274, 0.9977069156717158, [1]
-31.00429050578967, 0.8595694676093641, 0.572890630240331, [1]
-30.374481473135933, 0.6053645412164815, 1.3350021747386722, [1]
-32.54105207835702, 0.4232255895048258, 1.1571228672467861, [0]
-30.826903814696465, 0.7685511979096066, 1.1673034810529501, [0]
-31.96474602638579, 0.6796198419416869, 1.2144253606834696, [1]
-31.417894820042246, 0.39312745259123016, 1.039913423467968, [1]
-32.26935549998907, 0.5988796301086541, 1.226251064700388, [1]
-30.787571452266643, 0.5805443549306889, 1.369641635237568, [0]
-31.209542412341126, 0.4632179862730861, 0.9680291143654282, [0]
-30.76354278359294, 0.7493368729563444, 1.3241052767104742, [1]
-31.84053951922545, 0.5911946760268708, 1.334311095572992, [1]
-30.411861826111974, 0.31551923761846734, 0.7042213119893548, [1]
-30.700632494246417, 0.5252037625335391, 1.3781954617748473, [0]
-31.12846585212722, 0.22588712555305757, 0.235719622049896, [1]
-30.559712832427632, 0.6496247264033586, 1.1146534353640407, [0]
-31.462931550391374, 0.7056576933630526, 0.2772189457501253, [1]
-30.905550102942488, 0.3705982615775142, 1.1020815758878924, [0]
-33.16477914652125, 0.6492472703662607, 0.756966652346706, [0]
-30.95684426813537, 0.7906494794133219, 0.48280279248701846, [1]
-32.09240946614881, 0.7989247732368984, 0.9051690319865533, [0]
-32.5487277612698, 0.9388306496283243, 0.6232216262292442, [0]
-31.056050756803764, 0.4485283363580607, 0.80413206973107, [1]
-31.621678117137925, 0.7315334819541159, 1.004703181779414, [1]
-32.043123030821334, 0.7809719165980282, 0.6990870404778716, [1]
-30.699506106424835, 0.6541669587521284, 1.2778654296768703, [0]
-31.410694293678254, 0.6489133213444647, 1.0801962974059236, [1]
-32.197720945536126, 0.5466757946287247, 1.3027616211460193, [1]
-30.645683919450114, 0.7298141171348775, 0.2603681367778179, [1]
-30.39850614435166, 0.6803040721299777, 1.2625278595430927, [0]
-31.27437974019068, 0.7084649946147437, 1.0187679271466545, [0]
-31.342307653649723, 0.5261391113672589, 0.6321427008330303, [1]
-32.52205394861109, 0.847484741538555, 1.294097954509442, [1]
-32.02690188207996, 0.693162585796244, 0.7694125201367643, [1]
-30.877672617162894, 0.6878081298950329, 0.5999564998168421, [1]
-31.159409117862914, 0.6785570034013404, 1.3910615911150988, [1]
-30.669451916698524, 0.4640510195824502, 1.4499921719104893, [1]
-30.44318524988014, 0.5163636316532382, 0.7093258055077043, [0]
-31.848626550651336, 0.6422734412264954, 1.2064636848904633, [1]
-31.186359701321283, 0.5553758182584745, 1.3704247689350262, [0]
-30.76755110249682, 0.8892431272175534, 1.1117638297936163, [0]
-31.04739306924721, 0.5080214391023216, 0.7564542052154165, [0]
-31.65752535546971, 0.7182757388850122, 1.0027141019649262, [1]
-30.78055331208069, 0.7016400814148941, 1.258959582010786, [1]
-30.42214559979697, 0.6986261581856248, 1.1150823272035104, [0]
-30.39770170367388, 1.0846717781501458, 1.247365041030165, [1]
-33.09654993377166, 0.7729323187878758, 0.9307241278359804, [1]
-31.002544702854994, 0.5188104280734716, 0.6578098012202366, [1]
-31.131152776603464, 0.49512397740219755, 1.1678797935336764, [1]
-31.028405287849875, 0.6910778890133311, 1.4897482505423427, [0]
-31.72296338059834, 0.5989757509171214, 1.0788846465364919, [1]
-30.71906501021593, 0.46110257056080994, 0.865657370186704, [0]
-30.88993853146291, 0.6581140906709562, 1.1430534142095359, [0]
-32.56742297674498, 0.6352979036078856, 1.0147655023632798, [0]
-31.033277022677538, 0.47557289097760136, 0.7391672255690026, [1]
-31.377896766626193, 0.31657025846392606, 1.2061279780191647, [1]
-33.02097355707506, 0.6274516632295535, 1.0124173832600367, [0]
-31.250824898152548, 0.7011979026409502, 0.9592488695705811, [0]
-31.853609800290783, 0.5696994778631104, 0.9959267237208853, [0]
-33.04635374366593, 0.794537839521433, 1.1805748718753524, [0]
-31.179745118544446, 0.6502658705921056, 1.5913925437253151, [0]
-30.821691671859984, 0.5716321627730953, 0.7474672560691915, [1]
-33.37251633876498, 0.6064924380387486, 0.5148732247248371, [1]
-31.250224740176893, 0.6274609668390821, 1.2006173677148708, [0]
-30.985954154708914, 0.5651682065040622, 1.6714037457653175, [1]
-31.651312838748712, 0.634255788147386, 0.8687013117214981, [1]
-29.940511719619632, 0.630526768021038, 1.1665434834776394, [1]
-29.97999428034059, 0.45183680539166104, 1.3379927373449887, [0]
-32.6207680652925, 0.5474329745249497, 1.567964866522268, [0]
-31.4178135546816, 0.6392104241028387, 0.7486194566604794, [1]
-31.08573925281605, 0.6077516876079477, 1.2993773980847483, [1]
-31.107247362429277, 0.6921191693544941, 0.6376542672618581, [0]
-31.52442530543114, 0.8404290854444068, 1.1318124478023432, [1]
-30.894484997297386, 0.736401722289294, 1.0106573939293098, [1]
-33.09079813145488, 0.6627731417209962, 0.9995944460139645, [1]
-31.76726333103705, 0.5765075994433754, 0.9227155918861035, [1]
-30.44284754690942, 0.6333781033526795, 0.6945988376748459, [0]
-31.625489270945852, 0.7881945883911439, 1.3845066104558503, [0]
-31.9245897762498, 0.6722711560882693, 1.16560595855325, [1]
-32.687672983104434, 0.6777619125878127, 1.0556707555757219, [1]
-30.645921964789043, 0.6784797289703614, 0.9960177909443121, [0]
-31.2797534173336, 0.5939649424140672, 1.1636564101232745, [0]
-32.784167066107806, 0.6787624933219802, 1.4202045435797679, [0]
-30.84197229284942, 0.5992738011220576, 0.834207952512408, [0]
-30.20314235834031, 0.6730068787201962, 0.9703483208573206, [1]
-32.72316766722542, 0.721519250011406, 0.5561361855343896, [1]
-31.493613610552906, 0.4168102304227307, 0.5724842032154517, [1]
-32.80933777753664, 0.28331843833455894, 0.052081201459623166, [1]
-31.69219035749368, 0.5243788687829166, 0.8315581640394178, [1]
-30.5174516204251, 0.36722834188460657, 1.0475306286225643, [1]
-31.058478158459874, 0.8694355106558204, 0.7866594971407735, [0]
-31.329784432261498, 1.0040823243856531, 0.8992483922633676, [1]
-31.189494159371435, 0.5227288938789526, 1.1347513651496755, [0]
-30.46783658717519, 0.2441048176648941, 0.794628675767576, [1]
-30.027505874591395, 0.5276606041001976, 1.0100307491272562, [0]
-29.97287870238773, 0.6372682981223681, 0.36253520291571417, [0]
-31.37786757437063, 0.6110054903127109, 0.9484980809873017, [1]
-30.651675459856133, 0.6127599564424762, 1.3189113557682264, [1]
-30.704586086674098, 0.5921315171438492, 1.2489383728655787, [0]
-31.07371679931319, 0.6807206272514207, 1.5037060515706797, [1]
-31.52231541902447, 0.6366527208900046, 0.7985976577400328, [1]
-31.281707994615314, 0.6265204285673488, 0.7815443163646105, [0]
-29.73382698862688, 0.6449483135402758, 0.8922689393099671, [1]
-30.68602884034152, 0.5924679585322001, 1.2892932788502687, [0]
-30.026704598044812, 0.7949785860180801, 1.047240281990543, [1]
-30.8895407462798, 0.6762513734857387, 1.2755175248390018, [0]
-31.33254768414754, 0.6211818668589214, 1.091499732098474, [1]
-31.710061413431934, 0.625926738788712, 1.311507646533572, [0]
-31.04992066178525, 0.5036076254976561, 1.1054810467745761, [0]
-30.757407647371792, 0.6947681283991852, 1.137664900670106, [0]
-31.04797842512166, 0.674276127832709, 1.2579041411754825, [1]
-30.844119321537814, 0.5335359372270269, 1.240119423605514, [0]
-32.27649001299313, 0.8653691315089218, 1.0657531503975557, [0]
-30.706505108517963, 0.6995005064077361, 0.9749608789180237, [0]
-29.472859310827015, 0.3477250745587843, 1.0172938478078055, [1]
-31.24560415760084, 0.5816638536302846, 1.3962882684315163, [1]
-31.169939715384423, 0.692411795508645, 0.6201316563260502, [0]
-32.93212689297249, 0.4422782694160798, 1.0675545122802494, [0]
-31.266952392633993, 0.506489549756143, 1.066477819050844, [1]
-33.1626245612552, 0.42036807254885294, 1.295421001947004, [0]
-30.64859968045288, 0.5485128154201186, 0.7879292774280585, [1]
-31.011057978293124, 0.7113725291542713, 1.2469963026929332, [1]
-30.090986327173106, 0.6013506316872227, 0.7137610409125208, [0]
-29.442195223261468, 0.6587613162225965, 1.1848787492822357, [1]
-31.207626301489306, 0.5555798094472786, 0.9891829561899024, [1]
-31.40506179037571, 0.711258092710399, 0.8729189258395014, [1]
-31.360078788842245, 0.6975468624677041, 1.0078558479829647, [1]
-30.875073331260687, 0.8476245701088572, 0.6730798343538968, [0]
-32.2786013324949, 0.7100101819499519, 1.0986614200252562, [0]
-30.833226204876745, 0.7209386154871225, 1.0241622841097147, [0]
-31.298372272580423, 0.4103769610165237, 0.5543152649815659, [1]
-31.244265329422255, 0.7863984854025983, 1.0904652444957483, [0]
-31.773151908040592, 0.4988769499366682, 0.40453333588542284, [1]
-31.533186700402823, 0.5894201026817691, 1.0121863988456772, [1]
-30.99943132084503, 0.6571938040803138, 0.7767527437208952, [0]
-30.164301553264696, 0.48065039513653485, 1.0197786112369036, [1]
-30.723785241045714, 0.8026382608156224, 0.9263568387446393, [0]
-32.376663297429516, 0.5467500833006237, 0.4800369940768786, [1]
-30.38301639599758, 0.90014570708928, 1.112268743738328, [1]
-31.093347987933125, 0.7282882236798431, 0.92333010627747, [1]
-30.065219740819156, 0.7949789602751144, 0.9890463241411381, [1]
-31.003597840277923, 0.6832699148784216, 1.2382620632625734, [0]
-34.19034501899836, 0.5483167141895544, 0.7370649045693168, [0]
-29.981954217184118, 0.539408999754293, 1.2329781307942502, [0]
-31.456577569014563, 0.6514782768982552, 1.1225733341502442, [1]
-32.2417737299289, 0.6432704470545445, 0.8910262026441269, [0]
-32.025955655047156, 0.672028447759977, 1.1362645616504148, [0]
-31.649766955031385, 0.3548857456281858, 1.2087446783571991, [0]
-32.69969179505799, 0.7497499634520994, 0.9735412938669303, [0]
-31.116212337198707, 0.6702777657885628, 1.3676802222311975, [1]
-31.944649091746758, 0.7409399328337487, 0.2644033478213803, [1]
-30.722205478799886, 0.5768002877315356, 0.3973140022156491, [1]
-31.734821294227157, 0.6975829023119312, 0.3966095541143555, [1]
-33.40925837224704, 0.5658038372021238, 1.6238762190982416, [0]
-33.15765316454675, 0.33657033280406845, 0.9791482200291516, [1]
-31.409834328281722, 0.2653738121578214, 0.573729408333211, [0]
-31.493675392986557, 0.734969703372604, 1.2546311158039778, [0]
-30.672995839691236, 0.6162582352025585, 1.0045860390318746, [1]
-32.224174495971084, 0.49953189255327923, 1.512362120078806, [1]
-31.166322754137237, 0.5437579491057302, 1.2329138486662838, [1]
-30.93161663479578, 0.1978522058683867, 0.5797916605689328, [1]
-30.766738724181153, 0.724584292782122, 1.0127323081299227, [0]
-32.42227432690282, 0.5498861195830438, 1.0517528428015206, [0]
-31.409401472839757, 0.6504720270010466, 0.5795085708325047, [1]
-31.928037701743563, 0.4122947015090891, 1.1224039631659966, [0]
-30.80375428013568, 0.5931070710003988, 0.9744838524236927, [0]
-30.008984631426163, 0.9116445784706834, 1.1489136613194386, [1]
-30.843747483062874, 0.8197052587009839, 1.2792553271332021, [1]
-32.75649656840995, 0.78409710188169, 1.5110787972869892, [0]
-30.961149525430667, 0.642748532096433, 1.234916994942127, [0]
-30.16966921739828, 0.5194042561748861, 0.6032617348293902, [0]
-32.41405075899254, 0.7133455536226926, 1.0491396377423197, [0]
-30.80488343242574, 0.7005953319462263, 1.4810320316693093, [1]
-31.726621159824386, 0.5682427473276146, 1.2443152903215116, [0]
-31.17360153785148, 0.556401528884108, 0.8705819295956603, [0]
-32.02995799879738, 0.6284280804715089, 1.3342198397742957, [1]
-32.10876338056487, 0.7565592318784528, 1.1001500072905326, [0]
-30.159543743737178, 0.714923095321063, 1.4757931999497453, [0]
-30.908191910762024, 0.7229414440975718, 0.7400153396571896, [1]
-31.69022705974942, 0.45442442994672544, 1.5189556808944262, [1]
-31.678622699012717, 0.6123515581533946, 1.253923695932229, [1]
-31.534097796980596, 0.6808625171807875, 1.15354628135578, [0]
-32.194336950513204, 0.5152217270941593, 0.5482791220342784, [1]
-30.466664520906996, 0.8696013159869738, 0.8267506263928618, [1]
-31.490138821528515, 0.6195229400326006, 1.1305075546747652, [1]
-31.97150166116126, 0.5970725618632716, 1.2217969915935325, [1]
-31.387977748443657, 0.6667416840126266, 0.9146719586942276, [0]
-31.93174022289712, 0.524864037637686, 1.5588370929412365, [0]
-31.55673692596273, 0.7784738388806192, 1.280092124274084, [0]
-31.07181176393926, 0.3150338507389606, 0.3027963931559672, [0]
-31.712988685475104, 0.7707107007209508, 1.062594241137745, [1]
-31.72586960519966, 0.32870803803442583, 0.6554805361617688, [0]
-32.52266050393166, 0.6745136282192176, 0.8587200492180505, [1]
-30.711310949468718, 0.6696207640670233, 0.9005001521397094, [1]
-32.94841675997325, 0.8845223189979384, 0.8413067431327299, [1]
-30.456474740549535, 0.6586623694703883, 1.1355589229012018, [0]
-30.541605068805367, 0.7607693978508335, 1.5018472877960551, [0]
-30.953646018794803, 0.41102751796169035, 0.4437664000568128, [1]
-30.47966391593817, 0.29566948519291, 1.1904455340418059, [0]
-31.008954482616208, 0.8511339572140049, 1.3896375915605632, [1]
-30.549648770896695, 0.7080869071464597, 1.0884671841196032, [1]
-30.527956191289995, 0.6000311498127585, 0.6055943582652027, [1]
-30.832969546620426, 0.7857612720716827, 0.8663696623859471, [0]
-32.039296144441636, 0.6974981515910716, 0.7510467152854143, [1]
-30.143229970898165, 0.8565761436239083, 1.056038387058318, [0]
-32.316322374338995, 0.5594016836523287, 1.2272875114025157, [0]
-33.059276541872265, 0.465183258534263, 0.9124044372254504, [0]
-32.544999150134586, 0.658855908203156, 0.7308981641751475, [1]
-32.249797747659606, 0.8018558223428096, 0.7536655144556013, [0]
-30.926783705955557, 0.6207270572500504, 0.9352616686598082, [1]
-30.655859981511554, 0.3655849635482478, 1.3323837399821605, [1]
-33.11348626056661, 0.47438204448076826, 1.0524980844931942, [1]
-32.53725156832658, 0.5890294378843165, 1.1575286227060486, [0]
-31.739424665249402, 0.7297853390038347, 1.5594631304704645, [0]
-31.332458987018533, 0.663103929158292, 0.8258286280570724, [0]
-31.388087506876946, 0.7539479237160723, 1.0372286037066558, [1]
-30.77768506203483, 0.6721203104191266, 1.178614950723137, [0]
-31.68911407814001, 0.5461403322070577, 1.1831499739111369, [0]
-31.77444806806437, 0.49053524696495887, 1.012828542046922, [1]
-30.802981720163483, 0.2583501121373622, 0.21877828687780626, [1]
-30.539875195432618, 0.4743758701709936, 0.9628583929499952, [0]
-31.13937142056532, 0.8123920365156613, 1.2518027622814127, [1]
-30.78897718977871, 0.293358947250588, 0.9808873771448223, [1]
-31.472755890695083, 0.6820444219388014, 0.31732119263715675, [0]
-29.825617333205912, 0.6725910074785084, 1.415309301612992, [1]
-31.942932903496022, 0.5930575125160705, 0.8344613884976007, [0]
-31.74608911689166, 0.7753653524712889, 1.3010962198996692, [0]
-33.24441691952974, 0.3871242056561052, 0.6784843763847342, [1]
-30.165572547640426, 0.540188082415372, 1.0710533966953057, [1]
-32.103488195490606, 0.3379141228116823, 0.9129292792352803, [0]
-33.333005293283534, 0.3652298277568055, 0.3278948344371484, [0]
-32.618802726696295, 0.6866448815777022, 0.608777747773618, [1]
-31.690646161739448, 0.4900156853982088, 1.5034597726646581, [1]
-32.46069903391519, 0.7285544344590724, 0.3478413470761976, [0]
-32.19218219151566, 0.6115185009026738, 0.8606687052458782, [0]
-31.80980452959241, 0.5226260168726242, 1.7712334744942995, [0]
-31.49463218495861, 0.5951692284775284, 0.8058132380824168, [1]
-31.25807758637937, 0.6991918059672233, 0.9581753883641105, [1]
-31.296933707110085, 0.6168605982752118, 1.0597574322437397, [1]
-31.215229911007338, 0.3450257800239872, 0.9294028237782593, [0]
-30.094890344498104, 0.7213553214227696, 0.5969879119509394, [0]
-31.45036518732318, 0.7427654248137041, 0.9986781486543559, [0]
-31.57662285541867, 0.6202520518594037, 1.0644165473626694, [0]
-31.301610508208398, 0.6808014701257139, 1.554558309504555, [0]
-30.538458353556024, 0.7184891968744995, 1.2429385726403754, [0]
-33.15849273401051, 0.49165937720073943, 0.9245424510036135, [0]
-31.311588636987626, 0.641718400309908, 1.0454775936376317, [1]
-30.123068455236545, 0.6580630746398787, 1.342118520042505, [1]
-31.367861389191972, 0.8253500948571366, 0.7853817039431549, [1]
-30.951881542468495, 0.5761993868506226, 0.5257576120286225, [0]
-30.863666209180376, 0.6549393255377863, 0.8898338814928347, [0]
-30.6980183941351, 0.9272433132661302, 0.6695629389386426, [1]
-30.323874943254538, 0.7929066677580433, 1.5378449862248704, [1]
-31.328679910657325, 0.5138673892033665, 0.8647185555778505, [1]
-31.37595375190289, 0.5396570779692595, 0.8574960128039953, [0]
-31.222878972209898, 0.542925186427438, 1.4699299599229068, [1]
-30.669257891430465, 0.6074211865812843, 1.2455845044511777, [1]
-31.29458575201329, 0.4010782476698366, 0.9627822659564393, [1]
-32.8349257006677, 0.4712076735803712, 1.3809969385652996, [1]
-30.213817352512073, 0.5300193204648467, 1.2661567022003055, [1]
-31.96471053024206, 0.4076516992914132, 1.0416617213362307, [0]
-30.678640216518744, 0.7227611666380495, 0.9061264416077278, [0]
-30.817978887118848, 0.73113508819537, 1.3505185347277493, [0]
-31.406137594019064, 0.5393730177488237, 1.0958587823177541, [1]
-32.66667817183331, 0.5389050687716977, 0.891058251209626, [0]
-30.972560693369342, 0.6023183189233129, 1.1808540842266342, [0]
-31.8045202902757, 0.7155428588300359, 0.8982824727167218, [1]
-31.740762111183685, 0.372608959938744, 1.4252312880166946, [0]
-32.07232283628117, 0.8167223649219059, 0.8914359473358062, [1]
-30.118705244316203, 0.5700080164175002, 0.9063250307037204, [1]
-30.561445626700166, 0.7557828384285636, 0.9249389089832865, [1]
-32.56743979149085, 0.7511916261663815, 1.020282083702503, [0]
-31.121101169056487, 0.5920733204780705, 1.0158366181153533, [0]
-31.556074432850572, 0.5130576877751507, 0.7740200261421081, [1]
-30.874306514263942, 0.7201212292126586, 1.1520259080602535, [1]
-31.27987724424419, 0.624267158138055, 0.9913564325110996, [0]
-30.558874527137025, 0.5642613190556002, 0.9706945449466657, [0]
-33.15564472756954, 0.7817230407601834, 1.3302181206922818, [1]
-31.30304143111378, 0.703521793518954, 1.165885060188033, [1]
-31.050593410906306, 0.7203543959125293, 0.5978352317376627, [1]
-32.532065743053145, 0.8829001111293077, 1.2893501327107755, [1]
-31.038374801911974, 0.406596820508392, 1.1089027564291298, [1]
-30.762029492798092, 0.6217029932988166, 1.0941614477504977, [0]
-32.417461565540535, 0.6847723766476376, 1.0688848796706338, [1]
-32.35417040855194, 0.6040763570256098, 1.353634939826826, [0]
-31.48166955882472, 0.6863753656710981, 0.7720270328541241, [1]
-31.161265215689497, 0.8643030213714104, 1.1905134034391842, [1]
-32.47604203621989, 0.715282283889023, 1.4523097817592379, [1]
-30.95191578612356, 0.4732302275635838, 1.4415665977577667, [0]
-31.720125040298967, 0.46540612196719566, 0.9109737932007329, [1]
-32.18203604592458, 0.6438417383790669, 1.439674084063381, [0]
-31.75521351984808, 0.5842633602458288, 1.0788676286363086, [0]
-30.018083362720038, 0.623993671858369, 1.1991571820830174, [0]
-33.242963980973066, 0.6395104419497004, 0.8037016317449657, [0]
-30.52202223496741, 0.6522781162042515, 1.136909582647382, [1]
-31.191639209862913, 0.6470237927719158, 1.0943055279052545, [1]
-32.149155044774325, 0.6698188278198055, 1.1303110663459828, [0]
-32.202495204076726, 0.6204342449448788, 0.6713139205591334, [1]
-33.01465269383748, 0.7728386585666059, 0.8660034162569183, [1]
-31.460734664575117, 0.5160970994805425, 1.575433417508809, [1]
-32.486137105456756, 0.7125886434162095, 0.756107124737788, [1]
-31.44221573745534, 0.6041696112793691, 1.3303707351024725, [1]
-32.16805781051507, 0.6187314977792969, 0.7575946105326321, [0]
-31.889204132028656, 0.5303867117271484, 0.8975412621962442, [0]
-31.303793268771663, 0.7434978105647638, 0.9583584332347211, [1]
-30.70633914388808, 0.7408771039235089, 0.9595669559207985, [1]
-32.27319434837551, 0.4466525957544518, 1.3353157753945955, [0]
-32.20438743754375, 0.7962647698656323, 1.3203452838162717, [1]
-31.880312311045863, 0.7353991589073172, 0.31334129989661574, [1]
-31.528678178383682, 0.7207451584491293, 1.0895340276234147, [0]
-33.36821698748335, 0.45999513446937995, 1.351880228562683, [1]
-30.803173411855536, 0.6873568378974917, 0.7841713788091254, [0]
-30.932145459151254, 0.7412184666809785, 0.6768766329397868, [0]
-31.520418050931276, 0.7558194454197131, 1.3067492062366013, [1]
-31.268704400465413, 0.6038043297316418, 0.7134224428411439, [1]
-31.883419591198727, 0.6553809437872969, 0.7637093125959941, [1]
-30.018860911069048, 0.7732493542084526, 0.29091501373338724, [1]
-30.49828541713678, 0.7747719611755417, 1.3530574944810043, [1]
-31.729257413733244, 0.4432836767556764, 0.9595915166527601, [0]
-30.036505084385904, 0.6122318649096201, 1.4411718610806774, [0]
-31.42988613339333, 0.7620878733317398, 1.3197305804344777, [1]
-31.703984078222025, 0.7472307744240548, 1.3435895462918366, [1]
-31.19472818390851, 0.5547806171430252, 1.0999341465180952, [1]
-31.258957849930855, 0.7698057118771328, 1.2849614212719884, [1]
-31.497601129240554, 0.7133341163849839, 1.035002113075078, [0]
-32.26044002667665, 0.6876136134862842, 0.8481135372197603, [0]
-31.226528845215228, 0.6743492145248289, 1.102930600538858, [1]
-31.187879357408715, 0.7787204844556139, 1.3565437183326199, [0]
-31.565899843362605, 0.5491899810991564, 1.2651225518917035, [1]
-30.850494065424005, 0.6424542203090667, 1.1347301822805715, [0]
-32.33042418825248, 0.5275674997881341, 0.8773913976014791, [0]
-32.382059536268656, 0.8793858108229129, 0.4653606427572676, [0]
-31.999913522276554, 0.5101687176037412, 1.4711293151145517, [1]
-31.345926185733227, 0.744051417403702, 1.0754891177179284, [0]
-32.28322768628264, 0.554365921879955, 1.7194562112893665, [1]
-30.941448682160278, 0.7410886707104434, 0.6457572844837052, [0]
-32.52218144368975, 0.5125004038973294, 1.179215297529216, [1]
-31.137393896216842, 0.5483582475411903, 1.0366178169666023, [0]
-32.08971848008303, 0.6303574040973446, 1.3048941611518965, [0]
-31.19958120124558, 0.5187194394612663, 1.1336073068583243, [0]
-31.086802072432487, 0.6514834166189565, 1.2238555297420852, [0]
-32.21510052893969, 0.34481818281953736, 1.1702562233830767, [0]
-30.730667141556413, 0.6928309342337129, 1.2801818395021458, [1]
-32.15781135304281, 0.5241388910575876, 1.4987375235164992, [1]
-30.419437126041036, 0.7075309242506705, 0.6857627245981065, [0]
-30.52289578209677, 0.5058980951887391, 1.318143225635398, [0]
-31.170821464731866, 0.5587257797062426, 0.3945821408333213, [0]
-31.02085058710922, 0.5605291895045729, 1.0860279325580389, [0]
-31.962339996289973, 0.6104999715382097, 1.3606581148620083, [0]
-30.79754792991819, 0.5358472636787834, 1.2482523318904848, [1]
-31.045935255352553, 0.6144505050470359, 1.2184338018671546, [0]
-31.133625108415476, 0.6750172818741814, 1.2724721696032055, [0]
-30.541609192111178, 0.3942813831402342, 0.515991364778965, [0]
-31.46875020761056, 0.5178253058248167, 1.21057273537852, [1]
-32.47237233477681, 0.7396500701067414, 0.5894270456874374, [0]
-31.738492266400296, 0.4297456868978092, 1.08529307139082, [0]
-31.618125058830408, 0.6382806898227942, 0.8296852176653988, [0]
-32.36925699389963, 0.4008454007481496, 0.5651406415211321, [1]
-32.057617502249784, 0.6836681275368748, 0.987091407876249, [0]
-32.43901631795586, 0.8568084815304142, 1.034984470280704, [1]
-31.086002745014856, 0.4379911488636963, 1.1629815421217997, [1]
-32.31399380768171, 0.7429434594728517, 1.1396482843349873, [1]
-31.820992911688734, 0.763814052988861, 0.4104675527871513, [0]
-32.47365495696031, 0.7285741614828994, 1.321214089449241, [0]
-32.20809417516861, 0.4601715504521199, 1.234441055583392, [0]
-30.465266268720118, 0.7815761354060867, 0.7198474309355714, [0]
-31.061763289005405, 0.5012156030166688, 0.9603350508144066, [0]
-32.03645116299797, 1.0530014542425996, 0.4344395318195058, [1]
-32.14901474046262, 0.5260702100839425, 1.2093738942269727, [0]
-30.80079622683088, 0.5386202960696868, 0.9022801290552745, [1]
-30.35232556888109, 0.47947245738852295, 1.2979610836615454, [0]
-33.46129170857196, 0.6814815118572395, 1.2756416411586056, [0]
-34.41824913070774, 0.7252356263587693, 1.1162009029563476, [1]
-30.665103025363123, 0.6438717521234184, 1.1344600728590666, [1]
-32.0809467565199, 0.5345561986910043, 1.2524727560922733, [1]
