t=2.7919663774011333E-5
logZ_t=-0.2524698562095766
-7.1242011979411854, -3.2507066638878523, 3.1298538452602953, [0]
-7.284787268477349, -2.0648563036447234, 2.3689333816821803, [0]
-7.534977094947135, -1.5699681420487857, 1.907246355774399, [1]
-7.1578826412890555, 3.3389553627980755, 3.3691725815339453, [1]
-7.489543682936484, -0.888527807978714, 2.6778945220144945, [1]
-7.161275783398736, 5.65308335818556, 2.178118486538277, [1]
-7.152463114213908, 4.2371515417143195, 2.8820034671252994, [1]
-6.970747661775735, 3.414492449361348, 0.7532449469328442, [0]
-7.324905143154445, -1.0007105038990276, 2.7544277167330113, [1]
-7.090188331303418, 2.044898551890164, 2.7495325325371347, [0]
-7.041382094850862, 1.2551068031949515, 2.0176728229710297, [1]
-7.736998648873935, -0.927661570027059, 1.601534190868446, [0]
-7.191463755778628, 1.187309532565905, 0.8665627458207337, [1]
-7.150888769049614, 0.8311177870683251, 2.6471814242897094, [0]
-7.052996701998672, -1.8139628164554504, 1.8870468153133357, [0]
-7.53915684218527, -0.3331189821200835, 1.621192840832161, [1]
-7.539773463463887, 5.5759793907684685, 2.1746055932200195, [1]
-7.114101683184808, 0.2250537607281794, 2.104110728393512, [0]
-7.84718762683151, -4.521564270768819, 2.633255740716181, [1]
-7.203413524717376, 2.827836368713472, 2.7015351217803154, [1]
-7.306645121162518, -0.9629626446615075, 2.142682326177931, [1]
-7.289537855115683, -4.607562899377905, 2.4915293522322135, [0]
-7.131187806498997, 0.5135511985263435, 1.6641918785875023, [0]
-7.051399443880546, -1.4174326292448947, 2.3345507614038663, [0]
-7.112523912320959, -0.10787525806145093, 0.9154390145858518, [0]
-6.962196618908261, 2.746447999439205, 1.3087885666786359, [1]
-7.06012487418882, -4.602499597973413, 2.4473411595525754, [0]
-7.214492919703486, -0.30483282884376184, 2.68142067356481, [0]
-6.995031217873028, 1.0946043468797741, 2.939451109204972, [1]
-7.179297009284301, -0.35399358139709847, 1.2513870827549087, [1]
-7.108609304557477, -3.287706901898604, 2.1765911512634, [0]
-7.137022650302736, 3.5465374649705774, 1.125252671499581, [0]
-7.018564931115076, 3.466971844315741, 0.9878891776244167, [1]
-6.981065291659415, 1.583755826307998, 1.741868614716299, [0]
-7.197999725009032, 3.4169894730052546, 3.502912624209265, [1]
-7.108487649049196, 3.4732939674880567, 2.3411360280925217, [0]
-7.305578504073205, -5.9672630170085466, 1.189627853505454, [0]
-7.762412328640119, -5.07421264747959, 2.775247895802395, [0]
-7.249534192625138, 0.7954131750756357, 3.8096471678791572, [0]
-7.031922136052116, -4.96763303639719, 0.8827170639399782, [0]
-7.1194349093521945, -5.74907746658212, 2.1335678313009927, [0]
-7.531088470112683, -2.4378948723253178, 3.016485206393579, [0]
-7.088937870561388, 1.2203233868496852, 2.812438535732488, [1]
-7.1277979578935735, 0.8424274112507959, 0.9819144932345583, [0]
-6.959340079672279, -0.4292658385390969, 2.1823750258368113, [0]
-7.6261090104081894, 1.5391899425907232, 0.2202546944716761, [1]
-7.011529932657447, 0.4560191518160844, 2.928747223964035, [0]
-7.054122521884934, 3.0935287022809987, 2.3021171028636234, [1]
-7.136704958380364, 1.5492031425422703, 2.678562515269195, [0]
-7.05418026815784, 1.5632348423679479, 1.8347705960902878, [0]
-7.205486527075914, -0.14297864085542755, 1.6433194565314344, [0]
-7.004859926654449, -1.664478994364989, 2.5374661866074106, [1]
-7.093439949782334, -0.5713041282498881, 1.7136408529282523, [0]
-7.024922912636063, 1.6936237575284498, 2.478479469909816, [0]
-7.1286649480488995, 3.1192266930395727, 1.4641675448096847, [1]
-7.00030357247541, 0.2383902687593662, 2.481154673891309, [1]
-7.026504613810077, 1.4860925376437208, 2.6116557840541876, [0]
-7.051444385635465, -1.4894049039472388, 2.138864013797319, [1]
-7.639287767433298, -1.734105834694323, 2.916362860300581, [0]
-7.036191556666753, -1.509414974910398, 2.9930362334661624, [1]
-7.226911854764244, -1.2230243903698166, 2.166798708436832, [1]
-7.302705397930191, 2.1001311226002968, 1.523822187059481, [1]
-7.110283905696541, 0.5182644997419015, 3.498557706083718, [1]
-7.351506855930221, 0.2878697236057812, 3.109791287733273, [1]
-7.27048550083401, 1.6400562045167422, 1.6173084752526814, [1]
-6.948955142573746, 0.22878868595352025, 2.5626790040337886, [1]
-7.293613154426277, -3.1273164728948757, 1.920181755272727, [0]
-7.718681342280268, -1.1405823098505747, 3.691783748296028, [1]
-7.181225724466908, -0.17653354594569892, 2.9019619426317873, [1]
-7.206372080289694, 0.06715985174695716, 1.5974385440484709, [1]
-7.242649372777088, -1.0630456735987703, 1.7286547938836925, [1]
-7.270513596533396, 5.845198268165619, 2.5581732329357165, [0]
-7.0386184880105125, -3.050634159416089, 2.354934374746051, [1]
-7.060211143312474, -3.00659204560317, 2.6641390580026028, [0]
-7.624943312108249, 2.644142624830793, 2.195486884147122, [1]
-7.275064799010187, -2.692501111882597, 1.3898510457545432, [1]
-7.185308564766976, 1.0338909695949434, 3.5048112396222963, [1]
-7.037948368343898, -1.082402082320185, 1.5542014422123018, [0]
-7.172217410420114, 5.5300208708839715, 1.3316697467326575, [1]
-7.08298326559636, -2.1857833285617194, 2.5103224189396762, [0]
-7.211318616707354, -0.7381546719252694, 2.1554034474566395, [0]
-7.127847854078496, 2.4589609275003528, 2.210460275090502, [1]
-7.064688221248752, 1.0657245817224847, 1.5480450995133266, [1]
-7.300387897874508, 0.75553253095093, 0.18252352516797332, [0]
-7.282136984967838, 0.49096845707739245, 1.4135149865203995, [1]
-7.157568151751822, -1.0476588839145813, 2.784892586025152, [1]
-7.073741804248889, -1.0340715718011793, 1.8303182299587821, [0]
-7.128495642171722, 3.1354375535137367, 2.352636895943226, [1]
-7.819450496459466, -2.0284023600309014, 3.1737513065766603, [0]
-7.169392081407647, 2.233347536841849, 1.8673955222134764, [1]
-7.192193906930077, -1.0516451533454565, 1.8066860426926068, [1]
-7.191528172129071, 4.1036526571949095, 1.4502722538513002, [1]
-6.998691046030754, 0.5020734403270553, 2.9274717752817248, [1]
-7.463054737577813, 2.6141244560605204, 2.119378161803792, [1]
-7.071199256069665, -0.5701876728435322, 0.46445787643226677, [1]
-7.132187835340373, 1.5277384038183608, 3.9507751885054088, [1]
-7.4230075941404525, 0.982326419972908, 1.312239529898172, [0]
-6.980081267487462, 0.5964147844049418, 2.507930174402179, [0]
-7.140077209124292, 1.6239025418020834, 2.6683406294387195, [0]
-6.983949872025416, 1.2825096681597883, 1.8833308632703447, [0]
-7.041995398097683, 1.635642446943444, 2.0855059086784604, [1]
-7.098171935718829, 5.556497553667366, 2.2247953976899124, [0]
-7.13998640705587, 0.8118976095963586, 2.385132985433752, [1]
-7.078794500683762, -2.0209448969766353, 2.012041701901635, [0]
-6.984323847676632, 0.6108057918879515, 2.2212759050847986, [0]
-7.059235968061996, 3.7150845138026045, 2.7538085642384713, [0]
-7.121933837219826, 1.4192889967336413, 3.3035563905537124, [1]
-7.199535335947512, -0.9962555700827244, 1.3026269839145268, [0]
-7.201614261316387, 2.9863599067361632, 1.6842234959179725, [0]
-7.215225879322787, 6.360364222096916, 1.9191274927667823, [0]
-7.440190912040735, -5.06412343746703, 2.9215668101710515, [0]
-7.018782710531615, 1.7877923407719751, 1.9915073464772288, [1]
-7.027567858830485, -3.2473846920124654, 1.185950675006413, [1]
-6.969753769788838, -0.38783890220747086, 1.2066357953914923, [0]
-7.090323840739906, 1.262019996292353, 2.730696266038192, [0]
-7.008958716247708, 2.394589967455228, 2.387465118609526, [1]
-7.162545637857172, 0.39816187456381913, 1.7889816828079175, [0]
-7.0297241953871925, -1.7265277800342127, 2.3922490262451044, [0]
-6.9551357946904835, 0.44768243362262367, 2.8689351519989508, [1]
-7.03125003772132, -0.8041029272044691, 2.3246693131761456, [0]
-6.989977933613722, -1.3411245048916194, 0.9259787232435854, [0]
-7.106512052920611, -1.321302293658282, 2.514775298795382, [0]
-7.2540179426630065, 1.709861644811795, 1.2330227549952464, [1]
-7.041363932853558, 1.4139488413085466, 1.9193564754763623, [0]
-7.275062879531892, 2.100843149644537, 3.297502352552402, [1]
-7.110364008497865, -0.9244671695510274, 1.059028274401007, [1]
-7.071764752861218, 0.919955023234597, 1.9316730563625053, [0]
-7.895940452626783, -2.100444691472056, 2.851277542933887, [0]
-7.492265790330458, -2.2121864657629757, 2.811360748142707, [0]
-7.66287385813505, 0.23649694157441825, 2.717557406606239, [1]
-6.930311065905561, 1.0342320330290633, 1.9213455270526951, [1]
-6.994078401089917, 1.8572643438342653, 1.942210736777556, [0]
-7.563956070752771, -1.9975677576625375, 1.6819997803964204, [1]
-7.146756158057238, 1.8740942196548138, 0.6903899823149217, [0]
-6.969354897217221, 1.6133606016765114, 1.7557897294148188, [0]
-7.0250451018489715, 1.1534735772542302, 2.986991944049623, [0]
-7.20156974480455, -0.660142012720616, 3.395701477512274, [0]
-7.082953227071503, 1.0702705900185463, 2.8623751099270134, [0]
-7.173748304030504, 3.1310235309093324, 1.2861549638856289, [1]
-7.349613049682711, -1.5604759061908908, 3.3506923581335273, [0]
-7.2666019568209785, 0.4142623201582337, 2.6626095889040258, [1]
-7.127868717297812, -0.45454862288862197, -0.7368419327882781, [0]
-7.403323855248484, 0.36095466132131804, 3.195836422893588, [0]
-6.977889911630885, 0.716361880729592, 2.668372958835322, [1]
-7.290186667567851, -0.601270699213192, 2.925795960562503, [0]
-6.974336013327929, 2.6084463535805638, 2.2352341771122735, [1]
-7.155681076077966, -0.5324218518441313, 1.6303494823226798, [1]
-7.455040896874506, -5.129890057178452, 2.195602022467136, [0]
-7.117520675797926, 2.6721761812111464, 1.8057063265395175, [1]
-7.857579963192678, 1.4828798148203592, 0.9897989875990303, [1]
-7.168347908024353, -0.5059505447481745, 3.184203217217389, [1]
-7.007547298900685, -2.4992702813667833, 0.5722600181666415, [1]
-7.3158718993514675, 0.6939508171088846, 1.6220327947088982, [0]
-7.0727339440447246, -2.4167473652731943, 1.8004011193419323, [1]
-6.996973834246941, 2.128974722078102, 2.263555300898992, [0]
-7.090097642273884, 4.312141749564176, 2.220144855190277, [1]
-7.015247343666415, 0.42202650493913074, 2.0834251161520254, [0]
-7.123683811925971, 2.0328103427531343, 1.5979676037180959, [1]
-7.020824097931144, 3.715749961627063, 1.697701665396314, [1]
-7.128872309439135, 0.48268518563544927, -0.2774532511086689, [1]
-7.022994415306091, -0.9149539965620137, 2.6930138435492825, [0]
-7.133680712055975, 4.496893020863523, 2.3843351964710706, [0]
-7.037532989714409, 1.9570189939927847, 2.3107642724962285, [0]
-7.474081680747605, 1.6375358692477804, 1.4926072539135584, [1]
-7.149995312676753, -3.312003462488252, 1.8361608658955844, [0]
-7.221565780126954, 0.7099015105619588, 3.226281947419708, [0]
-7.134557950272289, 6.525054504490349, 2.6717311025892383, [1]
-7.098704000161626, 0.8908839712345515, 2.224315448862927, [0]
-7.2467707787659705, 0.7845911058786761, 1.7960812351275095, [1]
-7.37243311923523, 2.081424172642844, 3.174884319220565, [0]
-7.312852013554354, 4.194190706589873, 2.2215088449211953, [1]
-7.299822987448505, -1.8878903654130605, -0.3580988688888552, [1]
-7.047708081868682, 1.2236559450253126, 2.9377367410027815, [0]
-7.043435378539435, -0.9762906424596527, 2.4055977408972, [1]
-7.217207841019277, 2.782495045549347, 2.73778923048875, [1]
-7.449373814928295, 4.3928706684138845, 3.0816993367168193, [0]
-7.9550536067548885, 2.9235724581469267, 2.145171713444009, [1]
-6.953323819935145, 5.980245794176235, 0.4839513283089578, [0]
-7.246137015150901, 0.3417613012808668, 2.7232741167871493, [0]
-7.196509623830844, -4.800032514439144, 2.2209509955200817, [0]
-7.280156685804098, 2.819753147950584, 3.301993674913546, [1]
-7.022052262273213, -5.050851886551339, 1.1249002190237771, [0]
-7.272581025001826, 3.3043339564842955, 1.189692361542055, [1]
-7.108457240450219, -0.4119436880492837, 2.8804490975301924, [1]
-7.266033488202665, -2.5531631852452494, 2.5027903554498696, [0]
-7.267695744157968, -3.4738487502548305, 2.473474832571305, [0]
-7.2779861338903125, 2.8145759862204267, 1.9253873550181826, [1]
-7.164567344022169, -0.13480023787280393, 2.793487708955045, [1]
-7.6480156992792026, -3.0404542156545116, 2.832986250504982, [1]
-7.049523979166948, 3.4112497073775243, 1.8333031217095503, [1]
-7.155156961329613, -3.2180472452041364, 1.7181689875077881, [1]
-7.146678825888704, 1.4748067611095124, 2.138100741427646, [1]
-6.958615730811301, 2.195001633977657, 0.8597170561415101, [0]
-7.052921220510337, -1.4552649265262145, 2.8482912782152665, [0]
-6.94069935669096, 3.3721870119820743, 2.2813299726256258, [1]
-7.171092309576648, 1.3965811071199665, 1.5377349037595576, [0]
-7.117875757765191, 1.4574319187205869, 1.9904463453141594, [0]
-7.075267728702064, -0.2651381617022335, 1.9591052167828442, [0]
-7.1090200481531935, 3.1771283843507008, 3.3199195224234765, [0]
-7.51806420195435, 2.4996680694516744, 0.7481144703648253, [1]
-7.127684005454077, 2.6507181862849434, 2.672822795054423, [1]
-7.010120264645687, 0.9629119097928693, 2.240340605123796, [0]
-7.424782825934525, -4.952534836607305, 1.9055784764324153, [0]
-7.193739777172075, 1.0105702533707013, 2.3489122081832896, [0]
-6.959175052851898, 1.9906418425866272, 2.4490463517099337, [0]
-7.041084496856518, -1.0879909099850524, 1.7173987850889747, [1]
-7.083867454130246, 1.8360962320008398, 1.6898501721687347, [1]
-7.6973941585741565, 0.8383845871558127, 3.093251800292216, [0]
-7.038491764958917, 2.4826678150599664, 1.848904915322812, [1]
-7.092845192969148, -1.3247780023355866, 2.5022448251710685, [1]
-6.969733442423955, -0.0510866841647971, 2.31220929729869, [0]
-7.008005751910611, 1.4857490271750335, 2.21149025538132, [1]
-6.977196584290658, 1.0380040488682831, 1.9520799548565737, [1]
-7.48526447523153, 2.5495821715427773, 1.2195448281017833, [1]
-6.972805731012364, 3.422672022934627, 1.7364116370721125, [0]
-7.117053761255851, -1.2793162134072056, 2.6397932311544756, [0]
-7.12745484450427, 3.4685714414814344, 2.624916198113472, [0]
-7.139882612195431, -0.8714107430845239, 2.4489560135418653, [1]
-6.953270025725453, 2.2101247882609405, 1.6771897187484381, [0]
-7.010305889616367, 0.30481550202184815, 2.2660272870240843, [1]
-7.0187183332281355, 0.3843908726802493, 2.617763405239802, [1]
-7.280957306386162, 2.8884975381422895, 1.760375626900233, [1]
-7.358600687372938, -1.3353250104575256, 1.6235656252280288, [1]
-7.121685005383868, 3.152115831775308, 3.4927620242205197, [1]
-7.0503159692867445, -0.24054820431344023, 2.721097776183791, [0]
-7.016038399858926, 4.1370130808994485, 1.6205581070112434, [0]
-7.48248631881998, -2.471764865020319, 2.0370988144419218, [0]
-6.956164552542988, 1.342274517032802, 2.248919577291132, [0]
-7.272083062976677, -2.311893046491775, 1.8291515663761828, [1]
-7.005084157104424, 2.1303839654060837, 2.5374566632949325, [1]
-7.4187455386381345, -3.4937242001360915, 1.9836999745383792, [1]
-7.078609042117557, 1.682096086601813, 3.6912161196308775, [0]
-7.12124852113808, 4.620439205830042, 0.5039868182569442, [0]
-7.299019740637904, 2.6094921578669186, 2.089311639563051, [1]
-6.997729979386457, 0.20005347606786072, 3.181079276345656, [0]
-7.526714302584715, -1.8352662350527904, 1.9643529060920408, [1]
-6.995668425724534, 3.1840322225378124, 1.8931203130786, [1]
-7.02569265103897, -1.1185563103335525, 2.502037126667463, [0]
-7.19775271193943, 2.70882167633165, 2.5164442117213666, [1]
-7.179462863530592, 3.564363398447321, 1.0304723797766626, [0]
-7.019200396300028, -0.09202061766632519, 1.3856130456777909, [1]
-7.221254326855881, 0.3734167777789521, 2.442987271322837, [1]
-6.97110134802954, 0.9755352813811577, 2.0926446942532175, [0]
-7.211388273999686, 3.035160474772268, 2.014060162389901, [0]
-7.105574549199231, -1.758598122891051, 2.8412673491263747, [1]
-7.039944803790881, 1.4844767518254631, 1.5678395222005646, [0]
-7.31698163886237, -3.3576937895438688, 3.0724685878670592, [1]
-7.125309472487562, 2.354429020682732, 1.8189501899127583, [1]
-7.06587492026807, -0.6329129800645923, 2.8935418585101256, [1]
-7.01980844950393, -0.28552320799146536, 2.0650408143409815, [1]
-6.959444016774568, -0.9606864594567968, 0.796342570558737, [1]
-7.009138642283103, 1.3801392921725588, 2.1892697069715017, [0]
-7.321818989196106, -2.2256897250232326, 2.026742621740996, [0]
-7.637378214924629, 0.033101768234352846, 2.2911876399846043, [0]
-7.248215184354853, -4.81959331815051, 2.1930908077651217, [0]
-6.986757240876099, 1.9736838532201326, 2.5853221753382782, [1]
-7.113904603991989, 3.610220713244776, 3.3141711996230843, [1]
-7.356291861815038, 3.1224233737607174, 3.2292301447378318, [1]
-7.078939705407004, 2.4129165973812152, 2.5602897919170675, [1]
-7.218803550115439, 1.8756189344623917, 1.574906821285168, [1]
-7.238892276234495, -0.32140847676103856, 2.367883362508229, [1]
-7.122002733777339, -3.4497965721277133, 1.3024398759501985, [1]
-8.22974901032028, -0.1716909298516478, 2.5010869029181406, [1]
-7.458442982562427, -0.1604283707026679, 3.1834480000629775, [0]
-7.132202303752889, 5.019719933809169, 1.9707131569065692, [1]
-7.145187523294236, -2.9079153758288117, 2.355186057339631, [1]
-7.379872595413313, 3.0925904068330183, 2.3715781181721933, [1]
-7.1333923997978825, 1.5125119032193988, 2.2803717399902124, [0]
-7.321820252109411, -3.8701296533169196, 1.874705747244684, [0]
-7.014719842913565, 0.8633003167968936, 2.4696832743033723, [0]
-7.090809668423675, 2.0029124792880677, 3.2548455954492272, [1]
-7.079059782031185, 1.5505966362491512, 2.147323764251253, [0]
-7.346339303973773, -1.6842296966041452, 2.5599053364284483, [1]
-6.992983171503566, 1.4611112386330443, 2.116574887156208, [0]
-7.048967762493305, -2.7605282617172824, 2.7130967756017847, [0]
-6.993983388231711, 0.5361780606231292, 1.5308663462143433, [0]
-7.3713614118823845, 4.158679796520781, 2.438245331088577, [1]
-7.056270872840588, -0.44310964710502576, 2.9335124387419844, [1]
-7.091265417955995, 1.3426174610102226, 1.3883896111473395, [1]
-7.198369801193422, -1.5957403375183907, 2.2825973396963812, [1]
-7.217671180950818, -3.24018059087932, 2.218373369049337, [0]
-7.24147493799147, -3.2253077075711842, 2.4454383868010163, [1]
-7.0910074257639435, 2.6866318878707505, 2.814153472799226, [1]
-7.179949146363024, -3.7881028093256175, 2.795217121624211, [1]
-7.0107756715064715, -0.8767385094935716, 2.072807455175046, [0]
-7.002379204342668, 3.141552826198673, 1.9686749543213757, [1]
-7.140452733076495, -1.7202758000267584, 2.8543790040241346, [1]
-7.242821765491096, 2.3335231221560337, 3.047501963422791, [1]
-7.1189308511578275, 4.4794830331802284, 2.1130494043118095, [0]
-7.105163320320646, 0.11770560925216689, -0.3207212050192154, [0]
-6.955005875014903, -3.2875701226367777, 2.4689954080441776, [1]
-7.281698246398437, -1.9172241311383567, -2.5349173449969213, [0]
-6.988666679706218, 2.090362881117851, 2.1113140443994345, [0]
-7.195298860296627, 1.6890354064431978, 2.608539428054779, [1]
-7.04716531346578, -3.2681141408933927, 1.9332778320022492, [0]
-7.301876733020391, -3.234488181399204, 2.46193029773543, [1]
-6.948319374557965, 0.2106573227869588, 2.956460699438727, [0]
-7.116651482037099, -0.49789698207278194, 3.100886750819708, [1]
-7.6899357438907066, -0.8335979175125745, 0.5967072133058089, [1]
-7.208921773366905, 2.686191487658753, 2.667112468820123, [0]
-7.278420653777931, -3.5005671441807698, 0.2758453484737522, [0]
-7.629762333275425, -0.006082710511861045, 0.5864037806404423, [0]
-7.197554465321599, 2.8527821792076997, 3.2682489784851634, [1]
-7.103144445432043, -1.3355146852719209, 2.927839065140872, [0]
-6.968699233600431, 2.761071392161084, 0.9664325568980466, [1]
-7.119081110205263, -3.153473620250701, 1.0424834494801107, [1]
-7.366041937408701, -4.6913984933491335, 1.4421901238664958, [1]
-7.186460863387698, 3.2164022426269145, 1.8900926625378207, [0]
-7.129477509192431, 1.4957678656834805, 1.05858870130761, [1]
-6.919959923099351, -1.0075783890929373, 1.5340766775433032, [1]
-7.109815637943677, -0.3965039084819585, 2.3742754689248646, [0]
-7.1268854279542, -1.3975369311349812, 3.0193960401951627, [1]
-7.365088198753577, 1.2522316116222085, 2.323129507722278, [0]
-7.315719333816078, -1.443270669582381, 1.1944927384849406, [1]
-7.178877795249317, -1.2445915666958969, 2.91111276750758, [0]
-6.99062480559791, 0.5305467994726341, 2.8845835180690234, [0]
-8.095513011568167, 1.7193701847464908, 1.7217959078115272, [1]
-6.97103891547705, 0.8476111980782357, 2.628115600655918, [0]
-7.040584641246787, -1.5077307503848085, 2.852096880630424, [0]
-7.041037109648764, -2.023354828314816, 1.476614005281614, [1]
-7.145566523224925, 0.9346559744048554, 3.4714695827734863, [1]
-7.335837459614811, 3.7861731552372597, 2.0642828983822934, [0]
-7.263790297623416, 1.1704495538816533, 1.899838219290386, [0]
-7.038880752170852, -1.4705981055324997, 2.6610848848896542, [0]
-7.193300879824944, 1.6861611962781353, 1.4018910671474918, [0]
-7.08346550791253, 2.812835419470709, 2.432066209753766, [1]
-6.993075166738547, 1.4016363234826772, 0.27511881567602403, [1]
-7.289780574061787, 0.23565913987888323, 2.7170849749223724, [1]
-7.258340037647778, -0.37993420479246476, 3.317164316689549, [1]
-7.0325924195960505, 2.4847777352955296, 1.9298009851536686, [1]
-7.314586717664107, 4.2543941290699445, 2.9102770005511234, [0]
-7.041660345326919, 0.4167569019276942, 1.4065710718385631, [1]
-7.207986123016554, 5.041630219890195, 2.315477083413287, [1]
-7.2187273668957905, 2.032048877367407, 2.2500820912377204, [0]
-7.270803819071585, 5.8321840773146825, 2.0533972140574694, [1]
-6.96201398900364, 1.494114880230689, 3.050530930701695, [1]
-7.059650277335388, 2.556259201688955, 2.691052128625241, [0]
-7.064949033474882, 1.4196738622673455, 1.7685364621219173, [1]
-7.068784934384806, -1.3319922975222367, 1.9361181195644097, [0]
-7.058084412590841, 0.9881332660841067, 3.020357880690022, [0]
-7.023238148885524, -0.5240372909078004, 2.1540935250336464, [1]
-7.4087091180017275, -1.7767951616563662, 1.4773658145897928, [0]
-7.284991944012983, 0.634047740921587, 3.5133461548477922, [0]
-7.093400878055863, -1.6255351147202857, 2.5291129728551014, [1]
-7.070820755441661, 1.0305000989792013, 3.738458370453707, [1]
-7.197876793616245, -2.9332409929707555, 2.7003436680635238, [0]
-6.953515656723043, -4.323020862809995, 0.7710753628774364, [1]
-6.949009748102889, 0.24344516912329395, 2.4659720204402333, [1]
-7.047737547259983, 2.5588614383011143, 2.8118056621225582, [1]
-7.001546532476467, 2.151473752179174, 1.1514724595618042, [1]
-6.964640517126585, 0.9827991679057746, 1.885432346579086, [0]
-7.210127934787493, 2.2529777494127985, 1.4824168412808285, [1]
-7.171811628670995, -1.0686372167676845, 3.5775491936167603, [0]
-7.823109557266906, 1.4445858633939914, 3.6988852181917173, [1]
-7.690742858270998, -3.9766385937205944, 1.693504707881856, [0]
-7.1291018146906975, -2.8083162677639955, 0.8949835362457284, [0]
-7.368662964826037, -2.3704179941045824, 3.268591013130107, [1]
-7.364537178689072, 3.9087641265608335, 1.7554012778038597, [1]
-6.974358200562526, 0.42638908167096545, -0.07839363630210361, [0]
-7.364573173211177, -0.5868661443132963, 1.6974216402217321, [0]
-7.098223146009405, 0.9985956442132813, 1.9165171812983584, [0]
-7.20930707746725, 3.1727885247140586, 3.552628669912945, [0]
-6.992673069542062, 0.19628516860435252, 2.815072344618504, [0]
-7.2084672080659, 1.8153775291599858, 2.2995974738002563, [0]
-7.103771983604256, 2.820689359294574, 2.707593137679253, [1]
-7.26065604322001, 1.59589086777512, 2.2300495423355984, [0]
-7.742312836330101, -4.123694365724998, 2.0911477074467437, [0]
-7.2072890414904505, -2.4395180100157674, 2.320263315900764, [1]
-7.286305198851444, -6.389076890544299, 1.7322507517240822, [0]
-7.074754792501072, 2.4418111695736355, 1.6717391718312902, [0]
-7.1620757170863225, 1.2003773326564158, 2.666283427617747, [0]
-7.047080713433017, -1.365197005653215, 2.344507495503331, [1]
-7.006740162806725, 1.7710265563096697, 3.100169061405574, [1]
-7.1893517669717255, 1.665029319410432, 2.8860163387146485, [0]
-6.951049726768195, -0.8562544673980172, 2.515211002718097, [0]
-7.190095672536172, -3.325294641795618, 1.9964280177154288, [1]
-7.4461176689917306, 0.4112770982447609, 3.291830181248824, [0]
-7.184547779039928, 6.109026595095623, 2.5093920741011213, [1]
-7.061131945880341, 0.6286117363839285, 1.7850476638471826, [0]
-7.045630284656351, -0.06516008351618341, 1.901937535974366, [0]
-7.16293622281992, 1.1037900179132545, 2.6093408114765184, [0]
-7.31320478018417, 2.881938320287816, -1.899666276846524, [1]
-6.987044310905269, 2.0373440264970784, 2.7390743656176335, [0]
-7.2663626083580475, 1.1736015096916141, 0.6478173509888177, [0]
-7.043662132735624, 3.3229251473483323, 0.325882883963863, [0]
-7.094302919510981, 2.1816913688293464, 0.8321194276839514, [0]
-7.008179933831477, 0.5108598556229584, 2.3750296014113985, [1]
-7.1563487679360955, 2.5100094872466774, 2.454399043303897, [0]
-7.050739982959619, 3.3746611123305055, 2.5883091900584865, [1]
-7.225409408784003, 3.281052088650986, -0.9262968158548724, [0]
-7.20296505522206, -1.2028533450697743, 1.3545638227596701, [1]
-7.075164817886541, 2.4866371391942463, 1.64989115194713, [0]
-7.09563532124493, 3.8292182008068174, 2.451198298946546, [0]
-7.190444074810898, -2.8584032863732545, 2.4824113248372424, [0]
-7.478673829463488, 0.9771644629304839, 2.9115683393248464, [0]
-7.267470185452467, -2.3788783060132896, 2.76344751813617, [1]
-7.136189294142233, -1.522140956645657, 1.9985797530351894, [0]
-7.210381421916593, 4.232530208142991, 3.127283917324343, [0]
-7.202267247542938, -3.577338441500109, 2.739803029056895, [0]
-7.204937095215052, 1.2554382260058516, 1.7257124298181354, [1]
-7.324673962506603, 3.035575674338037, 1.3751741035301346, [0]
-7.0220728405499955, -0.6917811356927346, 2.5377402870513808, [0]
-7.334452424472383, 0.7442554310949072, 1.4874928590625036, [0]
-7.01166519701915, -0.9589450730464344, 2.03632584735373, [0]
-6.973049309313502, -0.35958164382044977, 1.8221727467195108, [1]
-7.2609546714856785, 0.7124789528878936, 2.578026023803096, [0]
-7.124290150735073, 4.183638040563968, 2.0889929213144134, [1]
-7.183955995820143, -5.1433301435569705, 0.9620723293846781, [0]
-6.990951618425499, 0.9145477622502836, 2.095771925965619, [1]
-6.988011353142821, 1.479640582986231, 1.5418243663102373, [1]
-6.991217965438019, 1.0418116760082403, 2.012122421974656, [0]
-7.321745116627391, -0.08417705837794642, 0.6943350788014615, [0]
-7.093860299686143, 5.732663941584918, 2.270423378474409, [1]
-7.065251306214465, -3.1663871995144124, 1.520177942430314, [1]
-7.114404334594286, 4.736040453023511, 2.165549059623128, [0]
-7.2345031880497395, -2.26762371061411, 3.203316098966686, [0]
-7.008537025120716, -0.7502238062877395, 2.592654918358969, [0]
-7.000280087065339, -0.6222750501728544, -0.9561407626401688, [1]
-7.0077148462562455, -0.08259574035405448, 1.477432758183499, [0]
-7.286444002236506, -4.630862024796928, 2.3050623934622587, [0]
-7.114618955586833, -1.8220027975064617, 2.8680849096874126, [0]
-7.051447473157331, -2.1556322652415454, -0.8694662118775645, [0]
-7.325929051150859, -1.1911274903308011, 2.7012934622989433, [1]
-7.268838475138798, -2.1496672610269636, 1.484788311149014, [1]
-7.332519567571581, -1.9094121012776855, 3.1051726786484672, [0]
-7.572502697044115, -0.8615313725425091, 2.10458125481803, [1]
-6.948692552106598, -2.515339714822046, -0.6536948491805825, [0]
-7.568547864290785, 4.135322759339401, 1.6654452813232519, [0]
-7.120547627375764, 1.5150579054110533, 2.0048143266160787, [0]
-7.182737601680312, 0.06836274108650997, 1.3385875637463276, [1]
-7.328305686268177, -1.4478322051085553, 1.646134619914581, [1]
-7.074100443302628, 1.1229353698832343, 2.527793248522039, [0]
-7.038416299732086, 1.9143804847101715, 3.522326738558885, [1]
-7.0742640652244635, 3.2965300516528986, 2.539418203157478, [1]
-7.051264956376716, 3.7949532926263334, 2.6542871052987196, [0]
-7.113970185114875, 3.7366992166537116, 1.4176022680382498, [0]
-7.5728512395497285, 0.3708914250076818, 2.7612371793354553, [0]
-7.239446574528729, -0.08932143631778611, 2.513543462917355, [1]
-7.21332785202128, -1.5244549651785182, 2.2057927232690657, [0]
-7.153763979797877, 2.073481882487879, 1.8719472873507002, [1]
-7.072840204065499, -0.34424905125057936, 2.240625621095308, [1]
-7.107649164499348, 0.24565893631165858, 2.8722475117265014, [0]
-7.129889174846082, -2.6229127454235845, 1.9467083013074375, [0]
-6.9949802495287345, 0.9841589681694027, 3.052987520870717, [1]
-7.280233280618845, 4.317287379126859, 0.37769303115380626, [0]
-6.974451481404894, 2.5603819541191335, 2.6663127069117802, [0]
-7.0638718056885885, -1.6208931440374568, 2.7131196560387463, [1]
-6.97757644113839, -0.6442086865464209, 2.991683657136917, [0]
-7.045658860179061, -0.6698357666978714, 1.410984478677602, [0]
-7.4144263359655325, -2.9684648431976735, 2.83647205455967, [1]
-7.382563126596868, 3.9327542650059932, 2.7768566523378206, [0]
-7.036804516851218, 4.343418522346865, 1.3916330651962077, [1]
-7.689400383642098, 4.166293193111642, 2.276678225230409, [1]
-7.205840530648514, -2.315433397312565, 1.8497724192461098, [0]
-6.976408025809131, -0.605434750433339, 2.631685059330061, [1]
-7.07768330028778, 0.9159861774074977, 1.6824223862525454, [0]
-7.129298632816087, 3.854443366527519, 1.4693561453650072, [1]
-7.221502450658587, 0.2731804662035109, 3.6749003459925755, [1]
-7.132137455355149, 0.22257657269731368, 2.585266450157869, [1]
-7.160333348553704, -2.038374994727623, 1.947570268409456, [0]
-7.1496385129562485, 0.5036668551253223, 1.4514132029099553, [0]
-7.179974195064331, 1.093128037342289, 1.1374376529918102, [1]
-6.969890505668803, 1.2417552764055995, 2.0805913303296726, [0]
-7.0432020263440815, -2.093209733096329, 1.5291921737524214, [0]
-7.021978839491068, 2.170361152536453, 1.8645254804692488, [0]
-7.283339776075159, 3.1523369249661863, 2.551801863056094, [1]
-6.991908383670034, 0.7476858867840712, 3.005412857169698, [0]
-6.974878794917391, 3.7655091232148172, 1.551948236344464, [1]
-7.249834180007618, -0.521318127054712, 2.5336708404399735, [0]
-7.046785510120446, 1.3149007011371114, 2.850972376474513, [0]
-7.086758604101103, -1.4842264215165852, 2.093067792836217, [0]
-7.00282824102509, -0.19018540957521957, 3.0136644672046637, [1]
-7.369539381163394, 1.7342765103859907, 2.8680934189405374, [1]
-7.223599670390727, -1.6134087247494147, 2.5007166667605785, [0]
-7.5187676920433635, 1.4553868785682673, 2.0651977896184794, [0]
-7.295761336499003, -0.42101297838761864, 3.1166783060564542, [0]
-7.3251041819411435, 0.2403724313536565, 3.804309071489766, [1]
-7.117230668157181, 5.589323485538425, 2.103590204745175, [0]
-7.382174117647252, -2.0877538210304865, 2.7669625805160294, [1]
-7.204911067964453, -4.280959243417327, 1.9562359461688272, [1]
-7.0182566414391365, -2.6694857244718273, 2.901056336771349, [0]
-7.215879471414509, -2.616199240046072, 2.973722702948647, [0]
-7.04450129125346, 3.852439082547927, 2.109962140405319, [1]
-7.0368870488056805, -0.13692098660674068, 1.7647377126702792, [1]
-7.046150695019949, 1.103708219117586, 2.7779240431486576, [1]
-7.181651935476155, -6.257373150629718, 1.4210594194057569, [1]
-7.40743382578641, 0.9696224086403586, 2.432794704262162, [1]
-7.002791394318264, -1.0516473460095566, 2.556691931365327, [0]
-7.149764221834905, -3.5281230665465575, 1.787206509619751, [1]
-7.211438323859838, -3.2113350877216336, 2.186862809235466, [0]
-7.669241230320651, 6.342436849236181, 1.6730980150191093, [1]
-7.537158894784319, 1.5364721851058691, 1.2855365118777233, [1]
-7.045528049678257, -1.203607917191455, 2.8334244623099165, [0]
-7.421667299839512, -2.9648814475682093, 0.10525864674185481, [0]
-7.031385156623161, -0.7277846144216022, 2.616137252912617, [0]
-7.045414454673674, 3.6323738458347474, 1.750091556891696, [1]
-6.931604507691087, 0.16716147271648252, 2.284491526214018, [1]
-7.1096368199091335, 0.5417295868815594, 1.5473280865786303, [1]
-7.107745200950762, -2.051241461749216, 1.0632029215415586, [1]
-7.126591982708095, 2.805816257118626, 2.4954700388936004, [0]
-7.0226480811376035, 1.3700207245176086, 2.2051077216424275, [1]
-7.275189870833725, 3.679496188695287, 2.6428477695320853, [1]
-7.338160020193902, 0.00450663860028655, 2.495156158903484, [1]
-7.0940201991502985, 1.6366214171819915, 3.118776827690469, [1]
-7.011187654879065, 2.2518108952435805, 2.967969485600631, [1]
-7.292575244327905, 6.668645623328357, 2.1347958661215363, [1]
-7.112132804583209, -0.33511044879726604, 2.4881545721803513, [0]
-6.963956431134142, 2.510829318470601, 2.6511436980217535, [1]
-7.213740939410222, -0.7904540982751851, 2.7716540994426384, [1]
-7.640777241294739, 2.623082173329391, 2.5298563832320133, [0]
-7.307497539374097, -3.3498528946512858, 1.494744324899514, [1]
-7.2354453203358515, 4.793743487129925, 1.7640498740170072, [0]
-7.002576467595481, -0.3110269445819114, 2.135364762709985, [0]
-7.019870111328429, 0.9639661536456106, 3.248236031822586, [1]
-7.173325346029825, -0.26972937303701583, 1.2005515193452196, [0]
-7.164930590516738, -0.6016890193751503, 1.8278654543740658, [0]
-7.030926270681371, 5.555400611433037, 3.139053672852195, [1]
-7.475416750347132, 1.0389561526903393, 2.6600744966560805, [1]
-7.056307705626914, -4.066801999006614, 0.8750153908095013, [1]
-7.11598797182123, -0.802295394272857, 3.9691142924109197, [0]
-7.119358506727897, -1.478053857998359, 2.188059930153683, [0]
-6.952370847030614, -0.4329835830909414, 1.9064762179538086, [0]
-7.261024420076709, 0.4880351525706881, 1.7227252676242588, [1]
-6.9822270908351465, -2.2344948923034096, 3.2689753794928755, [1]
-7.155414525243965, -0.869259764505927, 0.7206645314092616, [0]
-7.026528470053571, 2.276240535596575, 2.697572411255724, [0]
-7.130850690286477, 3.512320016437287, 2.233032845663321, [1]
-7.063000293806046, -3.6187091499346566, 1.6443335551478258, [0]
-7.218103786318513, -0.20791179830743003, 1.91013816817527, [1]
-7.615715878604288, -0.4536329066799939, 2.191477550267356, [0]
-7.122945955323853, -1.9212897995339748, 1.8105101038934177, [1]
-7.67111575294114, -3.2900445451320044, 2.2459198371332727, [1]
-7.118001387381007, 2.403587346703759, 1.5947406950200516, [0]
-7.035608641424032, 1.9039228295380013, 3.620663355762412, [0]
-6.9803074900115, -3.40240173617297, 1.9359381343471171, [1]
-7.042986996240266, -1.2434147053167603, 2.8598688556201672, [1]
-6.948669698434504, -1.065033358402117, 1.765102954012452, [1]
-7.102631843671549, -2.205086851426242, 0.6168458826887934, [1]
-7.022116491925505, 0.45359345867371825, 1.8891327797054447, [0]
-7.19956239418148, 1.2847939574933624, 2.6728771681542134, [1]
-7.20954902399965, 2.4581026721062633, 3.4651512124300607, [1]
-7.217917467998555, 6.179117207456195, 2.878064971021347, [1]
-7.224838137656746, 5.756779060677406, 1.2137498715029296, [0]
-7.223949467074774, -3.6117388348321424, 2.894078844045619, [0]
-7.273050930793779, 2.8036499535407025, 2.5379917899164726, [0]
-7.229740697975685, -1.1142804848940495, 2.357753923472148, [1]
-7.658076150567258, -1.232550792462606, 2.22771818840376, [1]
-7.080118081863193, -1.5954863286884096, 2.3021590736062656, [0]
-7.01871184166425, 2.5240161023034533, 2.365228125071673, [0]
-7.1976730861350475, 4.268770435093318, 1.4527525537304267, [0]
-7.0399819590208805, 2.3506857751486625, 2.678638627269202, [1]
-7.265316252575769, 4.812272100814693, 1.2283045083677773, [0]
-7.022670443997522, -3.351359601532187, 1.7852207190564582, [0]
-7.101273841441012, 1.9604117795162757, 1.564503573583457, [1]
-7.555940387634686, 0.6796534511814127, 3.2814287356077485, [1]
-7.069760428381049, -0.4222965654097668, 2.2092610683632516, [0]
-7.017646783710797, 4.539267551273852, 1.9495188920987496, [0]
-7.350542712566367, 1.4340590245553608, 2.8286594900889965, [0]
-6.9590733615806775, -1.6663685163311044, 0.9191205505850302, [1]
-7.17755686822159, 4.266914874241397, 2.3042062729267254, [0]
-7.5492018587264536, 3.652453991662287, 2.8968957276194316, [1]
-6.9705320429352415, 3.776903698159321, 1.5876572441178405, [0]
-7.267433711008568, -1.739567206548325, 2.5580229170269035, [1]
-7.043443393450534, -1.6275573946136401, 3.400246338251854, [1]
-7.012427883847235, 0.11593232938042997, 1.3946874293578237, [0]
-7.276839523378994, 3.052739826094335, 2.446047315887136, [0]
-7.330420643861693, 1.048226637135869, 2.459126358199021, [0]
-7.0856259296057065, -0.651867820869817, 2.3177482496879644, [0]
-8.343794759592061, -0.9362879237547164, 0.833434503287774, [1]
-7.0791856019735695, -1.028196701861622, 2.7620350420602726, [0]
-7.1688836849466755, 1.8719296802704402, 2.522180183885726, [1]
-7.0862892112561, -0.20103715693884583, 2.853803734706481, [0]
-7.00650459882925, 2.329212723271843, 2.1425445891110653, [0]
-7.10965704838682, -2.8750128423213246, 2.450767341358434, [1]
-7.025361752655703, 2.054882124544138, 2.4025047880994004, [1]
-7.567250661653885, -0.3676709641964394, -0.3451029190392769, [1]
-7.163740618109917, 1.471734937532536, 1.081375313248452, [1]
-6.991485944780884, -1.488700778387102, 1.890944645778926, [0]
-7.097474847389595, 0.2262027076550963, 2.3168417512748176, [1]
-7.0469166833368035, 0.8080720327046029, 1.9990289466131366, [1]
-7.100117909956825, 2.2187135821059245, 2.7011830327771773, [0]
-7.1576070177248114, -1.591204257447612, 1.7643395304128553, [0]
-7.753204575379716, 4.210640086354287, 1.7797217396330223, [0]
-7.042048009862967, -2.109005689423014, 1.6947810313008551, [1]
-7.165230561292266, -0.8293390332705741, 2.4213028217851327, [1]
-7.2201797815533135, 7.856888231020605, 2.64870166284889, [0]
-7.105191308129124, 1.3542962173497157, 3.58515176379023, [0]
-7.172913366511824, 4.267584168398627, 1.2260332944791819, [1]
-7.566847129147221, -4.271873448063055, 2.688016936738164, [0]
-7.062993829112113, 1.5900651191805362, 3.011898561639483, [1]
-7.220252244492345, -3.690136124316675, 2.699558831062026, [0]
-7.055905413406298, 2.09914657497802, 2.119793467996607, [0]
-6.958677337237874, 0.6542890129585359, 2.199719819655977, [1]
-7.197736510905762, -0.09666447995467253, 1.7330992260293738, [1]
-7.555631295051677, 1.2543652028990038, 0.412898756606086, [0]
-6.98870835781762, 1.233295979001157, 3.0603814075473172, [1]
-7.042272405250428, 2.4312329025169075, 2.589329632213566, [1]
-7.227803459673782, 1.5986015566973228, 2.420978232342689, [0]
-7.034723826122822, -5.343558078211128, 1.7418490270205715, [0]
-7.0264515848702365, 2.759163222565755, 2.457885602021185, [0]
-7.307879785347278, 0.5002204789206584, 2.218840497476951, [1]
-6.965552309454939, 2.8054302055935283, 1.0087745748142019, [0]
-7.138498602301397, 6.848897808214769, 0.8466522893438087, [0]
-7.275409548882061, 0.31357352272279937, 1.516937103104822, [0]
-7.254168260207394, 0.721738670199948, 2.04636829541938, [0]
-7.025593221261478, -0.10873309164526423, 1.118337766856044, [1]
-7.123050700420375, -1.1237016512043239, 1.2015558038950822, [0]
-7.432839087574726, 2.684082367534493, 2.804288718000728, [1]
-7.188714978295669, -2.871479143401701, -0.049505635776374346, [1]
-7.546753916207223, -3.1292551444063696, 2.6683393503609634, [0]
-7.235607106588994, -0.5206719884240048, 1.651457170233974, [1]
-7.35550681333291, -2.525209260064527, 2.3734249363118933, [0]
-6.984820394831639, -0.039614031499798585, 3.2689704407328444, [1]
-7.025218859366329, 1.0903263380636552, 2.9835507231113207, [1]
-7.024240720826059, 3.1552197879276784, 1.9301913925296519, [1]
-7.018434380457199, 3.538568178824202, 1.0736303809626968, [1]
-6.979957008838934, -3.3073247457042703, 0.3666694049838881, [1]
-7.105231249207286, 3.4518043900855298, 1.8942380847799036, [1]
-7.533779301770862, 0.5544494897578516, 2.0226362671983966, [0]
-7.253940137996999, -1.564363787124297, 3.258847018972175, [1]
-7.498391364425603, 3.962384356983786, 1.6324194798243639, [0]
-7.113313438732431, 3.6561670046656363, 2.3602733374654155, [0]
-7.0367651170087875, -1.2175366011105824, 1.6809170295206843, [0]
-7.0800818305047395, -0.7166308040921612, 3.519175176944456, [1]
-7.059761785977818, 1.4495410593052256, 2.862893708838712, [1]
-7.156056214302592, -0.7988151224223536, 2.476087696947955, [1]
-7.246488016257246, -0.5563455955316523, 2.4910188765830554, [1]
-7.000845381458479, 0.46841019525579, 0.6943692688816414, [1]
-6.98283827775068, 0.09587444769538689, -0.30019454734393325, [0]
-7.0733871142772635, -1.701415861198253, 1.235809928358587, [0]
-7.097553918996558, -1.6389644814766093, 2.984860101171826, [1]
-6.998049067093049, 2.2058711442924843, 2.0528491383782024, [1]
-7.065442003067961, 1.5272730538086179, 1.274303534259884, [1]
-7.064812639119425, 2.041103811773609, 1.690197166615386, [0]
-6.98740441954672, 1.4881513048468133, 2.4579372625694664, [0]
-7.152092642344676, 1.6891938377017375, 3.029620767202506, [1]
-7.078936501578524, -3.615026157626935, 1.1002309341565673, [1]
-7.153884724247405, 0.6838463368152286, 2.6272380588400805, [1]
-7.395333166611972, 1.425243352090371, 0.3901606406148968, [0]
-7.368524790190601, 4.17496359272902, 2.3512875604791894, [1]
-7.048782517276651, 1.1914411502744229, 1.8178357053561063, [0]
-7.022279097601064, -0.7164580552400384, 2.8592190374907447, [1]
-7.20160874381437, 0.7077291728110652, 3.403392524493209, [0]
-7.273784973670797, 2.3075343343510712, 2.966065222415136, [0]
-7.370459838424564, 4.860181484437838, 1.4363407258620615, [1]
-7.007622110984967, -0.49492537333781816, 2.364851373023557, [0]
-7.189858803380267, 1.6527818139303248, -0.020786551621487792, [0]
-7.172779032929024, 1.994722131398885, 2.3702799744188914, [1]
-7.015126978821572, 1.7520804180123395, 2.4880287086953556, [1]
-7.442519338327436, 0.8921442348456647, 3.567398812403116, [1]
-7.100236025394751, 2.4249525661210174, 3.4857784005670593, [0]
-7.277847324192672, -1.108404500566961, 1.9247714700303409, [1]
-7.042957671506781, -1.4240312427388266, 1.8448494682760694, [1]
-7.133233561804362, 4.809123480142789, 2.2305141877729073, [1]
-7.015895118278264, 0.8332454760769237, 2.8614951009080167, [0]
-7.805283956783906, -5.159860700507926, 1.715732179087503, [0]
-7.079340423103359, 0.24467841722541261, 3.084172554259415, [1]
-7.064280520214445, -0.006720959323996745, 2.7958653059990293, [1]
-7.252389148418806, 0.16265340757055313, 2.2035748090721436, [1]
-7.0370961165082475, 4.458431714877304, 0.9941129835276811, [1]
-7.295682490973, -6.401827756587813, 2.621065169571051, [1]
-7.015015430086546, -0.7904072487188554, 2.4431245132639487, [1]
-7.135639974457, 2.965424587755888, 2.7214332509821357, [0]
-7.02216688532225, -2.5684971200238182, 2.119456045866716, [1]
-7.148756314773664, 0.9506462940155531, 3.0318013434316895, [0]
-7.0795293425613, 1.478956056223489, 2.8887981178391415, [0]
-7.317184904336571, 4.097809610267969, 2.649011459264323, [0]
-7.059448142846713, 4.468769442896651, 1.6318635370171168, [1]
-7.103493423940184, 2.8311793500257094, 2.626538009378068, [1]
-7.059681461623569, 2.3232107618691713, 2.167494956871902, [0]
-7.131188692040112, 1.184687996608288, 2.8557079980250037, [1]
-7.093727893924212, -0.5403270411506231, 0.9833484597586004, [1]
-7.6321094281194926, 3.796983503272581, 3.1654742459595497, [1]
-6.993011948971478, 2.022191632193282, 1.9877041271740363, [1]
-6.985170852089981, 1.2938002070015355, 1.6070263868056869, [0]
-7.573987556778689, 2.8384595946534277, 2.412985492586733, [1]
-7.257683289020136, 5.995480680035262, 1.4042021639213582, [0]
-7.251075553065774, -0.36451599594624007, 3.058303873415999, [0]
-7.707471606141797, 2.1436983165617365, 1.7791186992078596, [0]
-6.9745507238017845, -2.833143926797521, 2.3915296450642645, [1]
-7.089977758094201, -1.4587301091075684, 1.7631959686557075, [1]
-7.177357514000568, -1.3509223925472158, 1.2729482760046489, [0]
-6.936206450533086, 1.3564743724822645, 1.5974586025895088, [0]
-7.071531124177665, -0.3300180069398915, 3.3272245362163866, [0]
-7.358652539646472, -1.694174435780515, -0.10993712059972238, [0]
-7.33011253691982, 0.06607227821431494, 2.4596110484916194, [0]
-7.28949130474705, 2.888668252649004, 2.024105158319789, [1]
-7.4905359379435685, 5.758255003198156, 3.0641704773348795, [1]
-7.240800927594576, 6.5546057651931395, 1.9071384946790246, [0]
-7.320127254036304, 0.4284525323914523, 2.6999825161695115, [1]
-7.2292866734439505, -0.9625619287276306, 1.3040285964915048, [1]
-6.919473502689768, 0.6147258101822098, 2.318026108249228, [1]
-7.209287238608752, 6.901804013439911, 1.954928097965691, [0]
-7.225585136966389, -0.726162251709392, 1.852246010326553, [0]
-7.13490578360545, 0.2801019037524798, 3.4699508633389344, [1]
-7.000721889990584, 2.117812190089455, 2.087610514840588, [1]
-7.066736390879027, -0.38549238710539946, 2.3181255107494865, [0]
-7.159943252067376, 1.0036987298602158, 2.4502072096840752, [1]
-7.365558086995411, -0.9600223840669602, 2.167781800383545, [1]
-7.169909835842113, -0.8258483818197426, 2.341577853995854, [1]
-7.159524191216077, -0.2382909690657401, 2.433435092016145, [1]
-7.015323598707825, -4.375023408140776, 1.6681151099015448, [0]
-7.115981949000376, 0.7816133201553015, 1.4743253320495344, [0]
-7.05032871702218, 1.0745532737241816, 2.7496393898326392, [1]
-7.000522584120781, 1.9784486167574273, 2.667158306565915, [1]
-7.107903686742416, 4.07209737119245, 1.9045987257671142, [0]
-7.074742313177473, 1.2340362825112248, 0.9015942039718261, [0]
-7.243809213644255, 1.9087761197514626, 2.6253776579409327, [0]
-6.946521873177248, 1.8692294313623712, 2.2405091590950574, [0]
-7.0800190196469135, -2.1837138977662676, 2.338468164427626, [1]
-7.278412380331111, -1.2331434237010268, 2.6649698892832423, [1]
-7.0496328260564125, 2.8145124257101792, 1.2756189429959763, [1]
-7.070099367237403, 0.04432789731084252, 2.43116100428628, [1]
-7.47860125617758, 1.4234294316500309, 2.398825678095605, [1]
-6.946059822669013, 2.3721353022834193, 0.5683284876365089, [1]
-7.316324653851191, 1.8858902306684526, 2.5040959184251697, [0]
-7.300480102650958, -3.826680524646168, 2.682156956443097, [1]
-7.180492436999635, 3.3638405084227427, 2.8690421556220143, [0]
-7.0988672564775595, -1.6202223015484893, 2.436259065738166, [1]
-7.256945962030102, -2.962272619903631, -0.09471899429068853, [0]
-7.213696630528573, -2.9071298517378845, 1.531142414625872, [0]
-7.330072463209592, 2.4241729740354088, 3.3603890758805814, [1]
-7.194760018446389, 2.8012632905622006, 1.9109658543032833, [1]
-7.123143076089098, 2.7597388812985093, 2.0279118044113753, [0]
-7.258389498938292, 0.8786114090340642, 2.2650820273577987, [1]
-7.221836643604942, 0.6927649418516862, 1.2335265995101006, [1]
-7.299826359404356, 3.9582207752805827, 3.4152524783440565, [0]
-7.067109256374632, 0.5995151826272622, 2.188328057047321, [1]
-7.083446435700757, -4.220654398603447, 1.3468746741753892, [0]
-7.157905254207089, -0.677411795147359, 1.6871980958670805, [1]
-7.1200169277978445, -3.3147933515559584, -1.2192511131733825, [0]
-7.409612568370047, 2.4240891938629425, 3.512678610386545, [1]
-7.1320636385102825, 0.9768332347751887, 1.7994344704135863, [0]
-7.007090960454196, 0.09226928936826212, 2.194553160546758, [0]
-7.611579459335268, -3.0756533989443455, 0.6814537080508154, [0]
-6.954066070295805, 1.1128282049023646, 2.862577305055855, [1]
-7.199218883444012, 4.7943778275111875, 1.6527577527695798, [0]
-7.029868594705701, 2.8721898212628982, 1.2868085280705628, [0]
-7.224017821092312, 3.1451967751336367, 2.2505347576627073, [0]
-6.95795630111709, -0.4104544817153153, 2.4034981115658742, [1]
-7.322897418308997, 1.7942521258083208, 2.884582793311631, [1]
-6.973538671303012, 1.869504033556547, 2.8857985569931373, [0]
-7.101475269326866, 2.4376694237567333, 2.288666481957337, [0]
-6.9694747204358185, 1.8715752659787293, 1.3253026315016734, [1]
-7.360797947057279, -3.7911782555136813, 1.7953485836247174, [0]
-7.103312961111785, -1.0358634532375963, 1.8952791029042557, [1]
-7.329943686524664, 1.0874748584938252, 3.5324851109154434, [1]
-7.248325366672833, 1.9463695201708962, 3.7356632146525075, [0]
-6.998200320482316, 1.118554596532337, 2.5961546590599704, [1]
-7.177638396183911, 2.2057442092718262, 1.6436055943003747, [1]
-7.067250280492294, 0.1509503068832294, 1.0882205322296092, [1]
-6.991027321029252, 2.086564332858692, 2.538275612188076, [1]
-7.053041760135567, 1.166158851125257, -0.14406625789512173, [0]
-6.998595293062269, 2.6810487968079526, 2.478852025650011, [0]
-7.400684812117259, -1.9894354327158787, 2.637749948813318, [0]
-6.958232201282838, 1.1172994417847744, 1.8307751876496747, [1]
-7.229508514597307, 2.502855706807315, 3.5555059163119678, [0]
-7.540413592122436, 0.5517010726205794, 2.62705443733138, [1]
-6.939208304347277, -1.9845993290621466, -0.10073841396580441, [1]
-7.07312208290905, 3.5047048742028393, 1.1390911410082778, [0]
-7.011519383412562, 1.231356417896352, 2.724653710340227, [1]
-7.076167136597922, 0.20318743920765403, 2.0160462376551633, [0]
-7.193866173106817, 2.153867783939921, 1.8468009352328687, [1]
-7.05034131334335, 0.28576926738463854, 2.470650973886151, [1]
-6.946430562134026, 0.7661756237778037, 2.0150932293765114, [1]
-7.045712581681439, -6.180082095479099, 2.375205815819895, [1]
-7.299514269946244, -2.1584937914905167, 3.0377389242001085, [0]
-7.508959647654023, 6.602413633079616, 2.6275022323278074, [0]
-6.976464532678787, 3.452582455898747, -0.4048261258433765, [0]
-7.164379734134858, -4.090926515607426, 3.145006838431297, [1]
-7.062436535337941, -1.6283518532634567, 2.980161851445442, [0]
-6.9984783803424495, -1.2383416896627553, 2.874232189330651, [0]
-7.218987754201409, 1.1038578528855894, 0.33793511266718146, [0]
-7.007297347834228, 0.3515896519112598, 2.7851706387039594, [0]
-7.843030591093825, 8.86572139776133, 2.500725151686802, [1]
-6.996232763583038, 1.3199568595028364, 1.9093292328674518, [1]
-7.13049195370385, 2.5140966178783266, 1.6836106033108036, [1]
-7.185157487612014, 2.3055327420273857, 2.565489262114581, [1]
-7.754808087726379, -1.833811798586984, 2.727464961387954, [0]
-7.088985565315335, 0.2014773219245214, 2.7875459941739575, [1]
-7.009781752168532, 0.9870291353448384, 1.562130655199849, [0]
-7.267850895042535, 4.2858097688712515, 2.849739221552275, [0]
-7.100151338885777, -0.32760313420215675, 1.9164341660883828, [1]
-7.047665790360591, 2.528544060385222, 3.0778524506506093, [1]
-7.115607623709514, 0.4108783812464003, 2.0869401682900155, [1]
-7.321402986518611, 2.2659304617150733, 1.5254940999243074, [1]
-6.970231961644696, 1.6299878553728646, 2.5290701866131036, [0]
-7.098239224626356, 1.4085919145328274, 2.7762331371091014, [0]
-7.06744666482665, -0.11854394549065495, 2.374768476895376, [1]
-7.296227096057614, -0.7061179996982062, 1.6962842221396812, [0]
-7.023956584770289, 1.0126330236179453, 1.0528527030153927, [0]
-6.938949687754742, 0.7027970780683721, 2.403086281319208, [1]
-7.0628286111577365, -0.959039337588236, 2.28348649030488, [1]
-7.090975731556501, 2.5789024647451493, 1.9522204008635593, [0]
-7.185569636220729, 1.531510122441225, 2.093985578270573, [0]
-7.139478376765562, 1.82514628763195, 1.7430319052118624, [0]
-7.191508458480415, -1.8070075579600489, 1.7523622285405542, [0]
-6.963839521766673, 2.4810907282886667, 2.0060613078518004, [1]
-7.072482927299417, -0.006354520751651993, 1.890379612116485, [0]
-7.0473282663929995, 2.5377823329309908, 2.2415833151995113, [0]
-6.989213163960721, 1.6386835704337583, 3.197108771193915, [1]
-7.561964846305702, 0.0765072577534025, 1.408585045383696, [0]
-7.378686300856002, 0.14575482797216543, 2.8681758601237473, [0]
-7.095294156523999, 3.9063824746409512, 1.7871608969425792, [1]
-7.0060292311446615, 3.496570926450924, 1.0881590656276334, [1]
-7.294665576044818, 3.1272792084784493, 1.767008490746414, [1]
-7.228396769046342, -0.6711381828583471, 0.1167357362042587, [0]
-7.083180426809606, 2.906497395668435, 2.533172871155017, [1]
-7.266814813470656, 1.7584515278204187, 1.2326432122950814, [1]
-7.205579472680712, 2.9770399423283114, 1.8331833526487102, [1]
-7.146982423551361, 2.1273966514073406, 2.495947369021727, [1]
-7.87504552713164, 3.1756442880251092, -0.041446798253098716, [0]
-7.036446777518128, 0.6883755028025031, 2.317769811878566, [0]
-7.210452868316045, 3.198508239404159, 1.6749204785697045, [0]
-7.625979403148001, 0.942574369231294, 2.3564570141639614, [0]
-7.02899850042595, -0.24869298657712702, 2.9315791372325384, [1]
-6.953532767560786, 3.2638645605655707, 1.7816699642151836, [0]
-7.05799966458509, 2.546126868512588, 2.391557239946599, [1]
-7.16841051495959, -2.199479889973314, 2.367311228406561, [1]
-8.176919331400965, -4.220499799195718, 0.021522672886300498, [1]
-7.052640945276132, 0.1881012905346151, 0.8053357090638757, [0]
-7.103289590981117, -2.0406249704792443, 2.403311293421239, [0]
-7.066583057796351, -0.3525093799065102, 2.075269745720332, [1]
-7.10115875775413, -1.4124223854541837, 3.369947949966757, [0]
-6.986503904422234, -0.948742171877702, 1.5224303740732514, [1]
-7.590760810689417, -1.5585372337706584, 1.8880766650658642, [1]
-7.238219075371079, -1.540090408644895, 1.6107769271048837, [1]
-7.094868991227044, 3.1966183704085753, 2.0248655400596287, [0]
-6.9922156586986395, 0.6830454590065501, 2.240512426345804, [1]
-7.217882123250458, -1.1533080069238497, 3.0977681189825708, [0]
-7.2247453052189226, -2.4938434292941514, 2.0409111969598612, [0]
-8.205352307021332, -7.755430062864491, 2.1800003843624083, [0]
-7.407049986323803, -1.7947892238515273, 3.554036563284089, [1]
-7.183144308913807, 2.718603924165533, 3.717856677069359, [0]
-7.013370892497488, -0.8083413606720169, 3.035174771047462, [1]
-7.19094182915293, 4.367656103844567, 1.8773028067602817, [1]
-8.327001760214905, 6.104230398423443, 0.21952486107637226, [1]
-7.216212721137046, -2.5306497085523976, 0.7204515972565604, [0]
-7.633117239519204, -1.1232940459709602, 2.8477745114569117, [0]
-6.939705610210082, -1.6394264937880259, 1.2613440061614467, [0]
-6.983623557555421, 5.262557486225197, 2.819834570154722, [1]
-7.009831031977425, -0.45538276387720655, 1.860735337065739, [0]
-6.964406277172498, -0.7488018683614326, 1.5282713210759329, [0]
-7.618633562476992, -1.3447399872869443, 1.7173030664548772, [1]
-7.096448618542994, 0.21353425338241516, 2.2780180879336744, [1]
-7.404419432616902, 3.87524206414178, 1.6661257005162162, [0]
-7.177291639790001, 2.0052011334060245, 3.001773556590189, [1]
-7.056603009252033, -3.248981422903408, 2.3779360945292285, [1]
-7.039280798939016, -0.7302758280513049, 1.8182791922989523, [0]
-7.021108274276646, 3.0522410304190126, 1.9997147794475567, [1]
-6.98779517730533, 0.18059918124468316, 2.9296760721291353, [0]
-6.9618041826161035, 1.9951894294569672, 1.7705915574830557, [0]
-7.466806255588453, 4.811855986136479, 3.0282868708068347, [1]
-7.126013586986757, 4.701809356730278, 2.1832079572187677, [1]
-7.191488041371752, 0.1725999494171475, 3.2429221500960956, [0]
-7.599167268304164, 2.597064846314889, 2.1181095311470095, [0]
-7.503744943361289, 3.9269087445464765, 2.654474268733024, [1]
-7.073762604764084, -0.18128588280584673, 2.448745748026507, [1]
-7.008410442767682, 2.4582953205843867, 2.9587882295145875, [0]
-7.182427446961005, 1.9346886576084499, 1.8757088208537327, [0]
-7.08972030313107, 3.9261547810529347, 1.8267959499993598, [0]
-6.954870406694748, -1.68278286908739, 2.1384111496089258, [1]
-7.188645863708306, 3.6545382128122643, 2.919543093284423, [1]
-7.046801953232011, 3.2308612474177085, 0.7320096971362835, [1]
-6.993490029099788, -1.060505061616927, 1.4801453977637637, [0]
-6.965035344685313, 0.3867975705807182, 2.468515768850039, [0]
-7.621137692038232, 1.3887768849275708, 3.1798441880429293, [0]
-7.286379848837094, -2.4744531273119312, 2.8303925901224534, [0]
-7.071295616391752, 0.15763948227465363, -0.21911430564839174, [0]
-7.062465344562248, 0.14506373575403986, 2.712858266827445, [0]
-7.858055363517228, -2.8858362268710023, 3.3629435771173073, [0]
-7.029254468690644, 2.4956121906973654, 1.3305772066193444, [1]
-7.147559675210338, -3.303448582337749, 2.509247084893048, [1]
-7.125754350246559, 1.113717955481015, 2.299196427154117, [1]
-7.063160765366224, 3.7167798359618307, 0.7938522129104604, [0]
-7.463021895657168, 1.5721244292648517, 2.545657785288647, [0]
-7.069542893439596, 1.8270731880197273, 1.7045951959894163, [1]
-7.002647517095562, 1.9347692891737478, 1.7271757060197577, [1]
-6.975770742454929, -2.1297661758216604, 3.0197431941453483, [1]
-7.069733072585076, -2.0507890240096627, 0.8923252824878923, [0]
-7.061200387205628, -1.6368146598658424, 1.0524983445477343, [1]
-7.270788406128184, -2.781383558882702, 2.5946569963695825, [1]
-7.133792840091915, 2.0835898929637926, 1.3251399186807158, [1]
-7.568609066753825, 4.603010444987053, 1.2904281464109866, [1]
-7.210738853489318, 3.9314683390331884, 1.744683015239304, [1]
-7.0985879845351025, 3.9506955665818384, -0.5352506726262067, [0]
-7.084266108904553, 2.2211542906600323, 3.4177427944805427, [0]
-7.257098109044872, 1.214228245472013, 1.3360156542089006, [0]
-7.172651139849196, 1.4975112490307585, 2.018386722706795, [1]
-7.179785067521823, 1.7700150848123666, 2.538134259988215, [0]
-7.2509973212410745, 1.3796161667400764, 2.7057758243172687, [0]
-7.196855610285422, -0.772558122479893, 3.3705794614425244, [1]
-7.593933984305115, -3.7871968502753335, 1.865354695896356, [0]
-7.2546067145546065, 0.1391905408655046, 1.1382884526766666, [1]
-6.998577085496032, -0.5556172506909057, 2.740433802339079, [1]
-7.081444777047602, -2.4817855116200978, 2.714689643745005, [1]
-7.128668060168391, 2.178352491501469, 1.764772187773146, [0]
-6.927875392362217, 0.9482278121697778, 2.4610063532428823, [0]
-7.075657236128154, 2.9603968898939117, 1.9443682749273672, [1]
-7.0511827110504, 2.032957615734823, 1.3216878741392315, [1]
-7.21208119052217, -1.6090226344426006, 3.0031134146762133, [0]
-7.011456236889647, 3.920933711442627, 1.3658275979326104, [0]
-7.177438351058564, -2.9772169402037263, 2.3282858164300313, [1]
-7.186211187171631, 1.478879683913127, 2.1369336474831444, [1]
-7.007861719161597, 1.6064888401325277, 1.453795514778635, [1]
-7.544526611531816, 4.781593444514882, 2.965728579367841, [1]
-6.953854250989453, 2.00749850990548, 2.8665208504569013, [1]
-7.025834874455946, 0.7531150724612031, 1.5389121520765152, [0]
-7.409865315065998, 4.958449852538124, 2.478252234027194, [1]
-7.053646953838344, -1.7098529291617468, 2.991199248078165, [0]
-7.133959225684174, -0.4749313971293134, 2.4641804684566706, [1]
-7.022070806656391, -0.47623277055938606, 2.299362527156786, [1]
-7.032108110918463, 0.3390273490668476, 3.410842966832747, [1]
-7.564684282491026, 3.0447415225893644, 4.046152184178921, [0]
-7.5537630802716516, -3.9444244285289987, 2.2861689830083387, [1]
-6.956639018301932, 2.0773130843010383, 1.8000233086984134, [0]
-7.6655272973080955, -0.3535361108153019, 1.525209233242352, [0]
-6.947622712938026, 0.393684668290497, 2.306092761908042, [0]
-6.963076191297627, -1.0456982488388935, 2.4850798290680203, [0]
-7.243508094218102, -1.1522897234756915, 1.6709059223829918, [1]
-7.047904317763263, 1.161028095866553, 1.1376805242512613, [1]
-7.103145154833713, 1.1198367429531568, 2.317700653524085, [0]
-7.08436814762104, -0.2759636210024568, 0.9511109721173082, [1]
-7.064337979801411, 1.097592035426358, 3.4727209599206064, [1]
-6.969567249406345, 0.7406588065245996, 2.201460017170617, [1]
-7.338620600592823, 2.3027646139758122, 2.736205280785767, [1]
-7.08417990490736, -3.5064953197181365, 0.8053034066299558, [1]
-7.453659990621321, 0.0029230497219181473, 3.320177890567082, [0]
-7.050091295994762, 1.7070946817512251, 1.8128434574459544, [0]
-7.149230134997097, 1.5827442533903988, 2.6808943735024666, [1]
-7.1066470768975405, 4.499009256748806, 2.359765956029242, [1]
-7.33225234928251, 3.6311796331257105, 2.621783951398008, [0]
-7.042182192445545, 3.6748240262293552, 2.4978828580968853, [1]
-7.091137494270424, 0.49865339624906835, 2.859263455219093, [1]
-7.3362929708085, -3.5763062803206522, 1.7403818519457213, [0]
-7.2600815869458035, -6.435659942334075, 1.3998857854489763, [1]
-7.242573850974649, 3.4940843637388035, 1.3074422845747864, [0]
-7.0465433312268395, 3.1683138559500312, 2.121474588466353, [0]
-6.972441515948388, 0.9332970076687407, -0.12749834239760238, [1]
-7.05246168719939, 1.041768468496948, 2.397097770501273, [1]
-7.178221537125501, 2.658188153486957, -0.2428097956893951, [1]
-7.297229150735404, 1.6457595733298267, 1.9001481997026408, [1]
-7.122355716756712, 2.8657444193083017, -0.043472867863945996, [1]
-7.111542973494721, 4.192173679848456, 1.5960928399416594, [0]
-7.040568432101831, 1.0194317069204148, 3.2293876599030815, [0]
-7.229987995290892, -5.140909803389416, 1.6594499793994963, [1]
-7.190407725220364, 0.2420606482550226, 2.447935214384536, [1]
-7.131195715216663, 5.6168415753321534, 1.4709966330213744, [1]
-7.359742791384415, -0.7007152354145179, 2.4894394952283747, [1]
-7.036219475187742, 0.5018599996149729, 1.0212557011655718, [0]
-7.025612259072452, 3.4682514599264187, 2.539449253352621, [0]
-7.075977794618881, 1.0086429835331407, 3.1290133378837095, [1]
-7.097063281498138, 6.023394916989949, 1.4092351618213614, [0]
-7.644258526424951, -2.567566442012269, 3.2356312809637915, [1]
-7.2833673638826175, 4.161835581958772, 1.9523677116980225, [0]
-7.189998835370793, 2.153968223605622, 1.40817969764469, [0]
-7.135539670621135, -1.462055668551724, 2.894854495765679, [0]
-7.018935344218568, 3.936195547402834, 1.9131335070406794, [1]
-6.955258488764428, -0.3141513375535696, 1.6503383826954583, [0]
-7.1907408001215725, -2.1915719882109452, 2.5460198482736573, [1]
-6.983644871467821, -1.0000843599405749, 1.9111842514393078, [0]
-7.113165393654186, -2.1383412853707355, 2.4333019108623, [1]
-7.072118327691552, 0.03190630608939504, 0.6849962113675014, [0]
-7.240516740043439, -2.1439894045880115, 3.1388992363126436, [0]
-7.197078241539222, 0.1427313614108302, 0.6889918961614208, [0]
-7.206695399888721, -2.6238763444468605, 1.9347386374590139, [0]
-8.038286923955216, -6.330116074852486, 1.9986770656928456, [0]
-7.0670541754863585, 2.2759338539629748, 1.9922068340965602, [1]
-7.115162677233548, 2.3153384534469263, 1.7937159414755275, [1]
-7.018208474752917, -0.4200786200350535, 0.8002665023847533, [0]
-7.04312049642725, -0.35998211350679704, 2.1604210709647083, [0]
-7.324256015212381, 1.993460030826886, 0.8496612383350453, [0]
-7.4765592847395155, -0.14121954626101196, 0.14958294001155847, [0]
-7.451858500888394, 4.096112122920312, 2.1665808867986773, [0]
-7.223754524581555, -1.0192827225565466, 2.0507799369960966, [1]
-7.239753478762912, 3.2124731218000107, 2.4478503269305394, [0]
-7.041587757790737, -0.4637678604011102, 2.073595705992565, [0]
-7.190948758728504, 1.1735001120260984, 3.1595275078516494, [0]
-7.077252708599104, 0.01183610548224423, 1.4377883931770232, [1]
-7.261145163607877, 2.733398997477689, 1.9056523765184084, [0]
-7.115514551547573, -1.4835579350231918, 3.3670174498066467, [0]
-7.046315101637369, 1.68495580529336, 2.5744359228335956, [0]
-7.406604080624153, 4.488844741199639, 2.593545966842234, [1]
-7.0395822387355045, 1.0312950388878244, 1.7206564644732332, [0]
-7.101886750810546, 4.58632766476863, 2.335945221786739, [1]
-7.231827843982256, -1.066303515392866, 2.378619304318969, [1]
-7.2383979331667945, -1.5716866993687988, 2.8528515675481563, [1]
-7.265358547595981, 5.830023056306681, 1.261753250612633, [0]
-6.982982150192025, 0.2121361542589506, 2.0701876705141857, [0]
-6.985907875042076, 1.7232785040731198, 1.9449648426493786, [0]
-7.103447092041751, -1.0742309468704443, 3.135543009649653, [0]
-7.200716048489643, 3.8653594885469635, 2.0640262725534093, [0]
-7.124123679803603, 2.2583911325066204, 2.0399017106602466, [1]
-7.212493395199795, 2.7984402628664324, 3.0008481708206736, [0]
-7.056298599153157, -1.4498555828035826, 2.498273384187784, [1]
-7.075156000581189, -0.1789959518214408, 2.2660165856249384, [0]
-7.484752987399903, 2.8626508207303196, 2.6208955379047345, [0]
-7.383145613083915, 0.5261883023903278, 1.647059165150982, [1]
-7.035152757459792, 2.4652552427895396, 1.9001047590808553, [1]
-6.989923304783062, 2.3612328995600613, 1.8766247172449066, [1]
