t=6.030037606607697E-5
logZ_t=-0.4305179487224313
-7.407037959884469, 0.3843319729150433, 2.3756425586261067, [0]
-7.363611243074809, -0.27677086344376445, 2.9770157599529936, [0]
-7.627595369649789, -1.2332050952458353, 1.775281423834593, [1]
-7.486802197730335, 0.7477183779654477, 2.667719615041779, [1]
-7.623599521987677, 2.3079890548725155, 2.6934180455314762, [1]
-7.362241857091046, -0.6316227314373972, 2.608129807424988, [1]
-7.463601736904236, -1.453721294223214, 1.6539748716652865, [1]
-7.000246727065605, 0.04858795991837672, 2.431305988001343, [0]
-7.473186141084379, 0.4351501469658099, 2.8262737704609022, [1]
-7.1799185892186, 0.8416497170315307, 2.904341651226196, [0]
-7.122590970082716, 0.8974813176950898, 3.0941254421989104, [1]
-8.064397546688408, -0.3334166646228818, 1.5612257213169813, [0]
-7.305120043946899, 0.6872762399497128, 1.7081139630743867, [1]
-7.311956817833209, -0.6418834626838561, 3.251304730757993, [0]
-7.217892000942413, 2.759348620343731, 2.5578175962318985, [0]
-7.754340579008976, -0.8834002314380951, 2.3516540301903577, [1]
-7.618107225142747, 0.36534784211227284, 2.6022462935536437, [1]
-7.138182551165445, 0.45826422958379265, 2.9985086705384374, [0]
-8.113104050041295, -2.8197991026170497, 0.7011827073371899, [1]
-7.505887852446714, 4.316539628787166, 1.5917555283477087, [1]
-7.392868315203779, 1.3079277064936075, 2.4317006534293943, [1]
-7.565168121398135, -0.6127880309444638, 3.1382812545864853, [0]
-7.263570649701914, -2.0879765188343855, 1.689859184911509, [0]
-7.139472186135077, 1.4450892646684013, 1.8948599836093485, [0]
-7.223721651284539, -0.2664180401053602, 1.4920187459518726, [0]
-7.06354026069627, 3.4235838924902398, -0.009773244921414515, [1]
-7.267171000225457, -0.3934598797029938, 1.5675938671357044, [0]
-7.341005992815522, -0.27559765936255043, 1.5075457080241241, [0]
-7.135906804888466, -0.5013693062199307, 1.6123297391001516, [1]
-7.7672488730804, -4.645589984739056, 0.9652872147398043, [1]
-7.179688747346688, 0.7768695737032493, 2.124684203717038, [0]
-7.594028634961447, 0.1816241102913183, 1.7311755321280795, [0]
-7.126511342370299, -1.2284374260403594, 3.246830463099882, [1]
-7.436735528652425, -5.287736865751434, 1.1784004094976916, [0]
-7.6725172062085125, -3.716383345640131, 0.3281031457256385, [1]
-7.4017295744301554, 4.192271447317118, 2.130567866944679, [0]
-7.857199412976871, 2.209235797782435, 1.2943502171972532, [0]
-8.13212091626009, -0.46331466249174, 2.657010843497085, [0]
-7.991565001240454, -1.9883417200003917, 3.2034101102599073, [0]
-7.230829237538329, -0.5405476213850837, 2.9798801111898316, [0]
-7.493585884073903, -1.200767596634355, 1.5213632743827536, [0]
-7.6517518267460565, 2.7738719767369564, 2.6796204021128336, [0]
-7.12547393813317, -0.16881597533259973, 1.7273214690024403, [1]
-7.283203872287356, -1.6487646767783817, 1.477774262146899, [0]
-7.002088039908367, 0.9925546426687537, 2.3408892097129645, [0]
-7.8811600978489835, -1.9233489702327287, 1.4979968236806556, [1]
-7.039102363571689, 1.066387542480865, 2.562884619448143, [0]
-7.355799628248618, -4.841214877279526, 1.9806214499588723, [1]
-7.208561347911558, -0.4031413775048245, 1.2989379256887026, [0]
-7.097035685131028, 0.29271183463525263, 3.026925477235522, [0]
-7.282379622457564, -1.7829123358901233, 2.1412223385054876, [0]
-7.138837276435952, 1.7196720896813864, 2.186497442792741, [1]
-7.208146083302539, 1.4153721680841245, 2.583528629760853, [0]
-7.211336225876314, -1.192684829826903, 3.142184430092386, [0]
-7.342773124294265, -3.0405020665040277, 2.828489610287909, [1]
-7.019177200416968, 0.42547210787918244, 2.4040024532217488, [1]
-7.113033249413562, 0.8619671796883848, 1.2535550619785645, [0]
-7.355028893938625, 3.542936912949771, 2.3215631271077166, [1]
-7.797599994054997, 3.2636897181498354, 0.6546146227426604, [0]
-7.168613918732346, 1.8255332753264297, 2.3021925079749703, [1]
-7.328460642913179, -3.078313786643119, 2.84015723426916, [1]
-7.361047539953162, 0.5260558038576421, 2.745020471476663, [1]
-7.129078229539229, 0.4094074292239105, 1.9777838353166666, [1]
-7.4417428127454865, 2.6249949429500896, 2.040911890905089, [1]
-7.2867090506184224, 0.7230718164402612, 3.3867307418590213, [1]
-7.1059316836187065, 5.3792072630576335, 1.8156592104292182, [1]
-7.592386374613054, 3.361220998942166, 2.639635569330284, [0]
-7.842170863058242, 0.8909352343658306, 3.4335767690901, [1]
-7.423046989654651, -0.5116843200833727, 1.5572267919181932, [1]
-7.253820977629386, -2.1336029756788797, 1.0974915870729625, [1]
-7.372312596811548, 3.301907588438585, 0.7635262864844479, [1]
-7.5437580164317355, 3.698579686081322, 1.7185970175938037, [0]
-7.197574771196763, 2.0750304727532636, 2.609259988168878, [1]
-7.693512305332311, 0.57274586435098, 2.3029113714630403, [0]
-7.708625927786183, -1.6461441335544007, 1.8983480730988946, [1]
-7.423728533975047, 0.2561576457082654, 2.7698965931470383, [1]
-7.409027863090157, -0.8720508950100787, 1.0159819422649767, [1]
-7.209620961500824, -0.7588660171565609, 1.7701334183772564, [0]
-7.7524195920649435, -2.33663203391753, 3.2407890191739703, [1]
-7.219848556910089, 1.428801203017325, 2.994326905372019, [0]
-7.338671777832164, 3.451087765988266, 1.9712277807577865, [0]
-7.220946135137129, 1.0186656754912813, 1.7564101339903193, [1]
-7.085954312367533, 0.9478692113937699, 2.0416437700317815, [1]
-7.729145655868726, 4.601672417215729, 1.7876635786074466, [0]
-7.500064624066564, 0.53194841556925, 1.6594128365226948, [1]
-7.194755476277036, -0.2088222174828972, 3.3720606621911537, [1]
-7.187089670065203, 2.761050863994845, 1.4484953509006078, [0]
-7.40996697452351, 4.270004028348208, 0.7999240310617022, [1]
-7.9983615092682205, -1.0295545066658727, 1.8893710420850598, [0]
-7.474715260048586, 0.22523020472838606, 2.663481010976447, [1]
-7.285697739003104, 1.4844492938874152, 2.6906647447302503, [1]
-7.4532161352402, -5.082392813859241, 1.9757583356233321, [1]
-7.07158443889266, -0.8918257859948786, 2.0803903663271517, [1]
-7.641916214227679, 2.840133632034494, 3.245415224731698, [1]
-7.34217539643778, 0.9936981470631956, 2.071112639931933, [1]
-7.239108841529103, -3.1272402737614486, 1.3160188113996598, [1]
-7.795862784050372, -0.26082415186353014, 1.1923648966319271, [0]
-7.012807789448642, 2.15999911913381, 0.6372981823475705, [0]
-7.3089538488366, 2.3120143823158754, 1.6917085356987391, [0]
-7.4850580252398204, -2.015334795722809, 1.302492544346919, [0]
-7.131323398866707, -0.9981330355271107, 1.0062599913964543, [1]
-7.195243401861834, 0.38861842125077195, 2.5567839741813114, [0]
-7.155101593555174, 0.11120322996964171, 0.8032373226601048, [1]
-7.147937403319875, 1.070860336188196, 1.912406200144287, [0]
-7.234775296183557, -1.793055513826141, 1.5766299689497876, [0]
-7.339292474927219, -1.31765507140146, 2.986021621153765, [0]
-7.802011044803844, 4.151305254060906, 0.7176099715345396, [1]
-7.524827231408076, 4.984264910053206, 2.345488152330054, [0]
-7.314396088716001, 1.1219964515344607, -0.21711797144802292, [0]
-7.583927670355327, 1.750258214289559, 1.7096080364457416, [0]
-8.04821989139363, 1.941105216323538, 1.3257269661324713, [0]
-7.087497383039638, -0.9044871013726751, 1.9457068703425646, [1]
-7.274919987521704, 2.130831905110718, 1.8148634432771504, [1]
-7.504290510279496, 1.0592367930138264, 3.9958030934966313, [0]
-7.5845850178599195, 3.55011413611784, 2.902564224713901, [0]
-7.1897290564114, 4.007687781615482, 1.4324641716638298, [1]
-7.359714957953669, 1.2716845371346952, 2.6135661022634604, [0]
-7.539009964187756, 2.0218628456613548, 0.8563376620373514, [0]
-7.0190494169154265, -1.6908757563177137, 1.8861697801022974, [1]
-7.230999216622489, 3.08537644789682, 3.3083064965883127, [0]
-7.055892773085465, -0.1615837882301342, 1.8803010781269816, [0]
-7.183165267439902, 0.37052168926639184, 3.012773550807751, [0]
-7.310472594274451, 0.8085794671199189, 3.162948917398877, [1]
-7.0828676341532955, 0.5800612016310093, 1.2855270593050798, [0]
-7.4571629019559635, 2.7613274899912232, 1.641313656074299, [1]
-7.148401602281854, 0.35174242315882553, 3.318851895007568, [1]
-7.31344892121932, -0.012198144059129057, 1.5436153552267495, [0]
-7.934231293881767, -1.1406228123321263, 2.8744757443638713, [0]
-7.918771819997976, 1.9899652891133985, 2.1763567647066777, [0]
-7.7879592710430465, -2.267355890049999, 2.399083272406547, [1]
-7.2323441851971255, 1.6115542487275363, 1.8158320741625236, [1]
-7.055117744564708, -2.02490758219611, 1.186044126098127, [0]
-7.60858786460519, 0.7040343628351722, 3.307911513131006, [1]
-7.221372307500752, 0.12388129331922715, 1.5909845188548553, [0]
-7.419803585005348, -3.1114887562291815, 1.9676215702452773, [0]
-7.065578033721568, -0.5295901422429927, 1.3674157797783473, [0]
-7.3528297787624775, -0.31626648162441895, 1.6822349698112578, [0]
-7.221655219389118, -0.9536359856495586, 3.528467477870123, [0]
-7.303741086168531, -0.739395000154729, 2.1765325495932, [1]
-7.4678632484826615, -0.28733592956955767, 2.8403537529204446, [0]
-7.3126105961534975, 2.8389520179266867, 1.549354561681919, [1]
-7.4672004817393205, -1.056911566613143, 1.9466997840267757, [0]
-7.522129660973474, -0.10672041962610557, 2.966085554496975, [0]
-6.997104572708343, 0.716361880729592, 2.668372958835322, [1]
-7.428116550243209, -2.44581894187145, 2.4041175864165334, [0]
-7.056855637378346, 0.8408887669931495, 2.81264717221022, [1]
-7.219801707723661, 1.336802157852783, 3.0246624461696374, [1]
-7.994918414316173, 6.049918227780224, 0.14044368788675854, [0]
-7.327735405386827, 1.9916283887972872, 2.4323607205278353, [1]
-7.991600718770417, 0.559110380315667, 2.1654098851411225, [1]
-7.4835835769456756, -2.2326949713601847, 3.018464643087244, [1]
-7.073756429619867, -0.007014065656961499, 1.1564624212634436, [1]
-7.3964502822633635, 4.774856779765635E-4, 2.1206814850009024, [0]
-7.10447480826045, 0.5282250473519995, 1.6234513760684322, [1]
-7.765277088630881, -5.049780629967696, 1.2551128110106933, [0]
-7.340913638965571, -1.079290758509094, 2.880717802788964, [1]
-7.1438485352386705, -0.977114520711726, 2.4993393304465528, [0]
-7.180667364387319, -1.1148480160783822, 1.905414203851444, [1]
-7.378287913215488, 4.782642101758087, 1.7992548811737108, [1]
-7.484818990525482, -1.7509443013378887, 3.2628480960151585, [1]
-7.158195071807283, 0.8057726592764038, 2.7862420669498853, [0]
-7.203802560289697, -0.8086536141048091, 2.2383562520558398, [0]
-7.292294668518588, 0.3899363274869132, 2.2821116791882456, [0]
-7.500846108982583, 2.0220946153927266, 1.1884052122006292, [1]
-7.323282892193181, 7.0108384647506305, 1.6284820391845143, [0]
-7.723211613243986, -0.6221256064172853, 3.0400773468981783, [0]
-7.66892841971202, 0.49498157702612966, 1.197315378337384, [1]
-7.1854730045738195, 0.5447658661688899, 2.135365542411381, [0]
-7.382854113090952, -2.0358367661796057, 2.542245382926426, [1]
-7.795659721500206, -0.8396740539233027, 1.381525057259216, [0]
-7.477424692177447, -1.3325420250405826, 2.096004071520405, [1]
-7.538490665987813, 0.2420952234082152, 3.0733420628538477, [1]
-7.224876056558031, 3.9197371979707083, 0.4308632291612935, [0]
-7.242581984686539, 3.354564510112796, 2.2483940438872074, [1]
-7.4470408835024795, -0.7955026432739274, 1.5636324106589716, [1]
-7.91891756239146, 0.8399560980414456, 3.042975993851099, [0]
-8.38280100163838, -4.019062199349063, 1.151673203815045, [1]
-7.509777728005565, 3.380217401628092, 2.9714075328302343, [0]
-7.4968750729707665, -0.30680716159317245, 0.08565406979001366, [0]
-7.413384617530426, 0.6681381407751555, 3.393059339206796, [0]
-7.6295334574628955, 1.4740269988140813, 1.7609744943898353, [1]
-7.149681113010013, 4.374167743393306, 1.524650299818165, [0]
-7.319542780221425, 1.3213355692045075, 2.606398818182639, [1]
-7.252743515498344, 2.372604630573006, 2.9564721258239492, [1]
-7.52694460824875, -0.1958638921156144, 2.9139896401598033, [0]
-7.5375162153549375, 0.019499540522032732, 2.1095970242640285, [0]
-7.542278104922399, -3.6982941269814615, 1.8866134556029857, [1]
-7.260880455083882, 2.7629374714111385, 2.2163264589194975, [1]
-8.103796107019958, -0.02183770355420256, 3.1466024394415353, [1]
-7.217469359816051, -1.3678471430411272, 1.4861394870319447, [1]
-7.33506328532694, -0.81293180880597, 3.055998283104967, [1]
-7.624828124192606, 1.394013607140244, -0.23897806796066545, [1]
-6.9968010514149555, 2.4808674526701107, 1.5726175750507392, [0]
-7.091713926515632, 1.6143296841683665, 1.7100606820887716, [0]
-7.137312209724995, 0.9307446177567174, 2.7760700172895705, [1]
-7.22409946181527, -1.627256515043795, 2.55273230277482, [0]
-7.311709757366473, -3.236965032980269, 0.6644084391227052, [0]
-7.249778003452737, 2.3880710867961126, 4.130744104142205, [0]
-7.5409073320573565, 1.1619980331008595, 0.1799546641611327, [0]
-7.632051455836779, -0.4718051477739573, 1.0399546683520842, [1]
-7.189099856488675, 3.4003554689905258, 1.5015844953605175, [1]
-7.070631507801783, 3.018929746767386, 2.2633992044392186, [0]
-7.832934682282481, -1.4545916738581306, 2.506837456488341, [0]
-7.518556155184313, 3.976492776588374, 2.9505487861161033, [0]
-7.058174777240933, 2.7834383423277784, 2.152056904747354, [0]
-7.087405660739024, 0.7726886150069541, 2.6431815907901015, [1]
-7.130514519255158, 1.7923212602055498, 2.1855493211010844, [1]
-7.730514287469672, 2.023633765806674, 1.3142601991938436, [0]
-7.1385512881764415, -0.96775285182696, 2.0630932703094063, [1]
-7.428617495084784, -2.849788361719048, 0.49094343384355454, [1]
-7.057334626487493, 1.818016056424411, 3.269279154501765, [0]
-7.357184624865151, 3.9477764705079315, 1.4360391111839428, [1]
-7.13143815215267, -2.6414492058921217, 0.23637243540734176, [1]
-7.610160467024928, 3.4575226510768307, 1.9212235655324554, [1]
-7.137668855631994, -2.800294500559234, 1.6418976456294208, [0]
-7.2229041525837525, 0.15430479914203898, 2.8747877823026573, [0]
-7.40844930209214, -2.0219541773534977, 1.4525143155361047, [0]
-7.262512262897137, -2.7841566507312936, 2.761939342453384, [1]
-7.168488450573591, -0.17251522804226305, 0.5351038090952811, [0]
-7.144568517516161, 1.6120861575970842, 3.250965515241916, [1]
-7.098080245524851, 3.445264708216458, 2.6787400322962855, [1]
-7.346492486480449, 1.2673608468821551, 3.3157956326064832, [1]
-7.475237055429796, 3.453847457132241, 1.2780350226183277, [1]
-7.345325869910713, -0.6925059919748762, 0.9789186838198871, [1]
-7.130645086223553, 3.498076340913908, 0.6216520963763703, [0]
-7.227083672529049, 2.387455508864602, 2.3812287485663637, [0]
-7.880780298041725, -2.9918537141839456, 2.143604603895596, [0]
-7.007293268580863, 2.186607710646211, 2.9630848088118187, [0]
-7.444741817895796, 1.658456177034731, 2.510725766118627, [1]
-7.1802350360693294, 3.3355569954341586, 1.9673069292950582, [1]
-7.617513496895858, -0.31999895955670465, 2.910822061948513, [1]
-7.402756738870412, -2.0920340729915208, 2.5322572705810864, [0]
-7.2318659320556975, 2.1665346516306734, 2.2395813305234684, [0]
-7.339376590689417, 0.8177110895899928, 1.8990526230749376, [1]
-7.0464352163692086, 2.0197375676876024, 1.762548609022534, [0]
-7.760725003328369, 3.163891918739302, 1.3801896948992536, [1]
-7.142798140664257, -0.3464237875397529, 3.307847433181062, [1]
-7.294153282169311, -2.2207638055594585, 2.6521365750386146, [0]
-7.338834549976081, 0.9299808487779269, 2.192614067029425, [1]
-7.26942079796592, 2.8059207601388754, 1.7161139451929797, [0]
-7.30114773479337, 1.2642181659612368, 3.5143890767208332, [1]
-7.271948365131482, -0.08199987117634722, 1.9465682711802303, [1]
-7.113706172308722, 2.5960939530365703, -0.7224938222661899, [0]
-7.376173476512197, 1.744143005217625, 2.2193965604892973, [0]
-7.166643087118191, 0.6556881697294326, 2.0223730041819414, [1]
-7.0641992128299, -2.044491902770849, 0.5309117812973783, [0]
-7.52809973345501, -0.3730694402404363, 2.1581930338654836, [1]
-7.178076229164704, 3.3026534019582243, 2.539708590620078, [1]
-7.089312028398284, 3.7341264895224002, -1.531520179465181, [1]
-7.24612869958051, -3.5352638309774975, 1.9954180921610227, [1]
-7.071951139998037, 0.76234881601509, 2.7168693494980913, [1]
-7.0834818078845565, -0.724337350518231, 3.332912441899724, [0]
-7.445180386685893, -0.5347374587724165, 2.3443261130813697, [0]
-7.683112244902306, 0.35783600119313275, 2.0521886598108314, [0]
-8.001274620066118, -1.8391105274731747, 1.7077209287758022, [0]
-7.122629570164038, -1.6010561638617806, 2.4029755323230026, [1]
-7.198174431301354, 0.9969413231704588, 2.995828076558906, [1]
-7.529179216001673, -0.6237794641087175, 1.7605161997445404, [1]
-7.223184543342163, 3.174807897249382, 1.6244442978277294, [1]
-7.3058259672036545, -0.4115381845893811, 3.1485238392936044, [1]
-7.2803527852157055, 1.2461125713355305, 3.05188099159808, [1]
-7.241681996531751, -0.5802787094151105, 1.50857476510598, [1]
-8.273785487348343, 4.246962755677739, 2.7266896823519016, [1]
-7.562497143969656, 0.9528534656257, 1.0207419404305613, [0]
-7.3925178424181635, 2.5873038744859262, 2.0347053115639593, [1]
-7.399330318796618, 2.563607381178341, 0.9299135243303511, [1]
-7.582688527404668, -0.04834917074120071, 1.505406868775314, [1]
-7.174471899376148, 0.7704572790041327, 2.540557780001726, [0]
-7.713573687190121, 2.8104919275000175, 1.7950861853065323, [0]
-7.243337136893952, 2.594193840852047, 1.34595999195352, [0]
-7.771514684063684, 1.5529445015381387, 4.104555167553047, [1]
-7.401285659905896, 2.061456141422416, 0.43081164117777493, [0]
-7.5869278393429385, 3.9430079781902414, 1.8601427394888619, [1]
-7.104314461513977, 1.669238901403477, -1.269592344649942, [0]
-7.19087443674282, 2.2002274725323616, 2.3987477897319045, [0]
-7.139993899329324, 2.1472906070949263, 3.448862428099872, [0]
-7.622380076008993, -1.036318003018505, 3.0911953611232867, [1]
-7.105840563135347, 2.041198010981206, 2.063939996690868, [1]
-7.250783854277203, 3.0927359980739415, 1.9389588873090915, [1]
-7.339898875983249, 0.009228270929946714, 2.904888595422886, [1]
-7.420339514546393, -0.3749650185997657, 1.4616055623242237, [0]
-7.420832774913402, -0.601268203890291, 0.4629579713801133, [1]
-7.652184961970742, 1.071275936784756, 3.406845905480581, [1]
-7.493108125159693, -3.0534871296763733, 0.7588668964209364, [1]
-7.088208933340136, -0.4716834106235748, 2.0107841374423083, [0]
-7.171096668064725, -2.3197117141816435, 0.3724459373409179, [1]
-7.371671869122071, -0.3911638867775795, 2.9185264074190402, [1]
-7.418198915922566, 1.444503175653175, 2.1243941095474272, [1]
-7.3445986997752355, 2.129989544114071, 2.145348216258933, [0]
-7.1636871566713225, -1.4960632039971598, 0.3869885893230721, [0]
-7.39957134149492, -1.9591918731611069, 1.7130769908811616, [1]
-7.33457673185609, 0.2783497623984297, 1.3664327432179202, [0]
-7.188478974250732, 2.130729717535658, 2.146998803282875, [0]
-7.2554900467164805, 0.8844531495129344, 2.0810584046530933, [1]
-7.206545001616742, 3.6063820347627704, 2.7206164437478817, [0]
-7.422169536987142, -0.07486980541622418, 2.965153173040711, [1]
-7.054785555779987, -0.10059707171449683, 4.1558549376676, [0]
-7.2187473024355535, -1.0354813684776676, 1.6869281124128663, [1]
-7.862945843002909, 4.22451928842807, 2.3493436883150496, [1]
-7.380797128644286, -0.2580692721180702, 2.148905996649745, [0]
-7.504939309609213, -1.2316979456942012, 2.6093788212564895, [0]
-8.000605292956477, -2.3607813121070556, -0.15379390068953797, [0]
-7.256508584732651, 1.317455503399355, 1.1487107672301913, [1]
-7.4716168070811015, -2.7738841406177723, 2.159675574449451, [0]
-7.029037826964185, 0.34823285113831404, 2.1674583427415377, [1]
-7.31978754740229, 1.7196456222776308, 1.2552632805642632, [1]
-7.949134080559992, -1.7759402005688583, 1.8986128526568296, [1]
-7.341252004761025, 0.8711741767662757, 2.2668662770949664, [0]
-7.293968780035132, -2.1936866529696175, 1.4874506973584358, [1]
-7.114062931870119, 1.1129915145184945, 1.2991694551035367, [1]
-7.168306666289926, -0.3965039084819585, 2.3742754689248646, [0]
-7.665738336717681, -1.2904140330440574, 3.169745852172575, [1]
-7.441226208280784, -0.796715046693019, 2.1591757161634106, [0]
-7.597569125874234, 7.110770741278058, 1.5550060930277505, [1]
-7.220460569672345, 0.2006566643776858, 2.033383176185141, [0]
-7.049013835470978, 0.4124609565827757, 2.580428233662438, [0]
-8.388358612442438, -2.1519941578677826, 1.9436889869136653, [1]
-7.27658742298119, -1.8533049390817036, 2.9808212971229846, [0]
-7.1487949500289885, 0.24579496010252277, 2.803898670437805, [0]
-7.265068945472707, 2.804330236303265, 2.868118123516303, [1]
-7.214681489081259, -0.19595343215045458, 1.8729470977593246, [1]
-7.9768398225483335, 2.889179659385195, 3.131205456336512, [0]
-7.290412408874407, 0.9015738630104215, 1.6224433986614504, [0]
-7.121970825332189, 0.3607365154693175, 2.889070581938822, [0]
-7.225100391701741, 2.271446687877671, 1.9938700512514858, [0]
-7.231132439583528, 1.1904523557423783, 2.3510289951280225, [1]
-7.04169208593116, 1.4086571989580892, 1.482454279790902, [1]
-7.827970774045755, 1.2559336475920726, 0.8708161709079091, [1]
-7.744730401874089, -1.8962016439603886, 2.7024623028458197, [1]
-7.128771826203682, 1.0629623806421806, 2.7145836653932083, [1]
-7.561002795326828, 1.122524374276436, 3.1863605908231736, [0]
-7.190404696873638, 3.7914286020823864, 0.8260210297297839, [1]
-7.576257649414338, 4.737444828072807, 1.3661465725770978, [1]
-7.257800962297792, 1.4255812312329352, 2.236454485597701, [0]
-7.496836938036971, 5.010494419411131, 1.6501575649024227, [1]
-7.008014918172333, 1.8194426079830204, 1.699038361221612, [1]
-7.130624601123784, -0.9033289945826422, 2.2051715716720803, [0]
-7.190914902372929, 1.2590644795983812, 1.3342985599878183, [1]
-7.118600839964997, -0.005112311232683325, 2.1541724405719003, [0]
-7.144548365130267, 2.8175030315666993, 1.932471791468084, [0]
-7.36165912537702, 6.042444549382096, 2.6931303770404615, [1]
-7.50178403768717, 2.248550091924986, 1.9892848453932588, [0]
-7.751740203308529, -5.357799679672061, 1.4263041670568715, [0]
-7.222318536487564, 0.9455025936991994, 3.5950725492627926, [1]
-7.200732988059229, 2.10241242757669, 1.4221347330041574, [1]
-7.442855358973087, 4.601539848662533, 2.0904274098988784, [0]
-7.0464899146993, -0.22489539423957594, 2.366665696745506, [1]
-7.013309077648786, -0.5200155601000094, 1.4178374510524567, [1]
-7.315607873427878, -3.611510616293671, 2.3835688596629296, [1]
-7.081154545916381, 2.182453027254189, 1.2565723501152724, [1]
-7.003359430266254, 3.638761267783719, -0.30801713207648174, [0]
-7.293910690881453, 3.877650989312283, 2.480293855990879, [1]
-7.510752774349594, -2.615627048321552, 1.7239290805383956, [0]
-7.87865603764334, 0.33053840210737334, 0.7271384242567727, [1]
-7.725234451382202, 1.3862445372196408, 2.208292927389192, [0]
-7.492928896150915, 2.5830811540871377, 3.7331994795831993, [0]
-7.489530305872307, -1.2884383080733475, 0.4901681265542486, [1]
-7.429207903951879, 0.7422300789975738, 1.7587658864455828, [1]
-7.191802621380409, 0.07920576260915713, 1.6226019357748314, [0]
-7.508105620203334, 2.0674382393490762, 3.490205510883836, [0]
-7.422961680544919, 4.247644670832594, 2.0841180647121815, [0]
-7.304487406412163, -1.8223233110352721, 1.856243885951192, [0]
-7.017145026180128, 0.4705057947015877, 2.330840128277149, [0]
-7.276456779597297, -0.10743946985158748, 1.4113163901294419, [0]
-7.154041367246778, 0.6179828977922792, 2.8429088982878294, [1]
-7.568202053072915, -0.7873830174624272, 1.5407632775529891, [0]
-8.043327032962672, 0.7826977412458624, 1.833070791021908, [0]
-7.464205218662795, -0.23265416141898965, 2.424010496373831, [1]
-7.867930805489574, 1.4714620261080498, 1.5311810872900677, [0]
-7.308309757297306, 2.6240067072970623, 3.0784762770087433, [0]
-7.241938653680138, 0.5522495657041393, 0.9756057662554574, [0]
-7.3398311989582, 3.631646018256227, 1.8969491580621525, [1]
-7.103912850803699, 0.22718164828785903, 2.9044486025105094, [1]
-7.571173897597041, -0.5729247283606163, 3.691227787810415, [0]
-7.068893189963624, 3.3725113483390263, 2.7789167534179393, [0]
-7.538126546730118, 2.192337374349417, 2.7040010860054675, [1]
-7.63173122756595, -0.8032400079123907, 3.4028953068109296, [0]
-7.500691364607208, 0.9623193268227694, 1.9774994622446724, [1]
-7.0704252464888455, 0.6286117363839285, 1.7850476638471826, [0]
-7.201115704081668, 4.020067067168384, -0.36817821409348994, [0]
-7.247127542869667, -2.2622234362700886, 2.5439326943771006, [0]
-7.594213125336285, 1.5609169221543717, 2.7214372062379018, [1]
-7.155602839458631, -0.5305926451097283, 2.0309704200378165, [0]
-7.465035628751579, -2.2703410508295354, 2.1515615053989556, [0]
-7.083520713092934, -1.3557715760690479, 1.4244978968553803, [0]
-7.191158103006208, 1.1381374972725695, 2.1819717455510563, [0]
-7.116921466858406, 1.8761561283229817, 3.2283568832765472, [1]
-7.273522294926567, -2.477960804625611, 1.6219605786980478, [0]
-7.124820248620617, 3.0787273078387702, 1.766667161483078, [1]
-7.801032472398047, 4.219240816129397, 2.7047206470572247, [0]
-7.444849841358993, -1.517365033412847, 2.8422484978639475, [1]
-7.296666639894549, 1.8266688765152113, 1.5778968202309027, [0]
-7.2761767562748405, -0.7974122231734295, 3.1044980366320454, [0]
-7.33628302709734, 0.32020709598301744, 1.9803673904792234, [0]
-7.735912042099371, -1.603200452251828, 2.707013786992962, [0]
-7.910045529201661, -0.23874162686295541, 2.521672763134307, [1]
-7.156561940568356, -0.20145353477571012, 2.06809729816138, [0]
-7.62194429591135, 3.7231379065835664, 1.853078754643703, [0]
-7.3194786910534395, 1.774263327918729, 2.697737473615504, [0]
-7.285934009750958, -2.2663526566467906, 2.5512462687382724, [1]
-7.556171436114671, 2.290266182865893, 2.7850523104971385, [0]
-7.121862698238973, 2.4039232081283077, 1.4209069141964938, [0]
-7.394583922385591, 2.1469890590651968, 1.5380274889338794, [0]
-7.123994699503434, 3.1910435310873115, 1.6967225889618147, [0]
-7.063038488092854, -2.5602317468307376, 2.222699959347719, [1]
-7.289596539752461, -0.7609669381203208, 2.773305720210109, [0]
-7.4234121881724, 3.475253018820892, 3.058022526058875, [1]
-7.413944658954824, 1.4095813042488983, 1.6091391731462097, [0]
-7.038618035518933, 1.4182807280568108, 2.628520868906023, [1]
-7.060752754888417, -0.29632567294318646, 1.889821103899707, [1]
-7.024363916800161, -0.023457735462591778, 2.5954328741054016, [0]
-7.450602311610034, -0.7417436986639079, 0.7465200133218179, [0]
-7.3764214291840835, 1.8392522849278914, 3.0072304342719027, [1]
-7.228303463897673, 2.427248460098143, 1.1253418594003697, [1]
-7.412742241113167, -0.3390407285034361, 3.1882133279215963, [0]
-7.3191210525797565, -0.6083835731535288, 2.164785790056075, [0]
-7.046004183078507, 0.1969402853655584, 1.9431273660048936, [0]
-7.454594369403685, 5.326738614900195, 1.7973954834833152, [1]
-7.421069877118568, 0.8457155104670271, 3.507663877227609, [0]
-7.8586323563435965, 2.8879710595690473, 3.245640669840753, [0]
-7.515366820515525, 6.710730053255654, 1.7421288604040472, [0]
-7.175443414782681, 0.8069719758802599, 2.749012686689808, [0]
-7.464104245728551, 0.8533560610241642, 2.563149667166312, [1]
-7.4350149619324055, -0.5735093836835403, 1.787397557403844, [1]
-7.406938750598524, 0.7685019646148702, 2.395044311501148, [0]
-7.649238839368233, 1.3242253393985277, 2.3899542429179137, [1]
-7.265262542948779, -0.8632224001790418, 2.8660821175366045, [0]
-7.703467828697224, -2.5332856605207072, 1.7254253597663332, [0]
-7.261940405068187, 3.05393878281645, 1.5837038704218598, [0]
-7.212510050020182, 0.7047309406808544, 1.9116865873733817, [1]
-7.482953416742665, -0.43421189569361185, 3.1518900324029526, [1]
-7.40152326145543, -1.3871388412441379, 1.6293857045121274, [0]
-7.282486982197922, -1.0142455552364513, 2.7874900727529206, [1]
-7.313886247540488, 1.5613739338064803, 1.3006144975549276, [1]
-7.122044023701521, -0.43185120894335416, 0.6364701194758617, [0]
-7.222502833589612, 0.13658397052839333, 2.7106485815348877, [0]
-7.707613577684741, -6.117915621035337, 1.339964506099289, [0]
-7.40319006526933, 0.42369059305452583, 2.146690807915783, [1]
-7.296096820815543, 1.589800461016446, 1.931008278248278, [0]
-7.196790886575131, 0.7782831338847997, 3.1885660174532164, [1]
-7.236179257692513, -1.6308719616714233, 2.6235861187975127, [1]
-7.310319808492056, 3.2256402339954713, 3.5571404408867195, [0]
-7.43761385695084, -0.08761566940623838, 1.0911053283249488, [0]
-7.1756809420201435, 0.545372419516728, -0.07877305880378382, [1]
-7.417517008366063, 0.6116907653208505, 0.5633001148493153, [0]
-7.185699074989294, -0.15477445524890832, 2.8490338137015683, [0]
-7.350333419642479, -1.349814686702037, 3.207215207760332, [1]
-7.125103781364977, 1.2185273329712036, 3.2715703863684147, [0]
-7.077184040259418, -0.575267478987213, 2.9563558700941144, [0]
-7.604912079917886, -0.3808010575397577, 2.4242133122417195, [1]
-7.700828781363824, -1.7687496189264844, 0.8379840073069801, [0]
-7.4256248730392995, -3.4781600980409353, 0.46526285627418895, [1]
-7.7475518091747375, 1.8263753086150336, 2.3814025588583405, [1]
-7.378779399323401, 2.9272660545924376, 2.2279826049559945, [0]
-7.242302493533614, 2.6722053139565642, 2.8235031240235644, [1]
-7.468461902121564, 1.737751323640327, 3.136799994508735, [0]
-7.269425569048098, 1.3060115901772869, 1.5528138928675697, [1]
-7.326203631513693, -0.2779155798691231, 2.6076466355746266, [1]
-7.161039321659858, 1.7082947170364258, 1.8747682266200745, [1]
-7.2808588128514495, 0.3971890875028286, 2.785478001026955, [0]
-7.328849505914941, -1.3873661316518453, 2.2321158425840237, [0]
-7.479829044228393, -0.36997867345029545, 2.4495814184390645, [1]
-6.996643739930785, 1.17735286886588, 2.9445382396366018, [0]
-7.284308479226925, 1.8214343841180698, 3.7734356268390163, [0]
-7.455582717137493, 2.9638694185672807, 2.2452507804457946, [0]
-7.722971901735437, 5.324760553014842, 0.48067643730267484, [1]
-7.037655145049273, 1.0791320956514912, 1.3636644685415895, [0]
-7.095256811329176, -4.197123497053532, 2.3579883485067485, [1]
-7.344114782464876, -0.6413748395112022, 2.6313278733076455, [0]
-7.096151800494965, -0.5574136206254181, 1.881252988918636, [0]
-7.483125301593598, 0.4246420121157759, 3.549612565211098, [0]
-7.327713606634042, 3.3548067463114717, 2.0898373843306572, [1]
-7.400928298325487, 0.6580308784239892, 1.4811587085498235, [1]
-7.413105250106144, 2.37954936283772, 1.4805077951312984, [0]
-7.557342420547462, 1.989261533895175, 1.012117879187914, [0]
-7.844780780400319, 7.004156373759331, 0.68635944160561, [0]
-7.658159873497992, 0.9186711279021105, 2.76261541691912, [1]
-7.248033475040856, 1.505236943145722, 1.5290435100814697, [0]
-7.556161962852109, -3.778331721014883, 1.6550856391014213, [1]
-7.591151768365578, 2.3276285679865785, 1.903885876823706, [1]
-7.537471654446621, 1.2360100315801685, 3.9068537319794827, [0]
-7.4677747723091725, 0.9169643516249801, 2.3252993883538533, [0]
-7.11405449626545, 0.9228208065369654, 2.6057276879918323, [1]
-7.331631692817814, 0.46143302897324867, 2.905615366280781, [1]
-7.147716902109451, 1.6753057936899003, 2.2098085480409932, [1]
-7.368149987932789, 0.8195189188090899, 0.5559721371948663, [1]
-7.4804461902246695, 3.6516783340186, 2.8333492266491787, [1]
-7.13370827402718, 0.05712163147456417, 2.8733136197488838, [0]
-7.276375522272577, 1.8831103332717398, 1.4207331237061014, [1]
-7.67047934586021, 2.251846904612048, 3.3912913071058486, [0]
-7.806049033021334, 2.8054980528603486, 1.9822523085382728, [1]
-7.724218192656498, -0.1448987182588457, 1.5602999671245565, [1]
-7.180019481417216, 1.6506705629326963, 2.5500245707645126, [0]
-7.836414859048125, -0.3279108228370782, 2.2688646214298913, [0]
-7.289899806470465, 2.598181134781326, 2.959567309192287, [0]
-7.149306042272663, 1.0307672166376798, 3.136307479765294, [1]
-7.064865378983048, -1.2955579656608553, 1.620889974571832, [1]
-7.217143096976655, -0.23456639616677255, 2.5265636235697704, [1]
-7.25486032655122, -1.0230882720593852, 1.8901677388444054, [1]
-7.387047629141284, -0.592295304881562, 1.4275041009931875, [0]
-7.151768686876985, -3.0686990941722914, 0.46364527006885314, [1]
-7.993803664998459, 1.09560675062741, 2.812155229401384, [1]
-7.355734279938751, -0.11447819506076712, 2.6430987579168184, [1]
-7.135998069497973, -0.08410841836973293, 1.5683264635335696, [1]
-7.105403086133864, 1.5315990937505943, 2.021366060872461, [1]
-7.644793994792678, 2.1505049002160845, 2.077430454418997, [1]
-7.171692832541859, -0.36392729623366354, 2.341183259367484, [0]
-7.0508024963650895, -0.7083774797386808, 2.182802098164161, [1]
-7.4831443813990255, 0.3483963426558203, 3.2575978522233493, [1]
-7.871406575089002, -0.5912631987160091, 3.439702775625356, [0]
-7.511551167721562, 6.041464532069097, 1.7239829934885438, [1]
-7.300689986225105, -0.8727234829243249, 2.250544583299595, [0]
-7.056633367594569, 2.5567322915549333, 2.440789080049547, [0]
-7.264577392029198, 2.4076156301556546, 2.321943708036021, [1]
-7.681136965347402, 1.3242994397945997, 2.676005757693657, [0]
-7.236073495066119, 0.1320695538884482, 1.7706304293825754, [0]
-7.328611829013487, 4.404912379171982, 1.0750493618244028, [1]
-7.698846618170124, -1.339162129261691, 3.5621546604051364, [1]
-7.682682748526346, 3.1301538708005125, 2.086984578084753, [1]
-7.186000751688122, 2.3730542479846477, 1.2273349368471207, [0]
-7.236414176425087, 2.706158736959327, 1.9342043612669482, [0]
-7.143223941044828, 1.8975452304958051, 3.135346121050688, [0]
-7.354916828176222, 3.343318366583346, 1.8080146866294327, [1]
-7.163047640457058, 2.3009813665868935, 1.4984644299550027, [1]
-7.214565800830805, 4.643316881446626, 2.064149153158656, [0]
-7.480225110796542, 3.978189233374108, 2.3092861045348645, [0]
-7.330062493077831, 1.4298421688105762, 2.073759931753149, [1]
-7.430479615041598, 2.407524403111906, 2.2069908317552493, [0]
-7.295469945049647, -2.3634039768110306, 1.3716621927335986, [1]
-7.6762697526344725, 0.9882788593958359, 3.65673843214098, [0]
-7.2276303187487105, 1.3038212008543075, 2.5711763961965426, [1]
-7.807215631074265, 2.0990974544814294, 3.5029566520513176, [1]
-7.255555136669556, -2.700810775527133, 2.4566779378761074, [0]
-7.311278629744559, 1.081214990636093, 1.2656983269807305, [0]
-7.398756189074891, 4.056395820209819, 1.3654571915836198, [1]
-7.315558193369842, 3.2401716295618224, 2.549631599769447, [1]
-7.0656697016168595, 0.0037806766669137293, 2.6379307677103268, [1]
-7.32689612980682, 1.5333681681458509, 3.094090705928127, [1]
-7.093591405154258, 1.9392522832680636, 2.213342442612074, [0]
-7.3035953216362755, 1.9267225727843258, 1.8279269845813448, [1]
-7.479986552938283, 0.5271056371797507, 2.7026473982513197, [1]
-7.394801777176417, 1.7057448642622077, 2.870985808321524, [1]
-7.619521961262068, -1.1433486901221244, 2.7201489528796854, [0]
-7.702752066420934, 3.1561441284402894, 2.880392397936274, [0]
-7.319622612332187, 0.14430410981673858, 2.8981461766077095, [0]
-7.336340953912612, 2.7931971839073273, 2.43888299209095, [1]
-8.31339644543345, 0.18329080978517176, 2.2426900118892172, [1]
-7.255439750412345, 0.041734275286100964, 2.7661423947323796, [0]
-7.175827185921886, 0.6869136249502259, 2.4900359034680752, [0]
-7.354336613174633, 3.4359431212311975, 0.8033553142870955, [0]
-7.072868645841884, 0.5158902505404002, 2.4772789839314555, [1]
-7.383381037463002, -2.7851332929795385, 1.570790789255169, [0]
-7.115803385034987, -0.6504405333898435, 3.255210884251669, [0]
-7.165867641441368, 0.601815641920385, 2.020218278197036, [1]
-7.602667402847086, 0.1019140798707742, 1.5686482408756481, [1]
-7.192554387561781, 0.5094051117342053, 1.0183737129346133, [0]
-7.342178539128397, 2.3272367818315223, 2.8188983997362125, [0]
-7.416682362014787, 1.4340590245553608, 2.8286594900889965, [0]
-7.4230311559432405, 3.855752016742036, 3.0337465017950267, [1]
-7.381707381778853, -2.741158929127623, 1.8089873759985289, [0]
-7.7431505821640085, -2.17018133239651, 1.0441738323426182, [1]
-7.0871909880923525, 0.5858249190329281, 2.557968067203596, [0]
-7.52426111862432, -1.1237882050867465, 3.1031875890954472, [1]
-7.389390896812036, 1.6885156108650388, 1.2373931823162532, [1]
-7.025245343097952, 1.0408155577695664, 1.9990674226614804, [0]
-7.336757462812936, -0.0682794133058644, 2.2809441747304393, [0]
-7.373650553038552, -0.5546863707930976, 2.378889797884995, [0]
-7.162874268798796, -1.003015801522234, 1.1269817422699122, [0]
-8.597855981873632, 3.081018366440956, 2.0337031226467865, [1]
-7.159895158915157, 2.0449336022511297, 3.1506862376505786, [0]
-7.290946077809171, 2.7889492620259886, 2.5697917887846233, [1]
-7.171233571482153, -0.751686932046196, 2.7762490083366216, [0]
-7.342991486216083, 5.38895536025375, 0.9441129626450653, [0]
-7.426641145624272, 0.6599438435984357, 3.6204773133556722, [1]
-7.063988949287562, -1.1170809717678463, 1.9489546230865735, [1]
-7.602900068310419, 0.4511792649972504, 2.858817355177147, [1]
-7.367994468633635, 0.25281006108969395, 3.2459328030280354, [1]
-7.029483408056152, 0.7186962600534317, 0.5877445484229116, [0]
-7.177940455657851, -0.41808599692802284, 2.3231313558551108, [1]
-7.216773462279631, -0.7195264650589791, 3.350938589147571, [1]
-7.202109764640362, 1.3430618878470366, 2.4146476494650986, [0]
-7.327883319091226, -4.180266994664152, 1.2879259419283322, [0]
-7.991729222167388, 0.7010347225751943, 2.7194338032295904, [0]
-7.227644779483438, 1.7186991173148762, 2.852238719175781, [1]
-7.316880877067618, 1.5464879811180157, 1.5900182587767009, [1]
-7.478909506879465, -0.4135857561613443, 2.4925528719964896, [0]
-7.318277813881447, 0.29580661448941115, 2.14708678445873, [0]
-7.369196621728414, 4.535709888589858, 2.170191297377875, [1]
-7.811143952477955, -0.8451964603920648, 3.2559622935638, [0]
-7.155323537731006, 2.6976591108439947, 3.2074448926303263, [1]
-7.54344757814502, 2.8241233678647912, 2.8601256133408373, [0]
-7.102971503675685, 0.3397449933966256, 2.7479591182406615, [0]
-7.034856921090461, 1.3217256104952018, 1.3252608510831898, [1]
-7.218355787936744, -0.21217906072903459, 2.6172582501532533, [1]
-7.587760955951232, 2.056913485470341, 1.3668198922884207, [0]
-7.099765589387276, 2.3175102631182423, 2.3791980185225303, [1]
-7.246055434146218, -0.029206253705923668, 0.4062878070708924, [1]
-7.3554145278231555, 0.19603087337517278, 0.975907678345548, [0]
-7.124984067346625, 4.796838691547403, 1.1008285901219186, [0]
-7.1349256112774455, -2.067575779656511, 1.4294041051731292, [0]
-7.320939732020168, 0.5002204789206584, 2.218840497476951, [1]
-7.264887757209591, -2.3657905046274204, 2.6712765872838986, [0]
-7.316130197810218, 1.9621063638200844, 3.5347977769165837, [0]
-7.434116504323376, 0.637950678313701, 3.338889363944782, [0]
-7.465459897435213, -2.1076470137016035, 3.126524396126751, [0]
-7.444040374594979, 1.1396980092166582, 1.610062771887695, [1]
-7.453513660708859, 1.8244305080070053, 2.3563598968253534, [0]
-7.585728073462501, -1.3400453624316238, 2.900063223186593, [1]
-7.260622024947306, -0.3346146529260938, 2.7449583521555447, [1]
-7.8820709264783435, -3.77218060567772, 0.6489371305126799, [0]
-7.402084004843002, 3.322279356404708, 2.9060298159174764, [1]
-7.441502256692222, 0.21037876632266655, 2.7938110208036706, [0]
-7.131800531002332, -2.5662600283347308, 1.1644360666332152, [1]
-7.1707761321474015, 1.8796285805956376, 3.1811758979743887, [1]
-7.108316951624828, 0.9576724504946843, 2.401109245362771, [1]
-7.106166001580516, -2.3964734542251924, 2.0558240266221106, [1]
-7.108342008749069, -3.888263583193484, 1.9798754536726269, [1]
-7.271446426496157, -1.9499660625992723, 2.1870165518850593, [1]
-7.62502019874184, -0.4412780564655474, 2.0973521041421876, [0]
-7.544298547880411, -3.7712979586714392, 1.315249676860584, [1]
-7.631181469302758, -1.505242018668101, 2.4494653724527664, [0]
-7.346140488808881, 0.11267105365053331, 2.5080046261533013, [0]
-7.2705638301748525, -0.06521375506509544, 1.3912990802825107, [0]
-7.339287644504574, -0.6403359684638052, 3.1045030871945105, [1]
-7.3000967028869885, 1.9353916784831748, 1.8789241959143612, [1]
-7.2669547500001075, 0.1739534561155992, 2.740337470817173, [1]
-7.373320614042079, 4.977511377238481, 2.1891969867788696, [1]
-7.022133840244877, 0.20699887303438552, 2.373351330549961, [1]
-7.09859183672131, -0.31224202620232555, 3.3492921924674723, [0]
-7.106693081966899, -0.4348126531919143, 1.3424648188727406, [0]
-7.2851005099652735, 0.28816304107294854, 2.789378617684141, [1]
-7.062908166528498, 1.5712373392759142, 1.4674403777207337, [1]
-7.294388609346506, -3.266341401141216, 1.1548726303551318, [1]
-7.23269116063004, -0.13626776900999404, 3.7347631749221195, [0]
-7.05197776718135, 1.5882242797148123, 1.803967472228455, [0]
-7.263500731810427, 3.6967638013581636, 2.4776312909999807, [1]
-7.1575850950209, -0.16629763369006456, 2.2216803801877125, [1]
-7.33795846109611, -2.4435801535321877, 2.2573989242918975, [1]
-7.588662973605246, 2.598260976416994, 1.3333386899002095, [0]
-7.740846765046394, 1.6395159967021993, 1.9909632839728504, [1]
-7.254224674694388, -0.5466519158842673, 0.8706132215654808, [0]
-7.112719441537082, -2.6624429501001083, 2.2294273243765015, [1]
-7.820283100099616, 6.879742473464693, 0.6751881513700304, [0]
-7.648906624916631, -0.6501997367765744, 2.3628264618549837, [0]
-7.535165656497068, -1.8569361658400383, 1.7945778103912224, [1]
-7.0955652351055525, 0.7548647798227512, 3.7216241372614394, [0]
-7.227890702003049, 1.7821196664134693, 2.3472913876888275, [0]
-7.412011006779239, -0.7936685205225977, 0.3305365065613439, [1]
-7.178727456930666, 5.905685123077632, 0.9996253770532404, [1]
-7.57203012600145, -1.935319333075546, 3.258093925157218, [1]
-7.197831547593631, 2.6512754721279297, 1.1313336456612375, [0]
-7.51896635827931, 1.0395027195117263, 1.4662243535674768, [1]
-7.067308840243678, 0.31602798389601594, 3.0060639102639914, [1]
-7.3912119285218525, -1.3677309282207148, 1.1460345148762183, [1]
-7.060463107796696, 3.296804382230723, 1.8002145855814267, [0]
-8.075376303040079, -0.4965105122733986, 2.1334672576136033, [0]
-7.188984492135073, -1.3103594976524722, 3.455969922643805, [1]
-7.189311354098525, 1.8467554717450543, 0.4557137350052498, [1]
-7.4256497462205555, -0.03528149535058578, 1.9552621924997684, [1]
-7.211493823775071, 2.1847541305975513, 1.85814168356525, [1]
-7.700174929337012, 3.055613203488891, 1.494952812406824, [1]
-7.117153249755239, 0.5636760801375456, 1.0204150466944737, [1]
-7.225074145620971, 1.3970540670798597, 1.8343937625627518, [0]
-7.127832155235138, 1.3613348428466057, 2.4683280019307023, [1]
-7.196630485114529, -0.9482402629025318, 1.7900554608814303, [0]
-7.222617048620008, 1.1408182437104526, 1.7317803141127048, [0]
-7.607993218845243, 2.0691454106068834, 2.921147481203541, [0]
-7.09965696476452, 0.17852546215207488, 1.5296123833795388, [1]
-7.202861771429493, 2.7878574363179247, 2.3306784621733163, [1]
-7.1748130909375005, 3.346372967208163, 2.7859463580857984, [0]
-7.17550813981628, 1.184687996608288, 2.8557079980250037, [1]
-7.13480016802846, -0.977185013629189, 3.0719378631763963, [1]
-7.78756855139983, 0.7737799232734544, 1.6270957828440615, [1]
-7.117531511976485, -0.40728324911125147, 1.20593484392115, [1]
-7.12711891978725, -2.759724983009715, 1.7585598550315278, [0]
-7.629874747314306, 1.2329702292782834, 1.5769334028253568, [1]
-7.634373597957517, -2.581099075528221, 2.594597370674104, [0]
-7.321691389420503, 4.695453168156286, 1.3722384442496782, [0]
-7.9164549005239175, 2.6211586776082743, 2.1150213164335177, [0]
-7.345568428873602, -2.3873100499029296, 2.0473152165614557, [1]
-7.203999084403923, -0.490056504194753, 2.9640641746007037, [1]
-7.311603130987953, -0.638535808519235, 0.4435770594921373, [0]
-6.955930263885761, 1.4987214247989005, 2.063161791139226, [0]
-7.313829714325763, -1.1748230915744657, 2.427136520067136, [0]
-7.426623436519436, 0.7409869161071323, 1.8392392125405674, [0]
-7.485536059244268, -1.27079089469072, 1.034457725616252, [0]
-7.4094429434685924, 2.876024688716426, 2.4518257907407097, [1]
-8.13270912126061, -0.5027715733860278, 0.3488822096537351, [1]
-7.6225767526213986, 1.1857320021124105, 1.8028127055695757, [0]
-7.553090027035684, 5.064470324038001, 2.3798885389599578, [1]
-7.347889593168779, 0.2625923493157205, 2.2576561335141507, [1]
-6.933064082917463, 0.6147258101822098, 2.318026108249228, [1]
-7.547213528751237, -0.1356634763888105, 1.9481030773789014, [0]
-7.329480717715021, 1.1057176159530604, 1.6563617059607227, [0]
-7.293497658956632, 2.676456175968271, 2.723814677386724, [1]
-7.0620734321746195, -0.8551688111319855, 1.727729905980581, [1]
-7.156622585160082, -2.0766172177541438, 1.6435299100837946, [0]
-7.186349331618063, 0.8965850069129373, 3.018577494931061, [1]
-7.486351387479879, -2.5718242730294594, 2.6491325256518006, [1]
-7.35070509178146, 1.8156622712309358, 1.6058169457393257, [1]
-7.554787025654219, -2.776790728101476, 1.4323826668665163, [1]
-7.30701879849831, 1.336487090504277, 1.0763153981611033, [0]
-7.298889338946922, 0.5985822879734612, 2.1242964190170253, [0]
-7.183781385333063, 3.556318180018255, 2.2199460706387, [1]
-7.023011344787796, 0.8662845126399552, 2.2200655722297866, [1]
-7.284516816003483, 1.5330663087427043, 1.9843018034965505, [0]
-7.237051916882405, -1.0767550877569234, 1.5534474982877926, [0]
-7.3173641564960965, 3.5708879656994617, -1.102888125304409, [0]
-6.984908559038152, 1.2013848533076528, 2.5551574685036185, [0]
-7.278804420439361, 1.6420058219737792, 1.7579394807022157, [1]
-7.503158491418989, 4.743547570290191, 1.6545138304818854, [1]
-7.140853850052815, 0.22786230977019306, 0.577886422305975, [1]
-7.420556843673613, 4.19396894019342, 1.996067978796167, [1]
-7.532109239557426, 0.04208104063983642, 2.3896499534799975, [1]
-7.083730538371322, -1.0821050417274378, 1.4946394792176578, [1]
-7.454088155467993, -2.9181935758973925, 2.6674534122294156, [0]
-7.610257665966214, 2.770988209449617, 2.5359255484646925, [1]
-7.471519506404491, 0.9971110147319333, 1.9666412051226125, [0]
-7.261593249239547, 0.9160419884941347, 2.3654368492291535, [1]
-7.333337031667277, 0.45387349788581566, 3.177594372870807, [0]
-7.368392801832899, 2.829100882195184, 2.0478138689052776, [0]
-7.985423844881901, 4.98212195821992, 1.883189982818299, [1]
-7.359532062775781, -0.8639227821484354, 1.126583972197462, [1]
-7.271937132825594, -1.3070584564838656, 3.733340585104573, [0]
-7.2776417581740365, 2.801293997721475, 0.9818087652789846, [1]
-7.468830525078627, 1.1242813377522665, 2.0716146110279037, [1]
-8.387921070408746, 2.7997431699967623, 1.1188786203617034, [0]
-7.159061493727351, 0.014257985276938667, 0.8402514745057013, [1]
-7.2583189714665215, 2.960325642000611, 0.8053183107287297, [0]
-7.219183200383191, 1.011624978710275, 1.782677351929245, [1]
-7.170211512508957, -0.894684389600048, 1.7310182421009803, [0]
-7.813803836893613, 4.278097349903046, 2.9376153425677343, [1]
-7.157035944880916, -0.5040522384637325, 2.1640032136775176, [0]
-7.067537520839698, 1.2856161549183143, 2.2344278177316395, [0]
-7.782306962260471, 1.340901086869965, 2.0048881356408352, [0]
-7.031910471445442, 1.222466592627668, 3.031787937379881, [1]
-7.628831777705081, 1.6964653215656849, 1.5349047925018788, [0]
-7.302226309607607, 0.9076803038988008, 2.05115237087975, [0]
-7.406890588557747, 0.33210036853749914, 3.575099657797937, [0]
-7.003082786136467, 0.04853673601401, 2.0211284419240227, [1]
-7.367743203353372, 2.047584762097104, 2.1073292938128843, [1]
-7.087008051849961, -1.9617495573197363, 1.839506983450229, [0]
-7.360455337768843, 0.40193714406274617, 1.885832275373751, [0]
-7.08406497706569, 1.2424265876191514, 2.458775555564359, [1]
-7.575392709678409, -0.22686801105818422, 0.4398188099520759, [0]
-7.141585280434182, 1.2124800462548162, 2.036491505257051, [1]
-7.418050858681332, -2.094564006800953, 2.1973387062733982, [1]
-7.340434556798028, 0.19989453568664284, 2.8220190938098253, [0]
-7.035194866199456, -3.214914251410877, 0.9114614801673158, [1]
-7.35916482537169, -1.153309446392866, 1.5107083012721378, [1]
-7.281355733327536, -0.20458784400954722, 1.399266586266371, [1]
-7.10305391133308, -0.09337195095211204, 2.198314212794133, [1]
-7.239801914205057, 2.3027675263301757, 2.7599608258590758, [0]
-7.1306208495305015, 2.7402073845256107, 0.199281682948258, [0]
-7.541883584180492, 0.7965402579002105, 2.857937516280387, [0]
-7.347915074542848, -1.1315126905571036, 3.049745745515724, [1]
-7.596097037457983, -2.2525419720943707, 1.560510553850054, [0]
-7.626613287130309, 2.6817213698863065, 2.1203270873872317, [1]
-7.105058908763553, -0.9720192619425203, 2.0940311033464267, [1]
-7.275491711744221, -0.6120896892705783, 2.3270661166945947, [0]
-7.063390019886079, -2.294191829338363, 1.0232059701830098, [1]
-7.1002498100443665, 0.9439120109225834, 2.576690387457634, [0]
-7.337943940983598, -2.4874394215163673, 0.8089661286406189, [1]
-7.17144848452375, -0.7718480667056535, 2.7559478485220064, [1]
-6.990830113697952, -4.237426753125578, 2.7620515640316903, [1]
-7.143770317747428, -0.8955219372000781, 1.9252712123188607, [1]
-7.471085493111548, 3.3755273773636993, 2.1945569396640954, [0]
-8.165966496044708, -4.774489202907833, 1.5381304116272185, [0]
-7.190039264492506, -3.286146380161415, 1.7610083034341204, [0]
-7.789636150761472, -1.8329442923821126, 1.8723486219270369, [1]
-7.218580008984857, 0.5626123268268183, 1.1354794475744714, [0]
-7.195464594788917, 1.9433413354495461, 3.0426497624133857, [0]
-7.301763343677169, 1.6380042701401802, 2.102276221432019, [0]
-7.070906065612125, -0.8493030084004656, 2.2667350683985, [0]
-8.404358811010153, 1.1328800990324024, 0.9818186329286711, [1]
-7.166175657092784, -1.3471876779254761, 1.8914452842772695, [1]
-7.4745686454168725, -1.4133723759326329, 2.233691167842818, [1]
-7.319671690508471, 1.2780576011598295, 2.224506815550974, [1]
-8.130190970597551, -2.7002921740978567, 2.261436242106627, [0]
-7.2218479344178, 2.270853921899238, 2.4077904928738025, [1]
-7.209216637214718, -1.4617643545588308, 0.8433584820668976, [0]
-7.382557436263488, 0.3556818794199432, 2.776299478571449, [0]
-7.498375232488331, -5.141237295521572, 0.7015486922759804, [1]
-7.308405501052226, 5.076740524094767, -0.340311640083526, [1]
-7.169819835111652, 0.6940666686295214, 2.9059952357504875, [1]
-7.543975640809477, 1.719792732960832, 0.7483558156772308, [1]
-7.081553838944037, 0.016365792038032758, 1.3943277469517832, [0]
-7.300475043902755, -1.2867185453170267, 2.3833812057418466, [0]
-7.175127537137618, -0.5498525301193786, 2.042483818591878, [1]
-8.01957531575468, -1.9593225402409506, 2.3355457308328473, [0]
-7.154828529477545, 2.0717053625806123, 2.989667882644345, [0]
-7.224735974568717, 2.103126705128669, 3.142251635866468, [1]
-7.112314382759631, 0.3475200320073015, 2.334535154469931, [1]
-7.228420674717694, 4.047627783972559, 2.3451555771143973, [0]
-7.58959151334371, -1.4677492332100517, 2.1393989877485846, [0]
-7.238420691775162, 1.095060595374187, 2.34907845218717, [0]
-7.363407156290131, -0.008769221216022971, 1.2236721545918456, [0]
-7.128021377192574, 0.01500099096871832, 0.9405428301625403, [1]
-7.106386256139524, 1.1566998033261866, 2.669891450524039, [0]
-7.130130782301165, -0.7572329261569082, 1.6666698853737878, [0]
-7.230762455018029, 5.301252039208199, 2.277672903116506, [1]
-8.492309507905484, 2.990827901786757, 0.03224397933321341, [0]
-7.420960268282756, -0.9892971136529461, 0.17910252410172323, [0]
-7.470074004690198, -2.3306265718260293, 1.0782340332223983, [1]
-7.208640909876028, 3.630714593958616, 3.6177614578823105, [1]
-7.392543754610273, 2.3629277498577035, 1.4588355994203623, [1]
-7.468947273640279, -1.7242226808991696, 1.8350533023267241, [0]
-7.62520328328587, 4.509021187919331, 3.2649018033675796, [1]
-7.4588974353153725, 1.426003710893474, 1.616284107750499, [1]
-7.271234449291185, 3.79305937463302, 0.6466192276811655, [1]
-7.305006282567952, -3.0896250746613663, 1.58161393842797, [1]
-7.997866155143456, 3.6121561470851518, 2.137586005124489, [0]
-7.062266825682155, 1.0566801207363432, 3.045782881580987, [0]
-7.371335604737607, 1.9912489486160756, 2.515578032858164, [0]
-7.742805362399198, 4.389261629675222, 0.7881352949887441, [0]
-7.134107323732111, 1.5424363362641063, 1.2076063038005764, [1]
-7.17015952462782, 2.8217066201730656, 2.631937755717384, [0]
-7.177804178761675, 0.5337294874250915, 2.6294514773295212, [1]
-7.331474310955391, -0.9088399183074991, 1.8420381883685164, [1]
-8.286705252631346, 1.1283254411015333, 3.2997845551447935, [1]
-7.239842608678848, -0.237104510562129, 2.5935634697659955, [0]
-7.221857955224398, -0.11450985576414019, 3.2577756128372632, [0]
-7.260820194546143, 1.4091741717250996, 2.239751140226721, [1]
-7.278213112823978, 2.1053777226246777, 1.8994508418086056, [0]
-7.28630919518166, 1.6444994547045244, 1.4595266200914792, [1]
-7.690766233040366, 0.5100818465944454, 1.6986541601119798, [1]
-7.278022279358213, 1.46677285056504, 2.544817299915259, [1]
-7.181350263922972, -0.4380038505238373, 3.1519460743758585, [0]
-7.200543844443705, 2.876896579492124, 1.9261743739260617, [1]
-7.413396109409832, -0.8402449825674438, 2.5116084863696497, [0]
-7.455620468419653, -1.820053342459918, 2.297928633644867, [0]
-8.691946891465482, 0.6982345984890967, 1.8402861217356028, [0]
-7.542881554837741, 0.12429219021874816, 1.4879871320739664, [1]
-7.601575389994224, -0.9975432533319326, 3.2060636373653923, [0]
-7.205821026077153, -1.6505886845483555, 3.4934748789835255, [1]
-7.378748658663596, -1.0344056120346488, 2.727937492204758, [1]
-8.564993885321934, -0.15086865771775235, 0.8664106827504368, [1]
-7.301188891634182, -0.6470069656820006, 2.396705196369384, [0]
-7.879045841864333, 4.184364757472615, 0.23694996028713677, [0]
-7.078163816026963, 4.044842264943422, 2.57012355720411, [0]
-7.1383594193481645, 1.3035718456485246, 3.008044495136358, [1]
-7.045057459134286, 0.02875780315007881, 2.5256283442070213, [0]
-7.125609582376561, -0.4159743317669571, 2.429421706938469, [0]
-7.836616542584364, -3.410359447692022, 1.9104201699305077, [1]
-7.173807622638322, 2.1643604867024906, 2.9741916498247596, [1]
-7.642513575772445, -3.255604267995346, 1.526872254646463, [0]
-7.245516101055772, 3.096815803724277, 0.48440291988134243, [1]
-7.564055499170253, -0.5389863258380592, 2.9451671569995526, [1]
-7.197937307562352, 2.221802960048854, 2.232640504175934, [0]
-7.18972797502471, -4.0506677088425285, 1.7091522982682896, [1]
-7.195798265781447, -0.8625114607382316, 2.7234255165946086, [0]
-7.094332086518886, -0.8569744997459989, 3.118282815446072, [0]
-8.05765196982988, -4.0093602924399665, 1.002235224734945, [1]
-7.294957756645137, 1.6479636325705926, 1.4862147094096414, [1]
-7.277350271496416, 0.011878132460310553, 2.516218555631892, [0]
-7.972589359458763, 3.6728105492721737, 3.3359326729942076, [0]
-7.707243559215325, -1.3369548648123972, 1.271405215988874, [1]
-7.1186414548342265, 0.22611449400148698, 3.305046745846486, [1]
-7.070856617627995, 0.5074075695507827, 2.540163351661704, [0]
-7.3501375354268905, 1.1767180941168414, -0.011456799128598316, [0]
-7.209781262957585, 0.16161133687840534, 2.4146922374073454, [0]
-7.080730146688986, 1.068165033836245, 2.6605613319395345, [1]
-7.456212774003671, 2.2383412509355365, 2.7475312895623762, [1]
-7.113608794030817, 0.6455445933555259, 2.021235959301853, [1]
-7.36086194070511, 1.5077802986622895, 3.3489587375209373, [0]
-7.028953211350064, 1.7105858058640002, 2.705155532270603, [0]
-8.069947555047877, -1.8740989002242503, 0.7064224250952829, [0]
-7.5306738488068, 1.0352051891530414, 3.0094874494128954, [0]
-7.146053061310494, -0.5099769127740225, 2.9457911677665605, [0]
-7.542932423930517, 1.7622602614651202, 2.6711430189308354, [0]
-7.968271174064568, 0.6786979704128662, 3.4902475349952886, [0]
-7.08978112174991, 1.8650530789056856, 2.129654184280979, [1]
-7.33990183839505, -1.151864655816723, 2.172416750536885, [1]
-7.17301396750399, 0.5237901758045922, 1.2026414040781273, [1]
-7.106754503585277, -0.017942516626017202, 2.5918619254843343, [0]
-7.5198664962129, 3.2566500796786233, 1.8720854553997377, [0]
-7.095620021820207, 0.9689814334557492, 2.2067460025110157, [1]
-7.431205300124216, -0.30190893646571715, 1.5155934156003545, [1]
-7.2429104404804985, 0.7614954477036077, 3.2624426222702727, [1]
-7.200768439549564, -2.9141551958237173, 1.3095272688202204, [0]
-7.323597138302409, -2.685236849085921, 2.7580478131937154, [1]
-7.372598093821718, 2.5260242249865597, 3.088455533909979, [1]
-7.198287256056834, 1.6820874026435055, 1.9891344271797935, [1]
-7.72296931268861, 2.37396370403919, 2.040429969790723, [1]
-7.467818435830077, -2.5100514229901623, 1.5088416394062252, [1]
-7.421898130791753, 4.410418274647379, 2.743520902533234, [0]
-7.154421100746657, 1.4473671586252306, 1.4607745197401896, [0]
-7.303513771368685, -0.43416694372706294, 2.369440033251048, [0]
-7.251510912929355, -0.038699773249549096, 2.9567814626604694, [1]
-7.258026101493901, 1.676745336393794, 3.0482856514460854, [0]
-7.425002246725895, -0.745666242875386, 2.604963280671808, [0]
-7.364055839569491, 2.4065115393760452, 1.9164218714105987, [1]
-8.038534202967789, 2.461682345240506, 2.6243067524997326, [0]
-7.444538071534932, -0.7958157925824643, 3.540235207303864, [1]
-7.361401379829934, 2.142870166681489, 2.6031167872489602, [1]
-7.222079497316426, 1.6791344951821852, 2.8107460355694167, [1]
-7.1828233337654535, 2.2418465084473325, 1.9406276626785939, [0]
-7.055698572876729, -3.846157156436381, 1.0441655601169981, [0]
-7.2117576210291965, 1.382668445896981, 3.4667670234153785, [1]
-7.111596467299195, -0.40427599287591864, 2.395935388402892, [1]
-7.634102109044434, 5.519464323309778, 1.3663796799398358, [0]
-7.407133636404931, -2.376005659618743, 3.3684952336511156, [0]
-7.540087294752201, 2.473711455327746, 2.3548093408149766, [1]
-7.828358702609657, -3.98564506802147, 2.3117728450999295, [1]
-7.417443092322169, 1.0086484061717003, 2.4597524972259763, [1]
-7.746390238450745, 1.4042668746576918, 2.546785024279062, [1]
-7.01223500326755, 1.1075495658459662, 2.7516846899719827, [1]
-7.192963028681403, -0.015409809936226981, 0.7575979202007206, [0]
-7.642645741245148, -0.5982411604721738, 1.7440683066706049, [1]
-7.2225025716368165, 3.6518924975791083, 2.23954057269438, [0]
-7.3319372142059995, 3.044360186124849, 2.914679507549903, [1]
-7.0922218141939934, 1.2027531850218698, 1.9236995261362009, [1]
-7.33200623540952, -4.040576656974488, 1.005240130371484, [1]
-7.83241962742629, 4.825311979636154, 1.5703069012675732, [0]
-7.81158412060369, 1.1119929045003523, 1.3136570610494132, [1]
-7.157095074078338, 1.9570335033453183, 2.7923578105174296, [0]
-7.92673532777316, -1.6124119173592566, 2.6891464284669886, [0]
-6.978997728090232, 0.8535717574268592, 2.8898403600927436, [0]
-7.203078188586141, -2.323385976478691, 1.5032643718730707, [0]
-7.547042279379384, -1.7084503733138434, 2.216261114362174, [1]
-7.114380142106018, 1.0779300427942518, 2.7901924273905916, [1]
-7.210060683620512, 5.415327888125444, 0.29591339279519024, [0]
-7.286382524728889, 0.8990078060787239, 3.0825415496046857, [1]
-7.349721446801395, -0.2386282028157405, 1.6831471738829833, [1]
-7.023630057249428, -0.24023839094510846, 2.7549535153111564, [1]
-7.824029235580892, -3.902030767347954, 2.143361428593319, [1]
-7.179470553206362, 1.3236638498902926, 1.812668592818569, [1]
-7.5713891327250975, -0.3244622199710274, 3.2734863980537243, [0]
-7.123271498442217, -0.28806951557551064, 2.8437681535366384, [0]
-7.460264131803997, -2.7182839660383555, 2.5774798248665824, [1]
-7.196849871941579, 2.7129771100252436, 1.7754115531657915, [1]
-7.431401743957716, 1.515438105160607, 2.701213970604138, [0]
-7.36366660471628, 5.563250978957057, 0.924285068437888, [1]
-7.14168674915982, -0.927309264508209, 2.378614726072001, [1]
-7.533259756210069, 4.779595949218271, 1.5072127682735863, [0]
-7.844014123543578, -2.765089221733245, 1.8933079759974527, [1]
-7.4595025912307324, -1.7639903432790023, 2.6984174512911974, [0]
-7.166049496495735, -0.4823064332141571, 2.751261514435048, [0]
-7.030480875666595, 0.878357932117698, 1.7364714349266062, [1]
-7.415287272303805, 0.7468122786385152, 3.21754126619935, [1]
-7.252167074140438, 2.4040226507346247, 2.5525142938524006, [1]
-7.497155452996686, -0.7351541095688297, 2.47632734448193, [1]
-7.219993010079275, 4.3969510695655245, 1.4560803756568972, [1]
-7.296077547469813, 0.20346517563301503, 0.03347664765616448, [0]
-7.083242027135782, 2.7436388214054013, 1.6380622727665306, [0]
-7.672795562801838, 2.599451465975026, 1.3303693302787478, [1]
-7.211685454612084, 0.7545409452032026, 1.5553501394201263, [1]
-7.472665738129178, 1.2106778219380991, 3.654557124975232, [1]
-7.45224799800318, -0.9187472076681666, 1.7456474208655992, [1]
-7.307966428465233, 1.651863094040125, 3.355470674217474, [0]
-7.578591778539295, 5.015903238143283, 1.4595145747483471, [0]
-7.149787305146599, 2.1984111961880357, 0.08035362528353462, [1]
-7.740859445322842, -4.734251748288408, 1.8720564386178962, [0]
-7.90554533652239, -0.21066565428702333, 1.2584336074595734, [1]
-7.497684051703482, 2.025450761830088, 1.520933840963977, [0]
-7.387391779056256, 2.507317922722334, 2.735570629456719, [0]
-7.254859916278578, 3.895123873968126, 0.9416161030055007, [0]
-7.116443237632108, 2.9676688356246483, -0.19045621909309274, [1]
-6.975715067952049, 0.7297941836912357, 2.496160805552618, [0]
-7.341327366326978, -1.6993256155655494, 1.4980786550721232, [1]
-7.120226474738893, -0.211969098491402, 2.378671211724921, [0]
-7.276505962325368, -0.915482834403758, 2.308641696341249, [1]
-7.456987208134326, -4.437374466082353, -0.25226509854514756, [0]
-7.407445615199163, -3.0012586574315834, 0.7610506531524923, [0]
-7.513285967600955, -0.10198625855758792, 1.702117165659036, [0]
-7.366582114109576, -0.8942771903223115, 1.4977897682207475, [0]
-8.269368455462345, -3.889846810693073, 1.6027681858836993, [0]
-7.287526717606162, 5.082991181261223, 1.0807159104849444, [1]
-7.623835933601027, 0.7930523797645899, 2.2502617706575205, [1]
-7.379451245131317, 3.6197091467432685, 3.310648777150785, [0]
-7.106946267184287, -0.6438896789331706, 1.5225632187144167, [0]
-7.666860300129356, 1.8425654055385148, 1.8166167569408784, [0]
-7.520533066723819, 0.5343085834387464, 2.7998417170653536, [0]
-7.555332901327993, -0.2800750685854284, 1.5066071577488835, [0]
-7.328533567148232, 0.4242122299348756, 2.9032821233803006, [1]
-7.501567837280915, -2.4124528659843643, 2.513505361220724, [0]
-7.234031280212068, -2.51126475682888, 2.291532832338463, [0]
-7.22242041275355, 0.635554155257797, 2.0677668333713908, [0]
-7.151893308317646, -1.2143887342137303, 2.644556731949794, [1]
-7.36748818746048, 1.6042148362489173, 1.7436154935894257, [0]
-7.41270259365219, -0.6719152932064678, 1.9609546918124012, [0]
-7.3177942749858085, -1.8784662004442596, 2.256388864209379, [0]
-7.541443241043839, 1.0765107672151701, 2.3177299058756007, [1]
-7.266891582509591, 1.066980562203815, 2.6283324040477254, [0]
-7.295129006410424, 2.6756795817858956, 2.170468107011764, [1]
-7.445083225787511, 2.1299547630444984, 1.7851341200119692, [1]
-7.375135085374092, 0.2647810957811134, 1.4986771464560096, [1]
-7.471330655213053, 0.17795185302066108, 2.664051324109608, [0]
-7.22933659354188, -6.258885359421502, 1.6945612160968426, [0]
-7.029773141683982, 1.7232785040731198, 1.9449648426493786, [0]
-7.241268430647115, 0.06845168835186777, 2.4679568926083575, [0]
-7.360076132733152, -1.7660216077907789, 2.1351268488306014, [0]
-7.201715578166238, -1.0875506291112818, 2.0389350933690853, [1]
-7.6232966904793855, -0.5703405288085035, 2.2700733409948786, [0]
-7.260246414031792, -1.3321270519451471, 2.2768863039273923, [1]
-7.112715667421915, -0.1789959518214408, 2.2660165856249384, [0]
-7.744978648881092, 3.6982021636649893, 2.116438277784801, [0]
-7.7349272812368595, 1.565800442410282, 3.9234049163997406, [1]
-7.2058848192978004, 0.21054127155366897, 3.5450950403812143, [1]
-7.0591574013496485, 1.1521729912727658, 2.142838151907622, [1]
