t=0.0
logZ_t=0.0
-6.907755278982137, 1.5301068775356852, 2.814573525849714
-6.907755278982137, 5.076819038722703, 3.569587180923774
-6.907755278982137, 4.74182541574416, 1.0939655777470834
-6.907755278982137, -3.7201787284654784, 2.2462005148624935
-6.907755278982137, 6.181075913006439, 2.675656774813653
-6.907755278982137, -1.875084101728469, 1.573613333102488
-6.907755278982137, -5.169908265163774, 3.1346405879027848
-6.907755278982137, -1.1431339533141736, 0.057925604038225824
-6.907755278982137, 7.731449410793847, 2.6294212434715667
-6.907755278982137, -1.0991607438977087, 0.12355739982667661
-6.907755278982137, 5.675088962397756, 2.5154379596642826
-6.907755278982137, -4.417576270710332, 3.2516887737945717
-6.907755278982137, 0.28894858830840464, 1.2482525677031606
-6.907755278982137, 1.0955460660198792, 2.8444627777434994
-6.907755278982137, 0.3875637736314674, 2.4167971639286026
-6.907755278982137, -1.3861789154003699, 1.412167919598348
-6.907755278982137, -4.597486464211333, 3.018662999350236
-6.907755278982137, 0.48068820768187626, 1.9611602417394027
-6.907755278982137, -4.16111381929386, 2.6039738143094366
-6.907755278982137, 4.508231603848539, 2.011927185875809
-6.907755278982137, -4.828927888613801, 2.870056090829295
-6.907755278982137, 1.0534895016707375, 2.2560458585749927
-6.907755278982137, 4.067844223431208, 2.481093913380532
-6.907755278982137, -2.261849826694346, 0.548680773249309
-6.907755278982137, 0.716969245703126, 2.051133727922237
-6.907755278982137, 2.1628827170871796, 2.851881315908687
-6.907755278982137, 4.448478700720091, 2.7028497038818737
-6.907755278982137, -0.4746498645115552, 2.1506606046308856
-6.907755278982137, 1.0167077985020352, 2.4346958860749197
-6.907755278982137, 0.6309138562312361, 1.6700727248460887
-6.907755278982137, 0.22936241996931667, 1.7881011210485034
-6.907755278982137, 0.9415899263777132, 0.2702399535941994
-6.907755278982137, -1.7485855130055916, 2.8205631560265254
-6.907755278982137, 2.1870124479709747, 2.9425593329468995
-6.907755278982137, 2.976203959576125, 2.840803169456596
-6.907755278982137, 0.268089169496949, 2.0067888135972627
-6.907755278982137, 1.7469337467556811, 1.5817400902190373
-6.907755278982137, -1.1115836229075846, 2.0571649654927704
-6.907755278982137, -1.4406734026212789, 3.0327533673736524
-6.907755278982137, -2.441183120400327, 2.4742621929047277
-6.907755278982137, 1.655581649243807, 2.2895885758738457
-6.907755278982137, -5.826136671424895, 1.1401387434230814
-6.907755278982137, -1.0466794948701579, 2.5577890149137703
-6.907755278982137, -1.473618434537039, 2.531484436828443
-6.907755278982137, 0.42154585643924386, 3.035058026486616
-6.907755278982137, 1.7647606688051831, 1.8511964380811547
-6.907755278982137, -1.0920524359143324, 2.956390190497945
-6.907755278982137, 2.255470129814705, 2.738513724747232
-6.907755278982137, 0.17069370244036575, 3.004879583014949
-6.907755278982137, 3.0805100934730043, 0.7158281098404602
-6.907755278982137, -4.3903772146169535, 2.2200838665965206
-6.907755278982137, -0.733583075407705, 1.952917690406229
-6.907755278982137, -0.5225544064629671, 2.676703059684146
-6.907755278982137, -0.521178022614733, 2.9857514429093936
-6.907755278982137, 1.4812259957474114, 1.775379276374055
-6.907755278982137, 4.989494174801037, 1.6710874795712751
-6.907755278982137, 2.827019075374874, -0.5677302089352878
-6.907755278982137, -2.8771033885456148, 2.4237552268575118
-6.907755278982137, -4.58680460636787, 1.3583404643645058
-6.907755278982137, -0.4385594322891616, 1.9553169445568142
-6.907755278982137, 2.352276439386457, 3.4751843208082493
-6.907755278982137, 2.721276732387946, 1.9228040841223233
-6.907755278982137, 2.713259184500939, 2.3856508365977467
-6.907755278982137, -0.06253928036746259, 3.5446656163730914
-6.907755278982137, 3.9609299570042187, 2.71876879423678
-6.907755278982137, 2.0313976509400495, 0.37086200814356635
-6.907755278982137, -1.6800615193799167, 2.4883700808028033
-6.907755278982137, 3.8548729197183005, 3.740593267770278
-6.907755278982137, 3.2512715283926763, 0.9511673894275453
-6.907755278982137, -2.399334557124612, 2.357022625409637
-6.907755278982137, 1.3300616579575664, 2.545527795179982
-6.907755278982137, 2.3045270621058322, 2.1125353886393134
-6.907755278982137, -0.7653744238445043, 2.598680786896571
-6.907755278982137, -0.6799396718628526, 2.48094908276994
-6.907755278982137, -2.751356009475948, 1.782373046089735
-6.907755278982137, -4.29620064797026, 2.571677777029428
-6.907755278982137, 6.664060208421853, 0.7954315794587741
-6.907755278982137, -2.517179970259534, 2.2493150898495013
-6.907755278982137, 1.7475921891564656, 2.026172719758776
-6.907755278982137, 2.2475971315522676, 1.7449979217754146
-6.907755278982137, 3.0927958326530742, 2.0541127323743833
-6.907755278982137, 3.851615122342806, 1.736583041758418
-6.907755278982137, 2.424604839963196, 2.9582380107957533
-6.907755278982137, 8.494680129825793E-4, 2.6592158808252346
-6.907755278982137, -5.325289547487672, 2.0295820292934863
-6.907755278982137, -2.4567133207487566, 2.929269345244793
-6.907755278982137, -1.6791371891263829, 2.9931646680662722
-6.907755278982137, 2.5871313896237225, 1.67163361847582
-6.907755278982137, -0.12858385528794858, 0.9678141434655064
-6.907755278982137, 0.8716956861759576, 2.6822566931305025
-6.907755278982137, -1.7375824088346374, 2.0391460755042154
-6.907755278982137, -3.375063802591632, 2.0359492395236876
-6.907755278982137, 1.9834825965255938, 2.7709108367801147
-6.907755278982137, 1.7252799382919894, 3.0358632939041508
-6.907755278982137, -0.10835742192299735, 2.1226635725420855
-6.907755278982137, 2.7922267702005326, 2.5610360911693353
-6.907755278982137, -0.08816679056964039, 2.6030441440572196
-6.907755278982137, 0.8565760269556923, 0.4535798747453306
-6.907755278982137, 2.990518545610113, 2.1872205493697265
-6.907755278982137, 5.57817211456957, 1.8140531725227258
-6.907755278982137, -0.17734106771596136, 1.6691905015784234
-6.907755278982137, 2.9752366786571303, 2.1702242355141195
-6.907755278982137, 1.163800201391378, 2.973574620778153
-6.907755278982137, -0.20506107445883537, 2.8539872914328788
-6.907755278982137, -1.2411770604508199, 2.627589008381645
-6.907755278982137, 2.4689214187755177, 2.0176225264234895
-6.907755278982137, -5.123688787856912, 1.475487345938911
-6.907755278982137, 1.6541996919646875, 3.4656034221640737
-6.907755278982137, -0.23625327186527323, 2.440752509336879
-6.907755278982137, -0.727736798914279, 3.4940414013937526
-6.907755278982137, 2.3523379387380374, 2.1205431905892875
-6.907755278982137, 1.4071569162751247, 2.984892934584184
-6.907755278982137, -1.3286192987964904, 2.103784711165313
-6.907755278982137, 0.5535570056959268, 1.9725024197096876
-6.907755278982137, 0.7706600815265736, 3.0838734119466933
-6.907755278982137, -2.497619264822806, 2.2461969952577623
-6.907755278982137, 7.155073011247118, 2.4671541078290633
-6.907755278982137, 1.6679958718313226, 3.01310696149555
-6.907755278982137, -1.1687523132661588, 3.3820650916730064
-6.907755278982137, 1.7554231435495677, 2.788378658077026
-6.907755278982137, 1.2431158615770939, 2.357570842888046
-6.907755278982137, 4.381477683905399, 1.9020702999256351
-6.907755278982137, -4.8087851733655365, 2.3483896132842794
-6.907755278982137, 2.615079459509435, 3.0295726570141452
-6.907755278982137, 6.107314049209107, 0.9488618806619187
-6.907755278982137, -0.807311951917507, 2.7081675860743073
-6.907755278982137, 0.7634874316531957, 1.1805855494114883
-6.907755278982137, 2.670605688626495, 2.8889931753265774
-6.907755278982137, 1.0947649033444669, 2.8459945275988123
-6.907755278982137, 9.280328771125435, 3.2046408658772396
-6.907755278982137, 0.811952300940432, 2.4083883407535147
-6.907755278982137, 2.394373812408156, 2.60033378690158
-6.907755278982137, -0.6122644892496224, 3.2709634337468367
-6.907755278982137, 5.67953109970922, 1.6187371383741163
-6.907755278982137, 0.5158283163869822, 1.5279072251973653
-6.907755278982137, 3.2508673732133446, 2.9233940555355185
-6.907755278982137, -2.701401218405156, 0.8086940325920118
-6.907755278982137, 3.618679389344628, 2.5486307672642936
-6.907755278982137, -1.2539118260263944, 1.7267805102910414
-6.907755278982137, -3.486395693647332, -0.5379603907841597
-6.907755278982137, -2.497428470242952, 1.8714644592743335
-6.907755278982137, 5.792071608201892, 2.568666329169142
-6.907755278982137, 0.13825233921521835, 1.555083807739563
-6.907755278982137, 0.3037598546662535, 1.5723098402015436
-6.907755278982137, 4.254000261550869, 3.45924960988427
-6.907755278982137, 0.4341069801647921, 2.437322847630155
-6.907755278982137, -2.1529469098818894, 2.616395070125458
-6.907755278982137, 3.379186862501938, 1.859216545039759
-6.907755278982137, -2.236933797125869, 2.3365789872758036
-6.907755278982137, 9.142111236381941, 1.6422448967220558
-6.907755278982137, 2.0309875886726467, 2.6026536236395503
-6.907755278982137, 0.655165137349549, 1.439266549725417
-6.907755278982137, -5.056610801205362, 2.200404962590836
-6.907755278982137, 2.202530281906956, 2.2420729288208263
-6.907755278982137, -1.2787978313739687, 2.332714738386087
-6.907755278982137, -0.48575138292505315, 0.7372025658739676
-6.907755278982137, -0.32735599039893504, 2.555222051925881
-6.907755278982137, 1.017702839483471, 1.4060367080529776
-6.907755278982137, 0.36840482493173793, 1.0865540714132689
-6.907755278982137, 4.409012771219324, 1.3745285127326328
-6.907755278982137, -1.9271212569475193, 2.3910073764258684
-6.907755278982137, 4.118789681716351, 2.766928549754654
-6.907755278982137, 2.0529027078717483, 2.5122687136006814
-6.907755278982137, 2.930785584523533, 1.9413019368650761
-6.907755278982137, -5.631022944730043, 2.2302269878076517
-6.907755278982137, 6.151243112668583, 2.8032178393815737
-6.907755278982137, 3.8861847477518605, 2.0882160933457015
-6.907755278982137, 1.5153243333852746, 2.395306172574754
-6.907755278982137, 5.135836056250604, 3.09451168438327
-6.907755278982137, 5.177235970756051, 2.8254522428468296
-6.907755278982137, -1.8945218286869183, 0.6798752635147293
-6.907755278982137, -0.27215647409381183, 2.81451770554365
-6.907755278982137, -1.1696328378675673, 2.7753618907213724
-6.907755278982137, 0.28058004272696946, 1.9046204274717546
-6.907755278982137, -0.8490974985113416, 2.046155351539327
-6.907755278982137, 4.983130410634424, 3.749146200392505
-6.907755278982137, -1.4088905151093014, 3.504399404805512
-6.907755278982137, -0.43247448560612434, 1.8888953769917491
-6.907755278982137, 0.9416959004573042, 2.7272679981098427
-6.907755278982137, -1.530813778497361, 2.49224521878436
-6.907755278982137, -1.6967581415209203, 2.988762682995433
-6.907755278982137, 0.5771517634004059, 2.933766725384999
-6.907755278982137, 4.10495983658925, 1.7904249550771678
-6.907755278982137, 0.6405887546032301, 1.7319981094884123
-6.907755278982137, 1.3719995497476996, 3.445330287222393
-6.907755278982137, -4.357989250990611, 2.4978027003288976
-6.907755278982137, 1.2436221598333743, 2.499129704676126
-6.907755278982137, -1.821643370566997, 0.5280310543006087
-6.907755278982137, 4.288293224854912, 2.981806838067146
-6.907755278982137, 2.175527585882545, 0.8066758285793071
-6.907755278982137, 2.108476189757395, 0.7306158618796456
-6.907755278982137, 1.2817821563812268, 2.492561527021596
-6.907755278982137, 2.5045721421069005, 1.548530981317467
-6.907755278982137, 4.314753329393668, 2.566283924824171
-6.907755278982137, -0.1939907351073773, 2.594467561403308
-6.907755278982137, 0.9464459226168905, 3.085029520114211
-6.907755278982137, -2.192906721874878, 2.339291064857789
-6.907755278982137, 4.027255722132183, 2.338247483771538
-6.907755278982137, -1.7451048281938397, 3.003147212339968
-6.907755278982137, -0.3857363766657159, 0.6153899862533758
-6.907755278982137, 0.5854924939766889, 1.8343295619786708
-6.907755278982137, 2.5763685283551516, 1.9118774401108785
-6.907755278982137, 2.851062059941564, 2.3950566666448085
-6.907755278982137, -3.0509951428640987, 1.8792809293370651
-6.907755278982137, 0.37802625855780636, 1.5025011258207819
-6.907755278982137, 4.0285611172555384, 2.5722814614855882
-6.907755278982137, 1.3284745614806408, 2.2913400033696747
-6.907755278982137, 2.606503276302839, 0.7289724866600195
-6.907755278982137, -0.12169010048060391, 1.9202734735705802
-6.907755278982137, -2.8012500975560637, 1.6143864972543356
-6.907755278982137, -1.8799852563906345, 0.7955355066354415
-6.907755278982137, 3.3986003154879554, 2.012910387197507
-6.907755278982137, -1.5327465868840697, 2.2844321211248246
-6.907755278982137, 5.6608204672197555, 2.3588331715630475
-6.907755278982137, 2.0115402880857696, 2.2642458939398042
-6.907755278982137, 2.2868857861233076, 2.945971732779352
-6.907755278982137, -2.37473532886418, 2.8532382066666493
-6.907755278982137, 0.5368998835269853, 1.9416625680769761
-6.907755278982137, -0.23426949116111395, 2.6448288320251256
-6.907755278982137, -0.23455772097328287, 1.2008993020884493
-6.907755278982137, -1.852659752311208, 2.334494621968846
-6.907755278982137, 4.460695773498269, 3.2257610062611164
-6.907755278982137, -4.567411399438504, 2.323716282682624
-6.907755278982137, -1.296288655695741, 0.22263670201106928
-6.907755278982137, -2.770898092624233, 1.2534420887205224
-6.907755278982137, 1.4867372758619406, 2.8131198654953873
-6.907755278982137, -5.764662479106474, 0.9746675864742053
-6.907755278982137, -2.82957406917464, 2.935530260618939
-6.907755278982137, -2.97868704093438, 1.9731558381698764
-6.907755278982137, 0.7758230745724732, 3.309033620749384
-6.907755278982137, -3.907432683929478, 3.778667698379826
-6.907755278982137, -1.1444907236468405, 3.50373985815129
-6.907755278982137, -2.1138211704407057, 1.742118936441599
-6.907755278982137, 1.365040948888348, 1.080594384562798
-6.907755278982137, -1.1597019274204685, 3.3467914723307723
-6.907755278982137, -0.2536395634507981, 1.7107013735599386
-6.907755278982137, 1.4433946586665458, 3.2573033994076392
-6.907755278982137, 3.9235831553339224, 1.587657447737229
-6.907755278982137, 2.3077022763256707, 0.8887027547733714
-6.907755278982137, -1.4953514866816064, 2.7299490118432232
-6.907755278982137, -2.199035143766626, 2.700832919139837
-6.907755278982137, 5.681583916447634, 2.3761893253415205
-6.907755278982137, 3.8822505706351564, 2.7342892846969535
-6.907755278982137, -3.3015042256179785, 2.088832278401639
-6.907755278982137, 4.152876488651134, 3.4493993735197543
-6.907755278982137, 1.3313433108949182, 2.868120774543678
-6.907755278982137, 6.8526497054062006, 2.4745141529203134
-6.907755278982137, -0.3284392732372994, 1.4305418224072854
-6.907755278982137, 1.69915551338668, 2.2846778354766184
-6.907755278982137, 4.955112449571642, 2.318015072159657
-6.907755278982137, 0.6376342909897088, 2.8820031516049274
-6.907755278982137, 2.8904077767858922, 2.361509242958184
-6.907755278982137, 0.6448134556660752, 1.2613070669626094
-6.907755278982137, 5.692914809912716, 2.028006570394074
-6.907755278982137, 4.4693987250891185, 2.755385764528145
-6.907755278982137, 0.26244725583880074, 2.3683973117239914
-6.907755278982137, 1.0133440565200287, 2.257471481257773
-6.907755278982137, 4.304235761750415, 2.523355153223696
-6.907755278982137, 3.0151782958691213, 2.686014342276126
-6.907755278982137, 0.6685262302186763, 1.312973847911529
-6.907755278982137, -4.906950640904101, 2.243183814279684
-6.907755278982137, 1.2280097369919816, 2.9087255268735217
-6.907755278982137, -5.6149610105080106, 2.498758699839721
-6.907755278982137, -6.428474695992678, 0.23810779504752141
-6.907755278982137, 1.4398266094356842, 1.2820621733513646
-6.907755278982137, 3.0189391635520963, 3.129640209952177
-6.907755278982137, -1.3522157093912526, 2.9725461631054624
-6.907755278982137, 1.528890169580319, 3.2955423298687676
-6.907755278982137, 3.489159295765344, 2.7843509761904874
-6.907755278982137, 1.718266309771574, 2.436019648152817
-6.907755278982137, -0.68231535838579, 1.4639498507007924
-6.907755278982137, 2.3460140962332785, 3.142635385746877
-6.907755278982137, 0.10101619344521684, 1.5883600625563103
-6.907755278982137, -2.311863459760053, 2.009370871010483
-6.907755278982137, 2.651415238514457, 1.5356521744529144
-6.907755278982137, 0.21712847304195915, 1.979293559377455
-6.907755278982137, 3.0924818186625997, 2.732901643211686
-6.907755278982137, 2.548154147555079, 2.482997955460617
-6.907755278982137, -1.932758885517214, 2.6127384915074976
-6.907755278982137, 5.641824237400617, 3.354469260910136
-6.907755278982137, -0.6667574183126347, 2.13988164664756
-6.907755278982137, 0.7681976669668877, 1.3091324328834115
-6.907755278982137, 1.0430595778091458, 3.2746694774474268
-6.907755278982137, 3.5011978734170435, 2.9336315078862882
-6.907755278982137, 0.6674581078403098, 2.4219759284098834
-6.907755278982137, 0.5370684994149247, 1.5873789832701308
-6.907755278982137, 1.0284745686184023, 2.330762330019244
-6.907755278982137, -1.8303484923344366, 2.751561277702266
-6.907755278982137, 1.3800551602027644, 2.586923366340149
-6.907755278982137, -1.4063513849717726, 1.5761539605317971
-6.907755278982137, 5.859034351200144, 0.7008492302574965
-6.907755278982137, 2.5724789636856005, 3.034105492907364
-6.907755278982137, -0.09007261817642376, 1.22008087638905
-6.907755278982137, 4.264458491863624, 1.7323565436186363
-6.907755278982137, 2.6401318595717562, 1.4733294737469862
-6.907755278982137, 2.7342640047663838, 2.7479884911082704
-6.907755278982137, 0.8328169338518343, 1.6896703708055143
-6.907755278982137, -2.8651153970328482, 2.8075410094877764
-6.907755278982137, 2.2627305026541267, 2.598858072441554
-6.907755278982137, 3.952322370493917, 3.0292896666620006
-6.907755278982137, 0.22838180137395603, 2.601907345966638
-6.907755278982137, 3.7490405556221313, 0.6901516758311191
-6.907755278982137, 2.7029715986722596, 3.2649988240509353
-6.907755278982137, -1.2360588354002604, 1.250437560453072
-6.907755278982137, 0.9564897825107259, 1.7838530365391239
-6.907755278982137, 4.183691522924189, 2.6699987680427193
-6.907755278982137, -6.758429245548178, 3.1904756495222855
-6.907755278982137, 0.5085214993581112, 1.905057078043843
-6.907755278982137, 1.1985737298204273, 1.7645826380156637
-6.907755278982137, 0.7981133865977414, 2.262974383901006
-6.907755278982137, 1.2412406586203397, 3.005539414372976
-6.907755278982137, 0.046863626461648544, 2.7460647608589643
-6.907755278982137, -1.1075701837573373, 3.4459771508212027
-6.907755278982137, -3.4819408727593415, 3.5974966939296147
-6.907755278982137, -7.055863624917488, 2.5888843306985834
-6.907755278982137, 0.18069127988547912, 1.2123315136588604
-6.907755278982137, -0.1904132480481755, 1.8493743376247944
-6.907755278982137, 0.6024390979065641, 1.8554240455575317
-6.907755278982137, 3.072162976840503, 3.4121815176893118
-6.907755278982137, 0.06607656705875775, 2.704992738261479
-6.907755278982137, 4.792762808813048, 1.8517174185159235
-6.907755278982137, 0.5093750304408701, 0.4214908012294907
-6.907755278982137, 2.00196310148806, 1.8363660606059025
-6.907755278982137, 3.6182035859450843, 2.2549643135946105
-6.907755278982137, -0.40663561230676437, 2.5640710374507076
-6.907755278982137, 3.7396114704222034, 2.3143838528027905
-6.907755278982137, 1.0040385347512455, 2.2877582102463996
-6.907755278982137, -3.204167432962712, 2.4501243910201125
-6.907755278982137, 1.518256165865576, 2.9345797821694886
-6.907755278982137, -0.4910344664348413, 2.7598363945513107
-6.907755278982137, -1.2536515160828192, 3.319175306159332
-6.907755278982137, -0.5469906803018262, 1.7691531543604044
-6.907755278982137, -3.503083806307521, 2.072939882638567
-6.907755278982137, 4.132938171560767, 2.6250152918362186
-6.907755278982137, 3.1117328845081285, 1.546897474996084
-6.907755278982137, 1.647129512545285, 0.5571845898206294
-6.907755278982137, 0.5136797653071442, 3.5719437817442263
-6.907755278982137, -1.7160245816109234, 2.878453224920769
-6.907755278982137, -1.9854813155372577, 3.524678547136367
-6.907755278982137, 0.4946913441480015, 1.7041088042807255
-6.907755278982137, -0.4892982306068677, 0.4310494154004016
-6.907755278982137, 3.148634022478528, 2.839390154493647
-6.907755278982137, -2.2443863331047385, 1.784211314139514
-6.907755278982137, 1.7983090816026635, 3.6006150463894575
-6.907755278982137, 1.0234947598876663, 3.438601880399832
-6.907755278982137, -0.7068629254826687, 1.975126103078476
-6.907755278982137, -0.8376698959713841, 1.881416980372424
-6.907755278982137, 0.2080835275513615, 2.216178935890896
-6.907755278982137, 1.172737893771166, 2.2685979156864886
-6.907755278982137, -0.7107228615256157, 2.3585516373951845
-6.907755278982137, -1.6052414189561501, 2.29866954359568
-6.907755278982137, -0.448471793318857, 2.7216791499476933
-6.907755278982137, 1.2512416550821914, 2.6870296641817606
-6.907755278982137, 8.555829745128497, 2.773404291597725
-6.907755278982137, 6.870999543219521, 0.9356804284723903
-6.907755278982137, 0.9670520808203424, 3.7331304799814076
-6.907755278982137, 2.1615730977859484, 1.8625244838249289
-6.907755278982137, 3.94511739974017, 3.0924911670767754
-6.907755278982137, 0.7983620944186531, 3.1448150486264907
-6.907755278982137, 4.640787614825478, 3.0465463383264475
-6.907755278982137, 3.742300575911411, 1.518683197159172
-6.907755278982137, 4.157580448927944, 2.9431244927888973
-6.907755278982137, -0.41759960077375025, 1.7165505299877084
-6.907755278982137, -2.396058522878827, 1.2933239067419051
-6.907755278982137, -0.632691251537261, 2.8512626616403645
-6.907755278982137, 1.2908153463297098, 2.6721658944799342
-6.907755278982137, -1.4317166709771612, 2.289987487836792
-6.907755278982137, 1.3695952044482427, 2.310538733159625
-6.907755278982137, -1.6885224834315387, 0.3828938715707155
-6.907755278982137, 0.3821258785149488, 1.6577510558516948
-6.907755278982137, -0.10334630216873542, 2.3039011146975286
-6.907755278982137, 1.7332324456174635, 2.7847214184515057
-6.907755278982137, 0.6928511294944965, 3.1364729485363507
-6.907755278982137, 3.74667075018684, 3.4298189609152168
-6.907755278982137, 1.56457686219422, 2.0287416436848735
-6.907755278982137, -0.9326445388675803, 1.3840748230753062
-6.907755278982137, 3.4130270192073042, 2.178713161112362
-6.907755278982137, 1.1150381094990145, 3.262210742127641
-6.907755278982137, -0.5904557504878095, 2.5207013307886945
-6.907755278982137, 1.522859818058614, 2.425095358840354
-6.907755278982137, -2.0153054409337408, 2.2090484270811976
-6.907755278982137, -3.717089464059288, 2.5760978949614914
-6.907755278982137, -0.291796222433816, 1.8274893486294495
-6.907755278982137, -2.812453245628618, 1.2654775978571855
-6.907755278982137, 0.9276943100405548, 2.4019548158077857
-6.907755278982137, 4.879156641896404, 2.2026938118925523
-6.907755278982137, -2.941733389762434, 1.38046351220839
-6.907755278982137, 1.8469852626886891, 1.5270082142564139
-6.907755278982137, 1.3494699086872184, 3.2261860545475214
-6.907755278982137, -0.7458841538945143, 3.5664819069701763
-6.907755278982137, 2.1632283026609977, 0.6137889439438429
-6.907755278982137, 2.068721391506832, 2.0006557350613994
-6.907755278982137, -0.8710761033189479, 1.9064709686045722
-6.907755278982137, 0.02348329863804255, 1.3931124075100911
-6.907755278982137, 4.626211024796473, 1.767577556037531
-6.907755278982137, 3.9097945685410282, 2.7823283319391736
-6.907755278982137, 0.25592896804186577, 0.7171892205850204
-6.907755278982137, 0.9755292837585126, 3.274162456380229
-6.907755278982137, 2.8444675847599346, 2.3536595473222155
-6.907755278982137, -4.2383436972936455, 1.4563242283103148
-6.907755278982137, -2.3354627207831, 2.3137508918307375
-6.907755278982137, 2.106735519441181, 2.097484642249078
-6.907755278982137, -0.43557244037853426, 2.7072955663392433
-6.907755278982137, -1.8994056372360504, 2.723025161931993
-6.907755278982137, 4.076320911372528, 1.3897527971699575
-6.907755278982137, -5.59709384416965, 2.2758648022197625
-6.907755278982137, 0.6288504165191507, 2.7715585716272746
-6.907755278982137, -2.2423258360092473, 2.3250551418656493
-6.907755278982137, -0.7762384303271982, 2.6356496421144358
-6.907755278982137, 2.3025749498798085, 2.5915377911789217
-6.907755278982137, 3.0146277927045264, 1.056511573217924
-6.907755278982137, -0.17996957041423267, 0.6192219332793855
-6.907755278982137, -3.9044825118616884, 1.5953383919731716
-6.907755278982137, 1.773408613039995, 2.735317628855361
-6.907755278982137, 3.144854364227699, 2.4796702377835276
-6.907755278982137, 4.046703631773542, 2.1269544644659084
-6.907755278982137, -1.0358591505049701, 2.3963408122172742
-6.907755278982137, 0.6525447971941335, 2.644333932011735
-6.907755278982137, 2.4035200426144976, 3.477506634053984
-6.907755278982137, 4.155772712114962, 1.686386691382224
-6.907755278982137, -2.8359534560744084, 1.927465976856035
-6.907755278982137, 4.919528037887786, 2.5498206958139913
-6.907755278982137, -5.767843686136175, 2.8685294011509366
-6.907755278982137, -0.32771645963776486, 2.6922754861434672
-6.907755278982137, 0.039478042711140526, 2.8323393354060156
-6.907755278982137, 1.1691294796443108, 3.318092024868091
-6.907755278982137, 1.4940024852603568, 2.972212960566043
-6.907755278982137, -3.3099955148021123, 1.8969775448837511
-6.907755278982137, -3.617735892019249, 2.780575571558757
-6.907755278982137, -1.125661530881605, 3.044772073248137
-6.907755278982137, -3.578116033718693, 2.9462929557983455
-6.907755278982137, 0.7747255682369611, 2.319451488804623
-6.907755278982137, 1.8240730279135628, 2.30361945773811
-6.907755278982137, -0.061175831878797604, 1.1264551666666782
-6.907755278982137, 1.2326603608615652, 3.5539305209780254
-6.907755278982137, 4.092020053365156, 1.7282884882269292
-6.907755278982137, 3.6253809869157396, 2.584294463671998
-6.907755278982137, 0.9367088228298273, 2.9089436809613867
-6.907755278982137, -3.5792935551529763, 2.148968118398935
-6.907755278982137, -3.5158249757808933, 2.570171274079821
-6.907755278982137, 2.031482162296004, 2.391561820745457
-6.907755278982137, -2.636415016017769, 1.3668804155804493
-6.907755278982137, -0.733664992781114, 2.250154501503306
-6.907755278982137, -1.430558286609489, 2.3568316510058502
-6.907755278982137, -0.9444278077547722, 3.1756648164992582
-6.907755278982137, 2.1007914086811015, 2.338607216825929
-6.907755278982137, -2.417954602921666, 0.8870049639737501
-6.907755278982137, -1.0784898872386783, 2.6778491417515404
-6.907755278982137, -1.7438560799625038, 2.485230571438382
-6.907755278982137, 1.1922389221102028, 2.532993188033296
-6.907755278982137, -1.344866336996183, 3.507924347406729
-6.907755278982137, -1.1610963754993144, 2.4853446870528466
-6.907755278982137, 2.0652196397610334, 2.0440940171843667
-6.907755278982137, -1.7768930009231116, 2.965628343941047
-6.907755278982137, 2.144448651358954, 1.9884606502570255
-6.907755278982137, 0.46781476422514834, 3.2796662764755946
-6.907755278982137, 2.5103408121698907, 2.7704516555131757
-6.907755278982137, 1.558848586629396, 1.7778679879119477
-6.907755278982137, 3.9347213942098525, 2.955116907928609
-6.907755278982137, 0.21823296179132745, 1.9448633721105772
-6.907755278982137, 4.3065934639546715, 2.5362636857197893
-6.907755278982137, 0.5198628246777192, 3.6314397153687623
-6.907755278982137, -0.3165446643994473, 1.3665221814412174
-6.907755278982137, 2.8449052565422783, 1.573728670677919
-6.907755278982137, -1.8397782044853366, 3.1391294628496764
-6.907755278982137, 3.518330231720927, 2.807779684711963
-6.907755278982137, 1.0554093225722443, 2.0673763835093273
-6.907755278982137, -0.0780710180340205, 2.1063402071708843
-6.907755278982137, 0.931975170650866, 2.7236722419833423
-6.907755278982137, -2.3881733976485746, 2.4641493387968527
-6.907755278982137, -1.8457336935312671, 0.6858315931952537
-6.907755278982137, 2.8051099084210636, 2.6202097793872423
-6.907755278982137, 8.45234375162082, 1.836781460663619
-6.907755278982137, -0.5758349079552475, 2.832126393312508
-6.907755278982137, -0.274009077734628, 4.22631189844492
-6.907755278982137, 2.075741385641467, 2.5617598237757573
-6.907755278982137, 3.355292981178839, 1.3651899282668403
-6.907755278982137, 3.337523851289671, 3.359201612217098
-6.907755278982137, 1.4011871503659745, 1.862741552455858
-6.907755278982137, -2.1501135252034334, 3.2076003738140324
-6.907755278982137, -0.46008142348594194, 2.7886278809977414
-6.907755278982137, 4.601423556895868, 2.4182797637447293
-6.907755278982137, -0.1674532046521996, 2.396832920090318
-6.907755278982137, 1.7806493126325216, 3.0414059459243097
-6.907755278982137, -3.089475711325593, 3.054888946659399
-6.907755278982137, 1.5126498092752945, 2.0099477404821613
-6.907755278982137, 4.739153888823993, 3.4338923661801712
-6.907755278982137, 0.5600320627158686, 1.5710546064707105
-6.907755278982137, -1.3413809873915263, 1.845656275006727
-6.907755278982137, 2.3852363121885953, 2.274268329914151
-6.907755278982137, -1.4974617499813543, 2.545398410979718
-6.907755278982137, 4.6961910597393475, -0.13122373680023586
-6.907755278982137, 0.4074058052727625, 2.725529761260464
-6.907755278982137, -0.6113042447989926, 2.1062765418515528
-6.907755278982137, -1.3687064710784145, 2.988775815737932
-6.907755278982137, 1.1183474106896993, 1.8485443117544806
-6.907755278982137, 1.6116476133913773, 1.4241686001705758
-6.907755278982137, 2.649883364186415, 2.9255213736617205
-6.907755278982137, -3.3137496533555164, 3.2900048373782407
-6.907755278982137, 1.3046456638456885, 3.471319662577521
-6.907755278982137, 4.148730286408533, 2.6932142681683042
-6.907755278982137, -2.1990924797355267, 2.944725876394734
-6.907755278982137, -1.361369248211282, 2.5766508524734895
-6.907755278982137, -6.762183985069324, 1.4607939123798253
-6.907755278982137, 0.8681699006041189, 1.1768137907998617
-6.907755278982137, 0.10592305213831554, 2.05174436105285
-6.907755278982137, 3.253247279684892, 2.819296074192493
-6.907755278982137, 2.5523306647988244, 1.5335021161407443
-6.907755278982137, 0.7528357162209223, 1.4285480066664473
-6.907755278982137, -2.1131500537913714, 3.186671341234942
-6.907755278982137, 4.1049755141401425, 2.0674625444122054
-6.907755278982137, 0.062051464047834126, 1.9151185303175098
-6.907755278982137, 4.393994941896782, 2.1562198761966114
-6.907755278982137, 1.4238585397108707, 2.4088012415898374
-6.907755278982137, -1.1821017146976787, 3.249101738746808
-6.907755278982137, 5.023355559097434, 2.3175789402669214
-6.907755278982137, 0.108530691526598, 2.831981468468867
-6.907755278982137, 6.59649565742916, 2.6319935159534364
-6.907755278982137, 2.0032093937115287, 0.0164261376238698
-6.907755278982137, -0.2026748295402918, 3.184226356496805
-6.907755278982137, 3.80230617948802, 2.173536320376865
-6.907755278982137, 1.6779361362860028, 1.9769939333563997
-6.907755278982137, -0.3335856632154939, 2.1484115960571066
-6.907755278982137, 2.2596641748167117, 2.2851276315003206
-6.907755278982137, 3.593266214030567, 2.9177169577697355
-6.907755278982137, 1.294700446257131, 3.1128865917104274
-6.907755278982137, -1.6309347022662384, 1.8042751145838927
-6.907755278982137, 2.488208617123239, -0.029209618801223344
-6.907755278982137, -4.166582892915121, 1.5425441762349252
-6.907755278982137, -2.0858932351792356, 1.826371956758897
-6.907755278982137, 0.8550683561310688, 0.9000060215868997
-6.907755278982137, 2.607314922567337, 1.8990617588403897
-6.907755278982137, -4.991350678823763, 1.6850023423157048
-6.907755278982137, 0.05482053757247074, 0.7890109255086968
-6.907755278982137, 0.7974828372244653, 2.175554917866575
-6.907755278982137, 4.246226063596061, 2.236496361458658
-6.907755278982137, 0.7467821567838865, 2.7171480527792644
-6.907755278982137, 0.2123085872207227, 1.683766023438358
-6.907755278982137, 1.255883173108957, 3.26168576085544
-6.907755278982137, 3.499018446341, 1.7099311813567903
-6.907755278982137, -0.7374974850953572, 2.522009613126756
-6.907755278982137, 1.3264105689354713, 2.501580419107795
-6.907755278982137, -0.6329796538795386, 0.04348392411448917
-6.907755278982137, -1.835779276311, 2.0545604972434894
-6.907755278982137, -2.8848520575876755, 0.8864835457276664
-6.907755278982137, 2.42492326034865, 2.2512079318002987
-6.907755278982137, 2.8194758626994454, 2.7153352004913804
-6.907755278982137, -0.22392340620663786, 2.3478693274656006
-6.907755278982137, 0.6733562529507168, 2.349420276294997
-6.907755278982137, 1.4850708866726245, 2.462425021100268
-6.907755278982137, 3.5744780168354997, 2.2192248146953437
-6.907755278982137, -1.1731066558218886, 2.5206951212867086
-6.907755278982137, -1.1086953286756631, 0.9951691504965343
-6.907755278982137, -0.583569800547222, 2.427955437482067
-6.907755278982137, 7.47457505749463, 2.805013558858179
-6.907755278982137, -4.331677846428047, 3.2017378442401387
-6.907755278982137, -3.1439156589263035, 1.484264778943195
-6.907755278982137, 0.11014686479805613, 2.5453046992401465
-6.907755278982137, 1.9949544811726643, 2.6946486326930845
-6.907755278982137, 0.03250146335628523, 2.587555025150395
-6.907755278982137, -0.638477351200737, 1.5307096814883323
-6.907755278982137, 1.6680357224655755, 2.4852054003403787
-6.907755278982137, 6.467183901371504, 1.3207794032475
-6.907755278982137, 2.2354742118650006, 2.4736411300566545
-6.907755278982137, -1.1551300527485808, 2.9872467304592183
-6.907755278982137, 2.0243434268763556, 1.962499687411763
-6.907755278982137, 4.536344033102736, 3.284920202401555
-6.907755278982137, -2.8864079376744165, 2.072335790597477
-6.907755278982137, -1.2037612707780894, 2.589872402831558
-6.907755278982137, 1.7954267398596309, 1.6581819077119817
-6.907755278982137, -1.0963259693950058, 1.9794186474049644
-6.907755278982137, 1.836788169020513, 2.2641632352851992
-6.907755278982137, -0.9780923908077562, 2.2384047448063287
-6.907755278982137, 0.964722548334747, 2.3254637378206726
-6.907755278982137, -3.21028079303193, 2.8602540546164157
-6.907755278982137, 4.051624950539108, 1.837402152229777
-6.907755278982137, -4.497187205994372, 2.0296135786985814
-6.907755278982137, -3.6612164591798853, 2.435248237184975
-6.907755278982137, -3.4318338149188894, 3.108424998955239
-6.907755278982137, 2.0047308224918226, 1.7744283154609901
-6.907755278982137, -0.09295382849510914, 3.4205621235176515
-6.907755278982137, -0.01266973336655064, 1.7165154218761165
-6.907755278982137, 5.005973916428974, 3.1296993716623502
-6.907755278982137, 2.79738134550619, 2.7895838142270772
-6.907755278982137, -0.6094651680932334, 1.7666297700285731
-6.907755278982137, 4.648553360263319, -0.36856674965743
-6.907755278982137, 3.526692170519033, 2.8625488351398833
-6.907755278982137, -2.8343406984778663, 2.7393853266905435
-6.907755278982137, 2.7583794654381046, 1.830637960429593
-6.907755278982137, 3.383513849925566, 2.0351669790684945
-6.907755278982137, 1.6547188452069133, 2.4120809591126813
-6.907755278982137, 0.6369861905454268, 1.0125233766791282
-6.907755278982137, -4.027099920247717, 2.097509775911283
-6.907755278982137, 3.3481580827592965, 2.726578985576611
-6.907755278982137, -5.837114221414265, 2.5022931547169134
-6.907755278982137, -2.3021595036710587, 1.526164280916629
-6.907755278982137, -2.3959383771343568, 2.8719914855926456
-6.907755278982137, 0.5297977825768457, 2.952708368697852
-6.907755278982137, 2.152001128990024, 1.8409930385947584
-6.907755278982137, 0.6984200066335293, 1.1862119703031353
-6.907755278982137, 0.013265610237237158, 3.200077104762487
-6.907755278982137, -0.37933504704611354, 3.435672197213837
-6.907755278982137, -1.543179018996781, 3.3745178467379007
-6.907755278982137, 2.343297818205479, 0.17714207795337325
-6.907755278982137, 6.155741616156329, 1.973809198476606
-6.907755278982137, -2.8056371979105226, 2.407293211161931
-6.907755278982137, 3.822274706836564, 2.648007035980467
-6.907755278982137, 3.3394320748828163, 2.9014063880865586
-6.907755278982137, 2.176559176098857, -0.6561286235301462
-6.907755278982137, 1.7207250128201603, 3.2360366168873904
-6.907755278982137, -1.3559010502034607, 2.2866175729104334
-6.907755278982137, 1.8696689337654675, 2.966646561900823
-6.907755278982137, 1.8925619775709253, 2.6618893179602083
-6.907755278982137, 1.7892882020210212, 2.9254972601007823
-6.907755278982137, 2.627465562044299, 2.192789192642875
-6.907755278982137, 0.001329011349584519, 3.0256161635948695
-6.907755278982137, 4.140233475381303, 0.5590003465931112
-6.907755278982137, 1.0158212636092556, 1.6680917144845142
-6.907755278982137, -1.3391403285658865, 1.2960854717972397
-6.907755278982137, -0.35358853549589064, 2.913803731247295
-6.907755278982137, 1.7103704783074272, 1.917952058718852
-6.907755278982137, 2.495016420170768, 1.9781663143696846
-6.907755278982137, 3.0970057540475273, 2.217795754512123
-6.907755278982137, 2.754011325252399, 3.339902514750911
-6.907755278982137, -0.5211701211169694, 1.6138660229788202
-6.907755278982137, -0.5428911227425343, 3.063107054866292
-6.907755278982137, -1.4370044054514493, 3.881264735785216
-6.907755278982137, 1.794422422171042, 3.316327181566116
-6.907755278982137, 0.5763876272343446, 2.24324520075868
-6.907755278982137, -0.6835248116533038, 2.5608129269253466
-6.907755278982137, 0.6125283811455091, 3.0394802048084357
-6.907755278982137, 2.025014104321564, 1.4538715869362133
-6.907755278982137, 1.3976170529781287, 2.7790426523687852
-6.907755278982137, 2.3916427214495055, 2.7966268207032297
-6.907755278982137, -1.5249295053764715, 1.32773980558677
-6.907755278982137, -4.208427622246063, 3.0194079972861037
-6.907755278982137, -2.4896737352464426, 1.756774788609438
-6.907755278982137, -1.244177326451863, 2.3810670164056
-6.907755278982137, 1.462640084122425, 2.682511766292051
-6.907755278982137, -1.1181750143444398, 1.908695858227321
-6.907755278982137, -2.0709255760499654, 2.0069098987532428
-6.907755278982137, 2.9171044656025478, 2.0388420460511676
-6.907755278982137, 3.820336965134184, 3.2566774307562345
-6.907755278982137, -1.3844254715324449, 1.8509755056517756
-6.907755278982137, 6.113951826958713, 2.213309588385957
-6.907755278982137, 0.9319561047239774, 2.1144927177360184
-6.907755278982137, 1.0509454063517727, 2.00343592155338
-6.907755278982137, -3.6292638901516017, 2.701802737627228
-6.907755278982137, 1.0469617211561077, 2.897919964102826
-6.907755278982137, -2.450650267982033, 3.664128427225137
-6.907755278982137, 3.76705471204779, 3.3448042108994986
-6.907755278982137, 6.394737518538248, 2.539391053593858
-6.907755278982137, 1.1201265058315117, 2.9988119662158166
-6.907755278982137, -0.9630834446995761, 2.1746723777976253
-6.907755278982137, 3.273282898935049, 2.3804128701629184
-6.907755278982137, -2.6681184153038675, -1.1071806773383204
-6.907755278982137, 2.1099371289802566, 2.58100631177388
-6.907755278982137, -2.144516470172846, 2.759054080086031
-6.907755278982137, -2.7493031827376653, 2.063413977866308
-6.907755278982137, 2.8504124387146605, 1.5783980452527127
-6.907755278982137, -1.3126923350325796, 1.6738477507300715
-6.907755278982137, 5.193642372617331, 1.1106858148887335
-6.907755278982137, -2.2929727463240592, 2.956337229719762
-6.907755278982137, 0.7794260776067882, 2.464131347346867
-6.907755278982137, -0.9748302580083567, 2.7122539438604303
-6.907755278982137, 1.7832039114779876, 1.3852154294681112
-6.907755278982137, 3.019846003063485, 2.411045929655794
-6.907755278982137, 0.004231959743811076, 2.606927773874975
-6.907755278982137, 2.84656494203391, 2.486137147340931
-6.907755278982137, -3.516762179786483, 2.690154515766747
-6.907755278982137, 6.283473471564901, 2.6943582166455045
-6.907755278982137, 1.3248803965384761, 2.3265107902778013
-6.907755278982137, 2.6433514308807062, 3.3802887281325393
-6.907755278982137, 0.13007234796345468, 3.137543045639868
-6.907755278982137, 3.2883094758911993, 2.1437799147368093
-6.907755278982137, -1.4672850738203906, 2.432670508197586
-6.907755278982137, 0.6429340000356922, 1.391938437895785
-6.907755278982137, 2.169739124101041, 3.1921355365028474
-6.907755278982137, -5.690058127521478, 2.532347738168674
-6.907755278982137, 2.412909032935906, 2.238680818938678
-6.907755278982137, -1.205220199766932, 2.2579356816295664
-6.907755278982137, 1.3581839886005196, 3.166738857494382
-6.907755278982137, 1.1802709686713548, 1.7885435234214146
-6.907755278982137, 6.403947584579752, 3.1314111959049766
-6.907755278982137, -1.6559600707275282, 2.086371164248643
-6.907755278982137, 1.4722167492051053, 3.2581380064977905
-6.907755278982137, -2.9111268691849284, 2.871176810501388
-6.907755278982137, 2.1973096143727124, 1.404869320876641
-6.907755278982137, -0.9162966402628062, 2.318397742657835
-6.907755278982137, 2.454231516076304, 1.5452181294735388
-6.907755278982137, -4.873472933462926, 1.9883129875472942
-6.907755278982137, 0.6147258101822098, 2.318026108249228
-6.907755278982137, -0.19811448704643675, 0.49513886838919796
-6.907755278982137, -0.25594784188740427, 0.39509674909070447
-6.907755278982137, 3.2117978210506775, 1.3056096859684982
-6.907755278982137, 2.745699112205037, 1.977982823017767
-6.907755278982137, 0.11442510561154362, 2.1731486534741764
-6.907755278982137, -4.071085138465538, 2.6330135149562865
-6.907755278982137, 1.8143401431473274, 1.8458432564812077
-6.907755278982137, 3.9892365664082496, 2.8936171683764003
-6.907755278982137, -2.307111069835922, 2.646112720530226
-6.907755278982137, -0.5640589520624445, 2.7778634558006168
-6.907755278982137, 1.9913818397274095, 2.7385884965182634
-6.907755278982137, 1.99830548651249, 1.578390280402511
-6.907755278982137, 0.5554089034387946, 2.108777744982922
-6.907755278982137, 1.292372673652599, 1.6244737887251255
-6.907755278982137, -3.0519125587557565, 2.9566905152828475
-6.907755278982137, -7.033932234003797, 2.6616587035357835
-6.907755278982137, 0.5782999975442616, 2.4863056297440185
-6.907755278982137, 4.325721612543378, 2.054232969320211
-6.907755278982137, 0.7039855000763149, 2.636607851803468
-6.907755278982137, -3.317192748296451, 2.1351961684388368
-6.907755278982137, -0.8753121983047655, 2.0143635562609075
-6.907755278982137, -7.548703596093298, 2.707639602750654
-6.907755278982137, 1.4237377444466506, 3.142995808520768
-6.907755278982137, 5.167189128368935, 0.7529338773500819
-6.907755278982137, 5.599392159611944, 2.8738518264391
-6.907755278982137, 4.365481253260159, 2.1953088540823904
-6.907755278982137, 2.0808912706199685, 2.7502246976826745
-6.907755278982137, 1.3157809359128991, 0.41773094377445835
-6.907755278982137, 4.043640873143981, 2.5428383078225316
-6.907755278982137, -4.529442951985622, 2.13172069166264
-6.907755278982137, 0.8663297822131032, 2.0101640689188947
-6.907755278982137, -0.7482679854046078, 0.7323568726155714
-6.907755278982137, -5.236540948186728, 3.0076599636709496
-6.907755278982137, -2.518995533298751, 3.5266724150747355
-6.907755278982137, -0.7278645556127131, 3.5070538277752568
-6.907755278982137, 2.7295341122353607, 2.4676070299988986
-6.907755278982137, -0.09068957739134909, 2.5486536840119514
-6.907755278982137, 1.2953825941425063, 2.465502396863516
-6.907755278982137, -1.1520014947506079, 2.7129220884055134
-6.907755278982137, 2.8188256531482616, 2.1217495136350926
-6.907755278982137, -2.393433426328073, 2.1969841031321615
-6.907755278982137, 3.4249660532989084, 1.9970514579227086
-6.907755278982137, 2.7893308275023023, 2.9511608243444822
-6.907755278982137, -0.627425845615008, 2.896362478282191
-6.907755278982137, -0.41230236178206325, 1.9239257343043068
-6.907755278982137, -0.65161386538143, 3.1063143609343804
-6.907755278982137, 1.6452218095296263, 1.0099539789644612
-6.907755278982137, 1.6790359663077572, 2.2227525176158447
-6.907755278982137, 1.9460429079234012, 1.4411128219106815
-6.907755278982137, -4.087048804205237, 2.8182490886321223
-6.907755278982137, 0.6221431100522142, 1.9541148764862222
-6.907755278982137, 2.3272395899637948, 2.239490210952913
-6.907755278982137, -0.7818230584334466, 2.869609311339445
-6.907755278982137, 1.103886932269882, 1.9240556051595317
-6.907755278982137, 2.193776995809597, 2.838356273114715
-6.907755278982137, 7.713097410874724, 2.5384699852113357
-6.907755278982137, -1.5584728276243012, -0.2058167255531729
-6.907755278982137, 0.5010353951892447, 3.3718156968782242
-6.907755278982137, 3.5156458156947523, 3.0894984225004474
-6.907755278982137, -0.6744812743791965, 2.9848712290205652
-6.907755278982137, 1.5970073585863327, 1.7700990723680163
-6.907755278982137, 0.9185085012787857, 2.4033778897038496
-6.907755278982137, -5.529851739601459, 2.3684375394833097
-6.907755278982137, -1.3919710898393647, 2.378902915603604
-6.907755278982137, 1.2080078294806473, 2.8308777281634487
-6.907755278982137, 2.1967976297455487, 2.896811032855572
-6.907755278982137, 0.8257550714594557, 1.866552725623172
-6.907755278982137, -0.34290446468486324, 1.7359859322834046
-6.907755278982137, 3.8729601795130972, 3.147287620973398
-6.907755278982137, -0.8905014949567497, 1.8322537137528072
-6.907755278982137, 0.15854832577251993, 3.385090613349058
-6.907755278982137, 1.4193482886909692, 0.682074511071761
-6.907755278982137, 0.09995329212134718, 2.1666865184006596
-6.907755278982137, 1.1273986220826901, 2.1229840670974176
-6.907755278982137, -2.161305615535175, 1.3041939134563125
-6.907755278982137, -2.1001292007776886, 2.5509515647822143
-6.907755278982137, 1.8836694946201797, 3.39566809074849
-6.907755278982137, 1.5388649843753637, 0.29485138810753975
-6.907755278982137, -0.3561181600948352, 1.77060150846406
-6.907755278982137, -2.2171914073364936, 1.9691706475989341
-6.907755278982137, -4.918793424647978, 2.3466651334176536
-6.907755278982137, -0.3346418307821579, 2.9702236361624452
-6.907755278982137, 2.2634049784444423, 2.958201515184157
-6.907755278982137, 2.7980345061761565, 2.5419288018708697
-6.907755278982137, 5.188755241095273, 1.473548593680159
-6.907755278982137, 1.7827463970830761, 0.13625093866576485
-6.907755278982137, -3.8191948607313404, 0.5575436057949291
-6.907755278982137, 1.434739818422188, 2.7812612988832566
-6.907755278982137, 1.91460873860441, 1.9550340054998583
-6.907755278982137, -1.0258901470802022, 1.0105763548168503
-6.907755278982137, 0.7174954177591684, 2.6226529167686197
-6.907755278982137, 3.312274718890114, 1.9830939559228404
-6.907755278982137, 3.4099054945353537, 2.623678471266709
-6.907755278982137, 6.46918275620236, 3.3083598868881627
-6.907755278982137, 2.596946657539973, 2.4550514920799205
-6.907755278982137, 3.416442407737811, 2.857854562215322
-6.907755278982137, 2.221867578625423, 3.417234597618046
-6.907755278982137, -5.607577744925102, 2.5441545584280063
-6.907755278982137, 2.129945571819067, 2.9746144485865305
-6.907755278982137, 0.7754929316642909, 1.4413818487306638
-6.907755278982137, 3.907809073191164, 2.3655083069917624
-6.907755278982137, -0.4225923361545748, 2.2992444721256646
-6.907755278982137, 1.2855843448588553, 2.1055731677711202
-6.907755278982137, -2.7944802458493716, 2.2671034853595384
-6.907755278982137, -2.5796603423157958, 2.9175585218241338
-6.907755278982137, 0.8901574940159354, 2.6340078756030088
-6.907755278982137, 5.955436826452147, 2.053637406945249
-6.907755278982137, -0.4577841351104105, 2.258341464181016
-6.907755278982137, 0.8617857695546768, 3.2605017205964395
-6.907755278982137, -0.41173195262116813, 2.65548403710256
-6.907755278982137, -0.2938468920285737, 2.771435704439058
-6.907755278982137, 2.1612631348603406, 2.6438893785882684
-6.907755278982137, -4.997318914924328, 1.1980256693952924
-6.907755278982137, 2.697621469520348, 3.091961044985696
-6.907755278982137, 1.3633402781626653, 0.20034768203861947
-6.907755278982137, 3.068277081152562, 2.3143233195291146
-6.907755278982137, -0.5668158023337854, 2.146009014229164
-6.907755278982137, 0.33796940020479904, 2.3775647758115444
-6.907755278982137, -3.3100024729985766, 2.2368895580593033
-6.907755278982137, -4.7018887155359055, 2.4112490167729974
-6.907755278982137, -1.2267625174363501, 3.2608119007333856
-6.907755278982137, 1.1506495875183425, 1.7352200286176862
-6.907755278982137, -1.5556923130487128, 1.97204603212472
-6.907755278982137, -1.1671018376130986, 3.0587022237381087
-6.907755278982137, 1.7781842242494226, 1.5808177953578757
-6.907755278982137, 3.1410669484140854, 2.9008705209559698
-6.907755278982137, 0.05311080154082204, 2.91738613544322
-6.907755278982137, -2.481162548289814, 2.9217374916918746
-6.907755278982137, 1.0397371122988401, 2.8826331788673794
-6.907755278982137, 2.552047769477719, 2.612981317199752
-6.907755278982137, -1.6666031773693706, 2.480223096038181
-6.907755278982137, -0.11014059381496932, 0.8154077033933887
-6.907755278982137, -1.7577629390472946, 2.84035982063896
-6.907755278982137, -4.445390737890555, 2.5791815254022836
-6.907755278982137, 4.583123608895993, 2.239995601712893
-6.907755278982137, 2.709340505231233, 2.6873398403028146
-6.907755278982137, 3.368872704143902, 2.7502584942237758
-6.907755278982137, 1.831816264302506, 2.8322975727119006
-6.907755278982137, 0.8069586228212432, 2.2435065934480805
-6.907755278982137, 5.423114457915886, 1.8131192704078043
-6.907755278982137, -6.35494497286863, 1.5507690043437048
-6.907755278982137, -1.15338445223848, 2.5273758144086744
-6.907755278982137, 1.2137021046607925, 2.965110793753329
-6.907755278982137, 6.526067715379144, 1.240126221939292
-6.907755278982137, -1.3524265667451418, 2.98361549401792
-6.907755278982137, 1.5234341602127293, 1.7590303873184425
-6.907755278982137, -4.5410940505975645, 2.706459719165502
-6.907755278982137, 1.811859287344797, 2.0876668688450564
-6.907755278982137, -2.9859450887783274, 2.0604646346312294
-6.907755278982137, -1.2896045000378806, 2.6189123951598368
-6.907755278982137, -2.0201258771513726, 2.2536019572744115
-6.907755278982137, -0.23738935050242294, 1.3719082386000354
-6.907755278982137, -3.861666613033407, 1.6884130263153336
-6.907755278982137, -0.442253785803736, 1.9066406330364325
-6.907755278982137, 5.728983905659431, 2.7908740584114344
-6.907755278982137, -1.1805398634424393, 1.907867473410723
-6.907755278982137, -0.05035923561060707, 2.2138430649526457
-6.907755278982137, 0.14031176895532282, 2.5329864531375774
-6.907755278982137, 1.8982082418520934, 2.521109735033085
-6.907755278982137, 0.16576370971041576, 1.7370794473893256
-6.907755278982137, 1.0036915538098399, 3.163601321852711
-6.907755278982137, -1.6030573695118089, 2.8227009321097025
-6.907755278982137, 2.7282201627300644, 3.925896655012065
-6.907755278982137, -6.00743759706312, 3.4824367650059473
-6.907755278982137, -0.6352687477352353, 2.9040756371775944
-6.907755278982137, 1.1934356608888077, 3.2051797091573686
-6.907755278982137, 0.777725091107027, 2.1260524714014273
-6.907755278982137, -0.798440668640099, 2.2294890530280713
-6.907755278982137, 0.6824284516231234, 1.7181964444126532
-6.907755278982137, 0.25233825395935217, 2.559434604087706
-6.907755278982137, -0.07290727155986199, 2.9858606056903905
-6.907755278982137, -0.3842441883618998, 2.712617638980909
-6.907755278982137, -3.5257851810443506, 2.9545272067972723
-6.907755278982137, 3.075446732100959, 1.590652180034922
-6.907755278982137, -4.839386616852389, 1.786348151292173
-6.907755278982137, -3.972106251107674, 2.2253347918175566
-6.907755278982137, 5.165065294209205, 1.6312006679478686
-6.907755278982137, 2.064318127996499, 2.870927802760278
-6.907755278982137, 0.5450976202341575, 0.4453666336511666
-6.907755278982137, -3.5333967860083697, 2.0376034620055705
-6.907755278982137, 3.062405919223937, 2.3443874658905903
-6.907755278982137, 0.2758768832692847, 2.0472201518987516
-6.907755278982137, 3.402646653209042, 2.250481854509998
-6.907755278982137, 0.2903613589839334, 2.9275590756744214
-6.907755278982137, 0.05410588249810122, 0.7736759644226359
-6.907755278982137, -1.9221908532507155, 2.1878534649013184
-6.907755278982137, -0.036962124342831415, 2.2724746243693374
-6.907755278982137, -1.2435113749172757, 1.8942835382406567
-6.907755278982137, -2.673508743033377, 1.0803909703076957
-6.907755278982137, -0.03083404816545232, 1.7008248242650639
-6.907755278982137, -2.932352056176693, 2.9102335601988205
-6.907755278982137, 5.926000645488305, 2.839645027615758
-6.907755278982137, -2.7580784233027003, 2.508636872481285
-6.907755278982137, -0.12559407284309887, 1.9848247572800577
-6.907755278982137, -0.32325225898466514, 2.248640654923711
-6.907755278982137, -2.999564526695496, 2.6197392439577962
-6.907755278982137, 3.8474624989475315, -0.28838475798149826
-6.907755278982137, 0.59457581404889, 1.590351019502396
-6.907755278982137, 5.963047457855488, 1.7653993233506335
-6.907755278982137, -1.0454787813233408, 2.415651968254816
-6.907755278982137, 2.4064111739918084, 2.9911433228640547
-6.907755278982137, 3.2780129519823937, 2.5441878445295716
-6.907755278982137, -0.5556172506909057, 2.740433802339079
-6.907755278982137, 5.3441740477295445, 1.379930352257846
-6.907755278982137, 3.212824305004784, 1.4495484252568454
-6.907755278982137, -2.9326528275721295, 1.7689679721880536
-6.907755278982137, -3.192582183078744, 2.1549382447219347
-6.907755278982137, 6.660562852081679, 1.3359382106300848
-6.907755278982137, 2.2919589407930645, 2.905467965516528
-6.907755278982137, 3.563103500038393, 3.2419012721257596
-6.907755278982137, 0.42980894535637926, 3.1741375920625496
-6.907755278982137, 0.6659283407718952, 1.6151569232479595
-6.907755278982137, 3.624476669026123, 2.6739722193232134
-6.907755278982137, -0.809084085506044, 3.6567439004580504
-6.907755278982137, -0.4676515729017877, 3.1826923172462616
-6.907755278982137, 0.5850683785184786, 2.451622788394502
-6.907755278982137, 4.664222693974337, 3.3651689985223525
-6.907755278982137, 1.2370884906186173, 2.1731043783454447
-6.907755278982137, -0.6184558011241713, 1.6023172007394393
-6.907755278982137, -1.8961998758871, 1.7711931766129252
-6.907755278982137, 2.262579153780096, 1.3921260946611163
-6.907755278982137, -3.698686602760619, 1.7394076037884343
-6.907755278982137, 3.715748921811201, 3.6578788174010173
-6.907755278982137, -0.4816769220208469, 2.1006216756002805
-6.907755278982137, 4.244488733149289, 2.417755648688685
-6.907755278982137, 2.845540590783431, 2.7569524214961953
-6.907755278982137, -2.1940673032725497, 1.8678999577773934
-6.907755278982137, -4.925428236717521, 1.9900212148934895
-6.907755278982137, 0.3494773176560872, 2.820988633294529
-6.907755278982137, 2.1786959621283613, 3.199438776557829
-6.907755278982137, -0.5509479441305535, 2.4346633738460497
-6.907755278982137, -0.3110706494320339, 2.070788098077108
-6.907755278982137, 1.936254596906299, 2.928574902091921
-6.907755278982137, -0.8364040703333088, 3.274009731911865
-6.907755278982137, 2.288213231040601, 1.512540543824601
-6.907755278982137, 1.2862502008841077, 2.0298009662178136
-6.907755278982137, -2.1553598822436744, 2.3017772264664558
-6.907755278982137, 3.840734979178759, 2.240154223153844
-6.907755278982137, -2.6211818268279137, 1.7109426751489563
-6.907755278982137, 2.5349328263751922, 3.3328366848575546
-6.907755278982137, -1.346277335933069, 3.3975901580386996
-6.907755278982137, 4.53324148110985, 1.9354470592711577
-6.907755278982137, 0.8370546232806823, 2.600936286976846
-6.907755278982137, -5.244894927007957, 1.3651829733071348
-6.907755278982137, 0.23852345431285776, 2.612745856249321
-6.907755278982137, -3.808656967435344, 2.0290163911868007
-6.907755278982137, 1.1252557294978447, 2.035648345967329
-6.907755278982137, 0.25717267526280946, 2.7625505672173567
-6.907755278982137, -3.115321600838623, 2.993431377061622
-6.907755278982137, 4.309833614936414, 1.6297455176036744
-6.907755278982137, 2.13613155730559, 2.120179628041175
-6.907755278982137, 1.4827942758322454, 0.5574504922109256
-6.907755278982137, 0.6143418915562132, 3.1190238762616818
-6.907755278982137, 3.6735329828405403, 2.281345095580252
-6.907755278982137, 4.248130219075415, 1.98545973056635
-6.907755278982137, -0.5220717980915027, 2.446893783643619
-6.907755278982137, 5.5037115372155, 2.4367083077845653
-6.907755278982137, 4.713460274358427, 3.4974038632691444
-6.907755278982137, 4.684151479480309, 1.6940461293414573
-6.907755278982137, 0.7023073704725187, 1.4217416986409324
-6.907755278982137, 2.7728961398767584, 3.6625760204158637
-6.907755278982137, -4.0216902045344245, 2.54836717435749
-6.907755278982137, -5.183602928779153, 2.263940663202376
-6.907755278982137, 4.752915682823945, 2.9427502057225454
-6.907755278982137, 0.08384978675941412, 3.5565852616192197
-6.907755278982137, 3.774747408638268, 2.3165806582499147
-6.907755278982137, 1.0376807449405534, 3.2446618695003484
-6.907755278982137, 0.344375481921073, 2.8707901846120816
-6.907755278982137, -0.4587473366937439, 1.8525542251353473
-6.907755278982137, 3.221014671554635, 2.910860837308689
-6.907755278982137, 4.0503539495292475, 2.5507599223330835
-6.907755278982137, 3.193147554636844, 1.658100577730994
-6.907755278982137, 6.332719330374235, 1.5784805600881127
-6.907755278982137, 3.573733180287008, 3.2191076528852567
-6.907755278982137, 1.353016922476871, 1.706623948791789
-6.907755278982137, 4.711347741534247, 2.243144076048844
-6.907755278982137, 0.936529816637616, 1.2997933772693604
-6.907755278982137, 3.7628526748774758, 2.486899305056885
-6.907755278982137, 0.6470712966907963, 2.6966896573192973
-6.907755278982137, 3.129148247276776, 2.8222210534052765
-6.907755278982137, 2.5413213386267732, 3.0544386648448363
-6.907755278982137, -5.346626183521257, 3.1518473341882887
-6.907755278982137, -4.752915694835033, 2.7659673197051005
-6.907755278982137, 1.7344667966432503, 2.6118353081796943
-6.907755278982137, -0.8210279875196059, 2.4552364524837675
-6.907755278982137, 5.139292280144375, 3.1855926182563086
-6.907755278982137, -3.176006481271299, 2.492534467054289
-6.907755278982137, -5.743520713631386, 2.7199478125074945
-6.907755278982137, 0.07382746341895652, 1.524509744107489
-6.907755278982137, 0.8134470476238386, 3.156478486315325
-6.907755278982137, 3.1200162333886614, 1.157313274985069
-6.907755278982137, -3.1382679694030373, 3.353504437740977
-6.907755278982137, 1.9680072987299266, 2.9519595883208223
-6.907755278982137, 1.9999449818286035, 1.7830159936842322
-6.907755278982137, 2.134864670858757, 1.0714286123699668
-6.907755278982137, 2.667120663084533, -1.2835503112072446
-6.907755278982137, 2.9806223095069755, 2.848378807223337
-6.907755278982137, -0.7269200709167513, 1.8972113106417063
-6.907755278982137, 1.2227897675814807, 2.0039908547504877
-6.907755278982137, 3.8653594885469635, 2.0640262725534093
-6.907755278982137, -2.7526103308630656, 2.551957994080412
-6.907755278982137, -2.7167833698094803, 2.7450498618829298
-6.907755278982137, 2.1063885038759045, 1.4600497321419699
-6.907755278982137, 0.0951152434487833, 2.39524001548282
-6.907755278982137, 7.260519792762931, 2.43183706194877
-6.907755278982137, -0.8024431794668722, 2.445798051966343
-6.907755278982137, 0.6444715905322912, 3.274663956070791
-6.907755278982137, 1.1554119494899433, 2.290280680088605
