t=0.08239857329374027
logZ_t=-24.376313846729524
-31.37271467567668, 0.7316463306473936, 1.3179776741054807, [0]
-31.293587304738708, 0.5732104429070445, 1.2350539003302934, [0]
-32.236377190922425, 0.739904006636979, 0.7500503299855186, [1]
-31.312127825412365, 0.6821702043181249, 1.072447870988538, [1]
-32.411749753919935, 0.6209327873835485, 0.9298323147715086, [1]
-31.674362624009166, 0.7006343799153651, 1.0180020671528025, [1]
-31.912777198385474, 0.7305056026951623, 0.8334523718250528, [1]
-32.586407728282225, 0.8064290885447869, 0.9410788008001045, [0]
-31.176797202420786, 0.6565499422141404, 1.4658184166200385, [1]
-31.626390400353245, 1.0434767723844842, 0.6807237020401187, [0]
-30.415459750627285, 0.734144454096224, 1.0337804985407035, [1]
-31.424823422424264, 0.7180547575490621, 1.0300130385506578, [0]
-31.10778872178169, 0.7268809788719355, 1.6103726396282525, [1]
-31.57245407159691, 0.38379377117628494, 1.0012066114596896, [0]
-31.670660758308145, 0.5087011214369317, 1.0708087889488036, [0]
-31.803264702306503, 0.4488265681132299, 1.1440045701826727, [1]
-31.407088007727296, 0.6665363764095821, 0.4798090034108804, [1]
-30.030948537399862, 0.5821137432065682, 0.9783449362713281, [0]
-31.601255621499217, 0.5092344487059037, 0.6655059885758965, [1]
-32.329082382802646, 0.7602025414911849, 1.5695017022460527, [1]
-30.658679388180385, 0.49734661964514415, 1.2213172025176506, [1]
-33.09731647782845, 0.7612368766933298, 0.8656621239865803, [0]
-31.224195673506408, 0.6663044272250662, 1.0078307021035169, [0]
-30.800355778998217, 0.3704523315714885, 0.6289536237351538, [0]
-32.28393034410805, 0.6523341561075385, 1.1129274971664191, [0]
-30.322940687592652, 0.6298155796454719, 0.5717603761778454, [1]
-33.51869864345539, 0.3997661092713639, 1.2885087654809708, [0]
-31.52021348129915, 0.8986667936005055, 0.5610106042059494, [0]
-31.837814713086253, 0.6716156365082107, 0.847258353086475, [1]
-32.95300615617083, 0.48331504479480597, 1.048703446509248, [1]
-31.12713521603795, 0.8305200138040925, 1.6733866205099313, [0]
-32.643998865129916, 0.6091059766754734, 1.2582960296367807, [0]
-32.25483366980118, 0.539456191520635, 0.6529712196796278, [1]
-31.485473962859437, 0.3485732309796715, 0.8266251972009921, [0]
-32.24923459531842, 0.43746485351927544, 0.6393534851688811, [1]
-31.540752840060843, 0.6461252971259077, 1.3453755581950524, [0]
-33.527685974450044, 0.8333907148683839, 0.7744654108447298, [0]
-32.14957500756473, 0.6713248024514957, 1.033674088445471, [0]
-33.21260293957354, 0.7265736811773523, 0.6784093808844409, [0]
-31.814623415195822, 0.8622572897703614, 0.7928533413498788, [0]
-32.235873923023426, 0.5186286189992637, 1.066138044436585, [0]
-31.099091577372207, 0.692808878931085, 1.3974381622347372, [0]
-31.048443089669053, 0.7887828391325387, 1.0399666976243855, [1]
-32.11265423963044, 0.5005676758289164, 0.8362841306065637, [0]
-31.278726687422335, 0.49820684334165766, 1.2839169268808277, [0]
-31.76508092689909, 0.4997530420728472, 0.950861667857207, [1]
-29.78137689866203, 0.8544534209784966, 0.7745857407402059, [0]
-31.410697904768472, 0.3905730128144944, 0.9021356731885545, [1]
-30.963074171130142, 0.5469704653591644, 0.6974959247689556, [0]
-32.125770438960856, 0.6436200034149926, 0.9172513036588754, [0]
-33.90365998700551, 0.532203660687728, 0.7437153650527603, [0]
-31.13922005899787, 0.6625592915300433, 0.3910951279471103, [1]
-30.73318824639566, 0.7948491158162848, 0.674875252457408, [0]
-31.290920124646206, 0.46451026782423843, 1.4352122551472046, [0]
-30.277692448961446, 0.7484305202805682, 0.4295499789315741, [1]
-30.9611007573913, 0.6785337560488004, 1.215953339653692, [1]
-33.40383397400548, 0.38408472017271833, 1.042053231067151, [0]
-32.52335344152009, 0.7481935819094151, 1.406906613697358, [1]
-33.789738472081964, 0.5840388619909783, 1.250750688486, [0]
-32.686911486933845, 0.5623716776209732, 1.7997706757872487, [1]
-31.086599770256804, 0.6568060820486811, 1.0569475679118938, [1]
-33.330627081638, 0.7188995128739484, 0.9685660201663823, [1]
-30.755306116640817, 0.7145656168584598, 1.2033213364993227, [1]
-30.507225389770284, 0.4789780752921704, 1.0357129207813847, [1]
-31.565939227752263, 0.7729610441092827, 1.2515988807923386, [1]
-30.908901641689265, 0.7431856919927156, 1.1724500325806555, [1]
-30.96744694819199, 0.6649897141469953, 1.3294074311185455, [0]
-31.11922962743644, 0.7818011084374482, 1.008949193913483, [1]
-31.319824719377173, 0.5800839030038831, 0.5608056851069914, [1]
-31.71112145543102, 0.660001392556057, 1.1425371429885067, [1]
-29.96440854424988, 0.5880739478064911, 0.8384519629433957, [1]
-32.2344811594682, 0.4821453311962098, 0.6731479335459575, [0]
-32.250109745415635, 0.7221174480660202, 1.0415581266048108, [1]
-33.34310426811009, 0.655254137772473, 1.0401860677620782, [0]
-32.41036101650052, 0.09756509551932342, 0.4495305209242313, [1]
-31.486193607355133, 0.8572380358160085, 1.086577875942393, [1]
-31.316795868191637, 0.7145517356337601, 0.7710049866065674, [1]
-32.227128443613715, 0.44483974304602797, 0.9018842948327155, [0]
-32.830366439550296, 0.6300890581074381, 1.0589537981911656, [1]
-31.272512639807527, 0.49234773899410045, 0.6117141940138598, [0]
-32.01427950469405, 0.5136285456142383, 1.2798249527132164, [0]
-30.58230441470733, 0.5934054669933326, 0.7475646838523411, [1]
-31.39080689859792, 0.5141269456675721, 0.35023325907687786, [1]
-34.3905294442116, 0.628118827436169, 1.194141086995899, [0]
-32.96795569438538, 0.7276969727932102, 1.433787386920912, [1]
-32.06202973207709, 0.7721847381951076, 1.1407568445339313, [1]
-30.67795944752396, 0.6246213020657029, 0.9101065468503484, [0]
-31.136803959251427, 0.7308127616506447, 1.1246110480847535, [1]
-33.118648374040596, 0.6399452137591946, 0.6906080756538083, [0]
-31.7761021667083, 0.6732357940137891, 1.3055146279833925, [1]
-30.976486879777976, 0.6682112758383901, 0.9992023275148337, [1]
-32.567357378991076, 0.72115989027365, 0.8594245671635168, [1]
-31.15038663370752, 0.6678733297690193, 0.6029846985964902, [1]
-30.724253099034556, 0.6558926860936409, 1.1677863316153203, [1]
-32.638753232195626, 0.7465278606823251, 0.9492216949806422, [1]
-31.889831124306653, 0.7462285353494611, 0.6784650120951816, [1]
-33.15853116699288, 0.47859242728891427, 1.4511196333329137, [0]
-32.272879693405116, 0.6784902514936251, 1.0315303664199886, [0]
-31.43208130650155, 0.5728549993189529, 1.1737141280457202, [0]
-32.54747713217315, 0.6455421711724176, 1.1019362147906948, [0]
-30.70120488752706, 0.701411447321898, 1.4724568749156393, [1]
-30.4284814799222, 0.7686705840437621, 1.187722870961962, [0]
-30.124857633808574, 0.6851537984408843, 0.7991466517438203, [1]
-30.852466118364333, 0.695614072291864, 0.8606323074154777, [0]
-31.24878020576246, 0.43075276129843365, 0.37982405666758046, [0]
-32.64971521604698, 0.7585925269611522, 1.406245033384763, [0]
-30.912535951505816, 0.5835360473842711, 1.0173503032276328, [1]
-31.59949874358173, 0.6707762328765954, 0.7260868014966699, [0]
-31.319070547047748, 0.5396818974806976, 0.9555819054230803, [0]
-32.14562394099831, 0.4428802201752587, 1.2921040793104968, [0]
-32.68224725248106, 0.7229448089667061, 1.7014240143135018, [0]
-30.76539142027406, 0.6381908444404594, 0.4766460371703861, [1]
-31.268581197579103, 0.5280889301433556, 1.1110899761231698, [1]
-31.2557717389885, 0.6607714951767709, 0.9090553066318727, [0]
-32.69653308518487, 0.48081790078934117, 0.5557717760929634, [0]
-31.693255784805885, 0.5776935252410154, 1.3564140793016042, [1]
-31.66969620570954, 0.671726564306722, 1.0575186967379382, [0]
-31.021359635377465, 0.7156773834259679, 1.0418965372148752, [0]
-31.81390481083043, 0.7943308212840308, 1.0872296955622145, [1]
-31.303266213770655, 0.5738361818151725, 0.9449843253241583, [0]
-30.76462327718777, 0.6561128443550377, 0.8740713489143249, [0]
-32.088342160307015, 0.7946055663412446, 1.2459936758491914, [0]
-31.930163150553135, 0.4723772563278914, 0.4066819286646496, [1]
-31.73940929137844, 0.7323634813206887, 0.9459940180024109, [0]
-32.45895653800062, 0.7574924870980565, 1.2745440204054987, [1]
-30.971893385781524, 0.5701685087086457, 1.1020240304926596, [1]
-30.635115893105922, 0.6796359241636925, 0.5718379807282348, [0]
-31.906864872732825, 0.7007094934652975, 1.3200572000500812, [0]
-32.552275563945855, 0.5626040325224451, 1.203051226219771, [0]
-31.802331479125588, 0.7160488168759372, 0.7118195782825653, [1]
-31.011823450467094, 0.7227047384876268, 1.0996295197712562, [1]
-31.25978045361632, 0.9686411218202369, 0.45088058973278833, [0]
-32.352023774120426, 0.35926218661879017, 0.6128930167329436, [1]
-30.0345439961037, 0.7625067112988198, 1.387765462392728, [0]
-31.489463123440686, 0.9372769194839157, 0.6348481431177984, [0]
-31.711310951550548, 0.2556580928532607, 0.9552006437977891, [0]
-31.263716425133484, 0.4612588968857891, 0.7013764210463876, [0]
-30.362775244717575, 0.5801413410318578, 1.3853631496662198, [0]
-31.362370732268587, 0.807664945923359, 0.7207397442646666, [1]
-31.107405836225418, 0.3933268614362864, 0.8458581672205238, [0]
-30.445816139660423, 0.8738287490158914, 1.21505830380999, [1]
-31.2196378225829, 0.5734325236460913, 0.49604333815127966, [0]
-30.992612790627508, 0.7249278270468301, 0.483576329390918, [0]
-31.12551203286274, 0.7820409005427958, 1.3564527833223199, [1]
-33.236600601917964, 0.6547588552855046, 0.9608759566420626, [0]
-32.01040679946778, 0.4466588779078768, 1.4256144703936449, [1]
-31.37014270261354, 1.0129534109489975, 0.5505974482042508, [1]
-32.84288110829968, 0.5559666862505993, 1.2034643298145915, [0]
-31.616239247756525, 0.7671440849967487, 0.8525048411634516, [1]
-30.80528123067468, 0.46662812818588767, 0.9175039160086955, [1]
-32.305854178546234, 0.6158245209692838, 1.596450692314069, [1]
-30.677473329977285, 0.5887867099837785, 1.101114238653224, [1]
-32.13841574497825, 0.5437030353540732, 1.3437447382771814, [0]
-30.47359942430611, 0.5153490203767412, 1.018387905748182, [1]
-32.69853362755611, 0.561775279690262, 1.026934316934028, [0]
-32.147225890170894, 0.5073760256136371, 1.433176401800039, [1]
-30.704809518021168, 0.9023846020782575, 0.9567491949923926, [0]
-33.067604030754325, 0.6262232941713308, 0.7603075549877897, [1]
-30.68273261496353, 0.7398438610084355, 1.163112391976447, [1]
-32.11580906850935, 0.7271462176595452, 1.060490916803794, [1]
-30.85083582505233, 0.6321431488123623, 0.9351728918353942, [0]
-30.237741113503567, 0.6582040306331021, 0.9810472190819758, [0]
-31.28034444177859, 0.6241013876743059, 1.1123820679298413, [0]
-32.35482098723085, 0.6525140631099462, 1.07240505854851, [1]
-32.36646464314915, 0.5707581442000841, 1.3995564807307708, [0]
-31.730331489898543, 0.7302686626548476, 0.6790592155648634, [0]
-31.507420844527886, 0.5901120195407586, 0.9041308128690992, [1]
-31.294667224824696, 0.7369058587566082, 1.0275164009348914, [0]
-31.48706677426023, 0.4951949112652401, 1.2810812132802942, [1]
-32.79602054056109, 0.4754782855862175, 1.8369818082131266, [0]
-32.33708645281184, 0.7773335094741057, 1.0489988198016529, [1]
-32.23816182509374, 0.6657308428420837, 1.4867447444369841, [1]
-31.92655686424606, 0.6635931996085087, 0.8982575253509095, [0]
-32.71735207348617, 0.6941137159094465, 0.8061935011413994, [1]
-31.21975123154197, 0.7274019037015134, 0.8635692506257884, [1]
-32.865974120756285, 0.6319704316915883, 1.4104627468704376, [0]
-33.688399012388004, 0.6041040314380699, 0.8818300068299192, [1]
-31.751178442551534, 0.7776795491613862, 0.3913598637995593, [0]
-33.71185549990104, 0.5312219018596276, 0.9289182693388205, [0]
-30.51114831352484, 0.6916700638586271, 0.7126338706157118, [0]
-33.522702206493825, 0.504548758101584, 1.6041288620318532, [1]
-30.603504834977496, 0.6602489366724462, 1.2048322597828538, [0]
-32.920322067978915, 0.5560764192373955, 0.8549523625332325, [1]
-32.32840240474851, 0.6511311872038538, 0.7443332566907451, [1]
-31.91205987876164, 0.7123197487121432, 0.344490399493578, [0]
-31.5259580339196, 0.6869370294973652, 0.931567028704948, [0]
-33.23867556378434, 0.621778306402311, 0.683389807651885, [1]
-31.028722803097924, 0.5596135990477467, 0.7705420511378842, [1]
-33.03327466244015, 0.6380198118989473, 1.1015261839980104, [1]
-31.855869510611885, 0.823598846397352, 0.7754193484761305, [1]
-31.219422770017857, 0.5760520144832988, 0.7186851766148282, [1]
-31.297347982934742, 0.7603261182616678, 0.8498779430978148, [1]
-30.708276096481594, 0.5129366484569012, 0.5632539071525987, [0]
-32.90946630729376, 0.5975034869427942, 1.4010962124317827, [0]
-30.62786498485572, 0.6720143980555776, 0.29370865708645677, [1]
-30.37860943301043, 0.6101924081822324, 0.9733527192456525, [0]
-32.53267043243078, 0.6289654193072736, 1.7041741162135313, [0]
-31.97806778220784, 0.7678725198039038, 1.1605100302239255, [0]
-33.292130499233856, 0.7269191757399758, 0.8613330371581682, [0]
-32.99100797352267, 0.5961942769137468, 0.968629968222672, [1]
-31.104552164365632, 0.5429562666324876, 1.1792072501138462, [1]
-31.876708805323812, 0.5620404100675634, 1.5903833644681906, [0]
-32.158564415936056, 0.8513762469722712, 1.4501742913490112, [0]
-31.196842532500163, 0.5957783525972845, 0.5469423014130632, [0]
-31.925710362181672, 0.8589961509608459, 1.4298399339100367, [0]
-31.468566166731385, 0.7862558969773333, 0.8331864326705396, [1]
-31.348215941849524, 0.7115786122533748, 1.430471380461873, [1]
-31.002640475172626, 0.5903748275441774, 0.474773930600664, [0]
-30.14924719263912, 0.6663788747648847, 0.601078963439122, [1]
-32.22015067312864, 0.8454542329561049, 1.1505536650778887, [1]
-31.146448877042783, 0.2652964457098598, 0.8170873503332144, [0]
-32.320605759941785, 0.5959164535675742, 1.4340030163387445, [1]
-33.009263496270286, 0.7637182027989549, 0.44747946700338437, [1]
-31.1809671422255, 0.642123454820148, 1.1274697691990023, [1]
-32.764417592033055, 0.4393279124510414, 1.2877473963379653, [0]
-33.96561820720004, 0.2327161636934973, 0.6502334485209784, [0]
-31.851675697236843, 0.5859435587730073, 1.2091700015989968, [0]
-30.373193572183947, 0.583816395482403, 1.3859633679455976, [1]
-32.09503447432629, 0.6573941752644091, 1.1593458815155757, [0]
-31.40708435760742, 0.6597834414635534, 0.8956870250996527, [1]
-29.829547380054187, 0.5172144278200755, 0.30998535271436256, [1]
-30.194880936226344, 0.5857232811913952, 1.4068848819783384, [1]
-30.23371424528412, 0.5916555508336065, 1.2607912765467004, [1]
-31.63324806314957, 0.7595417055693326, 0.8917346492289857, [1]
-30.650794779348292, 0.4783012642754431, 0.6859517638485852, [0]
-30.086323968461848, 0.4052457306780347, 1.1093379589081953, [0]
-30.429154987278245, 0.4824064690224572, 0.7592818168624738, [0]
-29.549450514126914, 0.7327184771112002, 1.260486820363702, [0]
-32.49475692479776, 0.42021415650727834, 1.1160467554337976, [1]
-32.2583034592966, 0.7333217986238612, 0.8463813759116945, [1]
-32.39436906263804, 0.45344479067211335, 1.1209034265695614, [1]
-30.558723496897837, 0.7660359463369436, 0.8723530797080076, [0]
-30.942397015522513, 0.7850027432382565, 1.0959422024853067, [0]
-32.41962224025353, 0.8289479176090716, 0.6462688585029498, [1]
-31.491303230605258, 0.8979375382877183, 1.0456202358656728, [0]
-31.312855476018445, 0.5766935166057499, 1.5620881596299485, [1]
-30.681004357345767, 0.6802990655016057, 1.2322797745069116, [1]
-31.619180234720716, 0.7560289482969086, 0.7444572563425633, [0]
-33.03959220879577, 0.5211096642117904, 1.366565345158898, [1]
-32.13087912970147, 0.6193509383367706, 1.1041906741819865, [0]
-31.504481662025217, 0.6001551552688883, 1.024657407430255, [1]
-32.67468021657206, 0.5633179654517178, 1.1836207498130993, [1]
-32.84921198848661, 0.4023642882214693, 0.519104859012497, [0]
-33.03112907475197, 0.5865738986533038, 0.7140552663124813, [0]
-30.639134433294682, 0.4720302526144292, 1.0320379702787572, [1]
-33.62462786244017, 0.7236221374826862, 0.8238050253067126, [0]
-33.44698182374883, 0.5502142175420848, 0.9208246042201429, [1]
-32.448235814892726, 0.6081118681758946, 0.8979084765354964, [1]
-32.21421708973099, 0.5135603129107795, 1.4618905200487293, [1]
-31.8920051205589, 0.7188192998092304, 0.7908214835531773, [1]
-34.58324498294364, 0.5535688534343769, 1.264522340222201, [1]
-31.73841298301323, 0.583118392566507, 0.48791985790529896, [0]
-32.53840833195315, 0.9954234871156187, 0.5951797824381686, [0]
-32.83449504927928, 0.6650970253082575, 0.7519036524949376, [0]
-32.20185853860608, 0.6160561235691512, 1.3988268215968387, [0]
-31.048484664783228, 0.5503798308691803, 0.8008402938415492, [1]
-32.494861944151644, 0.7459587159393489, 0.5985489941871521, [1]
-31.482176821600444, 0.45427179728083356, 1.5893969784678936, [1]
-32.28707653915378, 0.44745217360190326, 1.127805540309637, [1]
-30.168101054919948, 0.5152412274188982, 0.42796429983296463, [1]
-31.560109434660763, 0.5075423194986589, 0.8386216679622525, [1]
-31.458844619023857, 0.4412130233820535, 1.1035674111390552, [1]
-35.62751738247856, 0.7694839088462894, 0.7136747240893092, [1]
-30.743856760067782, 0.41849946628207124, 0.7884712875803608, [0]
-33.34268837301321, 0.5714164585795048, 1.443260835428951, [1]
-31.56178131352616, 0.7169347474853917, 0.8948664050360533, [1]
-31.5748622989711, 0.3964820826220019, 0.8163326983174947, [1]
-29.895753965040235, 0.6129446000522121, 0.719650283456658, [0]
-31.626849137131398, 0.7339372573166929, 0.25175209885116057, [0]
-31.624950507793947, 0.7692712751797777, 1.0430450078798665, [0]
-31.371975401702006, 0.6766337228720872, 1.287217907777136, [1]
-32.865902817981166, 0.8117946082973627, 1.4588589131574492, [0]
-31.032723721499035, 0.8955045477247909, 1.4315740285788348, [1]
-30.21556327349065, 0.6984005247043367, 0.87608912225853, [0]
-30.704576449335747, 0.6750433982956744, 0.8589986900195128, [0]
-31.205651760572675, 0.7641275205149497, 0.9285563468721116, [0]
-30.61436398807154, 0.7007962658623627, 1.445940731643501, [1]
-31.468094749120166, 0.6688430022487013, 1.672645404420678, [1]
-33.1961214519194, 0.7535092225351568, 1.026504033377272, [1]
-30.633555945369256, 0.7456697079884597, 0.9465168070788461, [1]
-30.935713971443032, 0.6398323023648518, 1.0922465639623766, [0]
-31.13601186257863, 0.5033992607856872, 1.4323305633347616, [1]
-32.49647382978485, 0.7574929348915763, 0.7618110569897202, [1]
-33.28489990909783, 0.483602091055799, 1.1091420636872893, [1]
-30.83701847482995, 0.5730714287201583, 1.4626268750764377, [0]
-32.112139679016444, 0.7272002859616719, 0.5959494270137645, [1]
-32.445536016859556, 0.7879795754808148, 1.0672475963202173, [1]
-32.389323212306714, 0.8711884561194593, 0.8972229106138685, [1]
-29.83160779448127, 0.6972340222868785, 0.9117481085321327, [0]
-31.683179072192637, 0.8116266642530332, 1.1647725077670938, [0]
-32.595482269814696, 0.5482268509024084, 0.9985471301185187, [1]
-31.773407429570153, 0.6784606218734421, 0.49874574629938767, [0]
-30.754627499424654, 0.7472315734898507, 1.194453811161488, [0]
-30.342130688095175, 0.7865135240686016, 0.6497137862296082, [1]
-32.628212582624606, 0.7391788387250232, 1.2419509400755706, [0]
-31.419215884359698, 0.35005382996709977, 1.0111489919841032, [1]
-30.905362239088944, 0.5520861474534986, 1.3034628773843395, [0]
-32.35562899200626, 0.5066289791485826, 0.7968327358968983, [1]
-33.86330593574571, 0.7453624278044696, 1.2305366309555252, [1]
-33.445885905728, 0.6883073572922792, 0.7803273371385153, [0]
-30.975908739977505, 0.5937921960091279, 1.037621777409868, [0]
-33.2567965357145, 0.5734436141227598, 1.1978517019867907, [0]
-31.043804694058274, 0.6389942520844558, 1.330455507733152, [1]
-31.82847885705974, 0.633698554482895, 1.1274414292569679, [0]
-30.348172153948532, 0.32782496904163827, 1.2763706271664046, [1]
-31.05890726058929, 0.7114602538342616, 1.3296639031930302, [1]
-30.830498007282152, 0.4652058100281782, 0.9746209010298781, [1]
-31.435370434340385, 0.8849095453404957, 0.5666670921181134, [0]
-31.135874012057336, 0.7316860185040942, 0.9094018652092326, [1]
-29.73874611109181, 0.7690954425587597, 0.8259266665623832, [1]
-31.951884748215047, 0.7811092859984435, 0.9252015643336571, [0]
-31.307607232562145, 0.5016073170182096, 1.5384052162816029, [1]
-31.007026777145434, 1.1366097743118793, 0.7218232240634961, [0]
-32.75848628767975, 0.6997489429164195, 1.1025979931275494, [1]
-31.429388540607864, 0.6123229254358709, 0.86222538569046, [0]
-31.929847723117412, 0.597474053695484, 1.3781852747563337, [0]
-32.64935835933194, 0.6144466072217873, 1.0610069394665438, [1]
-30.87991083912925, 0.46866232175831085, 0.5902180729214466, [0]
-30.55950856534284, 0.6759186777524537, 0.7666110016638212, [0]
-31.00945920430675, 0.8953135625294075, 0.1578207365485912, [1]
-30.447027204734006, 0.5850481582146209, 0.8303388691887605, [1]
-31.57683002705535, 0.6754414755038278, 1.359994154827719, [0]
-31.31075033801159, 0.43949864384193993, 1.4263669778423254, [0]
-31.529358568193313, 0.7239054935593048, 0.8732256977503472, [0]
-31.028715530276795, 0.7835572986383571, 1.2289949094005572, [0]
-32.12755254567219, 0.6142909906826798, 1.4194472545607661, [1]
-32.72081488508747, 1.0032528728860952, 0.6976590271087262, [1]
-32.65485894620318, 0.6229925027989434, 0.8695630018485512, [1]
-31.210248678948343, 0.6701858498524839, 0.7508120707512353, [1]
-30.354573824816864, 0.7310920166795902, 0.4807708381130933, [1]
-30.895615620423637, 0.5590626873425292, 1.2902430798137952, [0]
-31.856133263379192, 0.56301630672242, 1.0478446488122368, [1]
-30.69105197477799, 0.6449954330633125, 1.1470839877165238, [1]
-30.357775136523383, 0.6137125114058158, 1.1100332982485934, [0]
-31.078378656391674, 0.6918296195012594, 0.6491369793708045, [1]
-31.86188775276442, 0.6910282502862528, 0.8268148316026808, [1]
-30.621396664827, 0.6442143121409443, 0.9276661437129711, [0]
-32.01055818451619, 0.7806722377673352, 1.0062137845958437, [1]
-31.069098687256574, 0.7904547268603087, 0.9658328090798802, [0]
-30.297116345922465, 0.5537647182781638, 0.9545145862234699, [0]
-30.33570985958322, 0.4977511269913777, 1.2391145924529536, [1]
-31.343842978521327, 0.5378769394178897, 0.7094686099735728, [0]
-32.91584340291526, 0.6538486632737565, 0.7903855596318297, [0]
-31.76330778993732, 0.6642529543608151, 1.0679229200081284, [1]
-31.241459006381003, 0.5594051275857123, 1.258539669690394, [1]
-31.309247998313303, 0.5694664960091402, 1.1375648644413632, [0]
-30.664907228597706, 0.5739858585056798, 0.9250259850447309, [1]
-32.37961074290949, 0.6014447220239749, 0.8106136135198974, [1]
-31.451465635084762, 0.5879428618356516, 1.3841412124246066, [1]
-30.637189219468173, 0.689454558148331, 0.7976804199175545, [1]
-32.52815137177046, 0.3137500917806586, 1.185749164534629, [0]
-31.6139751676984, 0.5816646806604928, 0.8208142041373063, [1]
-31.5225316843034, 0.6416110158247053, 1.4017548110334577, [0]
-32.10505053000695, 0.7159770293270351, 1.0433279108276037, [1]
-32.375724376021694, 0.6322159141078243, 0.7392945017057717, [0]
-32.90243525460646, 0.5163944417932738, 0.760778289291493, [0]
-31.569596830572312, 0.5603107032088602, 1.507447969711392, [1]
-32.26644064711154, 0.40545651045010084, 1.420424751572986, [1]
-31.43615379437753, 0.6597850872008115, 1.002587512561841, [0]
-32.174158561330586, 0.4248198654054378, 1.0485711629221417, [0]
-32.86116325690822, 0.3939872265503912, 0.8668398473354559, [0]
-31.289572219745867, 0.6700701852329396, 0.8613090406259826, [0]
-31.493763382268888, 0.5983171223704181, 1.0119069831745355, [0]
-31.218893622803424, 0.43574725087418975, 1.0871994098511513, [0]
-30.678737949730017, 0.6102967383778886, 1.4077917819907713, [1]
-31.587853476533763, 0.40769045014445543, 1.653648654551754, [0]
-31.43837833543523, 0.6424532359814302, 1.1012813514846231, [0]
-32.97753023374187, 0.7227537228264587, 1.3330612894597245, [1]
-31.880819000057706, 0.673635453281783, 0.7827218246183758, [0]
-30.505798794412208, 0.6596495728624382, 0.7044772010373567, [0]
-31.316974139170657, 0.8875835671525901, 0.48443043375678724, [0]
-32.64306166919288, 0.637942533577573, 0.9951129534625114, [1]
-32.24239564432794, 0.5248356998739151, 1.2811460915421926, [1]
-32.049955086983104, 0.3687376219147497, 1.2359772309113066, [0]
-30.89405973830382, 0.6580225246101262, 1.6150066685143845, [0]
-31.086986009064045, 0.7483608680240618, 0.819107211831274, [1]
-34.0548232396612, 0.7461085898652262, 1.6272775548425857, [0]
-32.47137322386153, 0.5105081288859039, 1.1374006714685532, [1]
-31.41040682052467, 0.5629557972902351, 1.3109785829900173, [0]
-31.574324201053294, 0.5663422866140713, 0.7100819307334579, [0]
-31.333562903804555, 0.6413223199828634, 1.0028177825999591, [0]
-33.00008709610774, 0.5273999118272787, 1.5863735799176728, [1]
-31.45704380521495, 0.3808564827847765, 1.3482077371305672, [0]
-30.369370501328213, 0.7306093473891105, 0.9648704430741903, [0]
-32.50761085548864, 0.9194471631509841, 0.6019534197001853, [0]
-30.768482726248926, 0.8506590455985996, 0.7727888044958908, [0]
-31.474526620530582, 0.7082814227178778, 0.019199971919460657, [1]
-31.809967687466575, 1.1608366117578757, 0.11245496240809327, [0]
-32.309211006917124, 0.8319986288853047, 0.7904403724033646, [1]
-33.27824657747402, 0.7802685448588254, 0.6256579424219625, [0]
-31.13888011586311, 0.642447575768426, 0.6684252660208244, [1]
-31.972855535793098, 0.5697802150068317, 0.7122970808240334, [0]
-30.033410720630666, 0.6840236040287103, 1.0467734851974202, [0]
-31.634330652716276, 0.6572493170469079, 0.6321129753886124, [0]
-31.579695509447888, 0.7912649053206825, 1.1993509437538021, [0]
-31.113480185824343, 0.41829122037402905, 0.5673667300455587, [1]
-31.065323911061288, 0.6089252998194647, 0.966236455063965, [0]
-31.02495284528247, 0.5217272272955279, 1.1425272496854648, [0]
-30.540548896745488, 0.6483912039785026, 1.3748043891840454, [0]
-32.525695314004885, 0.6404352428817903, 0.7112516484379827, [1]
-32.35811048222928, 0.3619828866107431, 1.2378769208614022, [0]
-31.86584572538645, 0.630724272451437, 1.7472186513399037, [0]
-32.046934045784404, 0.8337456000165223, 1.0500887509387256, [0]
-29.567342164998443, 0.4761501764304963, 1.024503730696357, [0]
-30.67146387885646, 0.4892401817839331, 0.306619711759874, [1]
-32.143268203253164, 0.6841265722591016, 0.959751761846962, [0]
-31.88420120902172, 0.8297235395644181, 1.5451979403813443, [1]
-31.20139615485712, 0.7436248441459772, 1.0058857640380525, [0]
-30.374013394923953, 0.4833379818634041, 1.3349580663391865, [1]
-30.624033248552713, 0.5805438492068681, 1.4974890615239693, [1]
-31.963947319306218, 0.4359731920471861, 1.0872081236059121, [0]
-31.14584112586734, 0.6490437920971566, 1.0496323329385524, [0]
-30.103009227591013, 0.646452829802118, 0.6926243186155909, [1]
-31.721906773945985, 0.32976734202584224, 1.14779995369764, [1]
-31.46233576818488, 0.43459730247197814, 0.9518009142986031, [0]
-31.66941031933986, 0.5603556982857821, 0.84571719724782, [0]
-30.387266148127743, 0.546244981229527, 1.1617736651326946, [0]
-32.38350774750866, 0.6713664588985155, 0.26802975969993337, [1]
-32.44496553646112, 0.5766065074238784, 1.2132243209288336, [0]
-32.586787864474665, 0.48585490706832074, 1.4028446234021577, [0]
-32.05679829972687, 0.8495345167593994, 0.9557031143565033, [0]
-29.748171570562757, 0.7940350974757567, 0.9129202942725064, [0]
-31.385545641591605, 0.42599991373033413, 0.8600385461628268, [1]
-31.16826211570363, 0.6121740174745279, 1.0319290889166217, [1]
-32.03958933815002, 0.40942483094537785, 1.3315407920862952, [0]
-30.773124306521403, 0.6344297544232429, 0.7271932313566483, [1]
-31.358585133926823, 0.87160852199094, 0.8876316398657269, [0]
-32.495150122538526, 0.7004165092688277, 1.0236666099934977, [0]
-31.66486307306169, 0.6864792143112854, 1.5255863325267458, [0]
-31.106365702642602, 0.5390962718639407, 1.335342051479137, [1]
-32.3879921383018, 0.6851982619342863, 0.6367446741786029, [1]
-31.34488817511788, 0.2419538956822031, 0.7851207359933478, [0]
-30.999713124232485, 0.8193729806286119, 0.6570490829156913, [1]
-32.1732191216842, 0.8740969220038884, 1.0539458715166903, [1]
-30.49332459064455, 0.47047694973760734, 0.7674260082564418, [0]
-30.960142454147164, 0.6129806580722013, 0.7921184580539826, [0]
-31.593114395301708, 0.6653333440015454, 1.2987979235131388, [0]
-29.46424904854993, 0.7751010400109096, 1.4226703124236033, [1]
-32.274316744963215, 0.7804636291792821, 1.1019047926127568, [0]
-32.143619879938015, 0.4306568838708478, 1.3065263425267322, [1]
-31.308009133988527, 0.40091384840478067, 1.0201235735672185, [1]
-31.935911190165054, 0.5798920646150841, 1.0757350296424266, [0]
-31.625368399099127, 0.23448814463690215, 0.6766898247103832, [0]
-31.786349085006485, 0.5877656131286786, 1.2298720758312003, [1]
-32.62705371515542, 0.7623839210998317, 1.2337049180370714, [0]
-30.363825326750987, 0.7543011415127663, 0.9761400637845767, [0]
-32.22379857831842, 0.5793366809609592, 0.5504987170757466, [1]
-29.530575964234437, 0.43749596566531807, 0.8391989833483299, [0]
-31.41685488465887, 0.6993196688343241, 0.43905915962172165, [0]
-32.3420507685164, 0.3766611542027031, 0.8821104021776041, [1]
-31.560936437032357, 0.6637547538871118, 0.8523261629556969, [0]
-33.45719479122382, 0.6692011906790077, 1.0487030229036223, [1]
-31.088211594927337, 0.7419168283632632, 0.8385360732853727, [1]
-30.415289930828777, 0.6973165452971706, 1.2237888618711275, [0]
-31.5140755767149, 0.38305382082324857, 0.9071382859151309, [1]
-31.67204547680287, 0.4963733151037106, 1.2234334134381835, [0]
-31.013193061607712, 0.6699024613947768, 1.1648869264623214, [1]
-32.362139003415095, 0.6073736861788802, 1.345281831571611, [1]
-32.71398740893814, 0.5650397089505957, 1.3314447104405491, [1]
-30.876489924035056, 0.6294335813640768, 0.8243079028257614, [0]
-32.88583636605708, 0.6577057505878228, 0.9752885777092877, [0]
-31.11864084327356, 0.729314622265825, 1.0204434246690193, [1]
-30.863399365674944, 0.5273192856892938, 1.0585083093081826, [0]
-30.46207463821242, 0.8209608998094537, 1.0497077490883602, [0]
-31.11090581768075, 0.742536702302538, 1.3768247853209266, [0]
-33.29821826261825, 0.2959041872943353, 0.1605973036466481, [1]
-30.52788177901715, 0.3093572758080364, 0.7557973808774019, [0]
-31.226588763448227, 0.285676169567986, 0.38141283915319, [1]
-31.260749203770192, 0.6974422048884994, 1.0665506036846824, [0]
-30.22127517396583, 0.505271806775584, 1.1185218358740936, [0]
-31.881632475170825, 0.46195501083335494, 0.7320492405150646, [0]
-30.514362191548685, 0.43972039497533794, 0.9628430988065493, [1]
-31.81843160024127, 0.9172586484512828, 0.6958249521074772, [1]
-32.44466587288577, 0.5603777924018596, 0.18394844066686988, [0]
-32.05386887761175, 0.8448800115842269, 0.9700365597463272, [0]
-34.34963955672479, 0.6190379153464072, 1.2656980980372587, [0]
-32.511279096030876, 0.862437579481768, 0.8002167144561967, [1]
-32.06724745355835, 0.49184375355622023, 0.4050994505051005, [0]
-32.498874709599114, 0.474708154079997, 1.475396056211756, [1]
-32.821308910873775, 0.45279746179300295, 0.4175650566763216, [1]
-31.278120018503856, 0.5433335800438021, 1.2434454644608672, [0]
-30.72949600549562, 0.47378065962825944, 0.7691859704962944, [0]
-31.556597352152778, 0.397655438897724, 0.9299429028426689, [1]
-30.861154292251566, 0.678498412091959, 1.1043973277342842, [1]
-31.77160139854725, 0.5854704195624832, 1.5507229368315916, [1]
-32.013094625223005, 0.7120179972603211, 0.922740144274748, [1]
-31.220751010271098, 0.6379236240369963, 1.4992428844241763, [1]
-32.099443412222456, 0.723869938544864, 0.6287235315175348, [0]
-31.640005989495123, 0.551561203685949, 1.7136978681078667, [1]
-31.553538412926823, 0.4908559537083382, 0.6846602036636048, [0]
-32.42642346957387, 0.5128966120087277, 1.2127216851550275, [1]
-32.69233763821772, 0.7323205087067512, 1.1704049730873434, [1]
-31.451280718955047, 0.4305507206230326, 0.5597854700607052, [0]
-31.640386612283507, 0.7702848310985781, 0.7124922740388369, [0]
-31.833384032503943, 0.8224229177090329, 1.0744392974237817, [0]
-30.76978950215393, 0.6501369830977511, 1.4205364506361295, [1]
-29.80474673528351, 0.654837217952458, 0.69128425798652, [1]
-31.46807584740959, 0.7078378679260002, 1.2429964774697853, [1]
-31.36827864281324, 0.48932906690864575, 0.7366080206610157, [1]
-31.348847244004844, 0.4606707503438114, 0.9802712097954523, [0]
-30.94913665370138, 0.731956301505857, 1.248791451185773, [1]
-32.04610009824463, 0.340989269010492, 0.7507303323379315, [1]
-31.063205371709543, 0.42181473581798823, 1.3917474205158349, [1]
-32.83130410381385, 0.8131122120889825, 1.0161850687694338, [1]
-30.557120895770332, 0.7412571242430592, 0.8297291544462424, [1]
-31.47703062945414, 0.43255775644628586, 0.9038803573204768, [1]
-31.470782651545104, 0.5939771491389914, 0.5709664221412545, [0]
-31.202122872156217, 0.37877973569569723, 1.048513180127546, [1]
-30.67606460886719, 0.7146975309690469, 1.4581653913368717, [1]
-31.858097592664446, 0.6458389743889602, 0.9785559433246729, [0]
-32.133291254359456, 0.5493103700528332, 0.6915020467907453, [1]
-31.386766912472353, 0.10327251563636553, 0.7969085758862797, [0]
-30.703924178849594, 0.5258979409496787, 0.7409872858186192, [0]
-31.600222391661557, 0.8067462750192564, 0.11807268989657396, [1]
-32.24892605942738, 0.617012673282729, 0.6274047527347161, [0]
-31.19532175490353, 0.8371927586667623, 1.2763161559815412, [0]
-33.25161279413899, 0.5645646160528311, 1.3191551034091569, [1]
-32.4974749464237, 0.764845962313185, 1.492096265850543, [1]
-32.04329169872549, 0.5052205810222871, 1.1202786005812144, [1]
-30.89520140679532, 0.6996010683195902, 1.1990091733991253, [0]
-30.77290571434517, 0.7419140707350709, 1.3016042602835007, [0]
-32.33749499226602, 0.6997644390634766, 1.2726667929591577, [0]
-30.12400696396018, 0.7716639362573503, 1.0951251832496838, [1]
-32.12680667098655, 0.47106218686299867, 1.1393619960176893, [1]
-31.70668861889269, 0.6096516821094149, 0.7509998464917441, [0]
-31.93230821759971, 0.5517347577063525, 0.6766817132031897, [0]
-31.44550428888456, 0.4355779120454971, 0.8148597098297585, [1]
-31.47432969073703, 0.6852092612278221, 1.3004200597147166, [0]
-31.209077464455735, 0.9044509357107349, 1.3272080442681262, [1]
-34.00461630087583, 0.5007219884675598, 1.1847176796120489, [0]
-31.01261954460359, 0.7129610188910074, 0.8479355109971356, [1]
-32.567820229699166, 0.5195510513852547, 1.125970273782873, [1]
-33.400803345373426, 0.6634575513986256, 1.2790778828671674, [0]
-31.738045795110402, 0.690309681868962, 1.0550792253865855, [0]
-31.905042844332296, 0.7756376715035661, 0.04185594216961983, [1]
-30.543856192013024, 0.8624056023612767, 1.3646220061886736, [1]
-31.20754977610795, 0.4919982301023809, 0.9048953467374913, [1]
-31.07546870343525, 0.5578676845077987, 0.7210151351836372, [1]
-32.38285987106409, 0.7032846309088678, 1.4430308348726197, [0]
-30.967526947921158, 0.4827845043599859, 0.9606758021788455, [1]
-31.086443527401514, 0.771176406348458, 0.929127865366307, [1]
-31.778157039479293, 0.6444200555987152, 0.9754302215461907, [1]
-31.911056974776795, 0.7183594637305138, 1.138298229669406, [0]
-30.618177127239843, 0.418791732308261, 0.6585747400137598, [0]
-32.429385889584914, 0.47552206421543347, 1.0367494525358296, [0]
-31.737881173105812, 0.8933716409143442, 0.8608615427483968, [1]
-32.46749213995218, 0.43746258899049245, 0.8018215729434094, [1]
-30.61267171742644, 0.49860271022685565, 1.0545885560607369, [0]
-31.715896243324764, 0.8264087005373958, 0.731747128448211, [0]
-32.06565815093571, 0.5953420916203958, 0.6066166903530871, [0]
-31.982369493050268, 0.7147708551571811, 1.4214707572646867, [1]
-31.599892421580936, 0.6796794588229099, 1.2388962702526598, [0]
-31.691125417831998, 0.566190594420708, 0.7436501925651596, [0]
-30.691571113015485, 0.7228504740443438, 1.0313300560441165, [1]
-31.61622792584112, 0.48311564483366143, 0.7883550030983155, [1]
-31.04649806095563, 0.6596639129677073, 1.305648205911762, [0]
-32.159377682987966, 0.5831607666454164, 1.197166619941727, [0]
-30.155418952424114, 0.5777397340031721, 1.482004493588767, [0]
-30.936058762833834, 0.7161400036928796, 1.0545135727362578, [1]
-29.716048571917, 0.7766053309749569, 0.9390383934134268, [0]
-34.4335867512911, 0.6952626119497355, 0.6038757268215271, [1]
-31.92435514656259, 0.8305354721512566, 1.0838136068071265, [0]
-32.81121107358357, 0.5533859170326875, 0.3575730631133329, [1]
-31.812244508721935, 0.5958894043762537, 1.4751498257257085, [1]
-32.02841021158547, 0.7863931780497068, 1.1109495168097772, [0]
-30.792180762616567, 0.6927471664171824, 0.860342613757422, [0]
-32.09857012585169, 0.5752429806306335, 1.4328827694195385, [0]
-31.3077995336259, 0.6546476928771296, 1.1161826652482325, [0]
-32.98259666260011, 0.6497711175247762, 1.052125618886677, [1]
-31.864608043486395, 0.5386801191356143, 1.4886935667170635, [0]
-31.391004999417834, 0.7921587106795969, 1.6156404697326496, [1]
-32.87670260607972, 0.5237876706866822, 0.641085580081226, [0]
-31.525082457865174, 0.7753559121753221, 0.6162046951076859, [0]
-31.364204745213716, 0.7215199473201624, 1.4000774331958854, [1]
-29.743308851198467, 0.6543096795672975, 1.2914231260777886, [1]
-31.021321848154155, 0.6114702644448518, 1.0740357612185631, [1]
-33.37608847550804, 0.5361751974458936, 1.3532875065348746, [1]
-30.685601471070342, 0.8114883241929681, 1.3442012254818736, [0]
-30.942824891541406, 0.6092231232736022, 1.3018681183001717, [1]
-32.758438526486565, 0.7962198579094549, 0.6941243320997126, [1]
-30.36956495047436, 0.5473134640297854, 1.1224722238557094, [0]
-32.399541892746186, 0.5966664518321552, 0.8533854021871482, [0]
-32.52732950556051, 0.6399394466650521, 1.4014849015851185, [0]
-31.223831528444393, 0.48497284322955164, 0.5497832411639556, [1]
-30.62999773055869, 0.7818028753955248, 0.5624579257282518, [1]
-32.98830772973628, 0.6201823862672544, 0.9385208205858044, [0]
-30.31200047632286, 0.691924204404889, 1.5204398422363743, [0]
-30.599611129136047, 0.6682025766804006, 0.5901260449218755, [1]
-32.11045356928804, 0.49547281730570236, 1.1438283730284553, [0]
-30.565856369115032, 0.5338060364813486, 0.7509267486568142, [1]
-33.512641113397585, 0.6355414666621886, 1.1449759049699455, [0]
-30.833702059293742, 0.5129385296627078, 0.4895036703166519, [0]
-30.95038732596691, 0.6203057876340297, 0.8217675498408656, [1]
-30.802329834171903, 0.7872714381628237, 1.3639970616939487, [1]
-31.408769197918076, 0.4439029272163501, 1.175405156386993, [0]
-31.127681397283503, 0.7379697792264384, 0.9913033724779948, [1]
-31.28093418353863, 0.9487784297558971, 1.0015077032414064, [1]
-32.4677022075512, 0.47801922436037575, 1.1556415993836002, [0]
-30.72956827619068, 0.7208697063094511, 1.5711428860069403, [0]
-30.63265100909877, 0.49295345003399255, 1.0929172617451732, [0]
-31.19545703521408, 0.598985630206988, 1.3283514949022341, [1]
-31.367873901319747, 0.6576208551117636, 1.205728553814206, [0]
-31.56011725806674, 0.7056786902535841, 0.520504594024547, [0]
-32.80792619146549, 0.7761083594987769, 1.1450050490526542, [0]
-32.235190020592285, 0.5298844404156765, 0.9066863115294161, [0]
-31.340204581614486, 0.815252183670226, 1.2859177871262393, [1]
-30.676281362838132, 0.6115698445102515, 0.8068769010446317, [0]
-31.418725886979143, 0.6200306504668595, 0.7219769709720302, [1]
-33.41231837911608, 0.5626860710371554, 1.6582708150334833, [1]
-33.38437745670345, 0.778695181352459, 0.856518033462624, [0]
-32.266695800434434, 0.5735075592948627, 1.2042704529798884, [1]
-31.39643627216256, 0.4192967370543278, 0.8044281076155804, [0]
-30.585709794810857, 0.8018477959138116, 1.2044379461371442, [1]
-30.053854501011447, 0.5847902195439242, 1.2253776224203596, [1]
-32.02539278025203, 0.6393207870014361, 1.0667447437237958, [1]
-32.77969630943173, 0.6036641792198281, 0.9430229091828797, [1]
-30.81737819732287, 0.5159757311466895, 1.1544684813858719, [1]
-32.48806330110128, 0.9050776544384971, 1.0696153358260538, [1]
-31.55804794802662, 0.5515640033093616, 0.7631003306724534, [0]
-31.230139624372917, 0.5840171750301277, 1.260346860074901, [1]
-32.34941520693466, 0.6786605627827533, 1.1607970813575001, [0]
-31.031912583486545, 0.6593140625630494, 1.465208282305411, [0]
-31.619004162705465, 0.560437993022412, 1.2075530972466946, [0]
-32.11223125078382, 0.40281045078047406, 0.9243063983576911, [1]
-32.85969804882893, 0.5785775086905379, 1.2453677790864393, [1]
-29.661457934823474, 0.6341143774410274, 0.9977069156717158, [1]
-31.20788357582064, 0.8595694676093641, 0.572890630240331, [1]
-30.57006463346279, 0.6053645412164815, 1.3350021747386722, [1]
-32.74304461320228, 0.4232255895048258, 1.1571228672467861, [0]
-31.02342664736062, 0.7685511979096066, 1.1673034810529501, [0]
-32.15677304166548, 0.6796198419416869, 1.2144253606834696, [1]
-31.620309528063682, 0.7192339102558906, 1.1937402479857173, [1]
-32.46082266712011, 0.5988796301086541, 1.226251064700388, [1]
-30.98541822700921, 0.421564849971073, 1.3353006376441134, [0]
-31.40342153344897, 0.4632179862730861, 0.9680291143654282, [0]
-30.96457481505817, 0.8196165441322109, 0.5954406445861881, [1]
-32.03634790047197, 0.5911946760268708, 1.334311095572992, [1]
-30.620929897895387, 0.31551923761846734, 0.7042213119893548, [1]
-30.901967387599328, 0.638104387977219, 1.0342867997020702, [0]
-31.35605202312287, 0.22588712555305757, 0.235719622049896, [1]
-30.748527908432436, 0.6496247264033586, 1.1146534353640407, [0]
-31.66952957354224, 0.9532606114256443, 1.0236310130086315, [1]
-31.112934737124444, 0.3705982615775142, 1.1020815758878924, [0]
-33.353981308053946, 0.3977074387018821, 1.0279629341838605, [0]
-31.158177004948747, 0.7906494794133219, 0.48280279248701846, [1]
-32.28745125885884, 0.7989247732368984, 0.9051690319865533, [0]
-32.75949425709331, 0.9388306496283243, 0.6232216262292442, [0]
-31.251072969923708, 0.4485283363580607, 0.80413206973107, [1]
-31.81229049131776, 0.7315334819541159, 1.004703181779414, [1]
-32.238390017442306, 0.7809719165980282, 0.6990870404778716, [1]
-30.892938739942807, 0.6541669587521284, 1.2778654296768703, [0]
-31.598960878842902, 0.6489133213444647, 1.0801962974059236, [1]
-32.39387627072633, 0.5466757946287247, 1.3027616211460193, [1]
-30.853696643611258, 0.852379675130874, 0.2092450007004401, [1]
-30.59219332207563, 0.6803040721299777, 1.2625278595430927, [0]
-31.463876102704365, 0.7084649946147437, 1.0187679271466545, [0]
-31.53592641009694, 0.5261391113672589, 0.6321427008330303, [1]
-32.73420658492322, 0.8832005431660823, 1.140128163533227, [1]
-32.216815517460915, 0.693162585796244, 0.7694125201367643, [1]
-31.071259421971394, 0.6878081298950329, 0.5999564998168421, [1]
-31.358978813732087, 0.6785570034013404, 1.3910615911150988, [1]
-30.88188069427616, 0.4640510195824502, 1.4499921719104893, [1]
-30.635445866998996, 0.5163636316532382, 0.7093258055077043, [0]
-32.03945009343082, 0.6422734412264954, 1.2064636848904633, [1]
-31.385319928058713, 0.5553758182584745, 1.3704247689350262, [0]
-30.977690219753033, 0.757203240974823, 1.4728089983959265, [0]
-31.23922127971474, 0.5080214391023216, 0.7564542052154165, [0]
-31.84738158620176, 0.7951851462025049, 1.3198534212500515, [1]
-30.97513814150761, 0.7016400814148941, 1.258959582010786, [1]
-30.612513868938155, 0.6986261581856248, 1.1150823272035104, [0]
-30.663879431514488, 0.8061913546019213, 0.9213598589667314, [1]
-33.28954898822161, 0.7729323187878758, 0.9307241278359804, [1]
-31.195809594219185, 0.5188104280734716, 0.6578098012202366, [1]
-31.326013250076784, 0.49512397740219755, 1.1678797935336764, [1]
-31.23496745193293, 0.6910778890133311, 1.4897482505423427, [0]
-31.91116268116461, 0.5989757509171214, 1.0788846465364919, [1]
-30.912827767138584, 0.46110257056080994, 0.865657370186704, [0]
-31.079468696593242, 0.6581140906709562, 1.1430534142095359, [0]
-32.75488804968401, 0.6352979036078856, 1.0147655023632798, [0]
-31.22714649527773, 0.47557289097760136, 0.7391672255690026, [1]
-31.599695476272373, 0.31657025846392606, 1.2061279780191647, [1]
-33.20838490071279, 0.6274516632295535, 1.0124173832600367, [0]
-31.43967882532447, 0.7011979026409502, 0.9592488695705811, [0]
-32.04167472475618, 0.5696994778631104, 0.9959267237208853, [0]
-33.24598096782059, 0.794537839521433, 1.1805748718753524, [0]
-31.392686671011056, 0.6502658705921056, 1.5913925437253151, [0]
-31.0114515391473, 0.5716321627730953, 0.7474672560691915, [1]
-33.568139855621226, 0.6064924380387486, 0.5148732247248371, [1]
-31.44075863199497, 0.6274609668390821, 1.2006173677148708, [0]
-31.207969237138887, 0.5651682065040622, 1.6714037457653175, [1]
-31.838931769317643, 0.634255788147386, 0.8687013117214981, [1]
-30.13018219301112, 0.630526768021038, 1.1665434834776394, [1]
-30.186643038228848, 0.45183680539166104, 1.3379927373449887, [0]
-32.83397211860224, 0.5942626356786945, 0.6196204463968835, [0]
-31.607073198849022, 0.6392104241028387, 0.7486194566604794, [1]
-31.279736335112815, 0.6077516876079477, 1.2993773980847483, [1]
-31.299903791903475, 0.6245726053101182, 0.6997179757437213, [0]
-31.728044691824046, 0.9418652250072436, 1.1663005532435518, [1]
-31.085447367377594, 0.736401722289294, 1.0106573939293098, [1]
-33.27857871987221, 0.6627731417209962, 0.9995944460139645, [1]
-31.955068045525366, 0.7467534366429722, 0.5460165012331286, [1]
-30.63318801881639, 0.6333781033526795, 0.6945988376748459, [0]
-31.834395068800838, 0.7881945883911439, 1.3845066104558503, [0]
-32.11501634413681, 0.6722711560882693, 1.16560595855325, [1]
-32.87631885553588, 0.6777619125878127, 1.0556707555757219, [1]
-30.83409519143146, 0.6784797289703614, 0.9960177909443121, [0]
-31.46958978206823, 0.5939649424140672, 1.1636564101232745, [0]
-32.98544208498688, 0.6787624933219802, 1.4202045435797679, [0]
-31.030013574865162, 0.5992738011220576, 0.834207952512408, [0]
-30.391064388527525, 0.6730068787201962, 0.9703483208573206, [1]
-32.91905604992045, 0.7282652822412655, 0.755976467996798, [1]
-31.694721554011952, 0.4168102304227307, 0.5724842032154517, [1]
-33.03931641330318, 0.28331843833455894, 0.052081201459623166, [1]
-31.8823340603745, 0.5620641100422401, 0.8489334956255585, [1]
-30.72361409549934, 0.36722834188460657, 1.0475306286225643, [1]
-31.260408541225058, 0.7432072853230085, 1.253002400746435, [0]
-31.55288497539208, 0.556898495814152, 1.598445836846577, [1]
-31.381525621280307, 0.5227288938789526, 1.1347513651496755, [0]
-30.687827150907623, 0.8601423472469415, 0.48387337827221233, [1]
-30.217345012031345, 0.5276606041001976, 1.0100307491272562, [0]
-30.174600741213357, 0.8222969935566524, 0.4437904798646666, [0]
-31.565132870781138, 0.6110054903127109, 0.9484980809873017, [1]
-30.846459314418553, 0.6127599564424762, 1.3189113557682264, [1]
-30.896924314223163, 0.5921315171438492, 1.2489383728655787, [0]
-31.28071974260266, 0.6807206272514207, 1.5037060515706797, [1]
-31.710737965875623, 0.6366527208900046, 0.7985976577400328, [1]
-31.47034576693645, 0.6265204285673488, 0.7815443163646105, [0]
-29.921370275644136, 0.6449483135402758, 0.8922689393099671, [1]
-30.879862700211177, 0.5924679585322001, 1.2892932788502687, [0]
-30.222857599188007, 0.7949785860180801, 1.047240281990543, [1]
-31.083560672715247, 0.6762513734857387, 1.2755175248390018, [0]
-31.52076458577199, 0.6211818668589214, 1.091499732098474, [1]
-31.904495672837477, 0.625926738788712, 1.311507646533572, [0]
-31.24259273713745, 0.37573791181045413, 0.706031184568256, [0]
-30.948061047298523, 0.6947681283991852, 1.137664900670106, [0]
-31.24126234271245, 0.674276127832709, 1.2579041411754825, [1]
-31.038557670087645, 0.5335359372270269, 1.240119423605514, [0]
-32.481471715359326, 0.8653691315089218, 1.0657531503975557, [0]
-30.89533513751314, 0.5790325078616623, 1.2876355179521477, [0]
-29.68107329127227, 0.3477250745587843, 1.0172938478078055, [1]
-31.444854863839605, 0.5816638536302846, 1.3962882684315163, [1]
-31.36307271869268, 0.47018653401873856, 0.18774343079835232, [0]
-33.12941551241415, 0.4422782694160798, 1.0675545122802494, [0]
-31.458718322295095, 0.8203129438517451, 1.1285245861003428, [1]
-33.37122416094287, 0.42036807254885294, 1.295421001947004, [0]
-30.838326268105096, 0.5485128154201186, 0.7879292774280585, [1]
-31.205769995377636, 0.7113725291542713, 1.2469963026929332, [1]
-30.280968570383557, 0.6013506316872227, 0.7137610409125208, [0]
-29.63273178545172, 0.6587613162225965, 1.1848787492822357, [1]
-31.39611115839188, 0.5555798094472786, 0.9891829561899024, [1]
-31.594503443315766, 0.711258092710399, 0.8729189258395014, [1]
-31.54900491693331, 0.6975468624677041, 1.0078558479829647, [1]
-31.075823072780757, 0.8476245701088572, 0.6730798343538968, [0]
-32.46922936045283, 0.7100101819499519, 1.0986614200252562, [0]
-31.023411415220526, 0.7209386154871225, 1.0241622841097147, [0]
-31.50039763074265, 0.4053331742411149, 1.0180714080656001, [1]
-31.440459576004095, 0.7863984854025983, 1.0904652444957483, [0]
-31.97529544809069, 0.4988769499366682, 0.40453333588542284, [1]
-31.7208849593146, 0.5894201026817691, 1.0121863988456772, [1]
-31.188406446252607, 0.6571938040803138, 0.7767527437208952, [0]
-30.357294657475123, 0.48065039513653485, 1.0197786112369036, [1]
-30.919246135023798, 0.5059886618370336, 0.70334136434848, [0]
-32.57443691093928, 0.5467500833006237, 0.4800369940768786, [1]
-30.594976156199117, 0.90014570708928, 1.112268743738328, [1]
-31.283447909641072, 0.5495214447625556, 1.1770169317803, [1]
-30.26050914341342, 0.7949789602751144, 0.9890463241411381, [1]
-31.19654370358333, 0.6832699148784216, 1.2382620632625734, [0]
-34.38090231136365, 0.4822237378593927, 0.8527901143420272, [0]
-30.175796246943253, 0.539408999754293, 1.2329781307942502, [0]
-31.645567764033338, 0.6514782768982552, 1.1225733341502442, [1]
-32.429306540444095, 0.6432704470545445, 0.8910262026441269, [0]
-32.21571516449245, 0.672028447759977, 1.1362645616504148, [0]
-31.864391169679777, 0.3548857456281858, 1.2087446783571991, [0]
-32.89123193414157, 0.7497499634520994, 0.9735412938669303, [0]
-31.314179167287744, 0.6702777657885628, 1.3676802222311975, [1]
-32.1527939050683, 0.6469591986395963, 0.5868263505477922, [1]
-30.922687153517312, 0.5768002877315356, 0.3973140022156491, [1]
-31.93586762000265, 0.6975829023119312, 0.3966095541143555, [1]
-33.62641419146506, 0.5658038372021238, 1.6238762190982416, [0]
-33.36657618149185, 0.33657033280406845, 0.9791482200291516, [1]
-31.625979762553207, 0.8664554516283115, 0.7026087007726504, [0]
-31.690336363063384, 0.734969703372604, 1.2546311158039778, [0]
-30.860365914587526, 0.6162582352025585, 1.0045860390318746, [1]
-32.43709560404016, 0.49953189255327923, 1.512362120078806, [1]
-31.359922561314765, 0.5437579491057302, 1.2329138486662838, [1]
-31.157100070323615, 0.1978522058683867, 0.5797916605689328, [1]
-30.957018626729525, 0.724584292782122, 1.0127323081299227, [0]
-32.61149105792686, 0.5498861195830438, 1.0517528428015206, [0]
-31.602971872692006, 0.878666867398125, 1.2052839846522323, [1]
-32.1302645740853, 0.4122947015090891, 1.1224039631659966, [0]
-30.991230665557744, 0.5931070710003988, 0.9744838524236927, [0]
-30.224575161837283, 0.9116445784706834, 1.1489136613194386, [1]
-31.050837528825024, 0.8197052587009839, 1.2792553271332021, [1]
-32.974342935942346, 0.78409710188169, 1.5110787972869892, [0]
-31.15285016617949, 0.3357669011021845, 0.6069498089045714, [0]
-30.364305282846374, 0.5194042561748861, 0.6032617348293902, [0]
-32.60410848848969, 0.8609482435964046, 1.1422860078219161, [0]
-31.01143224157588, 0.7005953319462263, 1.4810320316693093, [1]
-31.919496695155054, 0.323393771415296, 0.737185595556808, [0]
-31.36220352009801, 0.556401528884108, 0.8705819295956603, [0]
-32.22541143152052, 0.6284280804715089, 1.3342198397742957, [1]
-32.3025142932449, 0.7565592318784528, 1.1001500072905326, [0]
-30.366787056885897, 0.714923095321063, 1.4757931999497453, [0]
-31.0996716555076, 0.7229414440975718, 0.7400153396571896, [1]
-31.909656079808144, 0.45442442994672544, 1.5189556808944262, [1]
-31.87085188374017, 0.6123515581533946, 1.253923695932229, [1]
-31.724535421675434, 0.6808625171807875, 1.15354628135578, [0]
-32.390747482139275, 0.39104415711073504, 1.0842113193301666, [1]
-30.66861318529549, 0.6013870427755688, 0.8481180249162831, [1]
-31.679018528413092, 0.6195229400326006, 1.1305075546747652, [1]
-32.16286010299581, 0.5970725618632716, 1.2217969915935325, [1]
-31.575777944310836, 0.6667416840126266, 0.9146719586942276, [0]
-32.14599809025307, 0.3722232712409974, 1.1898101207462148, [0]
-31.7586416763748, 0.7784738388806192, 1.280092124274084, [0]
-31.28899417786042, 0.3347482341620477, 0.5860984740726773, [0]
-31.907186527290335, 0.8278228936815177, 1.004340154920448, [1]
-31.933680347535415, 0.32870803803442583, 0.6554805361617688, [0]
-32.71097381191566, 0.6745136282192176, 0.8587200492180505, [1]
-30.89923331617615, 0.7144128714664681, 0.5340959828716961, [1]
-33.15216388984397, 0.8845223189979384, 0.8413067431327299, [1]
-30.645862195542637, 0.6586623694703883, 1.1355589229012018, [0]
-30.7555278308257, 0.7607693978508335, 1.5018472877960551, [0]
-31.158838936325044, 0.41102751796169035, 0.4437664000568128, [1]
-30.704878391026455, 0.29566948519291, 1.1904455340418059, [0]
-31.228136299468517, 0.8511339572140049, 1.3896375915605632, [1]
-30.74000251502026, 0.7080869071464597, 1.0884671841196032, [1]
-30.72068608930166, 0.6000311498127585, 0.6055943582652027, [1]
-31.02691218298881, 0.7857612720716827, 0.8663696623859471, [0]
-32.22964663947094, 0.6974981515910716, 0.7510467152854143, [1]
-30.346733940535767, 0.8265617656546658, 0.786621264689356, [0]
-32.50897996442957, 0.5594016836523287, 1.2272875114025157, [0]
-33.252718107335845, 0.465183258534263, 0.9124044372254504, [0]
-32.734816438631135, 0.658855908203156, 0.7308981641751475, [1]
-32.445737163821235, 0.8018558223428096, 0.7536655144556013, [0]
-31.114033071995763, 0.6207270572500504, 0.9352616686598082, [1]
-30.876106001536193, 0.3655849635482478, 1.3323837399821605, [1]
-33.30746090383266, 0.47438204448076826, 1.0524980844931942, [1]
-32.72704257833497, 0.5890294378843165, 1.1575286227060486, [0]
-31.95472280497142, 0.6853627724185493, 1.0632290018717343, [0]
-31.520856464057836, 0.663103929158292, 0.8258286280570724, [0]
-31.580550921214087, 0.565328543024427, 0.8259353662007571, [1]
-30.968433130717994, 0.6721203104191266, 1.178614950723137, [0]
-31.881056980844658, 0.6790990864415493, 1.3460881562612546, [0]
-31.966616734798112, 0.49053524696495887, 1.012828542046922, [1]
-31.028045129590353, 0.2583501121373622, 0.21877828687780626, [1]
-30.73282003989198, 0.4437701662678596, 1.259930577056838, [0]
-31.344095114254483, 0.8123920365156613, 1.2518027622814127, [1]
-31.005002828102956, 0.293358947250588, 0.9808873771448223, [1]
-31.67700348313159, 0.7745895851146714, 0.22602787510275932, [0]
-30.026327371725163, 0.6725910074785084, 1.415309301612992, [1]
-32.13104584640285, 0.5930575125160705, 0.8344613884976007, [0]
-31.948665145008007, 0.7753653524712889, 1.3010962198996692, [0]
-33.44597239132154, 0.3871242056561052, 0.6784843763847342, [1]
-30.355472093109558, 0.540188082415372, 1.0710533966953057, [1]
-32.3108849952989, 0.6622782814127598, 1.4099667952973405, [0]
-33.54541112482407, 0.3652298277568055, 0.3278948344371484, [0]
-32.81210920568693, 0.6866448815777022, 0.608777747773618, [1]
-31.903938053454755, 0.4900156853982088, 1.5034597726646581, [1]
-32.66464398484494, 0.31187754338683565, 0.6064366821567302, [0]
-32.37986255524151, 0.9050150514364035, 0.9384443582401046, [0]
-32.047398865698334, 0.5226260168726242, 1.7712334744942995, [0]
-31.683071110046484, 0.5951692284775284, 0.8058132380824168, [1]
-31.446848008877506, 0.6991918059672233, 0.9581753883641105, [1]
-31.484749629068116, 0.6168605982752118, 1.0597574322437397, [1]
-31.421898586195717, 0.3450257800239872, 0.9294028237782593, [0]
-30.289563784454227, 0.7213553214227696, 0.5969879119509394, [0]
-31.641627270480452, 0.7427654248137041, 0.9986781486543559, [0]
-31.764484526675528, 0.6202520518594037, 1.0644165473626694, [0]
-31.512638696271825, 0.6808014701257139, 1.554558309504555, [0]
-30.733478427261595, 0.7184891968744995, 1.2429385726403754, [0]
-33.3500528212186, 0.49165937720073943, 0.9245424510036135, [0]
-31.49935627357297, 0.641718400309908, 1.0454775936376317, [1]
-30.319365414023046, 0.594108435448817, 1.3005173521555313, [1]
-31.56545406777401, 0.8253500948571366, 0.7853817039431549, [1]
-31.147439420478243, 0.8100869337748704, 0.5667969533481908, [0]
-31.051358330297617, 0.6549393255377863, 0.8898338814928347, [0]
-30.90704272216029, 0.8350412116338641, 1.1829377379182093, [1]
-30.545453295629507, 0.7929066677580433, 1.5378449862248704, [1]
-31.519078478747613, 0.32190775999583815, 0.3344821105953286, [1]
-31.565238806230074, 0.5396570779692595, 0.8574960128039953, [0]
-31.428708040766715, 0.5223549392319942, 1.0378902543916662, [1]
-30.86124306405639, 0.6074211865812843, 1.2455845044511777, [1]
-31.494592742304043, 0.4010782476698366, 0.9627822659564393, [1]
-33.04173287003329, 0.4712076735803712, 1.3809969385652996, [1]
-30.409457059015022, 0.6053393415009962, 1.3598245105601237, [1]
-32.16534615045392, 0.23665651889099765, 0.4868593409516857, [0]
-30.868476588343352, 0.7227611666380495, 0.9061264416077278, [0]
-31.018750099508168, 0.73113508819537, 1.3505185347277493, [0]
-31.596467968042038, 0.5393730177488237, 1.0958587823177541, [1]
-32.85579166899572, 0.5389050687716977, 0.891058251209626, [0]
-31.16268862994616, 0.6023183189233129, 1.1808540842266342, [0]
-31.994034323760175, 0.7155428588300359, 0.8982824727167218, [1]
-31.966858134630247, 0.372608959938744, 1.4252312880166946, [0]
-32.26893986107924, 0.8167223649219059, 0.8914359473358062, [1]
-30.30672200394984, 0.5700080164175002, 0.9063250307037204, [1]
-30.753201222991734, 0.5965068676581342, 0.7497217335269177, [1]
-32.75949162729552, 0.6914712650021112, 1.0866656092598348, [0]
-31.308776941867684, 0.6926021192841181, 1.1978607108311645, [0]
-31.747407129173546, 0.5130576877751507, 0.7740200261421081, [1]
-31.066647232185222, 0.7201212292126586, 1.1520259080602535, [1]
-31.46717948968052, 0.624267158138055, 0.9913564325110996, [0]
-30.74700449710523, 0.5642613190556002, 0.9706945449466657, [0]
-33.3604883043962, 0.7817230407601834, 1.3302181206922818, [1]
-31.494787211194758, 0.703521793518954, 1.165885060188033, [1]
-31.245207237903074, 0.7203543959125293, 0.5978352317376627, [1]
-32.7501687449241, 0.5236288469013272, 1.4727773100086718, [1]
-31.24091742435303, 0.5436427328786875, 0.9717068106766076, [1]
-30.95028562678804, 0.6217029932988166, 1.0941614477504977, [0]
-32.60650988312121, 0.6847723766476376, 1.0688848796706338, [1]
-32.550659634809286, 0.6040763570256098, 1.353634939826826, [0]
-31.67134462172517, 0.6742580487153493, 1.2188951644247144, [1]
-31.370723936576375, 0.8643030213714104, 1.1905134034391842, [1]
-32.68166948993082, 0.5873675723947348, 0.9915740665778312, [1]
-31.162533453149308, 0.4055408023019461, 1.0827599981644451, [0]
-31.913546430376588, 0.46540612196719566, 0.9109737932007329, [1]
-32.383372542409184, 0.5841587513959494, 1.294312248488357, [0]
-31.94367690326386, 0.5842633602458288, 1.0788676286363086, [0]
-30.208568717568717, 0.623993671858369, 1.1991571820830174, [0]
-33.43133473684507, 0.6395104419497004, 0.8037016317449657, [0]
-30.71130534289938, 0.6038085404499163, 0.634686611603348, [1]
-31.380080134765716, 0.6470237927719158, 1.0943055279052545, [1]
-32.33872712475933, 0.6698188278198055, 1.1303110663459828, [0]
-32.39336289407165, 0.4674701075223318, 0.29168385492414856, [1]
-33.20763409541646, 0.76675123105326, 0.6206672626559862, [1]
-31.677327236524825, 0.5160970994805425, 1.575433417508809, [1]
-32.676932572573584, 0.6273596433005423, 1.119511638199827, [1]
-31.63760167652302, 0.6041696112793691, 1.3303707351024725, [1]
-32.35709656119742, 0.6224528997764015, 1.117562738935946, [0]
-32.07865615886855, 0.5303867117271484, 0.8975412621962442, [0]
-31.494846486085876, 0.7434978105647638, 0.9583584332347211, [1]
-30.89723396624674, 0.7408771039235089, 0.9595669559207985, [1]
-32.480369009408186, 0.38786033494671185, 0.5915197733825284, [0]
-32.410504838862906, 0.7962647698656323, 1.3203452838162717, [1]
-32.08600361323129, 0.7353991589073172, 0.31334129989661574, [1]
-31.719741117792868, 0.7207451584491293, 1.0895340276234147, [0]
-33.574636450266304, 0.45999513446937995, 1.351880228562683, [1]
-30.992691616068345, 0.6873568378974917, 0.7841713788091254, [0]
-31.125653349431794, 0.8297429212812587, 0.9302048064246718, [0]
-31.72121516712914, 0.7558194454197131, 1.3067492062366013, [1]
-31.458674184024026, 0.6038043297316418, 0.7134224428411439, [1]
-32.07258329107414, 0.6553809437872969, 0.7637093125959941, [1]
-30.22691759761123, 0.7732493542084526, 0.29091501373338724, [1]
-30.703591758213317, 0.7747719611755417, 1.3530574944810043, [1]
-31.924826153119554, 0.4432836767556764, 0.9595915166527601, [0]
-30.23778135804894, 0.6122318649096201, 1.4411718610806774, [0]
-31.63196766315633, 0.5622017145751655, 1.3152368732058681, [1]
-31.905829571016067, 0.7603504818175487, 1.493166316448311, [1]
-31.38443600238588, 0.5547806171430252, 1.0999341465180952, [1]
-31.46014520782656, 0.7698057118771328, 1.2849614212719884, [1]
-31.68749552818898, 0.5861280882368959, 1.0542119766659277, [0]
-32.44920655533803, 0.6876136134862842, 0.8481135372197603, [0]
-31.41573593248594, 0.6743492145248289, 1.102930600538858, [1]
-31.393860572376656, 0.7787204844556139, 1.3565437183326199, [0]
-31.760379330038628, 0.5491899810991564, 1.2651225518917035, [1]
-31.03958027496493, 0.6424542203090667, 1.1347301822805715, [0]
-32.52009060232031, 0.5275674997881341, 0.8773913976014791, [0]
-32.5899710113001, 0.8793858108229129, 0.4653606427572676, [0]
-32.20854832203316, 0.5101687176037412, 1.4711293151145517, [1]
-31.538257587786045, 0.744051417403702, 1.0754891177179284, [0]
-32.51134317154231, 0.554365921879955, 1.7194562112893665, [1]
-31.13565300688413, 0.7410886707104434, 0.6457572844837052, [0]
-32.71604388407917, 0.5673822774430611, 1.131543704488415, [1]
-31.326508771795687, 0.5483582475411903, 1.0366178169666023, [0]
-32.28389176343521, 0.6303574040973446, 1.3048941611518965, [0]
-31.391838813697465, 0.5187194394612663, 1.1336073068583243, [0]
-31.27829891629532, 0.6514834166189565, 1.2238555297420852, [0]
-32.42956713319168, 0.34481818281953736, 1.1702562233830767, [0]
-30.925610392324586, 0.6888394133750945, 1.1338069775887525, [1]
-32.3672161100383, 0.5241388910575876, 1.4987375235164992, [1]
-30.61139653964947, 0.8864128212072142, 0.9560138356371115, [0]
-30.722655399769746, 0.5058980951887391, 1.318143225635398, [0]
-31.371710161881033, 0.5587257797062426, 0.3945821408333213, [0]
-31.210113701899516, 0.5605291895045729, 1.0860279325580389, [0]
-32.15910291939257, 0.6104999715382097, 1.3606581148620083, [0]
-30.992140674615932, 0.5358472636787834, 1.2482523318904848, [1]
-31.236997560684998, 0.6144505050470359, 1.2184338018671546, [0]
-31.32748053914666, 0.6750172818741814, 1.2724721696032055, [0]
-30.745831550795913, 0.3942813831402342, 0.515991364778965, [0]
-31.663206734511423, 0.5178253058248167, 1.21057273537852, [1]
-32.66797264493732, 0.7396500701067414, 0.5894270456874374, [0]
-31.937556710530473, 0.4297456868978092, 1.08529307139082, [0]
-31.806155670864992, 0.6382806898227942, 0.8296852176653988, [0]
-32.5717399182279, 0.4008454007481496, 0.5651406415211321, [1]
-32.24591247938229, 0.6836681275368748, 0.987091407876249, [0]
-32.64202208895538, 0.8568084815304142, 1.034984470280704, [1]
-31.286397500622012, 0.4379911488636963, 1.1629815421217997, [1]
-32.50759084766702, 0.7429434594728517, 1.1396482843349873, [1]
-32.02362493340875, 0.763814052988861, 0.4104675527871513, [0]
-32.67273036400124, 0.7285741614828994, 1.321214089449241, [0]
-32.40863535596244, 0.4601715504521199, 1.234441055583392, [0]
-30.66022947360635, 0.7815761354060867, 0.7198474309355714, [0]
-31.252812019378368, 0.7126318793016844, 1.287861368686703, [0]
-32.263647538750824, 1.0175869602009793, 1.0356743712282157, [1]
-32.34287943494993, 0.5260702100839425, 1.2093738942269727, [0]
-30.989878010473724, 0.4847300332818513, 0.6792533715249021, [1]
-30.55362978126011, 0.47947245738852295, 1.2979610836615454, [0]
-33.65552786541855, 0.6814815118572395, 1.2756416411586056, [0]
-34.610091613793465, 0.7252356263587693, 1.1162009029563476, [1]
-30.85420225125828, 0.6438717521234184, 1.1344600728590666, [1]
-32.27577394833639, 0.5345561986910043, 1.2524727560922733, [1]
