t=0.09889597553354712
logZ_t=-28.351103017309235
-35.34702187338162, 0.6762185962339817, 1.07344073660689, [0]
-35.18775967948594, 0.6967015244523768, 1.0098220073342037, [0]
-36.20736482843197, 0.6259944095939808, 1.1550942873211172, [1]
-35.309636932026244, 0.5374342623423052, 1.359886949222461, [1]
-36.35140380391989, 0.7613942427266502, 1.2880288839297265, [1]
-35.54337652373622, 0.5806811812050539, 0.7033686190803986, [1]
-35.78726810195732, 0.41475805888864925, 0.894978606695694, [1]
-36.68777720458862, 0.6795544376468189, 0.4695689655757829, [0]
-35.0933013312472, 0.43563881720044645, 1.0166376291189219, [1]
-35.65299142917466, 0.7930049543659983, 0.5540281873769807, [0]
-34.371928814579725, 0.6344442567545464, 1.1799312278395975, [1]
-35.32152643519811, 0.3667366250640285, 0.8160331193297612, [0]
-35.20026548509717, 0.7260647891652581, 0.8077562222822392, [1]
-35.5737350911463, 0.37347273320930097, 0.9439102372708325, [0]
-35.629975264030605, 0.7427872294154576, 1.1394822759625232, [0]
-35.8941205502612, 0.5535460209840015, 0.4205452259156285, [1]
-35.402329929841606, 0.749544561166362, 1.2493721032744196, [1]
-33.92708466049692, 0.4422620688504988, 0.7758516104611224, [0]
-35.69368286732472, 0.5711112720951828, 0.9329708467339681, [1]
-36.54051712978696, 0.5133303906558808, 1.179441846541071, [1]
-34.69826792465193, 0.45891627898193277, 0.8498442699114723, [1]
-36.98501349340258, 0.4085203579864733, 0.9408348723004056, [0]
-35.107769532988684, 0.8851071797868832, 0.8583123367551981, [0]
-35.09391953105418, 0.6823602426892125, 1.5412944289103974, [0]
-36.143373683569834, 0.7395202498623421, 1.0305075799195325, [0]
-34.49099904168102, 0.8490636818118278, 1.342498109396269, [1]
-37.49559915704159, 0.6145109714074292, 1.1362521381484547, [0]
-35.543928265354005, 0.6137619565483955, 1.1374968622485482, [0]
-35.666340443924405, 0.6315487230747641, 1.0292821043357823, [1]
-36.837926577081625, 0.58343934694889, 0.927569739624537, [1]
-35.5594643771038, 0.5162610930099258, 0.8694393174506632, [0]
-36.4932905474477, 0.6842631744402486, 1.0069839369685778, [0]
-36.18770544973831, 0.6255113433757227, 1.2109466429962235, [1]
-35.53879185745687, 0.425047674000846, 0.6171819370250312, [0]
-36.23311194739372, 0.7618878744501458, 0.8193085621150854, [1]
-35.50822678492112, 0.5224767630452367, 1.2402170742352054, [0]
-37.62816515464055, 0.619020648460717, 1.5485196967067312, [0]
-35.98722320300116, 0.5392043426721341, 0.9116494756722693, [0]
-37.08517757409595, 0.549430514825196, 0.9816046608793325, [0]
-35.81050493714193, 0.4993965358835329, 0.957044360853593, [0]
-36.297691401391155, 0.22871115207175258, 0.3693560091792228, [0]
-35.165151323981995, 0.7517820735391961, 1.281672267951344, [0]
-35.06135797167592, 0.6696160393708427, 1.4647426890556117, [1]
-35.944792682008895, 0.6113850089980932, 1.1113062537203957, [0]
-35.260717236352164, 0.8859912551461493, 0.981383299250229, [0]
-35.73488805345645, 0.5469681082447744, 1.3959112678741508, [1]
-33.7765868337344, 0.772696096700427, 0.8261789979378857, [0]
-35.738413298036555, 0.6782970687514716, 1.2465515115936259, [1]
-35.02687664198469, 0.6219330879285554, 1.1339187797193555, [0]
-35.92852388807249, 0.6270963726623573, 0.854017914945053, [0]
-37.85991932343541, 0.3997753328823316, 1.2831817380789547, [0]
-35.11647440796289, 0.4844871493313074, 1.1739971623191403, [1]
-34.687631124328874, 0.6001503070760181, 1.0187639867131897, [0]
-35.34502480129677, 0.6681536186213999, 1.0894660350723697, [0]
-34.37287578276912, 0.4926453894544475, 0.48798426711665355, [1]
-34.98203135534094, 0.5504369071649073, 1.3885998039540757, [1]
-37.39002121789695, 0.5009221201743185, 1.3237411643161132, [0]
-36.68306668279923, 0.422077449210816, 0.8381914969485652, [1]
-37.69395920657055, 0.5840388619909783, 1.250750688486, [0]
-36.960192272239325, 0.6213869715707292, 0.7601122143570743, [1]
-35.0299444347972, 0.9147639601304085, 0.8627039951482325, [1]
-37.16658854242514, 0.5558000447749386, 0.9889033049848164, [1]
-34.79095069272867, 0.7725834530595294, 0.48615676592228896, [1]
-34.4381692864673, 0.8331528152047714, 0.6618062910046771, [1]
-35.59922120265017, 0.5846025104122546, 1.3317095141390807, [1]
-34.95319093826697, 0.47560815802326106, 1.2020148884595627, [1]
-34.91363697441538, 0.5721981416173407, 1.2656590433698742, [0]
-34.96453315121088, 0.6706828402066858, 1.1473793277097029, [1]
-35.28791011478047, 0.7091402060022459, 1.0883235705775238, [1]
-35.666554396525314, 0.6011574682393095, 1.1730237917408055, [1]
-33.90209226221479, 0.7886492747216818, 0.9109731928749882, [1]
-36.40737659945905, 0.6071977881046916, 1.5985440116899536, [0]
-36.2286144769823, 0.6958091875996126, 1.392998459112384, [1]
-37.16026227048798, 0.4610072878338901, 1.1377677630708616, [0]
-36.38994530846029, 0.7018742812171954, 1.0353290095504901, [1]
-35.643292802406926, 0.6765941685270785, 0.6085881416857043, [1]
-35.219944491450974, 0.9560412107428166, 0.5038690148902369, [1]
-36.16226850942442, 0.48539017695383413, 1.1341332734328748, [0]
-36.797245740867, 0.5803382926533989, 0.7968892944807684, [1]
-35.24736699723194, 0.6031155947938666, 1.4841096124039865, [0]
-36.014422943559104, 0.7080888659689913, 1.0055670327240838, [0]
-34.420221940371945, 0.5670004961986265, 0.8931122668270403, [1]
-35.45014206464823, 0.6598982919610371, 0.6722380761586007, [1]
-38.33843212777899, 0.9376575254456417, 0.8650295926433406, [0]
-36.98754347117017, 0.7195821358452705, 0.9951466956201246, [1]
-35.993471774845226, 0.6110768755618453, 0.9915977182912284, [1]
-34.668468376386585, 0.4992380008767403, 1.343890080371953, [0]
-35.046360651038626, 0.637199882466195, 1.231886611975406, [1]
-37.036009391194696, 0.6953526732976021, 1.2668900286457028, [0]
-35.68042082000631, 0.7172257468422002, 0.8023112886406624, [1]
-34.79445902014963, 0.759757922910786, 1.1580472780854074, [1]
-36.44000771961607, 0.5111746726750102, 1.1182821584079303, [1]
-35.25337045611308, 0.7807132682349929, 1.2412870317020506, [1]
-34.576722328518926, 0.6558926860936409, 1.1677863316153203, [1]
-36.55321065262722, 0.4886488261673465, 1.321733054132629, [1]
-35.76208410333706, 0.5424021799091705, 1.2619503720271146, [1]
-37.0747334191964, 0.47707581840142127, 1.0426429377607689, [0]
-36.153523386213905, 0.631872550736499, 1.1705377287365242, [0]
-35.37670391686988, 0.7403861950273998, 1.018876839146832, [0]
-36.744370687208075, 0.7915107693523757, 1.3449301668624516, [0]
-34.687232825628314, 0.6540013209180942, 1.1764530224130638, [1]
-34.520934882350694, 0.6800254422672447, 0.7304677249024416, [0]
-33.96121376436109, 0.6851537984408843, 0.7991466517438203, [1]
-34.885819380086474, 0.3987528034335339, 0.7022124828416679, [0]
-35.10085978042914, 0.6112460115426982, 1.0654381017761654, [0]
-36.85299070875896, 0.6169901451941577, 0.5863572077529355, [0]
-34.8414309506114, 0.6550540931775387, 0.6913724624873616, [1]
-35.68293513045567, 0.3520372681976093, 0.5101897973603843, [0]
-35.260270558944455, 0.4813903287172954, 1.117319765065503, [0]
-36.26252016459952, 0.633465655023191, 1.5519070438137703, [0]
-36.92516816442184, 0.5294015917956489, 0.6512710826923536, [0]
-34.77799788808043, 0.6123183864395787, 1.3452169740195752, [1]
-35.35251330106065, 0.7489846321078691, 1.4189637421909487, [1]
-35.08921980141364, 0.5572627972061118, 0.8760321382570255, [0]
-36.83386194588392, 0.3140363426268387, 0.9093646725934564, [0]
-35.60758710296521, 0.5778075395857072, 0.8163005071510636, [1]
-35.55514558715213, 0.540363357999458, 0.8312517564169557, [0]
-35.02718903836989, 0.6261276083706315, 1.375151150617807, [0]
-35.86738317837401, 0.7978207530515489, 1.0999684429499503, [1]
-35.22898611350773, 0.7012317750979539, 1.0526858802448793, [0]
-34.60209851221376, 0.5272280693914155, 0.695426912784171, [0]
-36.17863162062803, 0.44844942254233877, 1.148748130605025, [0]
-36.11688781267672, 0.5907351886038883, 1.0864972784206948, [1]
-35.808682012018004, 0.32947196465834827, 1.333532200622896, [0]
-36.39213832084319, 0.6914834365353363, 1.2293896336300105, [1]
-34.79375457316256, 0.6290676300497704, 1.0327046988184208, [1]
-34.59045910280409, 0.4794089557688913, 0.8382477039302136, [0]
-35.83946843775522, 0.6290461480131816, 1.1491793738647738, [0]
-36.42546770468907, 0.7199658356352407, 1.0756390255926254, [0]
-35.747435363932226, 0.4368815800131181, 0.68597435211991, [1]
-34.93813202197758, 0.7932764649641322, 1.1525647216735604, [1]
-35.27775033079338, 0.5044768205727432, 0.7575775809564369, [0]
-36.46800251950543, 0.9223385613755948, 0.4557942304142558, [1]
-33.92218536741205, 0.6253406363509285, 1.0881756590533835, [0]
-35.53806748419392, 0.7198429097303036, 0.4174257402131641, [0]
-35.68820656383016, 0.6219515901489232, 1.0874133015035454, [0]
-35.52443110480847, 0.5784223201103706, 1.4073695895753509, [0]
-34.48031867461478, 0.7805681998177116, 1.5668308401544655, [0]
-35.36439808982291, 0.473894996063416, 0.33146406011079027, [1]
-35.00179203804509, 0.5915495021443363, 0.8319637618737433, [0]
-34.480052033528814, 0.62463065919218, 0.987058948624157, [1]
-35.205468067822665, 0.5163204046778407, 0.6357802169162863, [0]
-34.93148102153711, 0.6335044556740518, 0.7512509250541882, [0]
-35.06729989441268, 0.5308958085928843, 1.0436066624029672, [1]
-37.08570551207613, 0.5205550278371655, 1.2537370514162773, [0]
-36.354654458723616, 0.3795260718629467, 1.486202182668858, [1]
-35.31046156102551, 0.5601858756451741, 0.9709596169157011, [1]
-36.72318078697983, 0.6653994239241183, 0.9006634943759237, [0]
-35.87795150246294, 0.36268459349702076, 0.8145952418196343, [1]
-34.847678524408266, 0.8432129621421587, 0.5534955190916719, [1]
-36.265288148697614, 0.5047393100187961, 1.0185292395051855, [1]
-34.50274099080257, 0.5887867099837785, 1.101114238653224, [1]
-36.02917579949717, 0.3974224271233754, 0.8645483935583343, [0]
-34.31941697057665, 0.6544796822514692, 0.9060142055743043, [1]
-36.62713143702399, 0.6744482743557774, 1.2083521910224884, [0]
-36.133675877804116, 0.7461998682112487, 1.0353038987907262, [1]
-34.66396505460693, 0.6418537602007207, 0.5995451872795039, [0]
-36.91016951451477, 0.7201115547292459, 1.002247526440222, [1]
-34.6122984148066, 0.8043205067174802, 1.1790751279092986, [1]
-36.04625662505233, 0.6180153822184771, 1.0813897225798463, [1]
-34.826855320647134, 0.8180865155557683, 0.9281048849895286, [0]
-34.10661699649028, 0.5525504407707882, 1.012360674914513, [0]
-35.151502986624884, 0.8029387635469281, 0.8815627780136728, [0]
-36.32034614300953, 0.42490804566676205, 1.3632482503518994, [1]
-36.334795652582095, 0.6100830509955597, 0.8124713817152251, [0]
-35.61923541599998, 0.6480709066283608, 0.7679495853037293, [0]
-35.325824617574945, 0.6830346981040092, 0.8303520617373192, [1]
-35.171532962214805, 0.5892930381364535, 1.1137176923836876, [0]
-35.50680901886231, 0.7052181657697921, 1.025466593664604, [1]
-37.41388168465449, 0.8607548740014925, 1.0873698590910068, [0]
-36.289888464328996, 0.7793801151554214, 1.1041716152843817, [1]
-36.24516986448707, 0.71043107902847, 1.3360686774269173, [1]
-36.27220060346942, 0.8206658426451983, 1.1408742639209428, [0]
-36.7084931630297, 0.5611976558796767, 0.9105662691124141, [1]
-35.1505429376196, 0.7400928900900543, 0.9072350452786405, [1]
-36.77214115148828, 0.7670796546535792, 0.9112476198314838, [0]
-37.65662637875726, 0.8345544339653286, 1.1147562503866377, [1]
-35.65979590598943, 0.5663313575991785, 1.0391687491385948, [0]
-37.830372899613856, 0.6246314067392688, 1.4083012007806845, [0]
-34.7556438407644, 0.828882680739888, 1.7591577634729718, [0]
-37.72868752516267, 0.4298663012885887, 0.5716968146276775, [1]
-34.65099786360325, 0.7363835916508628, 1.0070532288744118, [0]
-36.89360677991704, 0.4848708599150753, 0.944805723650356, [1]
-36.31211190673704, 0.8208717801290579, 0.860506015732595, [1]
-36.00415162034832, 0.7978326589953086, 1.3178363662622545, [0]
-35.33186787429638, 0.6251633260758653, 1.022850425385515, [0]
-37.19804043989158, 0.45068582257832496, 0.7642501190570996, [1]
-34.92565340758246, 0.6937752815230271, 0.5930441749733707, [1]
-36.85064527000432, 0.7638993329348972, 0.6825061267616142, [1]
-36.00698161293424, 0.5154415352418209, 0.6407968635857496, [1]
-35.1051716803769, 0.5587860779565713, 1.0270500560151752, [1]
-35.21491023618365, 0.4914020913720312, 1.1993086389680663, [1]
-34.89875691531893, 0.5419303977541341, 0.7387590768108002, [0]
-36.94313194934464, 0.47891617105078244, 0.996503104903411, [0]
-34.63078141900212, 0.43577218872776935, 0.6787509371406448, [1]
-34.34591576664113, 0.5501260780293009, 0.8326621911254519, [0]
-36.87904062917203, 0.6655750145412799, 1.39118049056396, [0]
-35.95651885381106, 0.7678725198039038, 1.1605100302239255, [0]
-37.263433579995144, 0.8134270354135841, 1.115089919742426, [0]
-36.90745956447007, 0.649147444280608, 1.2073696252665505, [1]
-34.99665365097228, 0.5429562666324876, 1.1792072501138462, [1]
-35.90464830130329, 0.5964254962702569, 0.9055579316950639, [0]
-36.3128316881891, 0.37557779583384737, 0.950757159640097, [0]
-35.16324115388361, 0.7056635713408549, 0.45573585712487025, [0]
-36.20725607755976, 0.5545964941268985, 1.2337701744390719, [0]
-35.55346786754541, 0.6564345841278098, 0.9625349180851898, [1]
-35.36498380159286, 0.456889278165585, 1.0556643946575919, [1]
-34.99849616881073, 0.6157249363373715, 1.4394588729214597, [0]
-33.99773771202279, 0.7072871008795344, 1.0550133419819925, [1]
-36.12725393170326, 0.6904147584346967, 1.1298477718591884, [1]
-35.31136419061716, 0.5184572823098552, 0.580415679232678, [0]
-36.27782867346792, 0.6552849300370067, 0.6900130425368769, [1]
-37.00651559305491, 0.6392800355496879, 1.5425935865678162, [1]
-35.084653562370136, 0.44097249945810923, 1.1114958006884286, [1]
-36.88524058716153, 0.4697243792768543, 0.6043743732863649, [0]
-38.01355456303744, 0.41096990534134986, 1.1802106161381658, [0]
-35.880662628079634, 0.5410886982143196, 0.9194213867750132, [0]
-34.3146179843648, 0.5347343532327153, 1.2249313678296831, [1]
-36.03913478277129, 0.8015395086556565, 1.2444703630780385, [0]
-35.222277540879844, 0.5648208533267933, 1.0405544495665051, [1]
-34.14373677818819, 1.099672785690128, 0.5745439964434472, [1]
-34.18299445819095, 0.506579476266287, 0.8499157618088882, [1]
-34.14144646640739, 0.40970063407752844, 1.2697683011032521, [1]
-35.44509029693522, 0.5078300118283594, 0.9414737950838876, [1]
-34.60122097134974, 0.5774286145202431, 1.3834277277366196, [0]
-33.97074371795963, 0.6800196740174533, 0.9920883215351707, [0]
-34.32659566826103, 0.6019633063050464, 0.6603716290049922, [0]
-33.48970651493673, 0.47826421040337325, 0.8444229158900716, [0]
-36.48936328953859, 0.7663819557003395, 1.0882778566621083, [1]
-36.212240182429305, 0.49136931426050406, 1.3152595109922367, [1]
-36.38088938033668, 0.7248266213338375, 1.2222567438370207, [1]
-34.63863522770439, 0.8160397811911646, 1.1409673058862138, [0]
-35.17753200982542, 1.056106493306865, 0.20820400127200167, [0]
-36.34361136016042, 0.7366256946939786, 1.0871517493535992, [1]
-35.48838296635421, 0.5617020137286513, 1.3098880236658512, [0]
-35.26681159929707, 0.641804627005319, 1.0732532530611019, [1]
-34.72344507044197, 0.3506127721821092, 0.6939212815945105, [1]
-35.73800735744275, 0.3185465417234149, 1.0717544530783567, [0]
-37.02926174975807, 0.6388356167842294, 0.7837842900499079, [1]
-35.983617340612504, 0.7150929046496116, 0.8463416097795443, [0]
-35.498996529926174, 0.7584386721683753, 1.1602484947076772, [1]
-36.901168126105375, 0.8620612627497565, 1.0505133145030217, [1]
-36.829943785634896, 0.5723373849373358, 1.1144278718098368, [0]
-36.995064981289644, 0.5287338921419481, 1.0877363843948238, [0]
-34.49358067029668, 0.650315855203996, 1.1418963536913873, [1]
-37.59942766514349, 0.49400163658342194, 0.8076074848099144, [0]
-37.442036315239996, 0.7634107801376634, 1.3964441662047982, [1]
-36.32275651792026, 0.4593148002949666, 0.883909319296373, [1]
-36.223560072787926, 0.7375825823764323, 1.0396356820991635, [1]
-35.78812747381012, 0.6671052991902512, 1.1191508137903672, [1]
-38.538744486228424, 0.6054852034484538, 1.3597004378709452, [1]
-35.743708900244954, 0.6227279567113779, 1.3999463040200935, [0]
-36.54551032747218, 0.49868558259876833, 1.124694828420275, [0]
-36.67428794550277, 0.7146400120575214, 0.8660736135655637, [0]
-36.22479026135155, 0.6538668343165237, 1.302083747220171, [0]
-34.94579456571546, 0.5983907048071466, 1.1674232886912113, [1]
-36.72638133253218, 0.5305504517104392, 0.5096044958849684, [1]
-35.74280639413263, 0.7167353525604031, 1.3070371504185234, [1]
-36.23719899977964, 0.7380078939921422, 0.8578621087734477, [1]
-34.18173153879779, 0.7271825672932937, 1.1578789340393172, [1]
-35.43954017785405, 0.7554276754416165, 1.1701519394424742, [1]
-35.34234975668117, 0.5288116565922293, 0.9642092089845555, [1]
-39.530305417452986, 0.6497166962110514, 1.106769455688757, [1]
-34.837050102170245, 0.9180783508779194, 1.0668335657379024, [0]
-37.28811138386743, 0.5297088770403232, 1.2263074150106614, [1]
-35.82313196827582, 0.6750142619906951, 0.8607059037250436, [1]
-35.58782175558333, 0.6653686220130797, 1.4182460485970387, [1]
-33.92314548542215, 0.8331393237738031, 1.0940078416882693, [0]
-35.618911152543326, 0.6717295583934031, 1.1421420270832934, [0]
-35.46835510508477, 0.7359197126402801, 0.8946514933947575, [0]
-35.31932996767473, 0.5143736224990906, 1.2820138600755697, [1]
-36.899670461447364, 0.5265166262196244, 0.7662277616964627, [0]
-35.09386801054776, 0.6839026604839115, 0.6976527682888771, [1]
-34.525734085785224, 0.540445485351447, 1.6595825002935876, [0]
-34.76508670422348, 0.6721751882925894, 1.1965240987398325, [0]
-35.09283090489856, 0.8609343615716425, 0.7678325167591606, [0]
-34.64639852184204, 0.6498817720081826, 1.2214381841559918, [1]
-35.62048305239459, 0.4841970259214732, 0.7936264821870186, [1]
-37.21245885877434, 0.6440756232897085, 1.319931822882098, [1]
-34.77822671110915, 0.7040331626229961, 1.4766791576269302, [1]
-34.75557311838683, 0.6699878764638534, 1.0723966879220717, [0]
-35.15767263981257, 0.7757163578914669, 0.6256885841465718, [1]
-36.35793867729121, 0.6274887141104019, 1.1024513989693405, [1]
-37.223790398303215, 0.483602091055799, 1.1091420636872893, [1]
-35.03378797847093, 0.4334358998665161, 0.8145646545594604, [0]
-36.068511224975076, 0.7696725226368446, 1.4469891075912529, [1]
-36.534063961293676, 0.48831641291123146, 0.6629744273226152, [1]
-36.42665293851867, 0.47764465107901805, 0.5988653999301189, [1]
-33.70755349714265, 0.5639976465539452, 1.2606871405333007, [0]
-35.68857626730499, 0.9084395362250314, 1.134289775624675, [0]
-36.633893303188124, 0.7643237386763363, 1.0198230929612704, [1]
-35.8406154693943, 0.3747637250546386, 0.7649466572107565, [0]
-34.718121157909295, 0.8368138169875589, 0.9242463074821885, [0]
-34.18635675092777, 0.6960089040714702, 0.7321456074125233, [1]
-36.526098134127565, 0.5974125079984596, 0.8127462444189479, [0]
-35.34954398131092, 0.63993076778582, 0.9988215800772993, [1]
-34.92098330437156, 0.7509019878317903, 1.4951343357317357, [0]
-36.17569421624791, 0.609741188300793, 1.0588617205208681, [1]
-37.89378683261272, 0.7789267818410344, 0.22941434286396845, [1]
-37.30854450575677, 0.5721176602867913, 1.036060712090874, [0]
-34.80404827731813, 0.7270520382851416, 0.9103066931297997, [0]
-37.20908246321248, 0.5272751276972945, 0.7450074103914439, [0]
-34.97700284834542, 0.611554018875377, 0.8314055035039873, [1]
-35.73927465654404, 0.523913656309162, 1.2883149795107574, [0]
-34.351528599803416, 0.6627018004233961, 1.248377453660874, [1]
-34.970018686315655, 0.6307039518844694, 1.196537977012062, [1]
-34.88047814067941, 0.6850915723964032, 0.9346421603938995, [1]
-35.77300859514336, 0.6398610208060282, -0.028163376828139734, [0]
-34.99485855097362, 0.5055674097158924, 1.0429532373648034, [1]
-33.60819892803077, 0.6910002926626649, 0.8388118280801953, [1]
-35.876875355958795, 0.7811092859984435, 0.9252015643336571, [0]
-35.287136851060275, 0.6801294616661105, 0.7477554216047262, [1]
-35.05208078822036, 0.7028385201970027, 1.0444615181486427, [0]
-36.735495582515654, 0.5306972699576742, 0.7390975470349532, [1]
-35.33418750588167, 0.4412604780410532, 0.7869263455490265, [0]
-35.91628469756441, 0.6712470214007367, 1.1012104548543298, [0]
-36.62264665019675, 0.7757297918387501, 1.2464810664702561, [1]
-34.821885582512046, 0.6740262815431816, 0.6195558762848126, [0]
-34.442249880208074, 0.6243097713884812, 1.3774305390213875, [0]
-34.986789158187804, 0.6265165381155826, 1.5321947144659227, [1]
-34.253107482318654, 0.6438437090150814, 0.8973059896785085, [1]
-35.55378321069093, 0.5361207163050608, 1.0805335739014486, [0]
-35.31193142186194, 0.7538312698635108, 0.8023133800660828, [0]
-35.41166338924483, 0.6040812203436302, 1.116649868253764, [0]
-35.06126683807161, 0.5010613313785053, 0.754702963760804, [0]
-36.387027366535605, 0.47426534819664584, 0.6564930597975314, [1]
-36.9362540844297, 0.7114576297883823, 1.258579310839159, [1]
-36.46500016504404, 0.6741448650631459, 1.0831854955671425, [1]
-35.21340319156027, 0.46151349393436036, 1.2526959836470957, [1]
-34.56189968315238, 0.6520919407502894, 0.4966487199909096, [1]
-34.78772034221767, 0.6034857416660393, 1.1629735500513871, [0]
-35.789072160330484, 0.761185635015169, 0.41100596728495103, [1]
-34.578341171964006, 0.44374721052598065, 0.9774891015160246, [1]
-34.25880669675879, 0.4833969321961236, 0.8440148957569218, [0]
-35.17399267583227, 0.7859530921809623, 1.3724277122059791, [1]
-35.72222664513642, 0.6268148007361048, 1.0042414072364734, [1]
-34.588842932623876, 0.6135405201546857, 0.8383903455334424, [0]
-35.94635229422831, 0.4669461919957831, 1.1622172534559465, [1]
-34.96335358779147, 0.5159844418853912, 1.0653782015215472, [0]
-34.158890214867256, 0.5204129349941085, 1.0397568522823941, [0]
-34.358761381050556, 0.6290243111129905, 1.3289470476649932, [1]
-35.27489177127638, 0.5863361626453581, 0.6814651015010722, [0]
-36.76036269463198, 0.5812273241719446, 0.9840598606621476, [0]
-36.047984249696, 0.8385095501082562, 0.30228084066417144, [1]
-35.168989923596925, 0.5594051275857123, 1.258539669690394, [1]
-35.158511881910066, 0.5694664960091402, 1.1375648644413632, [0]
-34.493028243266735, 0.5344039088977202, 1.050293659194311, [1]
-36.21271426377706, 0.7932238348388922, 0.9915557302365849, [1]
-35.408981615465464, 0.6556082180296171, 0.8586123789770469, [1]
-34.63439601924567, 0.4546149178393214, 0.5794031087429875, [1]
-36.83277044504649, 0.8611503383463261, 1.0162332457932035, [0]
-35.42889260426989, 0.6378933625071097, 0.9428680582823177, [1]
-35.54380636530049, 0.6997592536969133, 1.2367294042085364, [0]
-35.998511675681, 0.8347897682190258, 0.4425416039191109, [1]
-36.27973441995436, 0.3851051877298501, 0.6263743245475921, [0]
-36.80096202172928, 0.7200506140788528, 0.8846682530903134, [0]
-35.77542079341423, 0.5603107032088602, 1.507447969711392, [1]
-36.154278905034474, 0.6036552685371195, 1.2320814975369083, [1]
-35.47700864472989, 0.29077434306458505, 0.8782601958440618, [0]
-36.260364496880456, 0.6045186665550849, 0.7033018461882514, [0]
-36.869549526436884, 0.5855327121421059, 0.9302365480351646, [0]
-35.21806863880684, 0.4363963460975985, 1.0500384753387677, [0]
-35.65683217934049, 0.5478405159242844, 1.6686635381047359, [0]
-35.05051787680966, 0.6186054299951996, 0.9331411594804158, [0]
-34.598955522801035, 0.7143288285179036, 1.0831719188853477, [1]
-36.123295157368524, 0.4166920260446787, 0.7361024586597025, [0]
-35.356207430382085, 0.7264550148785734, 0.9731674657546716, [0]
-37.01576880497607, 0.7227537228264587, 1.3330612894597245, [1]
-35.7406042185461, 0.5467087188561784, 1.1658449271527827, [0]
-34.392499040327706, 0.929160847494602, 1.033775308058554, [0]
-35.36401537725872, 0.5860727074207381, 1.1173759505974568, [0]
-36.44164466934957, 0.637942533577573, 0.9951129534625114, [1]
-36.17592342149798, 0.6362891816781596, 1.2353569023988138, [1]
-36.106006423443404, 0.6967817914742056, 1.5551510167717022, [0]
-35.132527675885704, 0.66989695805737, 0.5295114604944116, [0]
-34.935478548415304, 0.4469206917884633, 0.7902110065476459, [1]
-38.501782174985344, 0.6153673243273603, 1.2535644761105136, [0]
-36.401342215214264, 0.6889079213026396, 0.6921603075085829, [1]
-35.58928328842247, 0.49899007927638045, 0.7455875301209152, [0]
-35.50907273705811, 0.6738410348779967, 0.9035708925355059, [0]
-35.24807866402306, 0.6400226027473545, 1.0848645225987135, [0]
-36.938306903391606, 0.7119381173751786, 0.8139110945188577, [1]
-35.53150402187343, 0.4352338653681344, 1.0173161867320888, [0]
-34.30592179858153, 0.5347175728948769, 1.0199918378421047, [0]
-36.7089120801514, 0.5553525431906408, 1.5637515949309517, [0]
-34.68184795192151, 0.5160819019959373, 0.6369171346262883, [0]
-36.156100309975436, 0.5730638822693326, 0.6738109028023305, [1]
-35.85423180637823, 0.9194461411508248, 1.1491666373051173, [0]
-36.54947775524639, 0.41016378829349226, 1.0314037659180353, [1]
-37.166172820408036, 0.6331554553226448, 1.2255434077411032, [0]
-35.010307713024986, 0.4305891552294266, 0.4470817365485504, [1]
-35.91582250760175, 0.454860775997462, 0.6737932850751631, [0]
-33.985860976706945, 0.4284868983660109, 0.5741867296528772, [0]
-35.55506733241925, 0.6549485124450077, 1.1012252280263461, [0]
-35.434861739306314, 0.6850201967791827, 0.8055910888353743, [0]
-35.117831398681645, 0.7766961628387475, 0.6229384959849973, [1]
-35.0241230945227, 0.8931675391403174, 0.9649474911000349, [0]
-34.91268004479538, 0.5858197306026889, 0.6840418356356501, [0]
-34.971848554502856, 0.6363676494136454, 1.9376189239048607, [0]
-36.377626688948865, 0.6404352428817903, 0.7112516484379827, [1]
-36.44688056131878, 0.6484827128978916, 0.516206776533142, [0]
-36.284734319893026, 0.8336451402632661, 0.5584825517412113, [0]
-35.93324701638293, 0.5460996871363787, 0.5020131946950023, [0]
-33.43983770137794, 0.7657143483034297, 0.9818675215156927, [0]
-34.82959893424011, 0.4312038200168251, 0.45135358807767256, [1]
-35.95901710879734, 0.6841265722591016, 0.959751761846962, [0]
-36.00743636351185, 0.8095873886589048, 0.802104596040883, [1]
-35.149947979163514, 0.8117678358608846, 1.3641436383282628, [0]
-34.55463878737758, 0.6261026567086749, 1.5223590629070358, [1]
-34.59237522120414, 0.7533518986960211, 1.1899530673923076, [1]
-35.91924585585127, 0.8353653634196955, 1.041714763926981, [0]
-35.041415476035326, 0.47846238782807554, 0.5996176092943569, [0]
-34.04082075821457, 0.5616720276743417, 1.230857571718621, [1]
-35.63092596264214, 0.8296831190500528, 0.9958385651983872, [1]
-35.37438573758364, 0.6258172126868211, 1.0226142753588205, [0]
-35.62897850550267, 0.7974864074893407, 1.0891562093923244, [0]
-34.278246840343456, 0.7445852552936446, 0.5948024602044293, [0]
-36.42956985506153, 0.7706326693735833, 0.8178307611759319, [1]
-36.49073827589661, 0.7073361901708584, 1.7130160960400267, [0]
-36.65053579433997, 0.6005319210144238, 1.295581018092285, [0]
-35.992538983920575, 0.6016493439151436, 1.066805762227075, [0]
-33.60266981178874, 0.564881893037307, 1.0913737302193365, [0]
-35.34469411511456, 0.47787360429713455, 0.9341771591478889, [1]
-35.00433871520693, 0.46096641011863654, 1.2091183254969065, [1]
-35.956849191427416, 0.6558868809892474, 0.5389779253665382, [0]
-34.62124254921703, 0.6344122437743308, 1.0657653323793053, [1]
-35.30524313372668, 0.7201477795967964, 0.9752366726519928, [0]
-36.76215444137976, 1.0564216632278822, 0.7582946158423325, [0]
-35.66779442863267, 0.5251572333989223, 1.3658301172437475, [0]
-35.044034590029845, 0.4945136878216124, 0.9841451920297777, [1]
-36.56080158668829, 0.4080180287040161, 1.3185820451696504, [1]
-35.348647699018755, 0.6660298243354695, 1.2223195181685884, [0]
-34.88423302984629, 0.3485649454173535, 1.0744826641856755, [1]
-36.080905601436406, 0.6323145604790128, 1.0747162618185013, [1]
-34.40508087469909, 0.40514835648280473, 0.8431866763448643, [0]
-34.802783517085636, 0.6921213392803844, 0.8810143248150183, [0]
-35.50646390905164, 0.6717237468070313, 0.9243039976787237, [0]
-33.72611745737233, 0.49912866397551314, 1.5236853619765858, [1]
-36.26947658785234, 0.5759475628589671, 1.2058227739393321, [0]
-36.248351389696246, 0.5751007406436158, 1.0866976518170424, [1]
-35.290484599318695, 0.8516602606442039, 0.08447964449875874, [1]
-35.8371753983472, 0.7628844437356922, 0.9564724205894481, [0]
-35.53615021497705, 0.5651486893296012, 1.2106575700146833, [0]
-35.8498331134224, 0.6587173523200265, 0.44215267121968044, [1]
-36.62253671903577, 0.7250931239507608, 1.174118140884743, [0]
-34.27590690124608, 0.46854885458949164, 1.280313234066734, [0]
-36.22595018310196, 0.6404330124877062, 1.0337615774023836, [1]
-33.60701145293897, 0.5605174707775228, 0.8415603405399292, [0]
-35.400001550926525, 0.6558916674097444, 0.6385421302112513, [0]
-36.23188064372261, 0.6456006338926497, 0.8387795946016533, [1]
-35.40489268964392, 0.568229236849944, 1.1910104967804875, [0]
-37.307892438718156, 0.66204495057093, 1.067296939160883, [1]
-35.176130869503034, 0.5056525491026351, 0.6345910886803525, [1]
-34.345317555429915, 0.7040500750527078, 0.8042533538883259, [0]
-35.52433982249703, 0.6412891687197675, 1.2856770393760362, [1]
-35.61825818733951, 0.48882877293868826, 0.7621772820004513, [0]
-35.09994307834892, 0.6112173674080557, 1.5853311094521574, [1]
-36.18749447220626, 0.6918585865636769, 0.8529999761391209, [1]
-36.737493967873256, 0.4531748786761437, 0.5765405897312853, [1]
-34.73929606122858, 0.4900214920591385, 0.94795288450006, [0]
-36.75215836143193, 0.47478710199124247, 1.0200070493292397, [0]
-34.9829691836627, 0.729314622265825, 1.0204434246690193, [1]
-34.75133537182652, 0.5749708004895799, 1.170357952742394, [0]
-34.39445711810478, 0.868666806816528, 0.8339466359939168, [0]
-35.11023396328656, 0.6022374215975421, 0.6488889445798793, [0]
-37.67697736051018, 0.4960285060440981, 0.9271461904445978, [1]
-34.648370733294065, 0.680395469531894, 0.9229001113326565, [0]
-35.38059878422458, 0.28955075960045534, 0.8815769844918022, [1]
-35.13769207915106, 0.7030267088250195, 1.451588766135752, [0]
-34.19255400621363, 0.6987288432588998, 1.3389772745728985, [0]
-35.80330060615792, 0.6493690092844286, 0.6585671788127206, [0]
-34.45378309368629, 0.6153753789786426, 0.8291682343614102, [1]
-35.8824874935828, 0.48493512422616863, 0.5669202005182521, [1]
-36.54699895269052, 0.4892962789314962, 0.5787551449456273, [0]
-36.14798876924744, 0.8060288835052011, 1.123411373469367, [0]
-38.36146048330539, 0.8043656072299039, 0.6365068431979362, [0]
-36.43026420234148, 0.7064211490731271, 1.0598586500092093, [1]
-36.16044591262803, 0.5669397200319498, 0.7137143846439744, [0]
-36.6031608326854, 0.5216263018547018, 0.6799320945072717, [1]
-36.85126972348282, 0.4476120870637394, 0.8395587862420997, [1]
-35.21820007710712, 0.5037317710565137, 0.4349215714555138, [0]
-34.60021872102298, 0.6704945642978555, 1.2883103813308827, [0]
-35.600695472490685, 0.5427581981344082, 1.1673234868270383, [1]
-34.73177850040316, 0.6282948721866535, 1.330419303663282, [1]
-36.02327785392974, 0.5854704195624832, 1.5507229368315916, [1]
-36.0654895511072, 0.4672683713622427, 1.10128438117078, [1]
-35.50214149096017, 0.7373429318657254, 1.273480718526978, [1]
-36.08057241223978, 0.4000915164970676, 1.1096752813167174, [0]
-36.07955690612362, 0.4494771931263192, 1.3892250191028779, [1]
-35.424576738939344, 0.6459824273312882, 0.8713160688014594, [0]
-36.42617198258614, 0.68496940928941, 1.5831429741455985, [1]
-36.61764077792138, 0.7323205087067512, 1.1704049730873434, [1]
-35.35143219707697, 0.5177886249544409, 0.8124921670192042, [0]
-35.556704049193435, 0.49861355478258906, 0.9765409991625724, [0]
-35.783714196077675, 0.5959049268363221, 1.3081159429363542, [0]
-34.83019787576281, 0.6501369830977511, 1.4205364506361295, [1]
-33.62908546636006, 0.6672386903964055, 0.6687862468644978, [1]
-35.59906775500615, 0.9529468024628243, 1.0262850071370593, [1]
-35.289215758145836, 0.588375387083812, 1.3096456920964359, [1]
-35.39201794615668, 0.889281118757656, 0.7685754508500571, [0]
-34.83652361567567, 0.748694307512239, 0.47615880964463253, [1]
-36.03873982442211, 0.4312445501586263, 1.0861162951917935, [1]
-35.3480154832414, 0.8124181171896032, 1.3332347782701643, [1]
-36.83333822300642, 0.6465134474188642, 1.3567664368995755, [1]
-34.469338427723805, 0.6484821120677162, 1.16354924442513, [1]
-35.39943554805331, 0.6201730219328279, 1.021194415103181, [1]
-35.33217643196969, 0.6421634917918493, 0.9487516949869684, [0]
-35.086948334951444, 0.7647945545222463, 0.9452101159693653, [1]
-34.83196836501922, 0.46469468618075827, 1.4475629038833817, [1]
-35.780090109424336, 0.6808811285328206, 1.0027130089229472, [0]
-36.187773162805904, 0.8487919792436259, 0.6271474414532878, [1]
-35.61574774256017, 0.7471191060600527, 1.2686132312805132, [0]
-34.55327498061041, 0.7093722715389283, 1.1168652077705334, [0]
-35.95973840001118, 0.49201325531158546, 1.1991404452397596, [1]
-36.25855375694653, 0.7714770342044186, 0.7020326559483872, [0]
-35.210559037865, 0.4590897657626988, 0.9693148266888514, [0]
-37.14058072289944, 0.6884887553365684, 0.9709946655117491, [1]
-36.718546369859666, 0.4887592369241915, 0.4228052283774426, [1]
-35.92704974887617, 0.6084256758786974, 1.1970204992097022, [1]
-35.0540666969029, 0.49042016595570553, 1.0623353508321935, [0]
-34.637621438927646, 0.5519050398530396, 0.6042885222465298, [0]
-36.17419979836783, 0.6442074790387339, 0.7139681251869356, [0]
-34.22179373620895, 0.4018558074443462, 0.5983342895492196, [1]
-36.103592777871185, 0.47106218686299867, 1.1393619960176893, [1]
-35.656160432106994, 0.6847357038031604, 1.1248444998225473, [0]
-35.99169682700995, 0.7671871367286593, 0.8808581512476255, [0]
-35.41853609315163, 0.6229910681883071, 0.6619550257833876, [1]
-35.47786877804727, 0.8253537176211961, 0.5206367879430407, [0]
-35.24807077212823, 0.7048892506051626, 1.3450473263938685, [1]
-37.94217251674348, 0.712438397804343, 1.185784069574477, [0]
-34.9437143000186, 0.8216636487982598, 0.777814099067548, [1]
-36.74494717500465, 0.596122904915413, 1.6265736351420985, [1]
-37.32579849829263, 0.838188618895473, 0.970396238126676, [0]
-35.60466394624353, 0.46177604368123754, 0.8720366168425423, [0]
-36.13580229595919, 0.4753981967207848, 1.1504967940231052, [1]
-34.4943242100278, 0.8235094268442071, 1.1385357554300206, [1]
-35.03104918280322, 0.5580228738285588, 0.9538563865916233, [1]
-35.08937276550329, 0.7783774457925654, 1.3339732631097165, [1]
-36.309448085832635, 0.4411776251793926, 0.7200882817745808, [0]
-34.93329104877462, 0.6977156738864626, 0.9491661711986153, [1]
-34.9585544317108, 0.637641099095168, 1.1343945679768674, [1]
-35.576768780748885, 0.6444200555987152, 0.9754302215461907, [1]
-35.793675748633355, 0.5855988671509662, 0.8538438913170079, [0]
-34.66364389201666, 0.4980461011422416, 1.0748681201369004, [0]
-36.36649183272605, 0.7124203487385445, 1.031991635642362, [0]
-35.96982757850031, 0.7323120877536733, 0.24104506623675115, [1]
-36.505416294189885, 0.5643855952938606, 0.7923318747746624, [1]
-34.51437143901968, 0.6563150462777214, 0.9521265041568122, [0]
-35.67240942246796, 0.49504335366949614, 0.9472819379150905, [0]
-36.04572440423316, 0.386891675510462, 0.8720412642853725, [0]
-35.996077661477855, 0.657640826230399, 1.2025368962705998, [1]
-35.503812366340235, 0.8365302577412314, 0.9957404622612149, [0]
-35.52870558471344, 0.5845886260069678, 1.0306101881240104, [0]
-34.55869070669, 0.6497900367219427, 0.7371713659998824, [1]
-35.51592138397089, 0.6745006805815944, 0.8324559625514519, [1]
-34.99268695505711, 0.80570946790303, 1.1595720646513779, [0]
-36.40778127703072, 0.8087903373026895, 1.2137289288340722, [0]
-34.22589125744858, 0.823871637299981, 0.9068940724419172, [0]
-34.7575827526884, 0.5969767139739319, 0.8633978565283832, [1]
-33.62476212355352, 0.501161176963766, 1.17176181865198, [0]
-38.34237468356737, 0.4814876232532436, 0.9317552068746806, [1]
-35.820671919397796, 0.3878338062533637, 0.7873078395069265, [0]
-36.75685550957807, 0.5954437299714894, 0.6463905086820944, [1]
-35.861461880638636, 0.7236370431785285, 1.0477418747855372, [1]
-36.000202482378036, 0.5442697707305755, 1.2425718898090914, [0]
-34.64076926174969, 0.6552383589407326, 0.997213109834753, [0]
-36.175490313863705, 0.5529137079409432, 1.3955651141944678, [0]
-35.13579038059028, 0.6336529759128263, 1.0974898331449798, [0]
-36.95181533484229, 0.7091192471337515, 0.5526010897854984, [1]
-36.00847437888589, 0.7491248788798132, 0.937530671046145, [0]
-36.10412609103989, 0.8198499263749375, 1.028191093041228, [1]
-36.79885602837999, 0.5361151553410599, 1.1989899426061426, [0]
-35.46604767412553, 0.5859465770227443, 1.2118901210708999, [0]
-35.38677691076397, 0.40916992745755976, 0.9022057291867615, [1]
-33.634651794986375, 0.5467358378747179, 1.1893193688729364, [1]
-35.12425688309188, 0.30994849161976545, 0.7964819878179217, [1]
-37.379048333786024, 0.46196922173944754, 0.7836535989206461, [1]
-34.71379600237583, 0.6988734305946939, 1.1409337010324414, [0]
-34.92246562812733, 0.8567623187472562, 0.7895342619923734, [1]
-36.66106167561218, 0.6292849742693816, 1.2349728033139227, [1]
-34.20007308232845, 0.7548834297890766, 0.9620160149816055, [0]
-36.339420865330986, 0.7301640206312229, 1.086938162170333, [0]
-36.507213170922135, 0.457590571617659, 1.0065079437624196, [0]
-35.483171283314626, 0.5793461077128172, 1.159131399884035, [1]
-34.559878315341805, 0.5079727469914895, 0.6412255970743321, [1]
-36.876196266674285, 0.6096481881483607, 0.7347514167128038, [0]
-34.54722626736719, 0.7546770543166921, 1.180026568937121, [0]
-34.68029690347234, 0.6823364267265782, 0.9864178076952215, [1]
-36.1596155104318, 0.5493688483074741, 1.4257066803692031, [0]
-34.521182510917036, 0.750149439445227, 0.9455174663288157, [1]
-37.5382448019397, 0.7276495295917321, 1.311032379134253, [0]
-34.89882560321088, 0.707794141086622, 1.2875284672882366, [0]
-34.83630179480081, 0.6739453373827881, 0.9888659638249904, [1]
-34.857649723860604, 0.7620122743280093, 1.0088710411585735, [1]
-35.604975616199795, 0.8368096235185365, 1.1473703420891876, [0]
-34.997534281044075, 0.7379697792264384, 0.9913033724779948, [1]
-35.23238363402323, 0.5062289821407836, 0.9692925924151211, [1]
-36.357854178376925, 0.5017114025229558, 0.7487184544301582, [0]
-34.72581186653698, 0.538895713083948, 0.9652051560894184, [0]
-34.517920622543734, 0.5883159113637734, 1.1946470136041085, [0]
-35.200885606232205, 0.3377872230268684, 1.180149862922945, [1]
-35.22439671036285, 0.5831308948271002, 0.8064723004692571, [0]
-35.908238701938096, 0.3469756165818735, 1.2540237375606722, [0]
-36.8352602030966, 0.5391090777948392, 0.6027859728070006, [0]
-36.22222813375689, 0.4582999243881692, 1.1030182707340623, [0]
-35.30664364541839, 0.5671215728269099, 0.9970622200272143, [1]
-34.52862660121716, 0.549118706015902, 0.8460088482452968, [0]
-35.32813337862922, 0.6952076433222347, 1.44702176856336, [1]
-37.38874925729842, 0.4141570230354782, 0.9484667299942531, [1]
-37.38419163201701, 0.5941392326822953, 0.6141000119253073, [0]
-36.14694352496514, 0.539750256443045, 1.1495379409359532, [1]
-35.4825942819699, 0.35959946055237335, 1.0161272152892669, [0]
-34.65379534194333, 0.6804644162988704, 1.5646643838556573, [1]
-33.93472365089025, 0.5114565562109671, 1.0445492736397142, [1]
-35.90639582734336, 0.7504843845768593, 0.9693034450352485, [1]
-36.58551014724002, 0.5953179354270349, 0.9248637531264823, [1]
-34.72321451290786, 0.7657473587046739, 0.6294917729922915, [1]
-36.41721124987901, 0.641379582759043, 1.051602943134138, [1]
-35.571191872277254, 0.8001311514549921, 0.7998322403678026, [0]
-35.336401646000226, 0.8153649467789849, 0.647855986874968, [1]
-36.279529349425474, 0.6323471720617218, 0.6341594674766851, [0]
-34.980607364529966, 0.5654655921409001, 1.0824286077452212, [0]
-35.69663522286214, 0.5502548854292505, 1.2937047936632184, [0]
-36.07813338703565, 0.7847928956156047, 1.2791127262743553, [1]
-36.84043772932429, 0.3159656200156811, 0.7478476521221116, [1]
-33.58462607099147, 0.6240428461000196, 1.2873637591597464, [1]
-35.33590693500717, 0.790408580915272, 0.45145266210033347, [1]
-34.62041054764828, 0.5721478305394689, 1.0942810749693788, [1]
-36.72808058559607, 0.90476916209863, 0.920163754300085, [0]
-35.4485929256619, 0.872204515966903, 1.5136248164341832, [0]
-36.04950926268235, 0.6796198419416869, 1.2144253606834696, [1]
-35.588470261065446, 0.6352579276675745, 1.374435341503014, [1]
-36.35278255767977, 0.7223356714391928, 1.1386199675648154, [1]
-35.14698288980054, 0.519918566425123, 1.1497679185340575, [0]
-35.29744146972799, 0.5319605656314912, 0.7643453676871039, [0]
-35.02292304484252, 0.9453704577778821, 0.5444417129405514, [1]
-35.98856329581545, 0.4717864702717711, 1.230150330138868, [1]
-34.592246208689964, 0.6470032961395811, 1.1036866792261555, [1]
-34.96252658331885, 0.6846269825573132, 1.2724191332876449, [0]
-35.60087532103334, 0.6441793922787681, 0.927091090866122, [1]
-34.57549906872064, 0.5467264319376868, 0.9611704064130853, [0]
-35.70148525202038, 0.554899675481354, 1.089262662330974, [1]
-35.40751392671372, 0.7014705245454227, 0.8058844440357011, [0]
-37.292218426459385, 0.5683427555782723, 0.6760189863824339, [0]
-35.23377416423846, 0.8301326333912981, 1.1159134364324927, [1]
-36.313231218400205, 0.3436172331955805, 0.7869794733005745, [0]
-36.699004943285765, 0.5354133230849105, 1.101307906114062, [0]
-35.16136355786255, 0.6896608008079879, 0.9189100116715903, [1]
-35.69680027062103, 0.7188380353781163, 0.5499485978229907, [1]
-36.1087382481035, 0.6567331924928914, 1.1457168769422656, [1]
-34.81029017649508, 0.6608197816447358, 0.6576437853978216, [0]
-35.42423889322632, 0.7758778444185817, 1.4103003839464914, [1]
-36.29467985835715, 0.5357818678430686, 1.307874419885778, [1]
-34.79409938641585, 0.4723029565362676, 0.9713970572455416, [1]
-34.53774264768153, 0.6647206928418269, 1.2723244136578973, [0]
-35.482319318479774, 0.5260926300599779, 1.4086132094864452, [0]
-35.3924789219808, 0.593934573218335, 1.1589112594873607, [1]
-36.755836984537694, 0.6172609334448099, 1.2469982419065582, [1]
-36.16352761869252, 0.570914171028631, 0.7203474797047943, [1]
-34.994981198194075, 0.54401786232908, 0.7604060544885636, [1]
-35.40461886388702, 0.6785570034013404, 1.3910615911150988, [1]
-35.23244914151342, 0.4102721610171532, 1.0620959540345616, [1]
-34.52161549015906, 0.5803110281796247, 0.3630199580066141, [0]
-36.21908805506081, 0.8201295788074151, 0.5724541649460068, [1]
-35.81201827511261, 0.8730643533800326, 0.801253051428795, [0]
-34.895829094412804, 0.6884605943676756, 1.016932317358247, [0]
-35.08677214743595, 0.5526624265315524, 0.7903042827580465, [0]
-35.868644086484785, 0.648729107805534, 1.3430700901365196, [1]
-35.063385823722854, 0.6211244650246092, 1.5422760310644046, [1]
-34.538114919054046, 0.7372350690423294, 1.3931285182365465, [0]
-34.64351180590441, 0.5777994194717314, 1.2168370703661022, [1]
-37.34262135055369, 0.6821186029534666, 1.2639754374335603, [1]
-35.2360870103929, 0.5715614055165242, 0.5102995722010799, [1]
-35.27618881276649, 0.49512397740219755, 1.1678797935336764, [1]
-35.31679838194964, 0.591278931183991, 0.7838257397081231, [0]
-35.78854606430853, 0.6334384592984984, 1.2527728688419282, [1]
-34.82207907258356, 0.5402981677623175, 0.761115330346849, [0]
-34.93265333732038, 0.5061103273102169, 0.878085171257558, [0]
-36.63251829894319, 0.479823659219193, 0.6917614710631202, [0]
-35.228176952272136, 0.8951682902089165, 0.7290631023319357, [1]
-35.67113889818877, 0.5048968289126987, 1.4311940803058363, [1]
-37.00755307788518, 0.6274516632295535, 1.0124173832600367, [0]
-35.294526079134734, 0.19956260813122315, 1.0486163597569584, [0]
-36.01096277299289, 0.6478574217296819, 0.6342174290138076, [0]
-37.196113451343095, 0.7470544428881412, 1.04985224179621, [0]
-35.57797347199234, 0.6536000047828824, 0.9603314468198397, [0]
-35.130062036892426, 0.5713033071374156, 1.5911314125833795, [1]
-37.43133502976987, 0.6877744014568696, 1.1558357064287184, [1]
-35.58887375922289, 0.5334629928333612, 1.2131060140787493, [0]
-35.17000366077547, 0.5285983757531425, 0.8823462927070705, [1]
-35.69466518362433, 0.5243104788023225, 1.0677718259985929, [1]
-34.11816201840144, 0.6402962526686365, 1.463884745966087, [1]
-34.08755516530125, 0.6527193011438437, 1.1000820033033862, [0]
-36.66525994743282, 0.5840541432695638, 1.131491139520006, [0]
-35.41979002218151, 0.6595920862847076, 0.9853535552101149, [1]
-35.35803548716042, 0.5711213263289696, 1.254064844957147, [1]
-35.14948131870235, 0.5944629513127337, 0.9052666849064495, [0]
-35.853844717980486, 0.7365665227490048, 1.3298577504304876, [1]
-35.3156131919373, 0.8732975349792791, 1.1324748472676194, [1]
-37.17391210604207, 0.5419197403789479, 1.306228436325791, [1]
-35.84547515895117, 0.6344440561165784, 0.7939136969631382, [1]
-34.53815287354458, 0.6974299165731804, 1.3540055661479744, [0]
-36.09223480035794, 0.7975718459255823, 1.3904079346684395, [0]
-36.06063366480449, 0.547576561279909, 1.0787670714513236, [1]
-36.76740854473839, 0.6663223496461638, 1.4680874156999248, [1]
-34.64870812029269, 0.6784797289703614, 0.9960177909443121, [0]
-35.66074886561993, 0.5217422575547886, 1.1068823257189313, [0]
-36.945268557449886, 0.6541851768974059, 0.6242527925582774, [0]
-34.84656092231909, 0.6197884942461722, 1.091319913065837, [0]
-34.487672898821096, 0.45821560486101737, 1.1886356447973705, [1]
-36.76985094170494, 0.5967324039504709, 0.8236271048798747, [1]
-35.76921809728178, 0.5384812707541536, 1.3760705507772344, [1]
-37.078638624803595, 0.621673368088547, 1.0207370479618667, [1]
-35.71511167766369, 0.7073930686094341, 0.853753498893363, [1]
-34.76331489084364, 0.860782855680484, 0.6170892818705238, [1]
-35.163752193705456, 0.5785099911635503, 0.7815564853957861, [0]
-35.48914371322191, 0.6793513779557476, 1.2644184754465726, [1]
-35.21021344829474, 0.6434593436806155, 0.9633032920282849, [0]
-34.85405772989751, 0.5011262764774116, 1.1074991486343495, [1]
-34.11318641277568, 0.5856110123658502, 1.3457173255121375, [0]
-34.01077358293781, 0.6212451693721095, 0.8840975232646116, [0]
-35.45110111244951, 0.6927628473501957, 0.9626534062942087, [1]
-34.68824206691876, 0.6365350152512546, 0.9079702677141709, [1]
-34.83924178276166, 0.6944604381065023, 1.072025644320275, [0]
-35.400540361568616, 0.9492645668928761, 0.4999275767260504, [1]
-35.68781393699601, 0.5840480575319584, 0.6485751970192004, [1]
-35.295558704910995, 0.8343569269518374, 0.9021745437358697, [0]
-33.747921869424204, 0.425431054443707, 1.0626776560425841, [1]
-34.9045132641373, 0.5394331084408693, 1.435535678860072, [0]
-34.252835360186594, 0.5932292840029575, 0.5758208970085849, [1]
-35.016696820950514, 0.6762513734857387, 1.2755175248390018, [0]
-35.33833357765173, 0.6482296332840035, 0.9916372039103216, [1]
-35.722598399106225, 0.6684370998005144, 1.0153781867913336, [0]
-35.50488406867626, 0.5521382617203909, 1.1652017777868917, [0]
-34.86934992428682, 0.8357450857229022, 0.8983834809787654, [0]
-35.071021830547885, 0.6733002331123039, 0.8088448805646429, [1]
-35.04783142613396, 0.31399836057908326, 0.7891231274706197, [0]
-36.85016426364196, 0.5635596101689331, -0.04371637900006575, [0]
-34.80135320968298, 0.45923080882010264, 0.8458191451507683, [0]
-33.66944834585361, 0.5624683904336373, 0.7236867017027744, [1]
-35.43628501612984, 0.6213094192036063, 1.1791475834171912, [1]
-35.612382526012354, 0.38589476990478244, 1.318629776653217, [0]
-37.08337394224368, 0.5132772643259745, 1.0820838877785768, [0]
-35.42511930360958, 0.6058178726760322, 0.8668285072673667, [1]
-37.346117546162105, 0.5119627542758958, 0.7728575751900858, [0]
-34.738897761100475, 0.5627631702925273, 0.6613810753137401, [1]
-35.41630061418543, 0.5018300514914642, 1.45402704880063, [1]
-34.24697058520246, 0.5996516135933079, 0.9397361757888704, [0]
-33.535735448790895, 0.6088885524275911, 1.3343574751682243, [1]
-35.254754837281574, 0.6698720613703958, 0.9139248871901339, [1]
-35.47416160287931, 0.4475036774012393, 0.7244425332435825, [1]
-35.5341388354928, 0.7854262895747625, 1.2742550545892946, [1]
-35.075889725803535, 0.44148333849666843, 0.7083422953621054, [0]
-36.33360556862335, 0.7100101819499519, 1.0986614200252562, [0]
-34.878810906425514, 0.8288089448023752, 1.3967663136812514, [0]
-35.364159702729516, 0.7026740490876336, 0.9314512054930199, [1]
-35.41250614775846, 0.6627363148145309, 1.205713594467667, [0]
-36.15141207408968, 0.6855126767820866, 1.4829709627256553, [1]
-35.582242407245396, 0.4621129894493635, 0.6915611103420936, [1]
-35.11437131897962, 0.4728184636943003, 1.1129329103060006, [0]
-34.238001451116254, 0.5048512310535824, 1.0455875833356165, [1]
-34.81024697575422, 0.7660754243291844, 0.523469164572638, [0]
-36.488383704808264, 0.6421054375761431, 1.2429709388158434, [1]
-34.45122361352772, 0.6186401480515393, 0.917762556137909, [1]
-35.41029891844921, 0.48882666640081635, 0.5914396976957597, [1]
-34.22636862441155, 0.6886751517543233, 1.1383042705596407, [1]
-35.1674132081145, 0.8784970067549679, 0.7224336194358292, [0]
-38.27744835790569, 0.3255327625401099, 0.6257062241057105, [0]
-34.042420165751395, 0.7353442003169175, 0.9679527870608843, [0]
-35.6995949372556, 0.5519900254280546, 0.8438799417778488, [1]
-36.24725301521073, 0.513933808077268, 1.1224610112052948, [0]
-36.06248492563348, 0.672028447759977, 1.1362645616504148, [0]
-35.870688720725255, 0.5351536467627811, 1.1384260298232438, [0]
-36.70837558471307, 0.6226162052892321, 1.1943209396385996, [0]
-35.29076344448518, 0.6983886294051538, 0.7590439023077158, [1]
-36.0270345498031, 0.5378096431233494, 1.2271025779507971, [1]
-34.967581099465896, 0.8943921493462419, 0.6983269681177523, [1]
-36.03682697301195, 0.7888606523185155, 1.3653002201149664, [1]
-37.97508161150953, 0.569651068019161, 0.7808964204789384, [0]
-37.46949354864686, 0.6027187119094857, 1.0835214109302047, [1]
-35.6991706461607, 0.59390453216861, 0.7885843795893973, [0]
-35.83930086383655, 0.5451156765669856, 0.7895346793023557, [0]
-34.68868820788064, 0.7125678037911894, 1.260637035538883, [1]
-36.59537454541417, 0.7482717317975303, 0.6811711189880174, [1]
-35.311271759202796, 0.3983040262039995, 1.280212913536875, [1]
-35.21694924546459, 0.6983978766661155, 1.228742908419965, [1]
-34.88223923297539, 0.5965853791158396, 1.4376718197030183, [0]
-36.44725771506539, 0.5498861195830438, 1.0517528428015206, [0]
-35.63600608262967, 0.5013086029953282, 0.8991256733006463, [1]
-36.05807308799572, 0.5633694380449484, 0.9340564972801331, [0]
-34.866440249421075, 0.49760176398733114, 0.9743544595599745, [0]
-34.25564440246022, 0.6445215117450824, 0.26946071313802217, [1]
-35.180840104551805, 0.6712862655912075, 1.0023391243303357, [1]
-37.09891099012811, 0.7438943159215208, 1.1511064193948999, [0]
-35.144029919016724, 0.6561314151205301, 1.116013179763577, [0]
-34.60109319979419, 0.6395267653709856, 0.3956160850514134, [0]
-36.661526904321136, 0.6385233596280502, 1.6515095211214477, [0]
-35.114097067415656, 0.4820396603346975, 0.291939873141975, [1]
-35.80106212557688, 0.5302221910450997, 0.9191252053194731, [0]
-35.280139199676874, 0.6999314096924717, 0.9529000971786962, [0]
-36.21929773984555, 0.3461210792188613, 0.5202157306055142, [1]
-36.35595942638521, 0.6035823597901822, 0.8469272283882214, [0]
-34.21698845404517, 0.6127324884059197, 0.5510482717179821, [0]
-34.96636798309153, 0.7098658058479917, 0.9828868761431371, [1]
-36.2401899677724, 0.48837172059106254, 1.3551166517492699, [1]
-35.76768644649775, 0.6123515581533946, 1.253923695932229, [1]
-35.585051810029654, 0.6808625171807875, 1.15354628135578, [0]
-36.41807647676291, 0.8446667657601135, 0.43283331447209356, [1]
-34.47714618922229, 0.6013870427755688, 0.8481180249162831, [1]
-35.68585045664809, 0.9396465914389602, 0.7874231073879308, [1]
-36.04204312649754, 0.5970725618632716, 1.2217969915935325, [1]
-35.40140696161486, 0.5530852280839389, 0.8416203064151495, [0]
-36.425470494755025, 0.5281612589560672, 0.19597584161559245, [0]
-35.940018964416794, 0.575224655970963, 0.12829445095128209, [0]
-35.55641691362852, 0.7277582538279757, 1.392412984485813, [0]
-35.80796787559354, 0.7862984957541661, 0.6642199767660367, [1]
-35.876438058042666, 0.734171148158661, 0.9139495432491089, [0]
-36.54161164340874, 0.5511563607211584, 0.9528918959610482, [1]
-34.82806134441333, 0.5359909408966068, 1.164666479700119, [1]
-37.2821454754967, 0.6649791618305665, 0.6744041202998722, [1]
-34.97183799600585, 0.6161782920098916, 1.2554026910980853, [0]
-34.66106047458011, 0.566010225312528, 1.20150556550155, [0]
-35.013545925369634, 0.6426160029902809, 0.932743686084137, [1]
-34.947012444547255, 0.4273024355927939, 1.230440113814247, [0]
-35.17645669968714, 0.5229062509330489, 1.429821621740318, [1]
-34.67931716841429, 0.7753260334288903, 1.0262816281048168, [1]
-34.67145601566121, 0.7389623713173659, 0.8134340110961303, [1]
-34.93827552108352, 0.7691582801700572, 1.0770479318618251, [0]
-36.09986315804852, 0.6595538838373356, 1.1707191893194908, [1]
-34.29805363474981, 0.8138870746563183, 0.7011787691327973, [0]
-36.410532651572524, 0.7139565635552052, 1.0697911860754412, [0]
-37.21087583244369, 0.33883504786617885, 0.15157873518118065, [0]
-36.619115891240725, 0.48042933343747685, 0.4950059610599282, [1]
-36.33137222755642, 0.5543009946353932, 0.9651740237226817, [0]
-35.02539657947487, 0.649705935078097, 1.0410880636883704, [1]
-34.89494076065058, 0.6644330373286805, 1.3108148930446453, [1]
-37.13043679701871, 0.5871124909304807, 0.976680148268289, [1]
-36.69818126471444, 0.46501004656705436, 0.8437852486873231, [0]
-35.855904826736904, 0.6169076278626208, 0.6821078611981078, [0]
-35.45227105523883, 0.5073444861295151, 1.7306411572928526, [0]
-35.653742715532985, 1.0139027907743148, 0.8135587139857345, [1]
-35.04184577466084, 0.3800694957907007, 0.9212981446177888, [0]
-35.803151730199424, 0.6754377241942969, 0.7116471031758381, [0]
-35.86222448795399, 0.8892173788377693, 1.0787007769325885, [1]
-35.22455797660195, 0.7222236958078173, 1.0808826145541053, [1]
-34.83708865392165, 0.6151522214467007, 1.762285863009935, [0]
-35.61502077384525, 0.9061477481542759, 1.0947919742656154, [1]
-35.09349840467093, 0.7211395132589558, 1.2167830488843254, [1]
-35.663899636179025, 0.5781396324562396, 1.2573248564941226, [0]
-33.91417707622134, 0.6191782788209059, 0.9289479614779033, [1]
-35.94443671449976, 0.5930575125160705, 0.8344613884976007, [0]
-35.87573956837706, 0.47165706579558736, 0.8455280739268274, [0]
-37.39528859596815, 0.5507982848722948, 1.2034614043480123, [1]
-34.24524245419133, 0.5863366171863692, 1.0753447570408365, [1]
-36.34427906104894, 0.6192891667685669, 1.0896361085351542, [0]
-37.61839245594669, 0.8215996246482993, 0.5694277387462734, [0]
-36.66679095629468, 0.6621891674182391, 0.8360567312865641, [1]
-36.04165941616432, 0.6593545884642946, 1.187380354862694, [1]
-36.70210080886069, 0.6399567200929572, 1.0285482104041217, [0]
-36.46319395361656, 0.6307365678201978, 0.7686466580684012, [0]
-36.32447066114521, 0.601259455051149, 0.7038145400986243, [0]
-35.63869928023293, 0.810947507951263, 0.7589926473492687, [1]
-35.25778378910109, 0.6104282305030398, 0.8720416589123042, [1]
-35.292119343297124, 0.6168605982752118, 1.0597574322437397, [1]
-35.37122126753948, 0.5757126727446309, 0.6464016803075253, [0]
-34.24224887940239, 0.786515426677148, 0.9556297108166433, [0]
-35.537732838525685, 0.5272882511096596, 1.000777509265978, [0]
-35.65730851871699, 0.8372200756917267, 0.9521624084079682, [0]
-35.79056318587321, 0.6808014701257139, 1.554558309504555, [0]
-34.62213298428119, 0.5380551991734416, 1.1686809872500112, [0]
-37.253928389367886, 0.8110656668689702, 1.012274833163735, [0]
-35.33119563507719, 0.7612591003166026, 0.938547537571434, [1]
-34.247183460429795, 0.7454837617350142, 0.5350291876900874, [1]
-35.69632283382506, 0.6737433822604075, 1.3469849000322618, [1]
-35.22359137633003, 1.0429738075067743, 0.8951902276537953, [0]
-34.88689684962464, 0.703701647485138, 1.3078136526191841, [0]
-34.92265146271717, 0.629446282531822, 1.3366305498595632, [1]
-34.59873331164764, 0.808177068612143, 1.1381170618684724, [1]
-35.679190813846084, 0.7186087383679941, 0.8073189368616175, [1]
-35.470884720781605, 0.6938307096861951, 0.5947843881403605, [0]
-35.308519014914076, 0.4776643773966744, 1.024586167208574, [1]
-34.70995308544914, 0.7394644986914336, 0.9086959300492501, [1]
-35.49910812370364, 0.668472615349389, 0.2682170799687047, [1]
-37.2192147351382, 0.767914030629489, 0.8540311278272761, [1]
-34.37442545261413, 0.6700274067208201, 1.196477021216721, [1]
-36.1609280761191, 0.4905849544204934, 0.36560375257165834, [0]
-34.79405770149539, 0.766485128616088, 0.7302273681001091, [0]
-35.05075909158576, 0.5249726190892084, 1.1088425453368855, [0]
-35.525316807166135, 0.8142290771937977, 0.7006618948906378, [1]
-36.86483100021321, 0.38279761269701423, 1.2094056356913048, [0]
-35.044595057705415, 0.4988741659376157, 1.191728924826175, [0]
-35.95206422705345, 0.5958946612450324, 0.5542002477785293, [1]
-36.383178731326446, 0.5216492982639052, 1.3912257036433147, [0]
-36.29034013015581, 0.5318654831156321, 1.259652712090252, [1]
-34.375590881787, 0.452158892185599, 1.1147242997261457, [1]
-34.71100822555242, 0.5522453508200386, 0.9229615095919763, [1]
-36.789780229582796, 0.4253961174968427, 0.12758869220466706, [0]
-35.16680783743179, 0.6173252719231401, 0.9588456905765204, [0]
-35.66315706404323, 0.6293932536465959, 1.1550740615433264, [1]
-34.979126869959465, 0.6975266197498393, 0.9801905334820229, [1]
-35.280891766904524, 0.7121175192343174, 1.0120067624418754, [0]
-34.628753871200956, 0.5015744238241379, 1.1477855119443645, [0]
-37.39201808487134, 0.6701583476825226, 0.5231103893263959, [1]
-35.37432438362552, 0.6194219077937867, 0.9573964679175033, [1]
-35.19806206511897, 0.6907857018513931, 0.7567344656806785, [1]
-36.7123336311584, 0.7961633842433855, 0.6128277820599629, [1]
-35.105249646673904, 0.6862682000097787, 0.6744280113509675, [1]
-34.871999122394925, 0.776030672762693, 0.7181145733395304, [0]
-36.70328677581699, 1.1778221649346903, 0.5821971662392307, [1]
-36.44770399276665, 0.7214862373125676, 0.3203738765224192, [0]
-35.56735787886741, 0.8735520281190279, 0.7983888242004042, [1]
-35.81241826867291, 0.5066185898514848, 1.1304600037314454, [1]
-36.5890038519063, 0.4461663420389451, 1.0027802512962807, [1]
-35.12168635661325, 0.620945130896174, 1.1490657418841257, [0]
-35.980166371842984, 0.48221149748568093, 0.6671614260775741, [1]
-36.325461026600735, 0.5355674105133832, 1.1456705658970423, [0]
-35.76145224730051, 0.6637771196612551, 0.9463474693702904, [0]
-34.247791844590495, 0.5820893943019733, 1.0566200043115268, [0]
-37.27958800603075, 0.5531394007813158, 0.8086909903547722, [0]
-34.80049747304338, 0.5318942965789732, 0.8116689545657011, [1]
-35.40496789313553, 0.5555404557985227, 1.5344530154138927, [1]
-36.24811510480066, 0.5095800594947474, 0.6551184461887309, [0]
-36.36995912991007, 0.654536751510512, 1.1798829397479897, [1]
-37.299367726064546, 0.5219243446689623, 0.5632481682031694, [1]
-35.737307796506535, 0.63173284549411, 1.1294931014358305, [1]
-36.70428865305409, 0.4519265686076711, 1.0343881934025982, [1]
-35.598429380782896, 0.5597865273323556, 1.2341084662766417, [1]
-36.192280649654485, 0.5862676487364896, 0.8944070328579711, [0]
-36.11127401532451, 0.747206266048127, 0.569490609065418, [0]
-35.399437010942414, 0.7351466470450139, 1.1357491455434092, [1]
-34.78663047132181, 0.6105838923029622, 0.9570905525723621, [1]
-36.416931491971056, 0.5768887941600869, 0.8375254716421783, [0]
-36.443288169749515, 0.7094715150572044, 0.7387406619498051, [1]
-36.2278578289097, 0.6111061538832854, 0.3497231811992113, [1]
-35.636431630398704, 0.6427419403325134, 0.8117915142504604, [0]
-37.619312649558594, 0.6758538053465959, 1.1290489132304633, [1]
-34.99121081691099, 0.44577927859361677, 0.7804533548236271, [0]
-35.08016752342208, 0.6506583450831845, 1.2772074869647199, [0]
-35.71739369507279, 0.8034149069092327, 1.149764452368546, [1]
-35.46413602405866, 0.4750527703719743, 0.9855884812092045, [1]
-36.05320683376871, 0.7150748995156695, 1.4482127209303017, [1]
-34.12448869196225, 0.5177203235390297, 1.1740306297016958, [1]
-34.65939910433049, 0.6452587124420968, 0.7330697371680885, [1]
-35.940877525921564, 0.555665559119721, 0.9950813613527496, [0]
-34.32862540364518, 0.7143110379343977, 0.4728486202135497, [0]
-35.574974659371286, 0.5857462637621043, 1.2008200706297336, [1]
-36.22722144214705, 0.7603504818175487, 1.493166316448311, [1]
-35.22855585551558, 0.7348114654898895, 0.9626778550392798, [1]
-35.39808063704243, 0.8271837184840365, 1.105812851740831, [1]
-35.50262053265713, 0.5812088063736265, 0.8621773839867394, [0]
-36.55101280675719, 0.5876748656515162, 0.38548588524576427, [0]
-35.251307093236505, 0.5467974477134916, 0.8982120931148414, [1]
-35.542997497643306, 0.7930713046351991, 0.8105692940873769, [0]
-35.646051448593624, 0.5573508824394049, 0.9715613080577279, [1]
-34.96836813362513, 0.7796983415206747, 1.222989008161196, [0]
-36.41002330998034, 0.5161843380134715, 0.753434187861332, [0]
-36.747092472724496, 0.4687041282208389, 0.846445027117003, [0]
-36.06285332654976, 0.6072478148879594, 1.055307180200285, [1]
-35.36987470292808, 0.6165004412095446, 1.1255609845228358, [0]
-36.40208008912627, 0.588358120909457, 1.1620504808009575, [1]
-35.04882870254412, 0.6251846501344943, 0.7776380337564968, [0]
-36.60060566713069, 0.5351727550299841, 0.995238769393981, [1]
-35.19733618044846, 0.6761804670143343, 1.0855818461280988, [0]
-36.172487015094866, 0.6280163460825335, 0.9823479843410945, [0]
-35.30939807313301, 0.4973852250293113, 0.5961600836611348, [0]
-35.15916265843363, 0.6752723452667556, 1.262994197189411, [0]
-36.58657239310295, 0.7075618390549278, 0.7397306846747966, [0]
-34.788197408593255, 0.7540966577952357, 0.9068358245642352, [1]
-36.287471893658676, 0.5979416945936529, 0.813393954176282, [1]
-34.504141019203864, 0.6822051129712485, 1.0052377720817782, [0]
-34.83676201961068, 0.7022710198999509, 1.0282881148663288, [0]
-35.31075691352211, 0.6005604468304242, 1.0252444932522269, [0]
-35.07261757891851, 0.6437492691257309, 1.0979728651305363, [0]
-36.144505379375296, 0.6068677614804858, 1.3550070883997174, [0]
-34.936888888968355, 0.5358472636787834, 1.2482523318904848, [1]
-35.19682728361917, 0.45911532314951, 1.2847291736079895, [0]
-35.242435221309805, 0.6652362143463285, 0.7897863657688475, [0]
-34.716033686766764, 0.8673159372464362, 0.9343228851265725, [0]
-35.6300990734611, 0.5685950906921327, 0.6572761178483371, [1]
-36.514024113964204, 0.5798774881789427, 1.14292386618063, [0]
-35.95107260198089, 0.6983104949518669, 0.9253075788509536, [0]
-35.66661690868261, 0.6754962795190534, 1.086758020157751, [0]
-36.597211450547, 0.4598094379725705, 0.8860154168390226, [1]
-36.158069559520364, 0.6375615678285917, 1.5711916243537372, [0]
-36.711055505280754, 0.709079664749752, 1.2260647815074206, [1]
-35.416224832733015, 0.669550807590341, 1.4738780616545204, [1]
-36.524856567513226, 0.8872424630887175, 0.7829956508586015, [1]
-36.02039280663319, 0.4250959905377318, 1.0126702038581117, [0]
-36.96404544524447, 0.3303064955014133, 1.2167966778690484, [0]
-36.352657080314366, 0.5956513264016216, 0.6791308064049165, [0]
-34.60744095959536, 0.7949536584701064, 1.0098924810503052, [0]
-35.114981416533446, 0.5937751716561942, 1.0287196549507778, [0]
-36.11761151339702, 0.6572238663353658, 0.8679132395187495, [1]
-36.32026788930598, 0.44727865994160093, 0.6567196206075923, [0]
-35.108749673776934, 0.7905870777885999, 0.6828748509093525, [1]
-34.54739660078506, 0.5259276259733646, 0.6815564586643234, [0]
-37.59304739664966, 0.6814815118572395, 1.2756416411586056, [0]
-38.52396072903452, 0.7057538915687762, 0.867434479077134, [1]
-34.7375250124027, 0.5089377477558049, 1.1913307282748993, [1]
-36.15960070505499, 0.5847772295933653, 1.2083167819557936, [1]
