t=0.009327603840877254
logZ_t=-5.4569746906624665
-12.497154983926487, 1.2438081276113278, 1.7717658955324755, [0]
-12.545270492875579, 0.7809983702228648, 2.562128460130421, [0]
-12.920867517329857, 0.19590279310081027, 1.3771677102684539, [1]
-12.513449512977754, 0.4844415867548002, 2.2058464203711416, [1]
-12.334899568432435, 0.4940575855245981, 1.703468731283547, [1]
-12.828331220530776, 0.6509293263605376, 1.8834045182874388, [1]
-12.726660374087633, 0.8117994962003782, 1.4538019018846136, [1]
-12.7889443832704, 0.15323441160139184, 1.439872512779639, [0]
-12.551066333224952, 1.1248216218448615, 0.8143569471263512, [1]
-12.039869020642083, 0.5126832442686322, 1.507194113628645, [0]
-11.894737858305897, 0.6410435762265805, 1.8282802363931627, [1]
-12.726778372139492, 0.4944930321787079, 2.0779953771608652, [0]
-11.661704602807042, 1.4959688279853132, 1.2625939630843899, [1]
-12.335199264457678, 1.0440845651239312, 1.2956155256117732, [0]
-12.437834468254263, 0.8453935084001474, 1.3250030426800437, [0]
-13.05678799846628, 0.6797940743087871, 1.4632791552882538, [1]
-12.793484484829172, 0.22482681953994746, 0.6309780481911462, [1]
-11.494800196584686, 0.3470802088009852, 2.4237397927840862, [0]
-13.081011630497917, 0.8427442436178738, 1.5160760645129874, [1]
-12.451098066264915, 0.6779480370150952, 1.67947870682431, [1]
-12.51909065365118, 1.2000692870076664, 1.1483193818843327, [1]
-13.457848999479602, 1.375583510258307, 0.23338247540393406, [0]
-11.327373771496191, 1.0504399667041149, 1.305195060426792, [0]
-11.578477793334146, 1.1322756843381385, 1.382066060274816, [0]
-13.10348099259955, 0.2654093398832487, 2.380991662181218, [0]
-11.009513977989018, 0.14324223604022956, 1.5791777867705368, [1]
-13.625056133329174, -0.13790042907705002, 1.2088169919516647, [0]
-13.001999092211038, 0.7248623535003051, 1.305589857593625, [0]
-12.638639285225569, 0.15625203353317857, 1.5334578819814682, [1]
-13.00648071438511, 0.8521272888398368, 2.077725381170515, [1]
-11.874881437956166, -0.2235252675727894, 0.8614366952912906, [0]
-13.579391298415002, 0.9038786801993818, 1.1739005483747644, [0]
-13.010092808590283, 0.38166979678637114, 1.4866586790711538, [1]
-12.735024938488591, 0.538725320882281, 1.9120561263004945, [0]
-13.287671318687512, 0.9462786869548091, 0.9139827303148838, [1]
-12.43818398749831, 0.7591096971622227, 1.2118150414821416, [0]
-13.340017856033485, 0.09523756509775133, 0.7800372724597446, [0]
-13.29669035540731, 0.7642326580676148, 1.1774894103227667, [0]
-14.489715608994668, 0.3177965178725705, 1.327056807196136, [0]
-12.808517010887337, 0.7782393413933136, 1.67749229113076, [0]
-13.593921875774418, 0.8470657417094785, 1.6337751262374731, [0]
-12.90549281124789, 0.8670325901064346, 0.972169706784704, [0]
-11.74856323454233, -0.05289875319252574, 0.4714484646917996, [1]
-12.427480249823361, 0.431170090377588, 1.6597914496872697, [0]
-11.56877554514612, 0.6593061319567102, 1.3611597645553561, [0]
-12.495055866053338, 0.7254188508911731, 1.331422538667495, [1]
-11.34041210941226, 0.9311484680252415, 0.8946817280544646, [0]
-12.977094205938503, 0.5152248731974726, 1.3746787471341366, [1]
-11.756307212141694, 0.9258718013554936, 1.518539791872941, [0]
-12.662713965690356, 1.0633541412650436, 1.350334866777958, [0]
-13.939174822317243, 0.5794268889160699, 1.724419371925504, [0]
-12.55584319693603, 0.940730992850537, 1.5850569931955625, [1]
-11.898172715741113, 0.11494448957526171, 0.9576490430305921, [0]
-11.944575644279066, 0.9911940880124094, 0.6847613634019758, [0]
-11.358732092325994, 0.4310758444231199, 0.7682927639496886, [1]
-11.637153856512741, 0.8333743242956029, 1.780368271882537, [1]
-13.707511821031135, 0.008286894917478138, 1.3143734606644855, [0]
-12.832729012932043, 1.0693721715924447, 1.6932510697427152, [1]
-13.316361657061131, 0.5891969953664311, 0.2446861868422984, [0]
-12.872970812058167, 0.8264113970908009, 0.1911721200761437, [1]
-12.290920865025976, 0.5764777971611832, 1.1707299970320588, [1]
-12.807314534254857, 0.12012488063681986, 0.8931997041266768, [1]
-12.37672331476298, 0.5158145209785069, 1.6747847500700166, [1]
-11.88548635090546, 0.7613198571853577, 2.2758252163243364, [1]
-12.330330788448851, 0.43366027896449555, 1.2009679600675032, [1]
-12.23235392501314, 0.4353755397669641, 1.323963705385629, [1]
-12.66478294070856, 0.6305516118964858, 2.6304887879859677, [0]
-12.68638699907352, 0.2216551607204449, 0.8298054423328056, [1]
-12.64593454634673, 0.8320257732060456, 1.6848715426389353, [1]
-12.758697320024016, 0.9894927131687027, 0.9552387203114885, [1]
-11.585941346590676, 0.5436790528557667, 1.5743757642266458, [1]
-13.060912173327093, 0.31744506850688553, 2.7242187082119407, [0]
-11.36075940433982, 0.0017928518097345414, 0.69310047937923, [1]
-13.723235082342331, 0.7896057335035735, 1.3213413948864061, [0]
-12.574817525466067, 0.40676546534267616, 1.6889072958667972, [1]
-12.489583017748958, 0.7382641125888094, 2.0668820783326627, [1]
-12.10922498157497, 0.6591474415638361, 0.620009408596825, [1]
-12.838844847462019, 0.09660203167114706, 1.4839918125694007, [0]
-12.970791495555252, -0.662953444933932, 0.3135320228663473, [1]
-12.497221822641546, 1.4202741660116005, 0.703483184503298, [0]
-13.005410048816813, 1.1754917526470319, 1.9520192819520594, [0]
-12.18800699739742, 0.5476849880351984, 2.1091181447464264, [1]
-11.64152363901441, 0.7259790725305098, 0.7326169862691507, [1]
-14.137907805493821, 0.8250838164142604, 1.5902559915751644, [0]
-13.30175111298125, 0.2459866980720432, 2.2352632091980547, [1]
-12.35042181327037, 0.621501967664357, 2.287655136434272, [1]
-12.16244391330346, 1.4304147151966382, -0.9333208566678811, [0]
-12.921373700621892, 0.331725845684044, 0.7865642967734574, [1]
-13.100168975337521, 1.0425321954162468, 2.2495946443306325, [0]
-12.81371853462141, 1.0482506365679403, 0.7104643724342681, [1]
-11.960296458657988, 0.2265422745803895, 0.46940190338322296, [1]
-12.95966951926588, 1.0989094388521243, 1.3051452524318021, [1]
-12.413637762302528, 0.11925792032151668, 0.7153474363770128, [1]
-12.237971175154279, 0.4613687887862611, 0.41221656726368217, [1]
-12.693172948002227, 0.7622371480421894, 1.9793786921945977, [1]
-13.024551232806244, 0.7063204154227756, 1.4683657818887064, [1]
-14.028550230157846, 0.40367202831334126, 2.6551951399429083, [0]
-12.5229530677487, 0.4096331052858525, 1.6425884418608527, [0]
-12.154188046093768, 0.5435128178348942, 1.6851301541299992, [0]
-13.000913120090452, 0.884918529378125, 2.1171557442617663, [0]
-12.286861957889021, 0.48353889332853994, 0.5897011282296043, [1]
-11.609902769203327, 0.6614751970893189, 1.1188764723657192, [0]
-11.293423386810835, 0.4935825187377656, 1.2970851388752496, [1]
-12.035299373754492, 0.42024654568526654, 1.4285513342571468, [0]
-12.688507923246735, 1.0641974185317047, 1.0834485403097125, [0]
-11.667065835417738, 0.6151189597514412, 2.0349317453877234, [0]
-12.182759228847349, 0.6164663766703349, 0.8615182041635849, [1]
-12.57018185070564, 0.38706498968156466, 0.7998244488582824, [0]
-12.039541812566616, 0.8656687391789664, 1.4753441930431703, [0]
-12.768317380234825, 0.7780883639417636, 2.635616279221875, [0]
-12.938219912731533, 0.7049842637481197, 1.5526140948666416, [0]
-12.283096323672138, -0.6142740163188861, 0.21416796434102148, [1]
-13.012020772950082, 0.6114700536263467, 1.7371452953792677, [1]
-11.653279588648767, 0.5990419304790826, 1.410658878492929, [0]
-13.2582191353122, 0.9730096542072397, 1.2811407126445706, [0]
-12.02847883012029, 0.3494955544057799, 2.0614045558996645, [1]
-12.013882779891716, 0.991379402247662, 1.2467442807623468, [0]
-12.352913601952393, 1.0140738610620308, 2.042006548371258, [0]
-11.62412794781621, 0.7862687411474998, 2.206530836150817, [1]
-12.424733373319555, 0.8151971554261763, 1.667008036791383, [0]
-11.989362754832655, 1.2346948530517554, 0.5772430542327913, [0]
-12.989906877314287, 1.0511587264918028, 2.3391819138503536, [0]
-13.246828782496674, 0.8231833315334568, 2.0278418023468845, [1]
-12.995551863998596, 1.2531456434455297, 0.03939449035043052, [0]
-12.802846025031371, 0.19294295292980168, 0.6646942228871193, [1]
-12.588337763674433, 0.41560628457180343, 1.3557625974578267, [1]
-12.281708840118885, 0.6377916717822548, 1.107695186310755, [0]
-13.248523997391802, 0.7528116486403322, 1.9247903987993873, [0]
-13.874832021031295, 0.754910968844305, 2.076166194193606, [0]
-13.331872738650574, 0.8669053299489844, 0.8800803273621177, [1]
-12.535549986155953, 0.6610172507719405, 0.6552399560445931, [1]
-12.362741550748312, 1.1631828151592227, 1.384096161374624, [0]
-12.47716491716752, 0.64279208249001, 1.6090806773077215, [1]
-11.497146376581433, 0.3106022174842765, 1.4050380238866222, [0]
-12.50943845976818, 0.2862232988875604, 1.2903539910144954, [0]
-12.455674517901345, -0.37008008378211993, -0.2106438866328762, [0]
-12.369974093097232, 0.6679752239835939, 1.4431226034576974, [0]
-12.111273037112147, 0.8770964822143579, 1.2558302361718694, [0]
-12.15582007141791, 0.5959911993312955, 2.313371053010252, [1]
-12.35864562325522, 1.2925908019182284, 1.2620124908411774, [0]
-11.941057148362775, 0.7777142366053896, 1.4323376090435809, [1]
-12.15136160580195, 0.7926301531364568, 1.6520002785817385, [0]
-12.008071102638523, 0.6515571900147269, 1.5375942499854502, [0]
-12.35725001846134, 1.0178849721889567, 1.6098036912019904, [1]
-13.799078679387678, 0.7489402534724937, 1.9008008624279218, [0]
-12.136798314401888, 0.2175437799915041, 1.585872149679788, [1]
-11.908630528436932, 0.5282754791544133, 0.8331694012406405, [1]
-13.09311968157779, 0.7179459852673854, 1.389146597762395, [0]
-12.991306553354674, 0.4828580567729233, 1.5605655984638651, [1]
-11.96492284135582, 0.6174320921964518, 2.233228653740073, [1]
-11.917559791411044, 0.4875664506627593, 1.9897888357452924, [1]
-11.869448405573564, 1.0293586458098598, 1.6866369742643135, [1]
-12.20909967939038, 1.456609109987261, 1.0147009066422645, [0]
-12.319600718697805, 0.15340718480117477, 1.3384464706718846, [1]
-13.263573655676979, 0.9784605491678962, 1.3001883809080022, [0]
-12.00557886818491, 1.1868394048118431, 1.2030095574793789, [1]
-11.784951097260432, 0.6040062357965358, 0.6484648581010843, [0]
-13.248329408831845, 0.6836543712768504, 2.2998085846673675, [1]
-12.111270387799676, 0.8426151194774357, 1.1967591283017027, [1]
-12.75475497077787, 0.1328193659499732, 0.9384027298806596, [1]
-11.656791238322427, 0.7805661833425194, 0.745331033445606, [0]
-11.199473506435252, 0.5569432149650925, 2.2599210479271408, [0]
-12.223644734263729, 0.7146320846078722, 1.5942290963916164, [0]
-12.649055928442841, 0.5675315751353455, 0.8737616850437241, [1]
-12.8824014482802, 0.6514502579823496, 1.8133269144176851, [0]
-12.744075100855477, 0.4501847593049738, 1.9606256824758506, [0]
-12.300759553551744, 0.29972685233784047, 1.2319675299208759, [1]
-11.813644587688547, 0.545831957567428, 2.638584321982295, [0]
-12.486835915000224, 0.8288466126690041, 1.9310035053454753, [1]
-13.02052623834551, 0.4040082594860638, 1.7827082418925346, [0]
-13.494525400743298, -0.15941444049531742, 1.8304559110510823, [1]
-12.713932396572483, 0.6197977906148409, 1.2752294365823613, [1]
-13.124920398780269, -0.16750626464967583, 0.07060260792254464, [0]
-12.99423920833454, 1.0363198032708683, 2.3907289467986867, [1]
-12.665846938863636, 0.4676205800631287, 0.7408375493277282, [1]
-13.315953680150672, 0.26210077030199846, 0.9457908299902809, [0]
-14.381019901391042, 0.266434702715311, 0.9985548806533628, [1]
-12.375014572017143, 0.5992047321540876, 1.7253477556444445, [0]
-13.30909236238369, 0.3999207969190983, 1.064209980280879, [0]
-12.112040014592688, 0.8474797524102773, 2.0968637869196862, [0]
-13.309422936737032, 0.9517404917403509, 1.6188783714518573, [1]
-12.398178963884968, 0.12731444981827522, 1.723726557019442, [0]
-12.285496945602029, 0.9882409774003343, -0.26075799194558846, [1]
-13.01250860730037, 0.5414462746884304, 1.4822973298416573, [1]
-12.767618950775734, -0.2720881292738795, 1.0357165449992949, [0]
-12.820518495223316, 0.834012568355016, 2.011670565955611, [0]
-13.895083503037599, 1.5754666768530992, 1.0997355446005377, [1]
-12.494376896882352, 0.9225602874535188, 1.8673707762344094, [1]
-13.787774795811186, 0.547310168061316, 1.8113865264751488, [1]
-12.212518000475857, 1.1403240583432326, 1.8830875623943155, [1]
-12.966310011952178, 0.8316159963121036, 2.0220177671640394, [1]
-13.076924415504918, 0.4789193642764825, 0.7448219165536207, [1]
-11.907241890743478, 0.7707749324627152, 1.57784402145893, [0]
-13.168610576059015, -0.0798981581512832, 0.9261741139219997, [0]
-12.2595291196733, 0.8879257483937039, 1.7447802998766055, [1]
-12.477121693206929, 0.5682481621984223, 0.3218930077386114, [0]
-13.222259635940231, 0.9418806718657246, 1.9853679201073393, [0]
-13.130337600939693, 0.6107805247587157, 1.9568198206591416, [0]
-13.510015395661197, 0.748001823600196, 2.138486539390663, [0]
-13.929185274392097, 0.8824603895744023, 2.36774090606517, [1]
-12.776126641617163, 0.23090811782088272, 1.5648904342769874, [1]
-13.128172445002741, 0.8641728902848161, 0.7528003015082373, [0]
-12.674581229314459, 1.1252818012216352, 0.8633348140946919, [0]
-12.515275034811307, 0.6664067671905145, 1.0800963802502273, [0]
-11.603154322567907, 0.378820073749328, 2.0256220265088563, [0]
-12.254945778920211, 0.8270847988106248, 1.7506961270054446, [1]
-12.550192124843079, 1.0764306850129153, 1.8757061566515187, [1]
-12.251230990834918, 0.6070356118219824, 1.5674458319236373, [0]
-11.004949915491999, 0.7178167216247789, 2.091457450730573, [1]
-12.84044056958224, 0.8392451226254702, 0.5362301916326222, [1]
-11.958279660665143, 0.387581464952741, 0.5539515620863456, [0]
-13.120152651400204, 1.129488916738041, 1.2978344654345408, [1]
-13.263486751107614, 0.03322867366865295, 1.135716146637554, [1]
-12.031688413599415, 0.7109912000875913, 2.068682972360265, [1]
-13.181319318029333, 0.9436380861144208, 0.8634200112924206, [0]
-14.909371011166924, 0.6726134518658498, 0.6685989493284383, [0]
-12.723630009653458, 0.8255375104229359, 1.1129234179196024, [0]
-11.831963718792545, 0.6851193791531038, 1.9596984663154853, [1]
-12.618225878284687, 1.0568533277329952, 1.5511213184200425, [0]
-12.491832177414794, 0.7581372476948186, 1.492747753536447, [1]
-11.023456740198464, 0.7279501165630209, 1.3316380066035207, [1]
-11.772814961381966, -0.10763891725005936, 0.6038517351890209, [1]
-12.07228481812109, 0.6665516313876505, 1.2430731835125897, [1]
-13.217583266962311, 0.5682777159949183, 1.5673420176437571, [1]
-12.074322474683783, 0.6713825932307319, 0.503580544989451, [0]
-11.453954329649333, 0.050879558700840044, 0.571641348600557, [0]
-12.258706471426777, 0.6666018822658203, 0.8467168907439782, [0]
-11.282324741096632, 0.9350049876442059, 1.5032883602485385, [0]
-12.755211481443574, 0.8122656819163612, 2.683621321318105, [1]
-12.370472175350294, 0.2818418885407177, 1.6782101386884443, [1]
-12.99671162266531, -0.23135928379558246, 0.3175328882996411, [1]
-12.001407431929957, 0.7569737312706477, 1.3024650845367236, [0]
-12.378602624656315, 0.8687297016446909, 1.7218802032033225, [0]
-12.897915215282579, 1.0051593382768127, 1.0809374997559433, [1]
-11.984793911198521, 0.9907647604642991, 0.8775926493970972, [0]
-12.127239611627845, 0.3696785210528286, 1.4445977125476008, [1]
-12.074372067159844, 0.3914226492492378, 0.9809851446294545, [1]
-13.19565641057934, 0.917841261928349, 1.860723507376075, [0]
-13.539423758585249, 0.6256008707159798, 0.03761152575116211, [1]
-13.452750608650865, 0.7672218003169173, 1.4272254179758095, [0]
-11.511710747187177, 0.5220198592504355, 1.7914177853816158, [1]
-13.916466728089041, -0.8123013510707939, -0.5715483698069047, [1]
-12.93683076905193, 0.6710458098230699, 2.5592579123192594, [0]
-13.607658313533285, 1.6713453818208595, 0.12549609947426266, [0]
-11.912831316401318, 1.0660010520577556, 1.6358085399779025, [1]
-13.14571220686251, 1.196794222284453, 0.9149909440587665, [0]
-13.196388694216092, 1.4797749396959672, 0.9002457323530164, [1]
-12.472832464213376, 0.4822192774525772, 1.5458105934978414, [1]
-13.524786104578874, 0.6901656181831515, 0.9799871289626838, [1]
-12.967867117395063, 0.4234731373906897, 1.1682092231584102, [1]
-13.409479780606118, 0.266671193149487, 1.084671132733468, [1]
-12.6209777969843, 0.4400077455686466, 1.4187501693685856, [0]
-12.94238425939095, -0.06264376056310317, 1.565911699889872, [0]
-13.472561275679535, 0.43214146545740323, 0.1765250645827769, [0]
-13.251345913264121, 0.37314925173456504, 1.4929937050465236, [0]
-12.423446349798105, 0.4310841204539676, 1.9489444518642196, [1]
-13.139058047968176, 0.6772187951803237, 1.1736188991498082, [1]
-12.685900396968101, 0.6010030674451889, 1.0848742058137228, [1]
-13.073366030029986, 0.4501807374859745, 0.6315366062408991, [1]
-11.753166299390527, 0.3359908546931784, 0.8083938744581893, [1]
-12.755722836959269, 1.1446950317791678, 1.4632418139041927, [1]
-12.464459138119791, 0.5586051365680138, 1.234077066334825, [1]
-16.142249389200217, 0.888300652728747, 2.4413853078832752, [1]
-12.62179515185, 0.6116475115019202, 1.239174193574308, [0]
-12.079015013855328, -0.13198575740609408, 0.2033541589230654, [1]
-12.38634352476485, -0.16947264269852644, 1.2476707819691657, [1]
-12.288112664196184, 0.12949491023232457, 0.2849354135147305, [1]
-11.212819262253921, 0.4445215181920834, 0.9390551722619919, [0]
-12.7966761896371, 1.0122414318951956, 1.9899234339262524, [0]
-12.817341764748084, 0.2580294826063046, 1.8235036721996618, [0]
-13.069444376129535, 0.6521971166996563, 1.6016841189763933, [1]
-12.557694135120771, 1.4980157935853968, 0.6325341944251055, [0]
-11.858011069229619, 0.9916453395629029, 1.4316795918658578, [1]
-11.339981215015609, -0.2998467280913962, 0.1449752850397515, [0]
-11.942626523650764, 0.5812119839221442, 2.149968686016985, [0]
-12.05239511105717, 1.2923049993231601, 1.2951667811232779, [0]
-11.725541615569087, 1.1709949631186507, -0.06970398576820336, [1]
-11.146963004456182, 0.498313490609921, 1.2050264833528723, [1]
-14.525549390683457, 0.5212463873344546, 1.4683912399620556, [1]
-12.501481380163241, 0.5430114630895541, 1.6781756776721575, [1]
-12.22257057779417, 1.0176037355768082, 0.6220129464691271, [0]
-11.96408807356218, 0.4889664233427128, 2.0553486139017774, [1]
-12.562011895096905, -0.026810580605089784, -0.7188973139645324, [1]
-13.196875238940365, 0.5285828988025828, 2.3395976850304554, [1]
-11.48492193791672, 0.624711447038059, 1.1972775390228778, [0]
-12.65356834008785, 0.4268161360435826, 1.283555517974842, [1]
-12.942245120192368, 0.31273647413365036, 0.7960469918341395, [1]
-12.718759355000518, 0.8120200805046783, 1.7488047629396144, [1]
-11.495791339075753, 0.5343116220407841, 1.190665257144497, [0]
-12.786995247569214, 0.7726293069571233, 1.420793207803979, [0]
-14.1026752690818, 1.0000285337145491, 1.441068441110401, [1]
-12.323150927694737, 0.5002602022133418, 1.4042411090967015, [0]
-12.318189471541299, 0.5419193708925985, 1.8700360211692113, [0]
-11.77180823774499, 0.27234371416217606, 2.1609579213103727, [1]
-13.015531929829438, 0.4421272568635279, 1.7820985762937795, [0]
-12.631437087947639, 0.8134224561054588, 1.074591352675235, [1]
-12.589247822753384, 1.1147685095025717, 0.4760901769967594, [0]
-13.082021906555367, 0.5914789282178121, 1.6033039956258264, [1]
-13.289130383258792, 0.2842225755535016, 1.754214684872153, [1]
-14.398730661314707, 0.85413870985719, 1.9876891486117716, [0]
-12.783291914464039, 0.5472199430799412, 1.6165764395723192, [0]
-13.848483011978749, 0.7356184860799168, 2.5357241089131937, [0]
-12.599342256678955, 0.8855398055242988, 1.4888436637448148, [1]
-12.89148475237109, 0.6645971605300389, 1.9206920519988553, [0]
-11.793009562788997, 1.0194750917927526, 1.192053837124024, [1]
-12.654278531780724, 1.1189450297392325, 1.6929093777315223, [1]
-12.229861522543825, 0.4942499039511762, 1.5189076340360443, [1]
-12.591393113707275, 1.2333118987226699, 0.017267277827411553, [0]
-12.279262952370432, 0.21495949698866607, -0.5603992805645404, [1]
-10.956687346001146, -0.2691473900734427, 0.36844643457169834, [1]
-12.330786921622655, 0.7863832394049263, 1.9987360523859614, [0]
-12.600371324079223, 0.2917079905526287, 0.8955751084928849, [1]
-12.085294692810638, 0.3898017715441398, 1.2986135250016393, [0]
-13.291981109616053, 0.5736967464533458, 1.6779979093482305, [1]
-12.677010358448246, 0.5536024117232443, 1.464117273836512, [0]
-12.459313250206804, 0.5071865843007023, 0.8077510668543653, [0]
-13.425396049688466, 0.6991339505524716, 1.9369071161937121, [1]
-11.72191041688123, 0.8737919988762117, 2.2370278020466605, [0]
-11.830193525531163, 0.04469940978912477, 0.5578457650566273, [0]
-12.058236014548893, 1.0354543281493491, 1.7142216805894084, [1]
-11.499944951237719, 0.7633703851848231, 1.7221167122242451, [1]
-13.115117143448968, 0.613395556760323, 2.044411552645941, [0]
-12.864645684314345, 0.6038023872736445, 1.1921531439396988, [0]
-12.219302750557503, 0.2486064183642817, 1.333156283859942, [0]
-11.718038640096376, 0.36248925064741855, 1.4628366431133557, [0]
-13.079463005505062, -0.05040898721683784, 1.4511998703392304, [1]
-13.643136269544074, 0.7586452015278431, 2.4537305637574383, [1]
-13.352894839241099, 0.644726429761708, 2.0266011562435886, [1]
-12.885996233370205, 0.7359538231212939, 2.1021324459513075, [1]
-12.065511588416753, 1.3101225381429762, 0.2378128851496064, [1]
-12.39854459904361, 0.48547970444357624, 2.0815868292650133, [0]
-13.305137202558456, 1.1986301953254284, 0.4617508741300908, [1]
-11.930691949330916, 0.38784074240856115, 1.7989668493824886, [1]
-11.788639831096642, -0.008287358651225984, 0.6205824201543999, [0]
-12.696249829349783, 0.5822421099917181, 1.495076032487276, [1]
-12.597806194778281, 1.150092964032422, 1.1680962183746013, [1]
-12.127123694805904, -0.38730858212528124, 0.5441033931585586, [0]
-13.076480438815464, 0.22273762306736378, 2.1448013130685712, [1]
-12.413846771310059, 0.014265992190601595, 0.474320415900767, [0]
-11.65147332674136, 1.1204762720269528, 0.05000667530504155, [0]
-11.864242112436772, 0.6105270527474962, 0.4104797900321906, [1]
-12.194646886923259, 0.5444168667585576, 1.9393936205170468, [0]
-13.674704655255526, 0.8397444950742023, 0.20149497585774426, [0]
-13.064644944904128, 1.0891980458645887, 1.0002403739271353, [1]
-12.080752286272071, 0.5546228491914498, 2.219479544121608, [1]
-12.583040823220257, 0.014505231881122294, 1.0883489315165742, [0]
-11.629004204272901, 0.1983143948874092, 1.463361631450657, [1]
-13.844590181126685, 0.7548364343499988, 1.0810718615308663, [1]
-12.188362189132414, 0.5760874835549487, 1.9429195425636632, [1]
-11.42882782297741, 0.5979752090948589, 1.5237126020688008, [1]
-12.531974533426654, 0.667371499094636, 1.7240589705562308, [0]
-12.366289332084374, 0.22851795302003586, 1.1693003523057013, [1]
-13.285010170968151, 0.7618400557568769, 1.7166752926115612, [0]
-13.144958159002446, 0.6888261584597271, 2.1783347928160617, [1]
-13.634725246044031, 1.1844276813602006, 0.3043599473220473, [0]
-13.050943046192522, 0.9422795309887636, 0.6920191733937697, [0]
-12.029911812667283, 0.049428146192395106, 1.1814734837625223, [1]
-12.939077560079317, 1.0288769729119698, 1.289251427902689, [1]
-13.113215866528687, 0.5280116705153852, 1.8730681294041074, [0]
-13.363429180858075, 0.7193026603605835, 1.677153550846017, [0]
-12.61770811625522, 0.6883432784299399, 0.5257224416397409, [0]
-12.405447710723827, 0.5520578588421093, 2.026903081771383, [0]
-11.631947825396956, 0.4546213233155516, 0.7211420207289262, [0]
-12.543502191195449, -0.19529595239719932, -1.296389681136792, [0]
-12.134461050112186, 0.7260609904608315, 2.066004594772224, [1]
-13.21919659258721, 0.5832892939982063, 1.5398847018659887, [0]
-12.818900046491713, 0.9202050306375698, 0.8664254397935838, [0]
-12.720765767599165, 0.8824739624992909, 1.5552180913461333, [1]
-12.591159063090853, 0.5025335800683915, 1.6457979184360017, [0]
-11.724082391447455, 1.5002665831743844, 0.8937597541157463, [0]
-12.360955248861053, 1.0080329491528432, 2.1787830929131964, [0]
-12.919059899086957, -0.2794453999696107, 0.8812612147486159, [1]
-13.15207395834004, 0.6133622937234996, 1.3605847260837813, [1]
-13.0988883242829, 0.587780315670114, 1.2664619865758966, [0]
-12.26819060436538, 0.45671741177523517, 1.47451878284348, [0]
-12.616753507671858, -0.020899659792056657, -0.3991074725453523, [1]
-14.355973186653756, 0.7840687681520577, 1.7998291432667572, [0]
-13.164673660899838, 0.6089850773425847, 0.2072761092658113, [1]
-12.45693986254443, 1.113751671702757, 1.367186080382778, [0]
-13.158437583006004, 0.37976643429070955, 0.6706167620745327, [0]
-12.898927463920968, -0.17230998686794916, 0.17564486402085855, [0]
-13.106194224586451, 0.743180475425299, 2.3299021871546355, [1]
-12.45179104741742, 0.03650721445654326, 0.7119499366446288, [0]
-12.104609848927192, 0.579771594951083, 0.7674123666983855, [0]
-13.028958828735023, 0.5876258054021932, 1.0635492488836191, [0]
-11.590646811646675, 1.3700279130371724, 0.4996818704271046, [0]
-12.01374362025681, 0.5119945626612592, 2.2768623379172137, [1]
-12.25117733175658, 0.7688583148207373, 0.8177530932596722, [0]
-13.381679305576212, 1.0414200346741973, 1.8469512762233753, [1]
-13.700179681756833, 0.6059841074736776, 1.4181560059702087, [0]
-12.128265778064225, 0.5906376460834237, 2.3790152396675763, [1]
-12.113102720536359, 0.8631873779897227, 1.6730536017601345, [0]
-11.590662069801752, 1.0903692288158757, 0.9522384657098125, [0]
-12.579404705400353, 0.5232391730054811, 2.2721767289553223, [0]
-12.339882612642313, 0.6230997327997152, 0.6027540604473289, [0]
-13.00041523821202, 0.6021266667376886, 1.1386775659155135, [1]
-12.302493523175322, 0.24708146490596922, 0.9210581655932681, [0]
-12.122035279805706, 0.5928617218790807, 1.4132975593804682, [0]
-12.089447412166392, -0.03899088479261814, 0.8784335518830279, [0]
-12.297201993117822, 1.9262721370020204, 0.054336884326163404, [1]
-13.132679940466813, 0.7727534387400088, 0.8722421311541342, [0]
-12.805121291845767, 0.8646245689740258, 1.1071970235982678, [0]
-12.45093894833026, 0.5233669220386641, 1.8141115255476785, [0]
-11.721682267819052, 0.717857612916312, 0.6223883098256477, [0]
-11.619882263030677, 0.06961941610500766, 1.0403141697780551, [1]
-12.378839759386633, 0.6807002769647365, 2.1989710083747713, [0]
-12.997099590379653, 0.8737403149199202, 2.8586717216982303, [1]
-12.320780210587845, 1.5642156801340072, 0.9887783961671007, [0]
-11.687702511097418, 0.2430282648442138, 1.9673744029039453, [1]
-12.405678987849395, 0.4750066765066172, 1.315811213630038, [1]
-12.903251242185284, 1.2929520620607111, 1.5250489778378928, [0]
-12.336059128692527, 0.12642253966142636, -0.3174220460921125, [0]
-11.60432115750566, 0.33112700427289266, 1.2694665429305336, [1]
-13.103467060939666, 0.5965038631936174, 2.2582322865870332, [1]
-12.420556758930356, 0.7028665935671854, 0.6150860117451566, [0]
-12.865112436373506, 1.0992457734347252, 1.4007297963455718, [0]
-11.930815560934812, 0.7567947172779844, 0.32065953319425544, [0]
-13.454312113274211, 1.4771687933107363, 0.8648054405363654, [1]
-13.429087502634989, 1.1169548760273385, 0.5749045155932428, [0]
-14.065642342363516, 0.5043475431794766, 1.7836240672241943, [0]
-13.140916267310693, 0.7423242598493348, 2.525503104376156, [0]
-11.52256592981525, 0.6162398070491717, 2.554044032156296, [0]
-12.824124099256576, 0.37263742294185875, 2.057688647880687, [1]
-12.91236234854167, -0.3471055235093441, 0.8289010290252143, [1]
-12.661755198176143, 0.6746699098369898, 2.23328887242704, [0]
-12.460001721394166, 0.7957811075006317, 1.1011896779993933, [1]
-11.774394839751519, 0.46746881480434355, 1.105024211817012, [0]
-12.904667411077227, 0.850900926587925, 0.28146809881416757, [0]
-13.049175658700923, 1.1015713594161998, 0.23498033327981083, [0]
-12.42324012563975, 0.1852400660756624, 0.8713188797309681, [1]
-12.232920295852406, 0.8871385994259874, 2.144532054602733, [1]
-12.28231258648094, 0.8290517836540978, 0.7383628503516053, [0]
-11.674003618506363, 1.077116056547715, 1.3358470301511407, [1]
-12.696349433407509, 0.33984432675449394, 1.77407113401626, [1]
-12.308360055472656, 0.33928267940955503, 0.6637285892415817, [0]
-11.792986067915486, 0.4916417810687792, 1.4889811072911745, [0]
-12.99354998640035, -0.11659562299816029, -0.031926994924314944, [0]
-11.211417351359966, 0.5725683496753994, 0.31214874711760704, [1]
-12.911607303642702, 0.020016290394988617, 1.2885293467682484, [0]
-12.77894968401992, 0.9731359107508019, 0.4000690185104445, [1]
-12.610383259868696, 0.8736852147871276, 1.1395405215789949, [1]
-12.55611446461859, 0.13599238143804848, 1.3373320131090953, [0]
-12.124680361695177, 0.6023780808553499, 1.960781309042201, [0]
-12.867863885781148, 0.585885986835103, 2.1867504839162786, [1]
-12.987328311044687, 0.4074868446612102, 2.163987260062173, [0]
-12.111061607164745, 0.8040413731735152, 1.0292931074552547, [0]
-12.747338668138863, 0.47526723048867137, 2.4506474343051723, [1]
-11.439252536325196, 0.687512125768591, 1.1278003172327187, [0]
-12.56261070877377, 0.5160306089892065, 2.4932162833700016, [0]
-12.330119090967159, 0.5173894834969941, 1.1901784673122497, [1]
-12.504583341824882, 0.6399914205170183, 1.3578892963511264, [0]
-14.054788424003824, 0.430249519854758, 2.1569034250841237, [1]
-12.293698438660972, 0.9069060583196034, 1.7199519164448933, [1]
-11.836863089764178, 0.8142631924112065, 0.9708308660780836, [0]
-12.28118916763509, 0.4286630138125266, 1.7924745374721, [1]
-12.804273955437004, 0.706133485164963, 1.7244814821863517, [0]
-11.761353148860547, 0.4606678948815556, 0.3607363095051869, [1]
-13.338873789145167, -0.2862442096665305, -0.5243798028425735, [1]
-13.05314752181822, 0.9050510818321647, 1.257945512909004, [1]
-11.855086489333145, 0.7690506084783801, 1.9030220628352892, [0]
-13.770760196810247, 1.3335874127629184, 1.0841091878306368, [0]
-12.771560317824143, -0.04714142217999928, 1.9156762105608895, [1]
-12.147302800320896, 0.7907963933817669, -0.28688891608418565, [0]
-11.812468288217982, 2.429097291695605, -0.1502143915823666, [0]
-12.281505086252762, 0.939926616209438, 1.991416053594956, [0]
-14.162893005423257, 0.5581382249119842, 2.2558170114587868, [1]
-11.777576580993765, 1.0229547434761987, 0.7078375418937686, [0]
-12.287284683745268, 0.5525740976893478, 1.491800246414345, [1]
-12.669778476236107, 0.5505685542680419, 1.4689813760114354, [0]
-12.063467993099444, 0.8349663312301838, 1.0355329915029352, [0]
-12.94186417075556, 0.1849076588959726, 1.5651876426323401, [0]
-11.885392542132216, 0.644846828711634, 0.9182945566624765, [1]
-12.559504178567035, 0.6171622745202158, 1.5621104937209433, [1]
-12.690371045776757, 0.4803582297968018, 0.9090546148051379, [0]
-13.010291340539151, 0.08453474608120182, 2.1911500478409636, [0]
-14.507207713964192, 0.20822273467810093, 1.1156987050233371, [0]
-13.62560139773133, 1.5171545502475265, 0.7148994397334694, [1]
-12.673227753356729, 0.7422857712200854, 1.9700269423610668, [0]
-12.88693563813941, 0.7229042593909198, 1.303779256145806, [1]
-13.678371764951121, 0.5260284283763496, 1.8409761330638377, [1]
-12.045190548004976, 1.1704901084298756, 1.4398526431234764, [0]
-11.629392168712167, 0.4580177037712629, 1.3780426429503183, [0]
-12.051112755755565, 1.082884870101496, 1.2880462198402252, [1]
-12.282326882394361, 0.7721186481897166, 1.7006460525230056, [1]
-11.880271171900786, 0.550625748000638, 2.14088409084291, [1]
-12.620750019141054, 0.801832946096444, 1.339391558684801, [1]
-12.164225204305739, 0.6092260159734505, 0.9368008271038839, [1]
-12.042977885707433, 1.268878573051428, 1.2625293635926527, [0]
-12.462684496322886, 0.8412682681654269, 1.3529909938696822, [1]
-12.900465656928828, 1.142877178442442, 0.9332784210505277, [0]
-12.87142176910821, 0.4037724564365951, 1.7204004789239848, [1]
-13.404007411979224, 0.9243800683561144, 1.0341395883105347, [1]
-12.817221195777034, 0.7750039614261975, 0.7687212105453147, [0]
-12.933953319007092, -0.44235435985433125, -0.04911094122165882, [0]
-13.363396963836884, 0.4863046654439632, 1.1245073734966589, [0]
-11.648278411613077, 0.7081446223559531, 2.045776402640267, [1]
-11.156013705547212, 0.468064633051112, 2.10470769297465, [1]
-12.233934116988548, 0.9913003334646397, 0.7452555894538389, [1]
-12.208204818955254, 0.930490000028694, 1.441679115749244, [1]
-11.980235099036161, 0.9104352753143514, 2.2025837615484845, [0]
-11.533549344555926, 0.5905199058773314, 2.0918947991204146, [1]
-12.71820747231213, 1.4829163215358723, -0.2651332221150403, [1]
-11.850686558295152, 0.6197601047321125, 0.37819842853649077, [1]
-14.295263316743327, 0.538590072083689, 2.0232928155590097, [1]
-11.610503520852639, 0.6978592784108123, 1.7477137327390466, [1]
-12.95979322518933, 1.2110530853517945, 0.7117967638047122, [1]
-12.431699509212951, 0.9397416673842108, 1.675575160504817, [0]
-11.954645859794502, 1.0824499347202083, 1.4523081497633497, [1]
-12.679810404469876, 0.5988877900813669, 1.2253515199062817, [1]
-12.794618760161777, 0.845724944368037, 0.7510422991285631, [0]
-12.869846303430359, 1.0336808938441147, 1.4035891338452844, [1]
-12.437341395781642, 0.4481944280992923, 1.387828290921171, [0]
-11.854757478170013, 1.5315569408067657, 0.20959210201396594, [0]
-12.793109108096099, 0.6976505183491033, 2.3547900165811977, [1]
-13.087309057972394, 1.0173374450752133, 0.4196299475178369, [0]
-12.153409064578888, 1.8870781964915584, 0.0257995083542778, [0]
-13.246696187714093, 0.4793953726155695, -0.27737637071249344, [1]
-13.29875188843835, 0.9592266416050237, 1.3614168792234036, [1]
-12.12820365828021, 0.6465549968848545, 2.5519953331016945, [1]
-11.578536664835617, 0.7154591324053489, 1.7307915895924006, [0]
-11.601667157625783, 0.5507650873245757, 0.8490896062781543, [0]
-12.718096202223775, 0.4323530980465659, 2.798991992239, [0]
-11.611430400669384, 0.4706554395645203, 1.3001820356039822, [1]
-12.804299107387546, 0.6898413335566509, 1.9256132135700723, [1]
-12.857671869711089, 1.127333468265829, 1.1935033570554792, [0]
-12.15569158996798, -0.17392500781023476, 0.7910518618013683, [0]
-12.252906302129958, 0.11766849950047553, 1.1462726363138, [1]
-12.493864968441091, 0.6919935475768376, 0.8179475810407871, [0]
-12.290085438936018, 0.35104725355119293, 1.0693177020572608, [1]
-14.19172600985153, -0.5274181992892153, 0.46595423145369597, [0]
-12.146903859509743, 0.9724301210905928, 2.564347297229994, [1]
-13.283125053800681, 0.3909307636672691, 1.0092884638076252, [1]
-12.751054701448957, 0.26066491310354445, 1.6022392229551823, [0]
-13.353272511521789, 0.7332102298983753, 1.5041288016253382, [0]
-13.143594430774817, 1.5384147101227081, -0.007500161367985481, [1]
-11.731526953927133, 0.4729293792954427, 1.723470701001772, [1]
-12.310375386651643, 0.2083712754710917, 1.3973236951217782, [1]
-12.189315304406524, 1.0577418464030068, 1.9931173313137467, [1]
-12.155967578867562, 1.360262900644356, 1.573717813292733, [0]
-12.1054306096634, 1.0847384698203217, 1.4634090504489412, [1]
-12.849271865275437, 0.578505790687322, 1.6050324494207129, [1]
-12.511369544452684, 0.7093775366662631, 2.224666175293468, [1]
-12.74281331136109, 0.00283970477885509, 0.8588051325298572, [0]
-12.362154182874033, 0.6579927795767933, 1.2326448755077588, [0]
-12.632578819264518, 0.10927195225800465, 1.183509350365008, [0]
-12.49124431810341, 0.6625124582883591, 2.496368222110404, [1]
-13.896458204341661, 0.25786273816733074, 1.7399522586018261, [1]
-11.544603345799855, -0.35969093337658953, 0.9146444399161908, [0]
-12.540288434009897, 0.63556837833426, 2.2886130069402113, [0]
-12.12420935981236, 0.678078354078482, 1.0129141231532373, [0]
-13.099832994716815, 1.6782051119559345, 0.8979113724071734, [1]
-12.882783294187481, 0.14960282108536488, 1.1024064423169733, [0]
-13.003981656827118, 1.0032339272759672, 1.7633796596743743, [0]
-12.231424092915725, 0.6519044271793766, 0.6224334270675798, [1]
-13.239137683853954, 0.5771403394023606, 1.2543008250394163, [1]
-12.492340814604967, 0.2862346435994412, 0.41583622513539664, [0]
-13.30943496398607, 0.28652169147255085, 1.7706809527228338, [0]
-11.173019346541448, 0.24739609475724245, 1.5367576711018696, [0]
-12.287307183541161, 0.4732547705337944, 1.3525076738872488, [1]
-11.335636977092724, 0.7521450547331556, 1.789972977237281, [0]
-13.971856021675427, 0.4547669149417643, 1.902197097968976, [1]
-12.344775981262742, 0.5621929027697403, 2.276315658850586, [0]
-12.822960633103996, 1.668828567190563, 0.35675283668230306, [1]
-12.593676111491243, 0.32759024786552426, 0.7976399073067815, [1]
-12.648070407322356, 0.6821820531306598, 2.766882157927762, [0]
-12.114104202961288, -0.022313359150006096, 0.6848136524788986, [0]
-12.600068762346037, 0.41169800313590527, 1.68340002747049, [0]
-12.041948587779999, 1.631124799626034, 0.3560333476830011, [0]
-14.04001481418566, 0.8902993696100102, 1.5906788086835677, [1]
-12.383042612200306, 0.7191151185459057, 0.9663271814390324, [0]
-12.444705342651488, 0.7049717813680798, 1.8180519209838812, [1]
-13.424061841026885, 0.5832408784568608, 2.361080682790763, [0]
-12.402683412665223, 1.007019887043519, 1.1618827487983334, [0]
-12.457048641976987, 0.8923326172741959, 2.5516606736089606, [1]
-11.809267124150068, 0.6944816494047659, 1.0737721043045259, [1]
-12.906188726235303, 0.8473066872082099, 1.0514904031371346, [1]
-13.168111820878032, 0.8224793264803316, 1.5917381252967235, [1]
-12.040361844600538, 0.6506655567691498, 2.255654303598199, [0]
-11.989508982604319, 0.402918991075499, 1.458646273443152, [1]
-13.785756187536734, 0.524490168927866, 0.4847086805665981, [1]
-11.861938673766707, 0.377577339283497, 1.8568762372672043, [0]
-12.907274076596766, 1.1795536593859757, 0.5029590789586234, [0]
-12.591645199564008, 0.9388623356003505, 1.1087169378718973, [0]
-12.074732282339225, 0.23977479647404668, 1.785151030946525, [1]
-11.953475318999194, 0.26542284582628617, 1.5244215545267223, [1]
-12.732829260905312, 0.08452650835260256, 1.502002345348809, [0]
-11.87367973271285, 0.6009309074367646, 1.0418643042355127, [0]
-12.594201076026888, 0.3509302199740305, 1.4288050827401853, [1]
-12.846705377095946, 0.47757012404930294, 1.6307836702929406, [0]
-12.026916552967464, 1.2664572237486018, 1.973790173177126, [1]
-13.096078750248179, 0.6258295424279519, 2.406996161054362, [0]
-11.70415104992117, 0.06632904808581974, 0.5071958055747086, [0]
-11.48680123399574, 0.8787672348787301, 1.3580749616149579, [1]
-12.091023089431667, 0.7417645781081885, 0.4724611495008406, [1]
-12.490032436558241, 0.6681766042375059, 0.4265720565390712, [0]
-12.663847488369752, 0.46169783160685507, 1.4767204305356547, [1]
-12.295195549302084, 0.7135717684470488, 1.8969036558808523, [1]
-13.600970663783412, 0.6627751117966866, 2.236297135789763, [0]
-12.479798461774841, 0.6976781763130011, 0.770796487582607, [0]
-12.385371046170581, 0.49008758055457, 1.856976975308112, [0]
-12.566434297019983, 0.41813272380856786, 1.7952179493762315, [1]
-13.017974553516776, 0.33420544999227464, 0.2992045654082509, [0]
-13.062280068089095, 0.9240079041940681, 1.517180424731806, [0]
-13.476452700912436, 1.413782659796734, 0.8346523416721279, [0]
-13.23402189553583, 0.6581276973044592, 1.86226598576593, [0]
-12.375722438371968, 0.7070590060024284, 1.9109778975282579, [1]
-11.894583938826703, 0.3810687485380969, 1.7092188304094202, [0]
-13.036323302041101, 0.07292623473212956, 0.45288844673488854, [1]
-12.968436148529683, -0.3305545673802377, 0.0714546955890848, [1]
-13.4413076357874, 0.8368216302836977, 2.439906211674148, [0]
-12.459647121480797, 0.685911807304368, 1.6663900185280183, [1]
-12.155443795074845, 0.5171802814759788, 1.705754601429679, [0]
-12.131293474859193, 0.7501961231890774, 1.460317374924452, [1]
-11.966638851633006, 0.6852717161873813, 1.9334598108292371, [1]
-12.423287076085316, 0.26785878550986875, 1.4730146651633067, [1]
-14.012689549419035, 0.3127347496278243, 1.1634513673370996, [1]
-11.40316202959815, 0.5408280938454708, 1.972844492624416, [1]
-11.840594814605941, 0.5228771911575985, 0.7796166071818591, [1]
-13.209670511052346, -0.5339687109187766, -1.4047726111696075, [0]
-12.913540405724028, 0.5098738024577393, 1.4140651654183072, [1]
-13.561562795235373, 0.6979782391901728, 1.1240414528412261, [0]
-12.552583637951122, 0.9471766702695402, 1.3947566681710812, [0]
-12.403860897515436, 0.19832594679373705, 1.1178684670695402, [0]
-12.466040086576243, 0.4346159497036513, 2.0680020634725467, [1]
-14.238019700790604, 1.2977677204019546, 0.8472947117982664, [1]
-11.339513503783655, 0.33275076282992555, 1.5388397443770547, [1]
-12.395220943762153, 0.0334206939544312, 0.6338985054296404, [1]
-11.717267768162902, 0.9015211024127687, 2.1901983987963707, [1]
-12.730241643356225, 1.830100251231664, 0.5815297900496565, [0]
-12.175901485403362, 0.4366470377380295, 1.2135023491240524, [0]
-12.414065376532026, -0.2499449469995779, -0.6260948170663205, [1]
-11.783303816882079, 0.7003785664971036, 2.265438700710618, [1]
-12.84250674895451, 0.37509089683810504, 1.9962113118012006, [1]
-12.214944239700715, 0.8344879173314499, 2.313046789060343, [0]
-12.732061156387335, 0.2672411009224094, 0.7282969193048212, [0]
-11.783688964945506, 0.6611732131765443, 1.4086546120802568, [1]
-12.489322510171817, 0.6163789057730718, 1.307738106828098, [1]
-12.02588720736124, 0.5975441765268439, 1.7462924243808986, [1]
-12.200440418504014, 0.38589732223038353, 0.9246005235504299, [0]
-12.570535455667937, 0.725661701126379, 2.0324760194616, [1]
-12.455543141750177, 0.7439209874570075, 1.215215415486602, [0]
-12.778881237936316, 0.7612534215521048, 1.7943003058950202, [1]
-12.461380942481242, 0.6592913652436999, 2.1524454732908334, [0]
-14.206838052258016, 0.08191770988013497, 0.8531485643295637, [0]
-12.277301643321897, 0.9167165320907338, 1.4525852333859812, [1]
-12.40019955660588, 0.40611524584559666, 1.502471250276457, [0]
-13.618025674926834, 0.5447548785575534, 2.0203576793466813, [0]
-13.162487059699206, 0.24229350910808645, 2.0362988641808384, [1]
-12.102956567813926, 0.7167610566490198, 1.6134482143420048, [1]
-13.77937958216221, -0.2337293786855772, 1.2106292879193101, [1]
-12.201262797714639, 0.5338221042542707, 0.30096364116615093, [0]
-13.16141139074259, 1.1024079098203212, 1.2241119683693737, [1]
-13.479105498293801, 2.829696397171732, -1.331982859875646, [1]
-12.190559313833532, 0.8254134594083408, 1.7628887717818165, [1]
-12.127924582992376, 0.6649470401920419, 2.24565171971374, [0]
-12.689347284643437, 0.68869899570922, 1.4802083995671738, [0]
-12.381804006557449, 0.3247879055730005, 0.9838157764223516, [1]
-12.699866746505009, 0.9278584409061136, 1.571259254342364, [1]
-12.455923432620402, -0.036422360253516806, 1.7578066857919052, [1]
-12.278283979316097, 0.6798816958696561, 1.3102997587894016, [1]
-12.213586226167271, 0.8470773615393439, 1.08410167407356, [1]
-12.076744937850568, 0.6264380795975386, 0.3119379860418614, [1]
-11.73538757890075, -0.08171849404619924, 1.0639453372103829, [0]
-12.773818178104055, 0.32207059741450716, 1.5108437621847453, [1]
-12.134774550841573, 0.7285189939607415, 1.2361046117835137, [0]
-11.74859181007551, 0.5295105555028796, 0.495145149952698, [0]
-11.67944132527069, 0.4117257348423374, 0.9658009079637716, [0]
-12.178713712961379, 0.43471693420365276, 1.0750444831552903, [1]
-12.193469400671235, 0.4979679048050518, 2.513741726819333, [1]
-12.09039934834171, 0.4477042413353114, 1.6463431015861139, [0]
-11.641158731107753, 0.31519622257086644, 0.8498196018714373, [1]
-13.482613177967655, -0.1605616192507735, 0.3328693864471757, [1]
-12.580034653473474, 0.8686991395496793, 0.8949283155096395, [1]
-12.28676424927018, 0.35481096412355834, 0.26699403474957595, [1]
-12.009721689335755, 0.288070886569758, 1.2762153691278808, [0]
-12.183322833904118, 0.3030779930925003, 1.7615065446435534, [1]
-11.549543489385497, 0.6489038799054373, 2.040220614979592, [0]
-12.350908306126057, 0.3162301655011189, 1.3026723514217926, [0]
-13.436220947397247, 0.6526099518875998, 2.1101753057832666, [0]
-12.362697830925882, 0.5317061032358799, 1.7813440120150088, [1]
-12.115255879259594, 0.5529450706119652, 1.572791767421513, [1]
-13.528319145127053, 0.7888667853153821, 2.2371162961957762, [0]
-12.648593616425805, 1.121630756211753, 1.1015348841494503, [0]
-13.02099581403965, 0.41558944411464127, 2.0557128058006056, [0]
-13.016148638831494, 0.8229069136101919, 1.710703416854936, [0]
-12.398415940650308, 0.7263846193125396, 0.9308049069100423, [0]
-12.334587305533681, 1.7966186266910023, 0.004665370193960627, [1]
-14.287919530439245, 0.7242816286290927, 1.7782996120789891, [1]
-12.354190856056901, -0.05393055702253502, 0.6934699304773779, [0]
-12.976111894165346, 0.3550608974812768, 1.4653508378889393, [1]
-13.141116044720027, 0.6974258869081039, 2.085679840588069, [1]
-11.022577471406429, 1.0245719185436704, 1.6896388360814725, [1]
-12.075609422439713, 0.06565037423509046, 0.47114177882740815, [0]
-13.581763373191086, 0.3303750158367632, 1.0685353967797226, [0]
-12.313060004136295, 0.9886141181059526, 1.4947154244341445, [1]
-11.620853189895078, 0.6101281651519568, 1.714425975444215, [1]
-12.74320910628127, 0.2550546690619113, 1.4819156937103708, [0]
-12.633432560373047, 0.5110969224005626, 2.231696480225365, [1]
-12.616011667066836, 0.4028453521351922, 1.2008920857170642, [1]
-13.893637416143536, 0.9985531667628235, 1.5235748228624373, [1]
-13.15320892001811, 0.17261980813213984, -0.3483810202497326, [1]
-11.858514278079626, 1.4812470550917392, 0.8985167833943651, [0]
-12.411779451726261, 0.6524518306694277, 2.303754146205464, [0]
-12.249402991572003, 0.026965855982883646, 0.5969653719309694, [1]
-12.445666163535867, 0.41451941551115734, 1.8516399971725397, [1]
-12.051807550033589, 1.3328890807583993, 0.8564710743673991, [0]
-13.078929074720069, 0.0621379588251577, 1.1490709834262298, [0]
-13.327093610917185, 0.7035317906163912, 2.3646614874451846, [0]
-11.784335049704541, 1.552260274912351, 0.2629289011210427, [0]
-11.607993197699615, 0.7408780331788158, 0.07077290901019861, [1]
-12.720162173674002, 0.27163424574966166, 2.017093096721619, [1]
-11.96993974401259, 0.9248121954567898, 1.6886498010696032, [1]
-13.006428686782156, 0.8667351077350429, 1.4179674977662702, [1]
-11.923785749535144, 0.038463924850314024, 0.272071707070674, [1]
-12.335400990609639, 0.17280976737767406, 1.7128912295994545, [1]
-12.58863909843991, 0.990868589768959, -0.11289219500557235, [0]
-12.66622178035381, 0.49989879773113904, 1.7005707318334895, [1]
-12.939228040987532, 0.49263145846730727, 1.7926187346266977, [0]
-11.875958993184998, 0.7491897668211915, 2.070196673038987, [1]
-11.84880571740774, 0.1086235243107378, 1.1062306765567849, [0]
-12.040966773393313, 0.5136998630489349, 2.429255582019526, [0]
-13.078637658633816, 0.43297812910569783, 1.3903830612891097, [1]
-12.257335150396134, 0.6338990831396674, 1.0571734067799385, [1]
-12.662590911813421, 0.5123199004757613, 0.726101938580341, [0]
-12.379080387078158, 0.501489432203506, 0.20511485750586123, [1]
-12.662331791287498, 0.2514417994582202, 0.6041317242371577, [1]
-12.891362458294763, 0.8408534594923084, 0.802458141932447, [0]
-12.133368047783918, 0.29995442395786676, 1.204384442172193, [1]
-12.066892163557739, 0.6570212207768925, 1.461605622387803, [0]
-11.441083853101897, 0.4737225968621519, 0.3314013359208505, [1]
-11.920492547278272, 0.6507753419546282, 1.860282220255471, [0]
-12.636812858496262, 0.04525966532732251, 1.5706989503562647, [1]
-12.892693776384036, 1.1043383573779375, 1.1839510278676757, [0]
-11.653690068242929, 1.029154494658771, 0.2668639365182123, [0]
-12.393907777542, 0.7492761504128835, 1.2868289392732386, [0]
-11.734261337658141, 0.6725821948478775, 0.9881393774824253, [1]
-12.681413307620737, 0.22175333023295418, 1.5618972911960183, [0]
-14.048812115425491, 1.189113908663358, 2.310285039582934, [0]
-12.65990097354633, 0.7585115097058626, 1.7280912347864876, [0]
-11.0710537052271, 1.3060682224501052, 0.672616812355455, [1]
-12.693216413081116, 0.4461777665913623, 1.9733249335511487, [1]
-12.716855293162528, 0.43293068247534083, 1.2799436212832362, [0]
-13.323681830669436, 0.34918543997864065, 0.9664893112608683, [0]
-12.080498631386272, 1.3668322763969654, 1.5549197182555148, [1]
-13.75545170131589, 0.9161873819792916, 1.728422562245668, [0]
-12.116222159734136, 1.006994407611848, 1.9048590851447584, [1]
-12.091008570969002, 1.196448203931972, 0.5288360096166165, [1]
-12.20105444338457, 0.6653401054852203, 1.2239868777936753, [0]
-11.519368301725557, 0.4720311177406307, 1.1193395517276081, [1]
-12.301795350949131, 0.028558949718589965, 1.2215707571342627, [1]
-12.441464566233918, 0.17426335505096702, 1.9595078641679666, [1]
-12.036771648452783, 0.576783808594404, 0.619085531013438, [1]
-12.966623474193085, 0.7158739379134639, 0.7478701483708128, [0]
-13.489902562729556, 1.4364245349857805, 0.7641193909355557, [0]
-12.011082671052757, 0.6681131134204397, 1.7932849457712317, [0]
-12.888210414646947, 0.7557384646812049, 1.6415252510342715, [1]
-12.920736955622669, 0.4104831061163565, 0.9472400457929502, [0]
-13.38483668048143, 0.7717829358181831, 2.2469013580818844, [1]
-12.834751118888422, 0.7002111875948643, 2.015090916836763, [1]
-12.830355179716474, 0.7775064449768121, 1.8179221733628426, [0]
-11.523965563022532, 0.49219680675015776, 1.0436980500663158, [1]
-11.970434164054423, 0.6089958476476707, 1.5877354562050912, [0]
-13.473479485530023, 0.8879224298693751, 0.9715845753907443, [1]
-11.789826062871326, 0.5251681341831902, 1.08405426285303, [1]
-12.480275774337626, 0.6434307965662239, 2.302616696223474, [1]
-11.640561890111094, 0.32165721955927623, 1.0099859539702236, [1]
-12.46448920387924, 0.8323904237272537, 0.14479799883647382, [0]
-13.853495252593602, 0.6326310928037457, -0.5635562333192126, [0]
-11.055237346196463, 1.2713326009274932, 0.15567622112286772, [0]
-13.135709513915069, 0.45701692596988486, 0.3688898457321097, [1]
-12.629607894644357, 1.0282081592288916, 1.9275342535052284, [0]
-11.97558655847634, -0.0495980044422622, 1.091990475248285, [0]
-12.20825314745868, 1.4542291182056908, 0.4303716935536701, [0]
-12.893821823744798, 1.120707063182118, 1.4225784359258957, [0]
-12.928046599910967, 0.8024409579960806, 1.7600850645010695, [1]
-12.921664295396903, -0.2781158729713549, 0.5625854434418958, [1]
-12.139046030137846, 0.40830222042033903, 0.40822989683447175, [1]
-12.569404756347083, 0.1922951128980117, 1.1243255890047084, [1]
-14.090931862455594, 0.930152938752415, 1.9040235515692732, [0]
-12.84580810746962, 0.8839007664430971, 0.2707993319450181, [1]
-12.207756228266733, -0.24894567499919318, 0.3888851545755909, [0]
-11.98859257388512, 0.1449216371179132, 1.8884113606028543, [0]
-12.374992982085672, 0.6313406580491202, 0.7837922031313516, [1]
-13.053639559543534, 0.581792739218673, 1.2518815669088268, [1]
-12.80645431522048, 0.7389321282825654, 1.3488881760399052, [1]
-12.635839396936403, 0.6325351697687908, 1.181051109652077, [1]
-11.733640180363013, 0.8377049797533507, 1.2003378635915356, [0]
-13.677759790042913, 0.724869782733583, 0.9311554349943489, [0]
-11.540481772151317, 0.6507421548372443, 1.3036511473627375, [1]
-12.887585415194158, 2.0063159649836133, -0.0033668799134864633, [0]
-12.173095407678696, 0.5483241296068072, 1.5982203798272545, [0]
-11.834676014456312, 1.2151770622024247, -0.30861149839706603, [1]
-11.654902707076758, 0.9592782881732866, 1.5103351615203464, [1]
-12.992214029247027, 0.7864535784534947, 0.46558231225053626, [0]
-12.606948199858218, 0.8067977249012908, 0.48468535802580337, [0]
-11.513448392774452, 0.9945175353618139, 2.0041439285216485, [0]
-12.812739187368614, 0.8585007798345605, 1.4388262165238925, [0]
-12.10552663523692, 0.7997998609524679, 0.8293397558287623, [1]
-12.325330196804217, 0.3404595754475742, 1.1972976740077441, [0]
-12.32264757038018, 0.9408023895957012, 1.5524525151080992, [0]
-13.056724216039628, 0.6361793542801781, 1.712432028266075, [1]
-13.403399640821025, 0.5084502602980733, 0.8930601665096672, [0]
-11.774768507515079, 0.7182283176884422, 2.1182316922158484, [0]
-12.428217372963577, 0.6106068114435289, 1.655881428760123, [1]
-13.762259197841558, 0.6386719065904977, 2.4536825760412473, [1]
-12.272964295199586, 0.996523912651319, 1.4117304195677471, [1]
-13.205131452404345, 0.9198017624190954, 1.2911584269464305, [0]
-13.498175580169827, 0.3602549373022051, 1.980669181510884, [1]
-12.042374112052796, 0.1248842273530132, 1.3839013303135916, [1]
-12.665641199859875, 1.1464563501136564, 0.2106034011120681, [1]
-13.363386583844404, 0.4908364417181179, 0.533008163986945, [1]
-12.781465603859841, 0.32045066494660035, 1.1501923235190694, [0]
-11.66784471341719, 0.5724631331353096, 0.20132157401235906, [0]
-12.828503281263588, 0.7988436516078977, 0.052108025681370296, [0]
-12.556142910709886, 0.7299635662518378, 2.1035508387592885, [0]
-12.187730380239445, 0.7402526199325384, 0.9224399942691822, [1]
-13.010008566001012, 0.4590365537457316, 0.934155279855837, [0]
-12.426723535213746, 0.7317322201460306, 1.7857479892875525, [1]
-11.935365061724948, 0.632463973722596, 1.250643429402594, [1]
-13.801655298589665, 0.7331703851011203, 1.0264874047072494, [1]
-12.085192469084255, 0.8813865340701372, 1.5946768306984074, [0]
-11.163772442035166, 0.7709499700779178, 1.51602217737676, [0]
-12.327832661180944, 1.3723391661527666, 0.9516389053737102, [1]
-12.191130784936652, 0.7014284968096973, 1.8410740438871736, [0]
-12.195995954701784, 0.5398855283825519, 1.62854368913186, [1]
-12.203320934231352, 0.8286136031150038, 1.5883649461402418, [1]
-11.770524220281288, 0.48810934490810765, 1.5636582914731778, [1]
-11.524583491879177, 0.8985419079439049, 1.2432303256334316, [0]
-13.570251737519605, 0.6324619314871956, 0.21895799545627892, [1]
-11.798114201148325, 0.35759808979420016, 1.3008857390382418, [0]
-13.103254507116885, 0.6864078075221802, 2.2619628609026163, [0]
-14.586065111578685, 0.40070802836082, 1.011944777779208, [0]
-13.098006659842206, 0.967440883554771, 1.8418746164383997, [1]
-12.633533895414619, 0.4869714189731877, 2.1418902562616045, [0]
-12.151401952781757, 0.255758523618394, 1.6661616251607492, [1]
-12.222114451700008, 0.7445820383296372, 2.0472180079799647, [1]
-13.81225263346243, 0.8366783498571759, 2.128597023620466, [1]
-13.515012387119617, 0.626511816057241, 2.2789697521173675, [0]
-13.032029350467077, 0.3738545477150719, 1.6943981761662974, [0]
-12.413017133819087, 0.595825082080685, 1.7407861875954431, [0]
-12.729336010292569, 0.43550988242337485, 0.8521945098582461, [1]
-11.995309944560018, 0.4433103527764508, 0.6483770913812936, [0]
-12.890662192245264, 1.365627615680424, -1.5809293262170756, [0]
-12.313153603165459, 0.8517344419465651, 1.0964020514022481, [1]
-12.187690692609525, 1.6097408584465955, 0.645601903736846, [1]
-12.602370365817256, 1.1546115790526608, 1.6165836088637093, [0]
-12.352345543549776, 0.9111805310068241, 2.4625365545593394, [1]
-11.767703690992253, 0.6908466569395977, 1.1145205271108927, [1]
-11.730096350267644, 0.07654435347871866, 0.2405063273511408, [0]
-11.672062257946756, 0.3724900263257803, 0.9439520403281177, [1]
-12.600433474052327, 0.421202812374452, 0.8089050112496012, [0]
-12.516392375919217, 1.3342009811099158, -0.0984871540366126, [0]
-13.817421881452857, 1.6834122153019653, 1.2282117703116335, [1]
-12.33408539815821, 0.3345904963974537, 1.0300755818521365, [1]
-13.143276236073536, 0.623506947142443, 1.5311852908302863, [0]
-14.663488673828184, 0.889360619070986, 1.9557713475235796, [0]
-13.750818863081044, 0.5826202759877999, 0.2267450692795665, [1]
-12.155533862775622, 0.839970078224905, 1.212031147429523, [1]
-12.423936642563866, 0.5052129805505781, 2.0953141693214987, [0]
-14.313399227753575, 0.38330788255795556, 1.5843081852633265, [0]
-12.126932839107809, 0.9706878014547897, 2.0378665609773585, [0]
-12.076909129336975, 0.9022111592943781, 1.7970887701528382, [1]
-13.147170916259086, 0.48662225198265086, 0.4843731962980472, [1]
-12.30889758470342, 0.8672777438910131, 2.202758300978963, [1]
-13.022037185205681, 1.157320181966131, 1.0777375334960269, [0]
-11.313801992968305, 0.9561883017392147, 0.9739857780894976, [0]
-12.853008787142848, 0.9480693677379869, 0.5825595518909668, [0]
-12.647021271779128, 0.09874334524949313, 0.7557041783703218, [0]
-11.992601893434273, 0.6118439224074677, 2.3871105799594003, [0]
-12.312185301066053, 0.37309781706175904, 1.8373010932069735, [0]
-13.962134626293574, 0.3525738847493146, 1.1667903359352192, [0]
-12.643974410834788, 1.0798227675311132, 0.0941865811600513, [1]
-11.965290130095205, 1.0692641067444393, 0.4717129053220701, [1]
-13.004001356438126, 0.7276109846266233, 1.8914687932390102, [1]
-11.783813769880258, 0.9423183138024591, 0.862445685997828, [0]
-12.341563438333077, 0.4336448578980278, 0.10937145260173231, [0]
-12.060833307108572, 0.46281389479808327, 1.658113935127544, [1]
-11.762523493481549, 0.7773110982490925, 0.659655596515062, [1]
-12.614106540505379, -0.30745397340710073, 0.888486044734436, [1]
-12.77562200968201, 0.5374707769281442, 1.9450834126014607, [0]
-12.195700388339825, 0.5300343029321821, 0.3400479351625556, [1]
-12.411496046349413, 0.26864905334112954, 1.3622295764229995, [1]
-11.368260748237061, 1.0395188280444185, 0.2962864559226891, [1]
-12.947786879348193, 0.23837074704952277, 1.9372188015573526, [1]
-11.771036718900326, 0.32699758451145405, 1.5995523110432817, [1]
-12.151914216695618, 0.7315452126824072, 1.5902590381285926, [0]
-11.683179001739795, 0.6127392257823893, 0.3710067811133897, [0]
-11.912643708855164, 1.0997840726007513, 1.6074861288712978, [0]
-12.590600524829483, 0.2277164972145563, 1.4740598738608632, [1]
-13.149388556568379, 0.49708371345030333, 3.09245927430372, [0]
-12.282712075216981, 0.41518322032659116, 0.964563502600893, [0]
-12.816806762239723, 1.9541331997659914, 0.10211631553875145, [1]
-13.199572975419828, 0.5225253011043298, 1.1293185524327398, [0]
-13.065662536750605, 0.17092774927471144, 0.5402886102774527, [1]
-11.99902702949616, 0.3436684966951174, 1.6473854705189332, [1]
-12.105408263692434, -0.1543567253960918, 0.5387685267414413, [1]
-13.080978348360684, 0.5217220196735388, 0.6934847150534804, [0]
-12.224450771396608, 0.5096015175244324, 1.6439347699107183, [0]
-12.180406205330746, 0.37119798585278135, 0.7646948953871873, [1]
-12.594942348078174, 1.4770624562634571, 1.257954491670685, [1]
-12.187785953606927, 1.536447884630309, 0.9271865616590753, [0]
-12.084320486641086, 0.5010670477162675, 1.1491947039351267, [0]
-13.559546372080154, 0.7456337517938203, 1.7880564688511087, [1]
-12.37177195591416, 1.0882673994308445, 1.0840648066497163, [1]
-12.903516702902788, 0.8316912024250083, 0.9710429596598302, [1]
-13.867498088203156, 1.0569918128625806, 0.42436689481346934, [1]
-12.071132971659218, 0.5991728944757717, 0.9811880970844199, [1]
-11.712182087535806, 0.9679932180666811, 1.5068900293370002, [0]
-13.95132596003661, 0.6860164888370927, 2.7145296118764115, [1]
-13.216321635650218, 1.0327143154335203, 1.6896779699467899, [0]
-13.0209672270417, 0.9099968083272254, 1.8158337584002868, [1]
-12.209474455694766, 0.5745828054763031, 2.0495945693553725, [1]
-13.515859554709168, 0.36287460625543555, 1.2329653574062474, [1]
-12.678147160284235, 0.6732152372084483, 0.2797225476315671, [0]
-13.146633346711585, 0.2439630309300611, 1.9862122701201539, [1]
-12.871411416637283, 0.7468802425348522, 0.14621180362949376, [0]
-13.33666369817784, 0.02969155808107435, 1.2376122868320496, [0]
-11.847970047769705, 1.1119001976121758, 1.0076489746850097, [0]
-13.255288819995172, 0.8938180583276072, 2.1088727392953954, [0]
-12.071128433205175, 0.8387911159220849, 1.3098018399207347, [1]
-12.521184572988114, 1.077515716554951, 1.1476066848189732, [1]
-13.232156416622402, 0.3870668595731687, 1.983234409667995, [0]
-13.136709910531824, 0.5066750733649132, 1.794508031836716, [1]
-13.07379525270693, 1.022413941781805, 0.10733668619233239, [1]
-13.020222679938643, 0.9896806711358939, 1.1209017065623912, [1]
-14.352391051081275, 0.5058312296784961, 2.2779545028992, [1]
-12.288148475708864, -0.7472360117291599, 0.2948178943399933, [1]
-12.904665227890652, 0.8078423774819024, 1.9016047144355395, [0]
-13.269072967976484, 0.9658037517995229, 0.6623409014334996, [0]
-12.528656454584219, 0.45835959660712833, 0.6360433234514675, [1]
-12.635992462659068, 0.6427247682264727, 0.9747512237508161, [1]
-13.227005393391858, 0.7818917633268225, 1.295129450504931, [0]
-12.981757163895244, 0.6647262643611727, 0.9994640126563543, [1]
-12.720935112216225, 0.8879925305310264, 1.927257377976582, [1]
-12.47861653541621, 0.9685851685571645, 2.332701595721529, [0]
-14.700669855153102, 0.17701359271890982, 1.5763190102824525, [1]
-12.883208825769339, 1.2196697638718792, 0.406971247644071, [0]
-12.001538907083017, 0.4850175771895497, 1.2284630709510838, [0]
-12.432886924583455, 0.5028146468564114, 1.1227525419954414, [1]
-11.961401231624036, 0.3712708780028965, 0.7196476379387624, [1]
-12.946455201680456, 0.4828291820361619, 1.3434613659528707, [1]
-11.227126192778936, 0.30227560580670476, 2.119697783871455, [1]
-11.812123078022516, 0.5135139916435021, 2.1163417471519077, [1]
-13.029778190246214, 0.35943527486459637, 2.123379691559966, [0]
-11.43720794035852, 0.5220637830811319, 1.3110864277078416, [0]
-13.008239018047956, 0.383076879710992, 1.6993856082616734, [1]
-12.778188140819417, 0.3985361713740284, 2.355451250566851, [1]
-12.510683248356278, 0.8502676336226109, 2.3310493734269637, [1]
-12.091831597558272, 1.095162286737913, 1.474777060935691, [1]
-12.92513974866711, 0.5990125572794347, 2.127233168567962, [0]
-12.977344761997056, 0.8842072972912127, 2.26719808886058, [0]
-12.316971215425164, 0.7062876851907938, 1.334961495841881, [1]
-12.174677491860589, 0.5393632056987344, 1.3856407112351736, [0]
-13.097192138938292, 0.8755143953188558, 0.7202385343052633, [1]
-12.98421977006677, 0.23972687069903942, 0.7563588585252055, [0]
-12.569750382686165, 0.126134266630604, 0.9690099650986647, [0]
-12.703852032132064, 0.6570575192946189, -0.9499004747973753, [0]
-12.602262585394206, 0.9026541242945535, 2.1373471571845535, [1]
-12.50039551106276, -1.0273829307020246, -0.33893893712732603, [0]
-12.023697376239959, 1.1221869288138016, 0.9499439146203625, [1]
-12.201363097827713, 1.4209898082687888, 0.8013289419817412, [0]
-12.427846224384638, 2.2990689396982953, -0.2860436423818832, [1]
-12.176838710203988, 0.8468745997616706, 1.6152571397753843, [0]
-12.719103765842075, 0.6860774381350638, 2.1455815105741403, [0]
-12.609906484818932, 0.6367883313500493, 1.1416776116441874, [0]
-11.872759352555557, 1.0117158307990834, 1.8135466216362248, [0]
-13.798312414885498, 0.876536353214539, 1.269650211610107, [0]
-11.509711566975856, 0.3472613249882506, 1.3592982016345525, [1]
-12.52715674255276, 0.7323084346093428, 0.7194355523749145, [1]
-12.474899639135664, 0.7698590713854726, 1.5992270412258014, [0]
-11.567543881759644, 0.5010116925655015, 1.8611576281805147, [0]
-12.611008306187637, 0.6044396539812157, 2.4449036412172704, [0]
-12.30078820074751, 0.832757933359459, 1.7567262188050448, [0]
-13.567110449598362, 1.0038065725970675, 1.8562949355631173, [0]
-12.324283204504985, 0.7102486146666345, 1.5490172399894353, [1]
-12.655215683832555, 0.9223933053044708, 1.5779056824211, [0]
-12.472572310060428, 1.0042044368943748, 1.46779072665631, [0]
-11.951607057106477, 0.3409643596219887, 0.6211154260713379, [0]
-12.191273530580256, 0.4014027815088291, 1.4185195453792718, [1]
-13.239692301215912, 1.3525430326126118, 1.5255142945749658, [0]
-13.097373567732232, 0.9808521678591399, 1.3603838031501232, [0]
-12.878814268946774, 0.6218361000012856, 1.614981639150204, [0]
-12.61265845119012, -0.3477296435178777, 0.16583089886348223, [1]
-12.436636557471514, 0.784531220551381, 1.6291825858666442, [0]
-13.270365376367975, 0.3429374159598595, 0.9525415021605093, [1]
-12.294022732885155, 0.9007699880422673, 2.312084017983731, [1]
-13.291091399382895, 0.10803804147937357, 0.16640882840810622, [1]
-12.826819668063825, 0.621229154283379, 1.3010926156360532, [0]
-13.374642575751082, 0.9759333637627021, 1.6245662484672256, [0]
-12.84349355813911, 0.7516211646128266, 1.5840875625425204, [0]
-11.83114212448936, 0.9336603163759242, 0.7977013024422608, [0]
-12.540532230555666, 0.7481921086255519, 2.292564547615591, [0]
-12.787174823715567, 0.2995594226330107, 0.36143766307756753, [1]
-13.212915925773242, 0.3428566731922159, 1.6541284344460476, [0]
-12.029439590919477, 0.007210255541448163, -0.13653721397237373, [1]
-12.06354937318493, 0.9537596638378358, 1.1252045363613434, [0]
-13.930998673604515, 0.28546949390991316, 0.41308271791389867, [0]
-14.368855273698902, 0.6769067167251721, 2.687379431497961, [1]
-12.794114708649541, 1.1560617961816988, 1.1069509026367115, [1]
-12.502636728720109, 0.9410076674746208, 1.0399280349432076, [1]
