t=0.09701748830682212
logZ_t=-27.899983911561534
-34.91117721181578, 0.6762185962339817, 1.07344073660689, [0]
-34.747688886967524, 0.718207442338489, 1.1598778540880677, [0]
-35.77020077969635, 0.6259944095939808, 1.1550942873211172, [1]
-34.84921974993156, 0.5374342623423052, 1.359886949222461, [1]
-35.888688441865774, 0.7613942427266502, 1.2880288839297265, [1]
-35.10372854571226, 0.5806811812050539, 0.7033686190803986, [1]
-35.32995796055359, 0.4647103224658918, 1.188988755780421, [1]
-36.23125807106061, 0.6795544376468189, 0.4695689655757829, [0]
-34.633791362445564, 0.38212907063577256, 0.8000224873564908, [1]
-35.195334427776885, 0.7640146085603122, 0.5718152543493666, [0]
-33.923577761682026, 0.7514991308534322, 1.1386288342333062, [1]
-34.8532747394547, 0.3667366250640285, 0.8160331193297612, [0]
-34.76017582331025, 0.7260647891652581, 0.8077562222822392, [1]
-35.11910515724136, 0.5056786788872845, 0.8912843862965415, [0]
-35.183138966371104, 0.7427872294154576, 1.1394822759625232, [0]
-35.43265581413262, 0.5535460209840015, 0.4205452259156285, [1]
-34.946050538741595, 0.749544561166362, 1.2493721032744196, [1]
-33.47651334066581, 0.4760168229836008, 0.6912204594843805, [0]
-35.23703831761524, 0.8088704529168815, 1.05995321302264, [1]
-36.09315222701389, 0.5133303906558808, 1.179441846541071, [1]
-34.23779612232225, 0.6581482405495993, 1.4030570753986484, [1]
-36.53777193859641, 0.7693113044837072, 0.7486294432762044, [0]
-34.63705871333419, 0.8851071797868832, 0.8583123367551981, [0]
-34.59151855968977, 0.5024820829984512, 1.6487118752726246, [0]
-35.69031604408196, 0.8036826465598378, 1.1962003694272059, [0]
-34.01879685947826, 0.561010633438781, 0.3109131489466074, [1]
-37.059317886508026, 0.6145109714074292, 1.1362521381484547, [0]
-35.107580778877086, 0.6137619565483955, 1.1374968622485482, [0]
-35.23343933226447, 0.6315487230747641, 1.0292821043357823, [1]
-36.40345573327696, 0.5805404624853707, 0.795102301734429, [1]
-35.119944292200856, 0.5105799978208825, 0.979628916498287, [0]
-36.0583622956353, 0.6842631744402486, 1.0069839369685778, [0]
-35.75078349481823, 0.634888817536341, 1.04751719229722, [1]
-35.078313445448956, 0.425047674000846, 0.6171819370250312, [0]
-35.783513213205566, 0.45150288763009166, 0.9541445729058242, [1]
-35.057745855180045, 0.5224767630452367, 1.2402170742352054, [0]
-37.145914575237306, 0.619020648460717, 1.5485196967067312, [0]
-35.550890368627684, 0.5392043426721341, 0.9116494756722693, [0]
-36.64965430335621, 0.549430514825196, 0.9816046608793325, [0]
-35.36928074205087, 0.4993965358835329, 0.957044360853593, [0]
-35.78621002036191, 0.2537712933258765, 0.34516706936552677, [0]
-34.70362835040741, 0.692808878931085, 1.3974381622347372, [0]
-34.53592968412665, 0.36412603411405836, 1.4223395206114513, [1]
-35.50953340199036, 0.6113850089980932, 1.1113062537203957, [0]
-34.803165913293824, 0.5070567711047743, 1.2872162913981848, [0]
-35.27127745807047, 0.5469681082447744, 1.3959112678741508, [1]
-33.33270457377588, 0.5421236080419305, 1.1552197979369687, [0]
-35.24398664644746, 0.5410529227454637, 1.573843679806553, [1]
-34.59074478157099, 0.6219330879285554, 1.1339187797193555, [0]
-35.49521707229084, 0.6270963726623573, 0.854017914945053, [0]
-37.37269917235306, 0.3997753328823316, 1.2831817380789547, [0]
-34.66417349293599, 0.4844871493313074, 1.1739971623191403, [1]
-34.254649561593546, 0.6001503070760181, 1.0187639867131897, [0]
-34.909198596868556, 0.6681536186213999, 1.0894660350723697, [0]
-33.91287119275623, 0.4926453894544475, 0.48798426711665355, [1]
-34.51985495703922, 0.5504369071649073, 1.3885998039540757, [1]
-36.947902960054336, 0.501547167232749, 0.8048142638775232, [0]
-36.228079643161635, 0.422077449210816, 0.8381914969485652, [1]
-37.24940262284639, 0.5840388619909783, 1.250750688486, [0]
-36.51829196609816, 0.5507166572118509, 1.0769476095957788, [1]
-34.5663379977916, 0.7537332950015359, 0.6961437568818459, [1]
-36.73153707758408, 0.5558000447749386, 0.9889033049848164, [1]
-34.328630035640046, 0.7725834530595294, 0.48615676592228896, [1]
-33.977212366582, 0.8331528152047714, 0.6618062910046771, [1]
-35.147127130831876, 0.5846025104122546, 1.3317095141390807, [1]
-34.496427400193376, 0.4953038312249073, 1.2599335664274667, [1]
-34.46699080393479, 0.5721981416173407, 1.2656590433698742, [0]
-34.52606607651098, 0.6706828402066858, 1.1473793277097029, [1]
-34.84840473850688, 0.7091402060022459, 1.0883235705775238, [1]
-35.228105727686795, 0.6011574682393095, 1.1730237917408055, [1]
-33.43875839344329, 0.5142976043099889, 0.9036936132650478, [1]
-35.91500224880276, 0.6071977881046916, 1.5985440116899536, [0]
-35.76562846906075, 0.6958091875996126, 1.392998459112384, [1]
-36.72266325188504, 0.5922032520539929, 0.7384808285006743, [0]
-35.952878599262654, 0.7018742812171954, 1.0353290095504901, [1]
-35.16477561541372, 0.8254320710107734, 1.2676502437134771, [1]
-34.75111309563416, 0.49231666298366106, 0.8506378256875672, [1]
-35.71272826646175, 0.48539017695383413, 1.1341332734328748, [0]
-36.32404757356318, 0.8679029301054673, 0.5414252181052868, [1]
-34.775943808945456, 0.6031155947938666, 1.4841096124039865, [0]
-35.57114012881698, 0.4881151389389596, 0.7041034150043328, [0]
-33.984490232808916, 0.5934054669933326, 0.7475646838523411, [1]
-35.017264273608305, 0.6499314379000551, 0.9122026893449506, [1]
-37.850996905906015, 0.9376575254456417, 0.8650295926433406, [0]
-36.5543253777324, 0.5858078309110014, 0.8748819380874572, [1]
-35.56105181919691, 0.6110768755618453, 0.9915977182912284, [1]
-34.21171243887335, 0.6986150042067214, 1.2482071165105242, [0]
-34.60424590879943, 0.637199882466195, 1.231886611975406, [1]
-36.58693862542989, 0.6953526732976021, 1.2668900286457028, [0]
-35.24108975136528, 0.7172257468422002, 0.8023112886406624, [1]
-34.35194511210288, 0.6682112758383901, 0.9992023275148337, [1]
-35.98705498238673, 0.746759526625685, 1.2173805681604462, [1]
-34.74762628636934, 0.337073595092913, 1.2293951370474763, [1]
-34.138058462914934, 0.6558926860936409, 1.1677863316153203, [1]
-36.08798560503047, 0.4886488261673465, 1.321733054132629, [1]
-35.312609076594704, 0.5424021799091705, 1.2619503720271146, [1]
-36.6278677124802, 0.47707581840142127, 1.0426429377607689, [0]
-35.71837230795991, 0.6295155407958198, 0.9537765960176793, [0]
-34.935136286085225, 0.7403861950273998, 1.018876839146832, [0]
-36.26678598877127, 0.7915107693523757, 1.3449301668624516, [0]
-34.22823462392023, 0.7907350815498602, 1.1700410826338248, [1]
-34.08420272933582, 0.6751419938365546, 0.8828911713230024, [0]
-33.524384627042586, 0.6851537984408843, 0.7991466517438203, [1]
-34.422415364402454, 0.8435099935985026, 0.6182078341684972, [0]
-34.66711981331801, 0.6112460115426982, 1.0654381017761654, [0]
-36.40698361987798, 0.6169901451941577, 0.5863572077529355, [0]
-34.39214766331859, 0.42362368958306995, 0.8296908918147006, [1]
-35.221235572864494, 0.6554787478727219, 0.4048680742464519, [0]
-34.809291413537736, 0.5043489820071893, 1.2283880709796076, [0]
-35.79402979724421, 0.37787240635419084, 0.9707345413262658, [0]
-36.479620973600966, 0.5294015917956489, 0.6512710826923536, [0]
-34.325595385066464, 0.6123183864395787, 1.3452169740195752, [1]
-34.875853200829425, 0.7489846321078691, 1.4189637421909487, [1]
-34.654023394454285, 0.5572627972061118, 0.8760321382570255, [0]
-36.40158083749665, 0.6318118950434182, 0.9334453624059016, [0]
-35.1692006557932, 0.7103589781756392, 0.7237555929599464, [1]
-35.10025361180339, 0.4907424822830445, 1.223889183629958, [0]
-34.57140930630414, 0.6261276083706315, 1.375151150617807, [0]
-35.405031149805126, 0.7585200447077738, 1.3793878823955148, [1]
-34.79153895247512, 0.7012317750979539, 1.0526858802448793, [0]
-34.15867790407494, 0.5272280693914155, 0.695426912784171, [0]
-35.69861797686483, 0.45494338154519026, 1.366610463164349, [0]
-35.68192316580625, 0.5907351886038883, 1.0864972784206948, [1]
-35.2827831682374, 0.32947196465834827, 1.333532200622896, [0]
-35.94989857550885, 0.5796825998707005, 0.71946824240124, [1]
-34.360816168780524, 0.6290676300497704, 1.0327046988184208, [1]
-34.145936410214404, 0.4794089557688913, 0.8382477039302136, [0]
-35.40257917181025, 0.6290461480131816, 1.1491793738647738, [0]
-35.98507724476162, 0.7199658356352407, 1.0756390255926254, [0]
-35.291974638955566, 0.4368815800131181, 0.68597435211991, [1]
-34.48069980963124, 0.8137354276374921, 1.0510590374639737, [1]
-34.83459571390263, 0.5044768205727432, 0.7575775809564369, [0]
-35.978773499010885, 0.9223385613755948, 0.4557942304142558, [1]
-33.48783668443423, 0.6253406363509285, 1.0881756590533835, [0]
-35.07463257055053, 0.7198429097303036, 0.4174257402131641, [0]
-35.253889422308355, 0.6219515901489232, 1.0874133015035454, [0]
-35.062793654184944, 0.5784223201103706, 1.4073695895753509, [0]
-33.96695306905937, 0.7805681998177116, 1.5668308401544655, [0]
-34.88853607931336, 0.473894996063416, 0.33146406011079027, [1]
-34.567465767612674, 0.5915495021443363, 0.8319637618737433, [0]
-34.03798397386151, 0.6721218305798525, 0.5202777507474656, [1]
-34.75162299283804, 0.6518845264161575, 0.4902324277362002, [0]
-34.49480992539349, 0.6335044556740518, 0.7512509250541882, [0]
-34.60051555006504, 0.9451318182610837, 0.968951154118061, [1]
-36.63374604844672, 0.5205550278371655, 1.2537370514162773, [0]
-35.81921292463874, 0.4036129682494355, 1.5545669495279757, [1]
-34.87657716952368, 0.5808142953076304, 0.9440159546691548, [1]
-36.28962465905599, 0.6653994239241183, 0.9006634943759237, [0]
-35.408621142707894, 0.36268459349702076, 0.8145952418196343, [1]
-34.38972422705255, 0.784824810196657, 0.9427500261493863, [1]
-35.82630124784753, 0.706493085052802, 1.0826985897547103, [1]
-34.06717444916088, 0.5887867099837785, 1.101114238653224, [1]
-35.56848724095049, 0.3974224271233754, 0.8645483935583343, [0]
-33.88638479645356, 0.6544796822514692, 0.9060142055743043, [1]
-36.18240590558608, 0.7828086904719048, 0.9000931832815415, [0]
-35.682727363542845, 0.558105761631338, 1.2979237983349234, [1]
-34.21872833451456, 0.6418537602007207, 0.5995451872795039, [0]
-36.471716241080266, 0.7201115547292459, 1.002247526440222, [1]
-34.14903335941308, 0.8043205067174802, 1.1790751279092986, [1]
-35.61212024376863, 0.6180153822184771, 1.0813897225798463, [1]
-34.3628151511302, 0.7963183126950143, 1.3031683442140642, [0]
-33.670963346265054, 0.5525504407707882, 1.012360674914513, [0]
-34.7005923721481, 0.8029387635469281, 0.8815627780136728, [0]
-35.83095869954479, 0.42490804566676205, 1.3632482503518994, [1]
-35.90033683675163, 0.6100830509955597, 0.8124713817152251, [0]
-35.182974680745964, 0.6480709066283608, 0.7679495853037293, [0]
-34.89000358430672, 0.6830346981040092, 0.8303520617373192, [1]
-34.73549964636151, 0.5892930381364535, 1.1137176923836876, [0]
-35.069613682242256, 0.7052181657697921, 1.025466593664604, [1]
-36.94073611593967, 0.8607548740014925, 1.0873698590910068, [0]
-35.83784552905398, 0.7793801151554214, 1.1041716152843817, [1]
-35.79913893262233, 0.5774872787366876, 0.8913407796885543, [1]
-35.763299114222335, 0.9759904365234252, 1.301715206839404, [0]
-36.273966975515606, 0.5611976558796767, 0.9105662691124141, [1]
-34.71019860672286, 0.7400928900900543, 0.9072350452786405, [1]
-36.32774809454911, 0.7670796546535792, 0.9112476198314838, [0]
-37.1896914440025, 0.8345544339653286, 1.1147562503866377, [1]
-35.224726411830666, 0.5663313575991785, 1.0391687491385948, [0]
-37.37928389830856, 0.5250879796334593, 1.252098854371921, [0]
-34.195542277940916, 0.8311531126954173, 1.6652690625964661, [0]
-37.2665505666067, 0.4298663012885887, 0.5716968146276775, [1]
-34.21339207069155, 0.6497077292030378, 1.0754345333923994, [0]
-36.4443350575069, 0.47741416201672165, 1.1003624873512032, [1]
-35.8574922321244, 0.8208717801290579, 0.860506015732595, [1]
-35.503900667311896, 0.4466604942979263, 1.473060936161749, [0]
-34.89912741272518, 0.6251633260758653, 1.022850425385515, [0]
-36.747419091255054, 0.45068582257832496, 0.7642501190570996, [1]
-34.47799769781756, 0.6937752815230271, 0.5930441749733707, [1]
-36.40947422031622, 0.6585628938043585, 0.9890177601937198, [1]
-35.551529016904325, 0.40424368403952593, 0.6283553628856308, [1]
-34.66346482447759, 0.4728816905821251, 0.921490980187827, [1]
-34.762140253500775, 0.4914020913720312, 1.1993086389680663, [1]
-34.42416824128678, 0.6303210839768569, 1.5051420414298686, [0]
-36.48653076558367, 0.7635803703279586, 1.2194035120403783, [0]
-34.17485102502049, 0.43577218872776935, 0.6787509371406448, [1]
-33.909353687126796, 0.5501260780293009, 0.8326621911254519, [0]
-36.41956220020042, 0.6655750145412799, 1.39118049056396, [0]
-35.50350998541333, 0.7678725198039038, 1.1605100302239255, [0]
-36.80245722545006, 0.8134270354135841, 1.115089919742426, [0]
-36.46668015378871, 0.649147444280608, 1.2073696252665505, [1]
-34.553477033136865, 0.5429562666324876, 1.1792072501138462, [1]
-35.46776890078865, 0.6580083422534517, 0.7599136777095882, [0]
-35.84441859875537, 0.37557779583384737, 0.950757159640097, [0]
-34.7041692002046, 0.7056635713408549, 0.45573585712487025, [0]
-35.76156093892893, 0.5545964941268985, 1.2337701744390719, [0]
-35.1024360564975, 0.6661697759166686, 1.461654259489656, [1]
-34.91349334195907, 0.456889278165585, 1.0556643946575919, [1]
-34.54169221114388, 0.7245738357463758, 1.2193928182124745, [0]
-33.559568431903664, 0.7072871008795344, 1.0550133419819925, [1]
-35.68799528151867, 0.6904147584346967, 1.1298477718591884, [1]
-34.86051532425988, 0.5184572823098552, 0.580415679232678, [0]
-35.841670497424424, 0.6219526671651971, 0.9715498138178704, [1]
-36.540941971315206, 0.47278544803319117, 1.0849713990505963, [1]
-34.62648873168927, 0.44097249945810923, 1.1114958006884286, [1]
-36.430697046155046, 0.4697243792768543, 0.6043743732863649, [0]
-37.55836627912645, 0.42605161671442204, 0.9545541936753349, [0]
-35.44328205416071, 0.7149424076240943, 0.8193634633236103, [0]
-33.867184913188005, 0.5347343532327153, 1.2249313678296831, [1]
-35.5731383826256, 0.8665543919945684, 0.8851789106297158, [0]
-34.78706514334377, 0.5648208533267933, 1.0405544495665051, [1]
-33.60800664417612, 1.0442303263523054, 0.2364847965527773, [1]
-33.742405442238265, 0.506579476266287, 0.8499157618088882, [1]
-33.69649004501824, 0.5916555508336065, 1.2607912765467004, [1]
-35.012753050535096, 0.6200064753774346, 0.9171233717160255, [1]
-34.1426016352315, 0.5774286145202431, 1.3834277277366196, [0]
-33.536326011544354, 0.6800196740174533, 0.9920883215351707, [0]
-33.88521033421831, 0.6019633063050464, 0.6603716290049922, [0]
-33.04509232760871, 0.47826421040337325, 0.8444229158900716, [0]
-36.04097746390846, 0.5321804389491219, 1.2305439987025528, [1]
-35.748386301283304, 0.49136931426050406, 1.3152595109922367, [1]
-35.93142703301077, 0.7248266213338375, 1.2222567438370207, [1]
-34.17513076750195, 0.8160397811911646, 1.1409673058862138, [0]
-34.64133881639128, 1.056106493306865, 0.20820400127200167, [0]
-35.900375297674145, 0.7366256946939786, 1.0871517493535992, [1]
-35.053073564820366, 0.6464424478707732, 1.1041486453318936, [0]
-34.832675614636386, 0.641804627005319, 1.0732532530611019, [1]
-34.227385151388994, 0.7969897530246144, 1.4517781792814515, [1]
-35.2421837213948, 0.3185465417234149, 1.0717544530783567, [0]
-36.593675383648446, 0.6440659389556567, 0.7803076519357288, [1]
-35.545525290229705, 0.7150929046496116, 0.8463416097795443, [0]
-35.01024547340156, 0.7449535577259045, 1.4096722362412197, [1]
-36.407038864453135, 0.8378299610294135, 1.4805855189474157, [1]
-36.39289603788997, 0.5723373849373358, 1.1144278718098368, [0]
-36.51951079088098, 0.7764434147116706, 1.3618830132253597, [0]
-34.05651077866148, 0.650315855203996, 1.1418963536913873, [1]
-37.14155555119382, 0.8827947330466813, 0.9593693532033614, [0]
-36.96509725793496, 0.7634107801376634, 1.3964441662047982, [1]
-35.885353947559956, 0.7145042096943969, 0.8908585616420486, [1]
-35.781858970113845, 0.7375825823764323, 1.0396356820991635, [1]
-35.35010059426719, 0.514487070781046, 0.9598422645320988, [1]
-38.08454618157711, 0.6054852034484538, 1.3597004378709452, [1]
-35.28484679868251, 0.6227279567113779, 1.3999463040200935, [0]
-36.09896560496607, 0.49868558259876833, 1.124694828420275, [0]
-36.236573085355275, 0.7146400120575214, 0.8660736135655637, [0]
-35.776067751305966, 0.6538668343165237, 1.302083747220171, [0]
-34.507566653055164, 0.5983907048071466, 1.1674232886912113, [1]
-36.26017325720749, 0.8627787855614293, 0.6854764318794644, [1]
-35.286860387624905, 0.7167353525604031, 1.3070371504185234, [1]
-35.789906243180106, 0.5079624511801607, 0.6552418635399715, [1]
-33.73636906615926, 0.7271825672932937, 1.1578789340393172, [1]
-34.98843142805321, 0.7554276754416165, 1.1701519394424742, [1]
-34.9048896392076, 0.5288116565922293, 0.9642092089845555, [1]
-39.0947786980381, 0.6497166962110514, 1.106769455688757, [1]
-34.371190205668384, 0.513994758005197, 0.9359607708418345, [0]
-36.839861496711436, 0.5297088770403232, 1.2263074150106614, [1]
-35.372481295412626, 0.8709347791968212, 0.7430462526084429, [1]
-35.124766977171134, 0.6653686220130797, 1.4182460485970387, [1]
-33.473084427016715, 0.7866581229223748, 0.6992785585993052, [0]
-35.18063218770833, 0.6717295583934031, 1.1421420270832934, [0]
-35.028503732497505, 0.7359197126402801, 0.8946514933947575, [0]
-34.8636585348464, 0.5143736224990906, 1.2820138600755697, [1]
-36.45591972652365, 0.56312201680366, 0.6434160221469533, [0]
-34.632664615875896, 0.9184627944220431, 0.6003250490249383, [1]
-34.01197807602858, 0.540445485351447, 1.6595825002935876, [0]
-34.32451870886788, 0.5696869061319605, 0.6946849813592084, [0]
-34.62864436278118, 0.8609343615716425, 0.7678325167591606, [0]
-34.20461745589179, 0.6498817720081826, 1.2214381841559918, [1]
-35.17579416685745, 0.4841970259214732, 0.7936264821870186, [1]
-36.76241025551924, 0.6440756232897085, 1.319931822882098, [1]
-34.301621217599504, 0.7040331626229961, 1.4766791576269302, [1]
-34.320186938359676, 0.6699878764638534, 1.0723966879220717, [0]
-34.70420541818265, 0.7757163578914669, 0.6256885841465718, [1]
-35.923079296033656, 0.6274887141104019, 1.1024513989693405, [1]
-36.775286120848705, 0.483602091055799, 1.1091420636872893, [1]
-34.56685053727223, 0.5785589154324834, 1.5320245543573632, [0]
-35.60560237861765, 0.5860018023144674, 1.4209470485205795, [1]
-36.08500317310015, 0.48831641291123146, 0.6629744273226152, [1]
-35.97277228762524, 0.47764465107901805, 0.5988653999301189, [1]
-33.26061074483255, 0.5639976465539452, 1.2606871405333007, [0]
-35.21777540126636, 0.4415912325880587, 1.1623096165973954, [0]
-36.1783189089372, 0.6425928798777654, 1.4468943848390587, [1]
-35.37427917346534, 0.3747637250546386, 0.7649466572107565, [0]
-34.2641173839211, 0.7682741011172395, 1.089139078518809, [0]
-33.75183983872928, 0.6343509630321582, 0.8105373822933066, [1]
-36.09140440230637, 0.5974125079984596, 0.8127462444189479, [0]
-34.91564413775052, 0.6633685173036651, 0.8699564973477077, [1]
-34.43114912608434, 0.7509019878317903, 1.4951343357317357, [0]
-35.74248163446236, 0.646773961388236, 0.8749833303601784, [1]
-37.40636956118258, 0.7789267818410344, 0.22941434286396845, [1]
-36.873941567957246, 0.5721176602867913, 1.036060712090874, [0]
-34.365371250119324, 0.7270520382851416, 0.9103066931297997, [0]
-36.767833034059514, 0.5272751276972945, 0.7450074103914439, [0]
-34.53912055504054, 0.629316978061246, 0.7233930016677494, [1]
-35.2951191647113, 0.5978272722745218, 0.8600752447036278, [0]
-33.907021563212155, 0.6627018004233961, 1.248377453660874, [1]
-34.530442640507864, 0.6307039518844694, 1.196537977012062, [1]
-34.428542169225835, 0.7202275062593456, 1.4126447126463775, [1]
-35.25867010736227, 0.6398610208060282, -0.028163376828139734, [0]
-34.55422181172249, 0.7316860185040942, 0.9094018652092326, [1]
-33.17203133737749, 0.6910002926626649, 0.8388118280801953, [1]
-35.42995379737112, 0.7811092859984435, 0.9252015643336571, [0]
-34.84875051838244, 0.6801294616661105, 0.7477554216047262, [1]
-34.61468713805936, 0.7028385201970027, 1.0444615181486427, [0]
-36.286795847633265, 0.8184017476531105, 0.7157092046290691, [1]
-34.88240592580882, 0.4412604780410532, 0.7869263455490265, [0]
-35.473790508668664, 0.7883605026697298, 0.9517159300947703, [0]
-36.166504606841514, 0.6508003639991257, 1.4021756782951489, [1]
-34.377005877049676, 0.6740262815431816, 0.6195558762848126, [0]
-33.986204436647604, 0.6243097713884812, 1.3774305390213875, [0]
-34.507525451588926, 0.6265165381155826, 1.5321947144659227, [1]
-33.82030113436989, 0.6438437090150814, 0.8973059896785085, [1]
-35.113640203898626, 0.6977647816145273, 0.7329885555405181, [0]
-34.845669583202486, 0.7643654560817023, 1.313379438860622, [0]
-34.97760342051748, 0.6003030177206871, 0.9448172930014065, [0]
-34.61761347001426, 0.5010613313785053, 0.754702963760804, [0]
-35.95049244273756, 0.5783217976680382, 0.9235554624604598, [1]
-36.485793350138266, 0.7114576297883823, 1.258579310839159, [1]
-36.02898898756602, 0.6741448650631459, 1.0831854955671425, [1]
-34.74905729466452, 0.46151349393436036, 1.2526959836470957, [1]
-34.10859285262772, 0.6520919407502894, 0.4966487199909096, [1]
-34.34989485219578, 0.6034857416660393, 1.1629735500513871, [0]
-35.32164821147404, 0.761185635015169, 0.41100596728495103, [1]
-34.14423748682684, 0.5886760939726297, 1.0537371299860896, [1]
-33.807206612505155, 0.6376417689991302, 1.2992901784977235, [0]
-34.694226910982735, 0.7859530921809623, 1.3724277122059791, [1]
-35.28021041313157, 0.6179533268249772, 0.5385912090393103, [1]
-34.128214327972046, 0.34069011140934313, 1.0819865325847826, [0]
-35.49108169439593, 0.4669461919957831, 1.1622172534559465, [1]
-34.522154921216526, 0.5159844418853912, 1.0653782015215472, [0]
-33.719092334412736, 0.5204129349941085, 1.0397568522823941, [0]
-33.900583873108616, 0.7304983526491702, 1.3707927081346554, [1]
-34.8343000342805, 0.5863361626453581, 0.6814651015010722, [0]
-36.322081341695075, 0.5909519999834226, 1.2399285947572956, [0]
-35.56145303703564, 0.8385095501082562, 0.30228084066417144, [1]
-34.7217791110512, 0.5594051275857123, 1.258539669690394, [1]
-34.720212995059676, 0.5694664960091402, 1.1375648644413632, [0]
-34.054673800574555, 0.5344039088977202, 1.050293659194311, [1]
-35.76224142550073, 0.7932238348388922, 0.9915557302365849, [1]
-34.975400573618295, 0.6397000228741048, 0.8485367601964442, [1]
-34.176361046427786, 0.4546149178393214, 0.5794031087429875, [1]
-36.36385468971353, 0.8611503383463261, 1.0162332457932035, [0]
-34.996554777678035, 0.6378933625071097, 0.9428680582823177, [1]
-35.09674620004603, 0.6997592536969133, 1.2367294042085364, [0]
-35.5293223356425, 0.8566599314081577, 0.9330659037630382, [1]
-35.81544684773622, 0.42821445972885325, 1.10389067472607, [0]
-36.36290993000913, 0.7200506140788528, 0.8846682530903134, [0]
-35.29652196575583, 0.5603107032088602, 1.507447969711392, [1]
-35.716095859698434, 0.6779261706398769, 0.9678584004380154, [1]
-34.98333159162485, 0.29077434306458505, 0.8782601958440618, [0]
-35.821370436942765, 0.6045186665550849, 0.7033018461882514, [0]
-36.43651902486968, 0.5855327121421059, 0.9302365480351646, [0]
-34.762080787094995, 0.4363963460975985, 1.0500384753387677, [0]
-35.142251865385816, 0.5478405159242844, 1.6686635381047359, [0]
-34.6182810156267, 0.6186054299951996, 0.9331411594804158, [0]
-34.15901222233885, 0.7143288285179036, 1.0831719188853477, [1]
-35.665723603900574, 0.4166920260446787, 0.7361024586597025, [0]
-34.91737453314497, 0.7264550148785734, 0.9731674657546716, [0]
-36.55595219480529, 0.7227537228264587, 1.3330612894597245, [1]
-35.29866965466785, 0.5467087188561784, 1.1658449271527827, [0]
-33.925635894044035, 0.6596495728624382, 0.7044772010373567, [0]
-34.92767517227131, 0.5860727074207381, 1.1173759505974568, [0]
-36.0091165936122, 0.637942533577573, 0.9951129534625114, [1]
-35.73357144069293, 0.6362891816781596, 1.2353569023988138, [1]
-35.61646575941254, 0.6967817914742056, 1.5551510167717022, [0]
-34.66290208912362, 0.6183378575669802, 0.49754881724169353, [0]
-34.4847806497996, 0.4469206917884633, 0.7902110065476459, [1]
-38.058136336418514, 0.6153673243273603, 1.2535644761105136, [0]
-35.96567731395706, 0.5903716906437281, 0.788996347085795, [1]
-35.12396400792731, 0.34906874589839443, 0.40937698406390904, [0]
-35.07509319170391, 0.6738410348779967, 0.9035708925355059, [0]
-34.806721216607016, 0.612997533220116, 1.2229259954524305, [0]
-36.49979146614177, 0.7119381173751786, 0.8139110945188577, [1]
-35.06860278596565, 0.4209033183488047, 1.1019185061995194, [0]
-33.856911074007805, 0.5967050080591614, 1.4086750623186328, [0]
-36.218858624316674, 0.5553525431906408, 1.5637515949309517, [0]
-34.23432119367157, 0.5160819019959373, 0.6369171346262883, [0]
-35.636859891006374, 1.1411980663167913, 0.4108633253570124, [1]
-35.40133968043407, 0.4394251079905745, 0.8083649744249308, [0]
-36.08011086073866, 0.5034591176308238, 1.3807730058123326, [1]
-36.724602391910466, 0.6331554553226448, 1.2255434077411032, [0]
-34.54663591422437, 0.42957980976159743, 0.686962844821076, [1]
-35.462742615000806, 0.454860775997462, 0.6737932850751631, [0]
-33.52993562687601, 0.7158625158453036, 0.587500602052067, [0]
-35.11953196129908, 0.6549485124450077, 1.1012252280263461, [0]
-34.99823695107195, 0.6850201967791827, 0.8055910888353743, [0]
-34.664084784698126, 0.7766961628387475, 0.6229384959849973, [1]
-34.54760253965071, 0.8931675391403174, 0.9649474911000349, [0]
-34.47221067306158, 0.5858197306026889, 0.6840418356356501, [0]
-34.38050297107851, 0.6363676494136454, 1.9376189239048607, [0]
-35.93902406649512, 0.6404352428817903, 0.7112516484379827, [1]
-35.99526931615455, 0.6484827128978916, 0.516206776533142, [0]
-35.81872861411364, 0.8336451402632661, 0.5584825517412113, [0]
-35.47852326533714, 0.5460996871363787, 0.5020131946950023, [0]
-33.004350732889186, 0.6056094126429877, 0.7834467947760763, [0]
-34.35946480627924, 0.4312038200168251, 0.45135358807767256, [1]
-35.524534426296015, 0.6841265722591016, 0.959751761846962, [0]
-35.55278147182956, 0.7695552108935428, 0.5914925253283712, [1]
-34.66315203622717, 0.8117678358608846, 1.3641436383282628, [0]
-34.07713033466462, 0.6261026567086749, 1.5223590629070358, [1]
-34.146559479589605, 0.5299778295618539, 0.7903179024408228, [1]
-35.46150681670457, 0.7439024522293709, 1.2765149524082888, [0]
-34.59749998351928, 0.6651978341630441, 0.8723369184425217, [0]
-33.59918588126047, 0.7452744607750423, 0.8432864423171161, [1]
-35.182781068775675, 0.6827850500934328, 1.2719410210751492, [1]
-34.932942064431685, 0.6279812791529192, 0.6565154708225874, [0]
-35.17360514024669, 0.7974864074893407, 1.0891562093923244, [0]
-33.82660121048945, 0.7445852552936446, 0.5948024602044293, [0]
-35.987155242740414, 0.5169613280730535, 1.089770551807427, [1]
-35.96256245841656, 0.7073361901708584, 1.7130160960400267, [0]
-36.1960341642764, 0.46914684256056255, 1.15835952106894, [0]
-35.5585587408062, 0.6016493439151436, 1.066805762227075, [0]
-33.16596487378992, 0.564881893037307, 1.0913737302193365, [0]
-34.90026134279079, 0.47787360429713455, 0.9341771591478889, [1]
-34.55461851813749, 0.7794972061396466, 1.0547346281493248, [1]
-35.51413068361192, 0.5498337481326333, 0.9636069859767515, [0]
-34.18747584463483, 0.6344122437743308, 1.0657653323793053, [1]
-34.86716470612918, 0.7201477795967964, 0.9752366726519928, [0]
-36.23324371492246, 1.0564216632278822, 0.7582946158423325, [0]
-35.204634177195395, 0.5251572333989223, 1.3658301172437475, [0]
-34.59877760847379, 0.6591944969569472, 1.2936872048427643, [1]
-36.071819972810054, 0.4080180287040161, 1.3185820451696504, [1]
-34.90590300885788, 0.6660298243354695, 1.2223195181685884, [0]
-34.42023548109599, 0.48573098959835614, 0.8612802629137768, [1]
-35.646915793461055, 0.6323145604790128, 1.0747162618185013, [1]
-33.94633289153583, 0.40514835648280473, 0.8431866763448643, [0]
-34.36729359306942, 0.6921213392803844, 0.8810143248150183, [0]
-35.072764593325346, 0.6717237468070313, 0.9243039976787237, [0]
-33.23238187677392, 0.49912866397551314, 1.5236853619765858, [1]
-35.7967612445191, 0.42327594032541266, 0.9504870617503098, [0]
-35.812541033044084, 0.5751007406436158, 1.0866976518170424, [1]
-34.809736548767674, 0.4114723822032176, 0.6753552954858592, [1]
-35.39202860840184, 0.5786529141504126, 1.2672237922557603, [0]
-35.09562688444599, 0.7139338835508273, 0.8426601774347613, [0]
-35.34160117095013, 0.2420671630595545, 0.7854984007140076, [1]
-36.17648344799, 0.7250931239507608, 1.174118140884743, [0]
-33.81047923157715, 0.46854885458949164, 1.280313234066734, [0]
-35.79280793052196, 0.6404330124877062, 1.0337615774023836, [1]
-33.171393471712484, 0.5605174707775228, 0.8415603405399292, [0]
-34.95698729905281, 0.6558916674097444, 0.6385421302112513, [0]
-35.797938245501115, 0.6456006338926497, 0.8387795946016533, [1]
-34.96913766727303, 0.5469355481344234, 0.8962942541772012, [0]
-36.87312318088373, 0.66204495057093, 1.067296939160883, [1]
-34.71394248931192, 0.7652386137756806, 0.32594098872377114, [1]
-33.907237920979085, 0.7040500750527078, 0.8042533538883259, [0]
-35.07768898303995, 0.6412891687197675, 1.2856770393760362, [1]
-35.17332067866179, 0.48882877293868826, 0.7621772820004513, [0]
-34.610403129322876, 0.6112173674080557, 1.5853311094521574, [1]
-35.75156163224199, 0.6918585865636769, 0.8529999761391209, [1]
-36.279086890864974, 0.4531748786761437, 0.5765405897312853, [1]
-34.29673031145138, 0.4900214920591385, 0.94795288450006, [0]
-36.305591375907056, 0.47478710199124247, 1.0200070493292397, [0]
-34.542954972832774, 0.729314622265825, 1.0204434246690193, [1]
-34.31305278023721, 0.5535750960674151, 1.068981331485305, [0]
-33.94535908760921, 0.45134020527429286, 0.9098682875625725, [0]
-34.66817175826666, 0.6022374215975421, 0.6488889445798793, [0]
-37.171619870550366, 0.274722659048416, 0.9678353261281335, [1]
-34.19459185881846, 0.3526095698769874, 0.6593902941269127, [0]
-34.903149562414605, 0.6808204938299985, 0.42749195967283204, [1]
-34.66525588669429, 0.7030267088250195, 1.451588766135752, [0]
-33.735784736924124, 0.6987288432588998, 1.3389772745728985, [0]
-35.36171115523117, 0.6173457577201652, 0.6539976305007629, [0]
-34.01985558588645, 0.6153753789786426, 0.8291682343614102, [1]
-35.42743654685893, 0.48493512422616863, 0.5669202005182521, [1]
-36.079210769161165, 0.8467927834881328, 1.0728595897445015, [0]
-35.70237639405006, 0.4735898436954295, 0.8255919722740854, [0]
-37.904700318201, 0.4230076340921923, 0.7209657884632747, [0]
-35.992047655281546, 0.7064211490731271, 1.0598586500092093, [1]
-35.720409760917754, 0.6141845000033277, 0.7057618274322601, [0]
-36.15847253035752, 0.5216263018547018, 0.6799320945072717, [1]
-36.40138703761161, 0.4476120870637394, 0.8395587862420997, [1]
-34.75469380523284, 0.7552801519956589, 0.7144659840237139, [0]
-34.15168796818575, 0.6704945642978555, 1.2883103813308827, [0]
-35.16264560380416, 0.6750749527939224, 1.1322773519679812, [1]
-34.28102407728115, 0.6282948721866535, 1.330419303663282, [1]
-35.539158002967255, 0.5854704195624832, 1.5507229368315916, [1]
-35.61406531757407, 0.4672683713622427, 1.10128438117078, [1]
-35.04598048262836, 0.7373429318657254, 1.273480718526978, [1]
-35.61100775390486, 0.4000915164970676, 1.1096752813167174, [0]
-35.5945027085815, 0.4494771931263192, 1.3892250191028779, [1]
-34.989886436293645, 0.5627859651597519, 1.0039624241636405, [0]
-35.93280268292912, 0.68496940928941, 1.5831429741455985, [1]
-36.17068363268279, 0.7323205087067512, 1.1704049730873434, [1]
-34.911391784138985, 0.5177886249544409, 0.8124921670192042, [0]
-35.112002775796356, 0.5470882302703084, 1.2501449948092889, [0]
-35.33466272697081, 0.5959049268363221, 1.3081159429363542, [0]
-34.367856886906566, 0.6501369830977511, 1.4205364506361295, [1]
-33.196827679353625, 0.6207919971508361, 0.9280105056093644, [1]
-35.09604768733, 0.9529468024628243, 1.0262850071370593, [1]
-34.83962687480191, 0.588375387083812, 1.3096456920964359, [1]
-34.920725035529266, 0.889281118757656, 0.7685754508500571, [0]
-34.386674651383466, 0.6278401957548423, 0.7030059878716197, [1]
-35.57959116927325, 0.4312445501586263, 1.0861162951917935, [1]
-34.86542929708201, 0.8124181171896032, 1.3332347782701643, [1]
-36.37838200377884, 0.8131122120889825, 1.0161850687694338, [1]
-34.021265265714405, 0.8368076132849191, 0.8591214458813574, [1]
-34.966724518300886, 0.6201730219328279, 1.021194415103181, [1]
-34.89975873756364, 0.6421634917918493, 0.9487516949869684, [0]
-34.64272874289366, 0.7647945545222463, 0.9452101159693653, [1]
-34.332283007873464, 0.663062474895507, 1.6684364432369152, [1]
-35.34547923309732, 0.6808811285328206, 1.0027130089229472, [0]
-35.72242113808112, 0.8487919792436259, 0.6271474414532878, [1]
-35.15813776916783, 0.7471191060600527, 1.2686132312805132, [0]
-34.11254031361706, 0.7093722715389283, 1.1168652077705334, [0]
-35.5024798534179, 0.3676082469042647, 0.5797790193038428, [1]
-35.82621574135447, 0.6385707737651187, 0.9546741097775913, [0]
-34.762204085771536, 0.4590897657626988, 0.9693148266888514, [0]
-36.70570316569948, 0.6884887553365684, 0.9709946655117491, [1]
-36.25269176215463, 0.4887592369241915, 0.4228052283774426, [1]
-35.48735194241276, 0.6084256758786974, 1.1970204992097022, [1]
-34.57437428819374, 0.7982492156542285, 1.5439521696383336, [0]
-34.190785809875344, 0.5519050398530396, 0.6042885222465298, [0]
-35.74097604384674, 0.6635329981371718, 0.9655623924635856, [0]
-33.7563013314581, 0.4018558074443462, 0.5983342895492196, [1]
-35.65077349174291, 0.47106218686299867, 1.1393619960176893, [1]
-35.20403164718474, 0.7911770608481592, 1.0522048212965391, [0]
-35.541086887682084, 0.8129231397533976, 0.6731107906230689, [0]
-34.97742639898867, 0.6229910681883071, 0.6619550257833876, [1]
-35.01504867067692, 0.8297070694692881, 0.9790791195328195, [0]
-34.803951203069374, 0.6561124479713212, 1.1408414204657529, [1]
-37.49718655420641, 0.712438397804343, 1.185784069574477, [0]
-34.48824263802905, 0.8216636487982598, 0.777814099067548, [1]
-36.2460212015028, 0.596122904915413, 1.6265736351420985, [1]
-36.88562232558575, 0.6806392675099434, 1.1647560752343296, [0]
-35.16564317959064, 0.6956333437012293, 1.113142725457467, [0]
-35.68319993991099, 0.4753981967207848, 1.1504967940231052, [1]
-34.04357360455693, 0.5795059926232494, 0.7963469823217538, [1]
-34.596406161778944, 0.5580228738285588, 0.9538563865916233, [1]
-34.616982022887626, 0.7783774457925654, 1.3339732631097165, [1]
-35.855929563040384, 0.4411776251793926, 0.7200882817745808, [0]
-34.474650287216924, 0.5277240424286341, 1.3299704417389455, [1]
-34.52223162388342, 0.637641099095168, 1.1343945679768674, [1]
-35.14423743238636, 0.6444200555987152, 0.9754302215461907, [1]
-35.359651670462995, 0.5855988671509662, 0.8538438913170079, [0]
-34.219317546927996, 0.4980461011422416, 1.0748681201369004, [0]
-35.91367223319851, 0.669098849588484, 1.1972961669277877, [0]
-35.447478642078984, 0.8200018563430924, -0.02320768086945546, [1]
-36.06465891414386, 0.5769829796567116, 0.6159993226528047, [1]
-34.07656291244183, 0.5605507070387491, 1.1105871132215694, [0]
-35.221052493683004, 0.6987074409829811, 1.287166863702307, [0]
-35.58230270258371, 0.386891675510462, 0.8720412642853725, [0]
-35.55521281435757, 0.657640826230399, 1.2025368962705998, [1]
-35.062701405299904, 0.6230660747450641, 0.66193418621351, [0]
-35.0949211078072, 0.5845886260069678, 1.0306101881240104, [0]
-34.12110324482339, 0.6497900367219427, 0.7371713659998824, [1]
-35.08066244569047, 0.6745006805815944, 0.8324559625514519, [1]
-34.530606122650106, 0.80570946790303, 1.1595720646513779, [0]
-35.94017878082431, 0.8087903373026895, 1.2137289288340722, [0]
-33.776650467101426, 0.7313046339246134, 0.6126248102133707, [0]
-34.324136416029624, 0.5969767139739319, 0.8633978565283832, [1]
-33.17582433584535, 0.501161176963766, 1.17176181865198, [0]
-37.89856186317174, 0.4814876232532436, 0.9317552068746806, [1]
-35.35767463106464, 0.3878338062533637, 0.7873078395069265, [0]
-36.314502266734614, 0.5954437299714894, 0.6463905086820944, [1]
-35.42149839217815, 0.7236370431785285, 1.0477418747855372, [1]
-35.552610973408584, 0.5442697707305755, 1.2425718898090914, [0]
-34.191568600429584, 0.45610650041217293, 0.7858088070302365, [0]
-35.71272462228909, 0.5529137079409432, 1.3955651141944678, [0]
-34.70103966429752, 0.6336529759128263, 1.0974898331449798, [0]
-36.500245930133346, 0.7451167291992966, 0.8644139895815803, [1]
-35.56680522915397, 0.7491248788798132, 0.937530671046145, [0]
-35.55569002350034, 0.6003888410447615, 1.7759182119424373, [1]
-36.353515674396846, 0.5361151553410599, 1.1989899426061426, [0]
-35.02450299547755, 0.5859465770227443, 1.2118901210708999, [0]
-34.93814955422047, 0.6446884315150658, 1.179547208493821, [1]
-33.19528184660161, 0.7072768658781056, 1.0905032698683608, [1]
-34.63958882250428, 0.30994849161976545, 0.7964819878179217, [1]
-36.9304372919417, 0.7868942770162803, 0.9673989656281997, [1]
-34.263595372898514, 0.4054232847316937, 1.043717569677039, [0]
-34.45946324527481, 0.8567623187472562, 0.7895342619923734, [1]
-36.21885519104317, 0.6292849742693816, 1.2349728033139227, [1]
-33.76613646116081, 0.6401159230524763, 0.8342624895901691, [0]
-35.89717374649271, 0.7301640206312229, 1.086938162170333, [0]
-36.05764213933334, 0.457590571617659, 1.0065079437624196, [0]
-35.0359307402642, 0.5160279844385709, 0.6420080340251455, [1]
-34.11540604536576, 0.6314433798858035, 0.6674745030013218, [1]
-36.43032138786474, 0.7989563041025868, 0.8199431941572282, [0]
-34.069932643542536, 0.8944382880449968, 0.972326671464985, [0]
-34.24455018218045, 0.6987894754513375, 0.9102377184283619, [1]
-35.69221703760402, 0.5493688483074741, 1.4257066803692031, [0]
-34.07930588880988, 0.750149439445227, 0.9455174663288157, [1]
-37.080014287611846, 0.7276495295917321, 1.311032379134253, [0]
-34.44620650963032, 0.707794141086622, 1.2875284672882366, [0]
-34.39982177887971, 0.5819781971111911, 0.7149926562281588, [1]
-34.41279273490078, 0.7620122743280093, 1.0088710411585735, [1]
-35.134841496646985, 0.8368096235185365, 1.1473703420891876, [0]
-34.55689101456006, 0.7379697792264384, 0.9913033724779948, [1]
-34.79201239066985, 0.5062289821407836, 0.9692925924151211, [1]
-35.91406781987873, 0.5017114025229558, 0.7487184544301582, [0]
-34.289421123648324, 0.538895713083948, 0.9652051560894184, [0]
-34.07765068098207, 0.6573194044549346, 1.193453857047585, [0]
-34.713188317890356, 0.5787743182583538, 1.5028117048941199, [1]
-34.78903986303267, 0.5831308948271002, 0.8064723004692571, [0]
-35.403485715067276, 0.3469756165818735, 1.2540237375606722, [0]
-36.38749962699213, 0.5391090777948392, 0.6027859728070006, [0]
-35.76872802224397, 0.4582999243881692, 1.1030182707340623, [0]
-34.87235390053155, 0.5671215728269099, 0.9970622200272143, [1]
-34.092282090568126, 0.549118706015902, 0.8460088482452968, [0]
-34.85757551643488, 0.6952076433222347, 1.44702176856336, [1]
-36.93083998204067, 0.4141570230354782, 0.9484667299942531, [1]
-36.9397624810746, 0.5941392326822953, 0.6141000119253073, [0]
-35.705125508095065, 0.539750256443045, 1.1495379409359532, [1]
-35.00610973177878, 0.35959946055237335, 1.0161272152892669, [0]
-34.16475686946031, 0.6804644162988704, 1.5646643838556573, [1]
-33.49354631361138, 0.5114565562109671, 1.0445492736397142, [1]
-35.464215745726726, 0.7504843845768593, 0.9693034450352485, [1]
-36.152812870006095, 0.5953179354270349, 0.9248637531264823, [1]
-34.271230909338335, 0.7657473587046739, 0.6294917729922915, [1]
-35.98167084043532, 0.6751076970836142, 1.1214686813066703, [1]
-35.120208472221925, 0.8001311514549921, 0.7998322403678026, [0]
-34.87094690605709, 0.8629972574923096, 1.069997983761338, [1]
-35.83668944667877, 0.6323471720617218, 0.6341594674766851, [0]
-34.54614687583159, 0.5976673692061695, 0.9459574071342004, [0]
-35.24519993050997, 0.5502548854292505, 1.2937047936632184, [0]
-35.61052495057706, 0.7847928956156047, 1.2791127262743553, [1]
-36.371510642407344, 0.7153547230296837, 0.3574675679348972, [1]
-33.138121133565285, 0.6240428461000196, 1.2873637591597464, [1]
-34.86875262724754, 0.790408580915272, 0.45145266210033347, [1]
-34.17122579017651, 0.7754013989106276, 1.251349692603026, [1]
-36.249675738280764, 0.90476916209863, 0.920163754300085, [0]
-34.909261238029444, 0.8450815247075579, 1.554124211097343, [0]
-35.60626037040853, 0.6796198419416869, 1.2144253606834696, [1]
-35.13263650131238, 0.6352579276675745, 1.374435341503014, [1]
-35.90923751946287, 0.7223356714391928, 1.1386199675648154, [1]
-34.70248893646729, 0.519918566425123, 1.1497679185340575, [0]
-34.857340197430574, 0.5319605656314912, 0.7643453676871039, [0]
-34.53241062035801, 0.9453704577778821, 0.5444417129405514, [1]
-35.52892549524807, 0.4717864702717711, 1.230150330138868, [1]
-34.15693512921388, 0.6470032961395811, 1.1036866792261555, [1]
-34.51415310249759, 0.6846269825573132, 1.2724191332876449, [0]
-35.16833364950773, 0.6441793922787681, 0.927091090866122, [1]
-34.139882301871346, 0.5467264319376868, 0.9611704064130853, [0]
-35.253264879666915, 0.546276967080357, 1.2530928385301094, [1]
-34.93644758957692, 0.7519603978372247, 1.569379364325437, [0]
-36.85059697438185, 0.5683427555782723, 0.6760189863824339, [0]
-34.771375874067346, 0.485814325251345, 0.48592332812238587, [1]
-35.83876378808533, 0.3436172331955805, 0.7869794733005745, [0]
-36.2589864260303, 0.5354133230849105, 1.101307906114062, [0]
-34.726422949199595, 0.6896608008079879, 0.9189100116715903, [1]
-35.244401709806404, 0.7188380353781163, 0.5499485978229907, [1]
-35.67119210935135, 0.6567331924928914, 1.1457168769422656, [1]
-34.36727648373606, 0.7581323546366364, 0.9300492547411104, [0]
-34.98381494415131, 0.5153222686122596, 0.8079516873349697, [1]
-35.85025755805034, 0.5761582757078026, 1.009806122131656, [1]
-34.34821785888579, 0.4723029565362676, 0.9713970572455416, [1]
-34.09109171913085, 0.6647206928418269, 1.2723244136578973, [0]
-35.01362005364412, 0.5260926300599779, 1.4086132094864452, [0]
-34.95453950815515, 0.593934573218335, 1.1589112594873607, [1]
-36.3137883173801, 0.5811680217353229, 0.5984776262497375, [1]
-35.72427728594675, 0.570914171028631, 0.7203474797047943, [1]
-34.54999169732814, 0.7650857642858817, 0.8110526094467734, [1]
-34.94395947959888, 0.6785570034013404, 1.3910615911150988, [1]
-34.76660145249551, 0.37987103338240746, 0.9794197399144399, [1]
-34.06822964616852, 0.6612053262582085, 0.68525257798159, [0]
-35.77101369472119, 0.46155338274722996, 0.9792691375189295, [1]
-35.34502622199777, 0.8730643533800326, 0.801253051428795, [0]
-34.460397906389616, 0.6884605943676756, 1.016932317358247, [0]
-34.649211493979486, 0.5526624265315524, 0.7903042827580465, [0]
-35.4159465077356, 0.648729107805534, 1.3430700901365196, [1]
-34.58656123072616, 0.7400434943635893, 1.4047885661255943, [1]
-34.06787335379099, 0.7372350690423294, 1.3931285182365465, [0]
-34.19468523096652, 0.8111191850750048, 0.7056152643320224, [1]
-36.8785292132543, 0.4233857151637442, 0.555905778135044, [1]
-34.78327142053126, 0.5715614055165242, 0.5102995722010799, [1]
-34.826399553223, 0.49512397740219755, 1.1678797935336764, [1]
-34.86370042734023, 0.7775691558786824, 1.1669494669951856, [0]
-35.344901173262606, 0.6334384592984984, 1.2527728688419282, [1]
-34.384108592190564, 0.7198784748803568, 0.9674987485671713, [0]
-34.492356714061636, 0.5061103273102169, 0.878085171257558, [0]
-36.183746133745146, 0.479823659219193, 0.6917614710631202, [0]
-34.75505154445925, 0.8951682902089165, 0.7290631023319357, [1]
-35.1936959065049, 0.3572974467074892, 0.7065114129624019, [1]
-36.574958370593734, 0.6274516632295535, 1.0124173832600367, [0]
-34.84171912688898, 0.6804441615272897, 1.1081878337382531, [0]
-35.5678862770416, 0.6478574217296819, 0.6342174290138076, [0]
-36.75601053033203, 0.6305034171255663, 0.751194318162862, [0]
-35.14519946670668, 0.6536000047828824, 0.9603314468198397, [0]
-34.65753442100706, 0.6234952973043527, 0.31776919511547386, [1]
-36.99100493396438, 0.6877744014568696, 1.1558357064287184, [1]
-35.142163070181965, 0.5334629928333612, 1.2131060140787493, [0]
-34.73236857271867, 0.5285983757531425, 0.8823462927070705, [1]
-35.25452100841839, 0.5243104788023225, 1.0677718259985929, [1]
-33.649960123582304, 0.6402962526686365, 1.463884745966087, [1]
-33.65215950098782, 0.6527193011438437, 1.1000820033033862, [0]
-36.22819639877418, 0.5840541432695638, 1.131491139520006, [0]
-34.986638356847955, 0.6595920862847076, 0.9853535552101149, [1]
-34.912279201172176, 0.5711213263289696, 1.254064844957147, [1]
-34.71659294593626, 0.5944629513127337, 0.9052666849064495, [0]
-35.39181292743366, 0.7365665227490048, 1.3298577504304876, [1]
-34.83454027532928, 0.8732975349792791, 1.1324748472676194, [1]
-36.72015242598604, 0.5419197403789479, 1.306228436325791, [1]
-35.41041931962949, 0.6344440561165784, 0.7939136969631382, [1]
-34.07981971362412, 0.6974299165731804, 1.3540055661479744, [0]
-35.606181222205635, 0.7975718459255823, 1.3904079346684395, [0]
-35.60746001505687, 0.7520505954530614, 1.2071701218717983, [1]
-36.30892029933259, 0.6603749332299516, 0.5902065467692164, [1]
-34.2143547865008, 0.6784797289703614, 0.9960177909443121, [0]
-35.172153116600334, 0.6216934091149207, 1.5813245556413513, [0]
-36.49881671437397, 0.46576558536367496, 0.8646229638304657, [0]
-34.40790297573474, 0.6768123428063209, 1.2133467993436777, [0]
-34.028154536492906, 0.5459817404958567, 1.3640041918215176, [1]
-36.33545396722788, 0.5967324039504709, 0.8236271048798747, [1]
-35.30694730787193, 0.5384812707541536, 1.3760705507772344, [1]
-36.64280785899799, 0.5913473687233899, 0.7089593449926647, [1]
-35.27789439120781, 0.7073930686094341, 0.853753498893363, [1]
-34.29515172449652, 0.860782855680484, 0.6170892818705238, [1]
-34.727374135815055, 0.5785099911635503, 0.7815564853957861, [0]
-35.005065799428316, 0.5337506353453791, 1.5131755704299332, [1]
-34.77775373998639, 0.6434593436806155, 0.9633032920282849, [0]
-34.40880927309719, 0.5011262764774116, 1.1074991486343495, [1]
-33.659629250958176, 0.5856110123658502, 1.3457173255121375, [0]
-33.578043056480674, 0.6212451693721095, 0.8840975232646116, [0]
-35.015918061345374, 0.6927628473501957, 0.9626534062942087, [1]
-34.25570559954275, 0.6365350152512546, 0.9079702677141709, [1]
-34.40189367634949, 0.6944604381065023, 1.072025644320275, [0]
-34.942532906207276, 0.5030903963102136, 1.2427270132809765, [1]
-35.24526665293971, 0.5840480575319584, 0.6485751970192004, [1]
-34.86288851963508, 0.6494603768804816, 0.9313750731106617, [0]
-33.297937250360235, 0.5062565098377236, 0.863356446912217, [1]
-34.4341880020646, 0.5394331084408693, 1.435535678860072, [0]
-33.81900874486598, 0.6736383551079834, 0.9215382882528373, [1]
-34.56884776520022, 0.6762513734857387, 1.2755175248390018, [0]
-34.905572180147544, 0.6482296332840035, 0.9916372039103216, [1]
-35.28862395397873, 0.6684370998005144, 1.0153781867913336, [0]
-35.063570615598564, 0.5521382617203909, 1.1652017777868917, [0]
-34.41106473523106, 0.8357450857229022, 0.8983834809787654, [0]
-34.63518192063732, 0.6733002331123039, 0.8088448805646429, [1]
-34.57655776753108, 0.37599073856473453, 1.0178437965774834, [0]
-36.33288714807382, 0.5635596101689331, -0.04371637900006575, [0]
-34.35362377089981, 0.45923080882010264, 0.8458191451507683, [0]
-33.22990767398984, 0.5624683904336373, 0.7236867017027744, [1]
-34.99740752441465, 0.524937137718324, 0.8300199565786726, [1]
-35.11481884786902, 0.38589476990478244, 1.318629776653217, [0]
-36.641164058759806, 0.5132772643259745, 1.0820838877785768, [0]
-34.99194091083118, 0.6058178726760322, 0.8668285072673667, [1]
-36.904314240505016, 0.5119627542758958, 0.7728575751900858, [0]
-34.29617697344916, 0.5627631702925273, 0.6613810753137401, [1]
-34.935628623719616, 0.5018300514914642, 1.45402704880063, [1]
-33.80191324340533, 0.8305681804114053, 0.7498975075772223, [0]
-33.0900837318417, 0.6436882389299363, 1.273530377956043, [1]
-34.79975030060869, 0.4912043465591665, 0.5575210917410096, [1]
-35.026007791093086, 0.5679853980408629, 1.278631485389856, [1]
-35.0668920151698, 0.7854262895747625, 1.2742550545892946, [1]
-34.62202740980507, 0.44148333849666843, 0.7083422953621054, [0]
-35.89358590729797, 0.7100101819499519, 1.0986614200252562, [0]
-34.43981338470203, 0.7209386154871225, 1.0241622841097147, [0]
-34.9289182136042, 0.6663526935092523, 1.0465479417189885, [1]
-34.97113355882378, 0.6627363148145309, 1.205713594467667, [0]
-35.67648615596397, 0.6855126767820866, 1.4829709627256553, [1]
-35.132055586444785, 0.5544955668884398, 1.2742482702372506, [1]
-34.66349233020805, 0.4728184636943003, 1.1129329103060006, [0]
-33.795806189790774, 0.5048512310535824, 1.0455875833356165, [1]
-34.34244288182363, 0.46498730339665045, 1.3657810402179522, [0]
-36.045295439354724, 0.6421054375761431, 1.2429709388158434, [1]
-34.01888704924106, 0.6186401480515393, 0.917762556137909, [1]
-34.95635272766969, 0.48475036235595853, 0.7642079881896111, [1]
-33.786866351958665, 0.6886751517543233, 1.1383042705596407, [1]
-34.69839181474186, 0.8784970067549679, 0.7224336194358292, [0]
-37.83452263963642, 0.6942116846704651, 0.6708961484408752, [0]
-33.60273828999654, 0.6884038051365343, 0.7352257181247878, [0]
-35.263426182285095, 0.5519900254280546, 0.8438799417778488, [1]
-35.803327233280115, 0.513933808077268, 1.1224610112052948, [0]
-35.624470033627055, 0.672028447759977, 1.1362645616504148, [0]
-35.414182768629466, 0.43513280365633233, 1.0544861948212747, [0]
-36.27549736352003, 0.6174802055925357, 1.030281627361077, [0]
-34.85162814854024, 0.6983886294051538, 0.7590439023077158, [1]
-35.59331138851736, 0.6049580789549674, 0.8423769970195029, [1]
-34.491821761950945, 0.3355732266325418, 0.6441491761373919, [1]
-35.55721136269038, 0.7888606523185155, 1.3653002201149664, [1]
-37.522198522382865, 0.7294316943574631, 1.2537451725686448, [0]
-37.02790089951072, 0.7361016728365204, 0.7933771075225793, [1]
-35.257113077198895, 0.7829858184934476, 0.7718170414021877, [0]
-35.37805205272407, 0.6961842167636394, 1.5302585548767322, [0]
-34.24698024613102, 0.6173027422906052, 1.0027606004350542, [1]
-36.148131709332105, 0.7482717317975303, 0.6811711189880174, [1]
-34.83887493913427, 0.7570399771184093, 1.2421205241297928, [1]
-34.770681929897584, 0.6983978766661155, 1.228742908419965, [1]
-34.41760298927789, 0.5965853791158396, 1.4376718197030183, [0]
-36.01049569851309, 0.5498861195830438, 1.0517528428015206, [0]
-35.195213800396864, 0.5013086029953282, 0.8991256733006463, [1]
-35.615193020371926, 0.6021496816182464, 1.3357140761111683, [0]
-34.42474084520772, 0.49760176398733114, 0.9743544595599745, [0]
-33.78466364142345, 0.7335940302709519, 0.39961084227758625, [1]
-34.728257120508594, 0.8152146189292789, 1.1829150843621015, [1]
-36.65119392319279, 0.7438943159215208, 1.1511064193948999, [0]
-34.707859619356526, 0.6561314151205301, 1.116013179763577, [0]
-34.138767055064015, 0.6395267653709856, 0.3956160850514134, [0]
-36.17245677621693, 0.8145197303969302, 1.3729064209612099, [0]
-34.62860242876765, 0.35760482117770015, 0.3237488244775773, [1]
-35.365557477860676, 0.6031755437921653, 1.0608258662495493, [0]
-34.843814553276914, 0.6897900021818001, 1.0520442840726325, [0]
-35.73875852690418, 0.3461210792188613, 0.5202157306055142, [1]
-35.92231754580056, 0.6035823597901822, 0.8469272283882214, [0]
-33.775993911686406, 0.6043597950635832, 0.8649827865191063, [0]
-34.52937303142617, 0.7098658058479917, 0.9828868761431371, [1]
-35.74576972828326, 0.5669414464437578, 1.701467888944977, [1]
-35.323970893928035, 0.6123515581533946, 1.253923695932229, [1]
-35.14547164954913, 0.6808625171807875, 1.15354628135578, [0]
-35.95820476664616, 0.7319757896683083, 0.7301555331802121, [1]
-34.04348514996033, 0.6013870427755688, 0.8481180249162831, [1]
-35.22128647549874, 0.5010970353354378, 1.0411512335522572, [1]
-35.6003374777019, 0.5970725618632716, 1.2217969915935325, [1]
-34.965270897851774, 0.5530852280839389, 0.8416203064151495, [0]
-35.93865149886857, 0.5281612589560672, 0.19597584161559245, [0]
-35.429500342637795, 0.22513452615172708, 0.858758866776872, [0]
-35.08131306427085, 0.34186181187887227, 1.0082448783628926, [0]
-35.35495797816556, 0.7862984957541661, 0.6642199767660367, [1]
-35.43688708328562, 0.734171148158661, 0.9139495432491089, [0]
-36.10569118371533, 0.7080878242794978, 0.966977220073295, [1]
-34.38090346370989, 0.5744912745572263, 1.3163341134976796, [1]
-36.8424321880622, 0.7167412227638437, 1.0097932871936255, [1]
-34.528052374861375, 0.6161782920098916, 1.2554026910980853, [0]
-34.21880119451335, 0.566010225312528, 1.20150556550155, [0]
-34.58107243273902, 0.6426160029902809, 0.932743686084137, [1]
-34.49318460351296, 0.4199472348768645, 0.7943648703120959, [0]
-34.7423267635144, 0.571739382191745, 0.8856317682673169, [1]
-34.23147749983287, 0.7753260334288903, 1.0262816281048168, [1]
-34.23003307113887, 0.7389623713173659, 0.8134340110961303, [1]
-34.50033325568869, 0.52503678476747, 0.8895078053623043, [0]
-35.66080856115682, 0.538180747150229, 0.7789967096417277, [1]
-33.84205945014596, 0.8138870746563183, 0.7011787691327973, [0]
-35.97111265970568, 0.7139565635552052, 1.0697911860754412, [0]
-36.69983935545444, 0.2695527437956575, 0.2975987852850488, [0]
-36.160756385408014, 0.5084109972700601, 0.4905411915523321, [1]
-35.896389847579464, 0.5543009946353932, 0.9651740237226817, [0]
-34.5925124423518, 0.588212551591733, 0.9400399779777475, [1]
-34.444696670055414, 0.6644330373286805, 1.3108148930446453, [1]
-36.69744435189885, 0.5871124909304807, 0.976680148268289, [1]
-36.22343921017979, 0.9049292872039469, 0.7962888708775582, [0]
-35.415922156047415, 0.6169076278626208, 0.6821078611981078, [0]
-35.002916986517796, 0.538082336223807, 0.8605225281782221, [0]
-35.13976595121846, 1.0139027907743148, 0.8135587139857345, [1]
-34.56356322402727, 0.31261302363299504, 0.9720867222211642, [0]
-35.33768335507098, 0.9007296792731068, 1.133790426954613, [0]
-35.418648626841936, 0.49053524696495887, 1.012828542046922, [1]
-34.783671444723566, 0.7222236958078173, 1.0808826145541053, [1]
-34.307282232428825, 0.8733259965408162, 1.4473700328155332, [0]
-35.12502746264554, 0.9061477481542759, 1.0947919742656154, [1]
-34.63314190840085, 0.7855536758015702, 1.2028324299891977, [1]
-35.21841325005387, 0.5781396324562396, 1.2573248564941226, [0]
-33.48192048387657, 0.6191782788209059, 0.9289479614779033, [1]
-35.51022253143613, 0.5930575125160705, 0.8344613884976007, [0]
-35.43009617987752, 0.47165706579558736, 0.8455280739268274, [0]
-36.951408437300024, 0.5507982848722948, 1.2034614043480123, [1]
-33.79926709944105, 0.7432982884934488, 1.1221925589625543, [1]
-35.885743926245084, 0.42140605543603404, 0.9863080282330265, [0]
-37.13974526037002, 0.9388121781519854, 0.9866233207488686, [0]
-36.232222968651215, 0.6621891674182391, 0.8360567312865641, [1]
-35.60166509873789, 0.6593545884642946, 1.187380354862694, [1]
-36.25929255729239, 0.7226821995429307, 0.5495032057828197, [0]
-36.027255297535795, 0.6307365678201978, 0.7686466580684012, [0]
-35.88544395985693, 0.601259455051149, 0.7038145400986243, [0]
-35.162985125791955, 0.9652644606478957, 0.4841012849266002, [1]
-34.824773735054194, 0.6104282305030398, 0.8720416589123042, [1]
-34.85859076275846, 0.6168605982752118, 1.0597574322437397, [1]
-34.928233046574945, 0.5757126727446309, 0.6464016803075253, [0]
-33.791938856515664, 0.7734241507459987, 0.6414898444146547, [0]
-35.093631792373515, 0.4646857415850898, 0.7077730395194062, [0]
-35.19359171507728, 0.3719790754535582, 0.8909154275835242, [0]
-35.303454585755546, 0.6808014701257139, 1.554558309504555, [0]
-34.179007864373254, 0.5380551991734416, 1.1686809872500112, [0]
-36.795498094388805, 0.3997960002189469, 0.9546108660978658, [0]
-34.8876228203425, 0.7612591003166026, 0.938547537571434, [1]
-33.79138016963196, 0.7454837617350142, 0.5350291876900874, [1]
-35.24146597984362, 0.6737433822604075, 1.3469849000322618, [1]
-34.69131775148571, 1.0429738075067743, 0.8951902276537953, [0]
-34.43839828883035, 0.6561379746080902, 1.2984454454173904, [0]
-34.47122398508384, 0.629446282531822, 1.3366305498595632, [1]
-34.15417460682277, 0.5924737947780183, 0.6127595585697166, [1]
-35.24312693420384, 0.7030739955257432, 0.9487512443078705, [1]
-35.02334311432169, 0.6938307096861951, 0.5947843881403605, [0]
-34.86235270642645, 0.4776643773966744, 1.024586167208574, [1]
-34.26969667247274, 0.7394644986914336, 0.9086959300492501, [1]
-35.02267133878648, 0.668472615349389, 0.2682170799687047, [1]
-36.774451725886344, 0.767914030629489, 0.8540311278272761, [1]
-33.93664546242468, 0.5249002486143702, 0.937719130809122, [1]
-35.72314438029716, 0.6042610477677555, 0.6961866492054511, [0]
-34.34658306644275, 0.766485128616088, 0.7302273681001091, [0]
-34.60907784032973, 0.5249726190892084, 1.1088425453368855, [0]
-35.06924398590692, 0.8142290771937977, 0.7006618948906378, [1]
-36.38025129677069, 0.38279761269701423, 1.2094056356913048, [0]
-34.5968626029227, 0.6410569070065211, 1.262946038516953, [0]
-35.503431795978386, 0.5958946612450324, 0.5542002477785293, [1]
-35.916068444722455, 0.5216492982639052, 1.3912257036433147, [0]
-35.8396120866744, 0.5318654831156321, 1.259652712090252, [1]
-33.91998126034742, 0.452158892185599, 1.1147242997261457, [1]
-34.23021374210871, 0.33247084688035694, 0.5845346358894069, [1]
-36.29891080517662, 0.28847117798514554, 0.7439604512968568, [0]
-34.734611877782626, 0.6173252719231401, 0.9588456905765204, [0]
-35.22596703627462, 0.6293932536465959, 1.1550740615433264, [1]
-34.54339443410373, 0.6975266197498393, 0.9801905334820229, [1]
-34.84320737614141, 0.7121175192343174, 1.0120067624418754, [0]
-34.18140648682273, 0.5015744238241379, 1.1477855119443645, [0]
-36.94034089454282, 0.6701583476825226, 0.5231103893263959, [1]
-34.9346639431815, 0.575660635735042, 1.2756957262590145, [1]
-34.74744597520584, 0.46835677704269013, 1.0900665685406445, [1]
-36.27704988617195, 0.6224668876725554, 0.7852198179228227, [1]
-34.65055844969519, 0.6865529634059777, 0.358529962051118, [1]
-34.42272924466312, 0.776030672762693, 0.7181145733395304, [0]
-36.12986007804295, 1.1778221649346903, 0.5821971662392307, [1]
-35.99374738334013, 0.6547623740992063, 0.827679289127682, [0]
-35.108896062347775, 0.6543258744197593, 0.5423479842785759, [1]
-35.36691208456128, 0.5066185898514848, 1.1304600037314454, [1]
-36.13709900438356, 0.4461663420389451, 1.0027802512962807, [1]
-34.68483498776944, 0.620945130896174, 1.1490657418841257, [0]
-35.52669191550018, 0.43269413818713376, 1.0604865428787422, [1]
-35.88333998575207, 0.5355674105133832, 1.1456705658970423, [0]
-35.328244310598414, 0.6637771196612551, 0.9463474693702904, [0]
-33.80081281587958, 0.44462874138506076, 1.1476041895593236, [0]
-36.83967378386209, 0.6024898433315566, 0.6350723487639254, [0]
-34.36186054250989, 0.5318942965789732, 0.8116689545657011, [1]
-34.92056502582231, 0.5555404557985227, 1.5344530154138927, [1]
-35.80097838689447, 0.5095800594947474, 0.6551184461887309, [0]
-35.93066798563178, 0.654536751510512, 1.1798829397479897, [1]
-36.84219961835674, 0.6539454508929329, 0.39449785914069485, [1]
-35.3013099387052, 0.63173284549411, 1.1294931014358305, [1]
-36.252566409888566, 0.4519265686076711, 1.0343881934025982, [1]
-35.14742720834646, 0.6041696112793691, 1.3303707351024725, [1]
-35.75897083561531, 0.5862676487364896, 0.8944070328579711, [0]
-35.65771164123213, 0.747206266048127, 0.569490609065418, [0]
-34.937348249500936, 0.7551081575503751, 1.29549027386795, [1]
-34.35357917328884, 0.5696343371359835, 0.9620141456491103, [1]
-35.98153870396689, 0.6983746647906437, 0.879486857511736, [0]
-35.987266671534925, 0.5602316978031504, 1.3479187887791115, [1]
-35.764299975933106, 0.5532996878831964, 0.39863082559240703, [1]
-35.18148492172378, 0.8223936329864848, 0.8540879610928881, [0]
-37.170540490875716, 0.46201930798531665, 1.0101966813351755, [1]
-34.5401139138632, 0.44577927859361677, 0.7804533548236271, [0]
-34.63390713021921, 0.6506583450831845, 1.2772074869647199, [0]
-35.275218816272506, 0.6136186716678932, 0.6446781392173913, [1]
-35.02659100963503, 0.6331629114654734, 0.731329377828325, [1]
-35.59076532452175, 0.6691184863663824, 1.3122176422833158, [1]
-33.6781797610621, 0.5177203235390297, 1.1740306297016958, [1]
-34.22173720187152, 0.6452587124420968, 0.7330697371680885, [1]
-35.50574311368043, 0.555665559119721, 0.9950813613527496, [0]
-33.87047459113449, 0.7143110379343977, 0.4728486202135497, [0]
-35.134160914586936, 0.5857462637621043, 1.2008200706297336, [1]
-35.73516340091159, 0.7603504818175487, 1.493166316448311, [1]
-34.788734000534134, 0.7348114654898895, 0.9626778550392798, [1]
-34.93391345810978, 0.8271837184840365, 1.105812851740831, [1]
-35.066817052130936, 0.7134706168145108, 0.9977299726572586, [0]
-36.02766084733792, 0.654268271675471, -0.08868783309231881, [0]
-34.814567337005094, 0.6743492145248289, 1.102930600538858, [1]
-35.09345517231543, 0.7930713046351991, 0.8105692940873769, [0]
-35.21127644323406, 0.5573508824394049, 0.9715613080577279, [1]
-34.507693749772756, 0.7796983415206747, 1.222989008161196, [0]
-35.97503359627595, 0.618603536834011, 0.7938330932278461, [0]
-36.30097773778707, 0.4687041282208389, 0.846445027117003, [0]
-35.629306781880665, 0.6072478148879594, 1.055307180200285, [1]
-34.93408869533316, 0.6165004412095446, 1.1255609845228358, [0]
-35.9637180690258, 0.588358120909457, 1.1620504808009575, [1]
-34.61326397406675, 0.6251846501344943, 0.7776380337564968, [0]
-36.16350885484429, 0.5351727550299841, 0.995238769393981, [1]
-34.76109710967536, 0.6761804670143343, 1.0855818461280988, [0]
-35.74019522715116, 0.6280163460825335, 0.9823479843410945, [0]
-34.85757630170775, 0.4973852250293113, 0.5961600836611348, [0]
-34.71593940276962, 0.5199607464221836, 1.0348696140161557, [0]
-36.14595479855568, 0.7075618390549278, 0.7397306846747966, [0]
-34.34585944642205, 0.7540966577952357, 0.9068358245642352, [1]
-35.85281106224727, 0.5979416945936529, 0.813393954176282, [1]
-34.069396270678055, 0.6822051129712485, 1.0052377720817782, [0]
-34.399814279201614, 0.7022710198999509, 1.0282881148663288, [0]
-34.87768009339865, 0.6005604468304242, 1.0252444932522269, [0]
-34.63762051636813, 0.6437492691257309, 1.0979728651305363, [0]
-35.69088431203565, 0.6068677614804858, 1.3550070883997174, [0]
-34.48771761790441, 0.5358472636787834, 1.2482523318904848, [1]
-34.731871724025524, 0.837110491098561, 0.6684122836125814, [0]
-34.80637620211721, 0.6652362143463285, 0.7897863657688475, [0]
-34.282081486065216, 0.6579961507304428, 1.0431180743085136, [0]
-35.18743657122294, 0.5685950906921327, 0.6572761178483371, [1]
-36.076177133176415, 0.5798774881789427, 1.14292386618063, [0]
-35.515441188864244, 0.6983104949518669, 0.9253075788509536, [0]
-35.22705753376079, 0.5204911916828725, 1.1222306355437488, [0]
-36.133823470432546, 0.7879962658115623, 1.2295862249795937, [1]
-35.67985124932602, 0.8919647105062659, 1.0050969344725256, [0]
-36.263353628469524, 0.8415641463438018, 0.82738424895088, [1]
-34.94455094432858, 0.669550807590341, 1.4738780616545204, [1]
-36.054137730089245, 0.8872424630887175, 0.7829956508586015, [1]
-35.56318728821071, 0.4250959905377318, 1.0126702038581117, [0]
-36.448550909906935, 0.6170491421427047, 1.6995434827850056, [0]
-35.90856797429107, 0.5023283113605908, 0.7385078386814676, [0]
-34.15605565652109, 0.7949536584701064, 1.0098924810503052, [0]
-34.68162395748545, 0.5937751716561942, 1.0287196549507778, [0]
-35.68393143046629, 0.6572238663353658, 0.8679132395187495, [1]
-35.87275339789786, 0.7439019674571827, 1.1477289192886642, [0]
-34.6397244501899, 0.7167075163261636, 0.20750699008179968, [1]
-34.111796345238446, 0.5512183249991364, 0.8796102069895608, [0]
-37.14469922419918, 0.6814815118572395, 1.2756416411586056, [0]
-38.08712198360262, 0.7057538915687762, 0.867434479077134, [1]
-34.28860263894689, 0.5089377477558049, 1.1913307282748993, [1]
-35.71823308275244, 0.5847772295933653, 1.2083167819557936, [1]
