t=0.32121441936080364
logZ_t=-80.64698041112376
-38.059993877531994, 0.483907666495207, 0.8980096744952979, [0]
-38.125745295412656, 0.5785008089000433, 0.9467090928208758, [0]
-37.98776620246698, 0.6271664188578078, 0.9493472271843084, [1]
-38.10209327535107, 0.5656406922140937, 1.1634557435014465, [1]
-37.79892975520158, 0.6932289274187334, 0.9680781645543292, [1]
-37.87172090313386, 0.6392489874335183, 1.1426450057377142, [0]
-38.10666645851336, 0.4837737976622961, 0.6380949814036923, [1]
-38.22107677236288, 0.5757820175424568, 1.1427515328603526, [0]
-39.22187900668194, 0.544948804075108, 1.0155005167353988, [1]
-38.27264668504008, 0.6181850574381326, 1.0328724242838836, [1]
-37.86849325263775, 0.6772568029741256, 1.1729158573275014, [1]
-37.911451255290736, 0.6837005627049633, 0.9082352412852882, [1]
-38.026485337645674, 0.5991671709705891, 1.1788454522761056, [0]
-38.524184737134725, 0.7064493085856077, 0.49251521572556944, [1]
-38.09362617594795, 0.6259633748538971, 0.6905080063378095, [1]
-38.26347548774303, 0.6283806329763972, 1.0385238816209006, [0]
-37.93820389938027, 0.6920657837603355, 1.046813778364503, [0]
-38.01484100915747, 0.6024999261923687, 1.1785322056409977, [0]
-37.974360099380384, 0.6233062993314923, 0.9159881734221336, [1]
-38.03874278605027, 0.46620355238645494, 1.0008736116138712, [1]
-38.04215717394188, 0.6445117040660482, 1.1001617540852362, [1]
-37.778019806033235, 0.5835560225311922, 1.0114496425435902, [0]
-38.25993678766334, 0.6581041433450563, 0.6775715506802024, [0]
-38.12994189058654, 0.7490790840197397, 0.9390654087658467, [1]
-38.1489832426276, 0.5970797332132669, 1.0943707632277473, [1]
-37.67939050476267, 0.7166829369621437, 1.0338866334726902, [0]
-38.12309934764092, 0.629101220750967, 0.8871765167765, [1]
-38.09218611528506, 0.672024654613725, 1.0127594980304713, [0]
-38.52671521678495, 0.56677600815863, 0.8291358062951276, [0]
-38.22282941163443, 0.6259832230927165, 0.6923189093131918, [0]
-37.982166861705956, 0.5804326636448208, 0.9151642151438715, [0]
-38.223346069666896, 0.5416672855270745, 0.8015710424412325, [0]
-38.113286133381344, 0.5874442744825311, 1.0665672138877929, [0]
-38.77654828808644, 0.5380535438149499, 1.2454963104911034, [0]
-38.19708899910937, 0.6323909148195942, 1.1367073642555372, [0]
-37.967089258383375, 0.5798403861073925, 1.1930574198390675, [1]
-37.76795510977646, 0.6235349532387585, 1.0170643248488218, [0]
-38.00287132283557, 0.7647865651675647, 0.8673087185878424, [0]
-38.06746663562246, 0.5322958877189901, 0.8844115762573617, [0]
-37.88350228749487, 0.6963768369444677, 0.996546406014275, [1]
-38.0352937692294, 0.6686710857777355, 0.963511489607809, [0]
-37.88651686087461, 0.5533294925439757, 1.1836987076457688, [0]
-38.19653592373774, 0.712397084503097, 1.0706981110615266, [1]
-37.994183185414165, 0.6830529390674748, 1.0784569583748616, [0]
-37.764519325908005, 0.5969929894589979, 0.930729647256925, [0]
-39.01915493717762, 0.6550823737139249, 1.360646926169562, [1]
-37.99376355424974, 0.6642950294654448, 0.9085477717042991, [1]
-38.05269739979142, 0.6129179147237943, 0.9874396696873781, [1]
-38.0029974192373, 0.5916453930234191, 0.9883704444950705, [1]
-37.992241424050945, 0.6359141744027319, 0.8350612842269451, [1]
-38.72929922570523, 0.5800979084186232, 1.0471079699485228, [1]
-38.32584969203812, 0.4741942154001247, 1.074926553162427, [1]
-38.007952375411854, 0.6644458422111675, 0.8684387976478523, [1]
-37.95688604340142, 0.6145932353806153, 1.07767306197001, [1]
-37.882753506221334, 0.5839553693695729, 0.9669536116761214, [1]
-38.35059889463537, 0.6533310226070589, 0.9154317665525293, [1]
-38.09126252027948, 0.5896822966305619, 1.191530813551045, [0]
-38.68005707904565, 0.6774131739413327, 0.6835825706837438, [1]
-39.72470846582628, 0.7779616132490558, 0.865462552067791, [1]
-38.818841729834325, 0.70234024703045, 0.8109907905756102, [1]
-38.19000688185514, 0.7107641849260181, 1.2811349106989005, [1]
-38.09647373997495, 0.6050295674780036, 0.9142619513751639, [1]
-38.5822937882859, 0.7265481293386538, 0.95874694592061, [1]
-37.73328768297884, 0.5912048372415613, 1.0086196507732714, [1]
-38.898053953699296, 0.6014346049102434, 1.0427044418229368, [0]
-37.955962627870406, 0.5578368372626004, 1.0318564782506645, [1]
-38.51084499891523, 0.7478385567393137, 1.2186502682155356, [1]
-37.99069944270322, 0.5010302514988775, 1.0281338832686882, [0]
-38.23731658349898, 0.7672535058643327, 0.8647102096654297, [0]
-38.114308264755984, 0.5144322151432302, 0.9846903219206381, [0]
-38.14834280792414, 0.760974553513591, 0.8173289530736176, [1]
-38.52240285537166, 0.6885391746630106, 1.0640773349979875, [1]
-37.91466197565505, 0.7121046129628934, 1.1546024423303765, [1]
-37.9058041650497, 0.6288463041317551, 0.9398914064391948, [0]
-37.84157807906985, 0.6087169543661985, 0.9616867112780634, [0]
-38.20488549793558, 0.6685853031965262, 1.1058252058413058, [1]
-38.44146844127592, 0.7495333498189773, 0.7209406999551454, [1]
-38.26347094530301, 0.6030726345881785, 1.1262118978480977, [1]
-38.0492240328552, 0.7029925274270388, 1.1731180443299523, [1]
-38.61795851665034, 0.6678212000817143, 1.4458022214143151, [1]
-38.12919371692907, 0.4710351988819233, 0.6887826343309753, [1]
-38.1890836840848, 0.6350975244674071, 1.0361542919163051, [1]
-37.96748745828736, 0.596497708610273, 0.9480982268282936, [0]
-37.92683581866185, 0.6798671358481945, 0.9256277753901977, [1]
-37.93574568438238, 0.6552855832402854, 0.9556601435615202, [1]
-38.28714352511317, 0.549020981847119, 1.2289545702831235, [1]
-38.269102374442035, 0.6685148032168929, 0.8334284970283671, [0]
-37.95846856597717, 0.5669052254010873, 0.9316045470899967, [0]
-37.927897502352, 0.7005165993003284, 0.8745174834337228, [0]
-37.95919066985547, 0.5752461328894005, 1.1142866665435534, [1]
-38.02952006619813, 0.6584234076580747, 0.8988137082964776, [1]
-38.04926901998189, 0.4955080639652458, 1.0113358002077786, [1]
-38.10462262898003, 0.8731123388742094, 0.8919027311567875, [1]
-38.06188099098356, 0.666978563315081, 1.0612368477469354, [1]
-37.78107648119946, 0.6335703358718144, 1.0427769047590945, [0]
-37.67927695327817, 0.7135371274801452, 0.8704817860724257, [0]
-37.96285152648999, 0.5767785939194059, 0.7832893693496454, [0]
-38.00404494775062, 0.639362138455454, 0.9067091276094246, [1]
-38.29781892102596, 0.6603273049859032, 0.8555709567195866, [1]
-38.53841406090003, 0.6459143370105308, 0.6054575453237684, [0]
-38.530784059641235, 0.55647314987837, 1.1224530972622355, [0]
-38.33217613122112, 0.44280446022112335, 0.8976977393641015, [1]
-38.045068568854, 0.623414823847981, 0.9828534665000763, [1]
-38.221696195700765, 0.7004932291914421, 0.774498390732725, [1]
-38.105128878286735, 0.6971965320312923, 0.703526881550883, [1]
-38.4383422223338, 0.6678098565910027, 1.2789131291748828, [0]
-38.198655135795796, 0.6229062175836814, 0.9494054530743102, [1]
-38.17382776645858, 0.5459876817013419, 1.1332160803080873, [0]
-37.97491663020267, 0.7431666298732493, 0.7719259595598708, [0]
-37.78979389190697, 0.6439611181382864, 1.0454728465482286, [1]
-38.39402773708387, 0.7427645545925933, 1.1496574732092883, [0]
-38.162220546059864, 0.6334979323610063, 0.731647356628363, [0]
-38.08891838874161, 0.6268607689810648, 0.7927216830578558, [0]
-37.926322229673374, 0.5886423545901288, 0.9359856928564049, [1]
-38.167935788293015, 0.5777503069261255, 0.7767034663383694, [1]
-38.17993387587082, 0.5651442740979125, 1.1074660969913783, [0]
-38.27537036145169, 0.495011138679104, 0.8594018114970688, [0]
-38.49139509749358, 0.6555537008843548, 0.7986683793161975, [0]
-38.12029172749981, 0.5843879328014869, 1.3061301865722563, [1]
-38.15804459737058, 0.7150988770958585, 1.026452510309909, [1]
-38.22894489486708, 0.5842017581435316, 1.1924864649729885, [0]
-38.127282001323344, 0.682866310014672, 0.819790602217928, [0]
-38.09949962260178, 0.7459327945672563, 0.9453035749917875, [0]
-38.30433490967063, 0.6184349040305228, 0.857095278411685, [0]
-38.14477856469078, 0.5042544233499914, 0.6087449306407582, [0]
-38.16336846484218, 0.7108184641112666, 0.9483276552270278, [0]
-38.14518484439414, 0.6501601446384003, 0.6779138086791066, [0]
-38.008300878966196, 0.7023580406876082, 0.9375012868342201, [0]
-38.00519250019056, 0.5717238085381459, 0.915322903292156, [1]
-38.00399141932628, 0.5638059555716176, 0.8682510393608708, [0]
-38.041043378535285, 0.6660864298873269, 0.9651565355330586, [1]
-38.34699366351058, 0.6021507425378815, 1.2028578404249097, [1]
-38.270247181805395, 0.5899329020927048, 1.1084576082962607, [1]
-38.26942101021373, 0.7201173299236416, 0.9079549199052108, [0]
-37.86684473397741, 0.4923389195187617, 1.1302123504380865, [0]
-37.845934341929826, 0.5754523760247169, 1.0660518728607482, [1]
-38.650750812710896, 0.6116047309576721, 0.7037812565173875, [0]
-38.445205951067706, 0.6493307605011184, 1.0410931024488776, [1]
-37.94761423597219, 0.6605434198237363, 0.9805939983370411, [1]
-37.80841245943809, 0.6302751068095762, 0.7776513796652554, [1]
-37.89461666298583, 0.657517677536045, 0.8514677664431208, [1]
-37.80965208682011, 0.5764333980753545, 1.1124025770786847, [1]
-38.04707186696152, 0.5492067061122603, 1.1665308190845098, [0]
-37.75229397245454, 0.5537431460914235, 0.984109723966479, [1]
-38.09144375967964, 0.5529998936071888, 0.860093570602719, [1]
-38.22146802842872, 0.7036581111042975, 1.068052999849197, [1]
-38.618896936055904, 0.5874129186502595, 0.9862026158375374, [1]
-37.84603289039789, 0.6273018069363591, 1.0321128793072283, [0]
-38.24689587629081, 0.737281807672757, 1.194069977791997, [1]
-37.90220733055887, 0.6156089316782549, 0.9758370876849781, [1]
-38.072774377909504, 0.5292939611075869, 1.1874308105006497, [0]
-38.498477708985206, 0.6177480933358761, 1.3834542866319, [0]
-38.25862127000806, 0.6118521849599117, 1.121427159608011, [0]
-38.04780241203424, 0.6598558451732168, 0.870204908539521, [0]
-37.91187812941188, 0.4954769583275852, 0.8874119155434006, [0]
-38.43214241867372, 0.6665044113662807, 0.9973328404935025, [0]
-38.02862605823553, 0.6478854889293758, 1.0654235943417785, [0]
-38.39202251227138, 0.5613567367942547, 1.0271423615701862, [0]
-38.085797761373534, 0.6769221406738636, 0.8261762621752342, [1]
-38.303784671104964, 0.6260488942619842, 0.9335598402719211, [0]
-38.51856470407103, 0.5285638184881847, 0.8532291912996992, [1]
-37.97562962859421, 0.682941160550535, 0.6673084731553536, [0]
-38.24422517341667, 0.5438372759096057, 0.9088881849364283, [1]
-38.108798600435684, 0.7040106724961864, 0.8115202725265167, [0]
-37.90907034010758, 0.6244406151683984, 0.7679211433422819, [0]
-38.37853140397904, 0.6566874095630543, 0.7817777350769959, [0]
-38.04257015656383, 0.528357701041701, 0.4906536773757044, [0]
-38.03380004753722, 0.5137162539442321, 0.8291255091044756, [0]
-38.44046403475094, 0.6751277513569812, 0.967983049790369, [0]
-38.20308927144337, 0.7181100351131823, 0.809904248131797, [1]
-38.05794078854278, 0.7103648789891241, 1.1992687361119074, [1]
-37.87277955260683, 0.5098224229541514, 1.060608866196087, [1]
-37.83798092992634, 0.6061588679309624, 0.9754814185792643, [0]
-37.824049207981204, 0.6442261301868153, 1.0767005130346838, [0]
-38.07106540061061, 0.6881017127321739, 1.0841024324043387, [1]
-38.10219826195233, 0.6769113274559166, 1.1108054227397344, [0]
-37.89004219062849, 0.7460761669039564, 0.8521858114712655, [0]
-38.018388703655056, 0.6062213906570202, 1.0669649514354693, [0]
-38.15665483586628, 0.5377099736040093, 0.8582615356234023, [0]
-37.93269913355307, 0.5800853192238883, 0.7370050564426953, [0]
-37.96732453108976, 0.6197937948489263, 1.0902443040655938, [1]
-38.27436690980189, 0.6562177665020106, 0.7828915964342148, [1]
-38.00724160431985, 0.5906897886289766, 0.8729339832686746, [0]
-37.7703834191809, 0.6784841340068073, 1.1573171821896697, [0]
-37.86589699296305, 0.594756228170761, 0.80528492412167, [0]
-37.9783203424086, 0.5239568833446685, 1.007818417370519, [1]
-38.1202609241191, 0.7349247295340405, 0.743027174360215, [1]
-38.320439478927604, 0.7165117847460896, 0.7085029599533195, [0]
-38.393707124894064, 0.6409450520050738, 1.073179961930641, [1]
-38.099635588222895, 0.6060554480621758, 0.691755248479187, [1]
-39.32579106933007, 0.6404286040995002, 0.6423826876546378, [1]
-37.912030570930746, 0.5753669968208333, 1.0321443524422085, [1]
-38.335300285277924, 0.5447683835410397, 1.0869964935009582, [1]
-38.18391841862989, 0.6346156491863092, 0.949267642977933, [0]
-37.946607793951756, 0.7010474755659507, 0.658659524594253, [1]
-38.225977713604195, 0.5394183301719722, 1.0588314963813683, [1]
-38.898901861098594, 0.7582398765349403, 0.7601933660627201, [0]
-38.34979431071448, 0.6419688642250584, 0.8721327949074895, [1]
-38.22030135712328, 0.546918863367219, 0.9382782587242018, [1]
-37.86667782008445, 0.6303981516536904, 0.9751348166115205, [1]
-38.239521865849774, 0.684529387009194, 1.2414128759052563, [1]
-37.9732278992468, 0.656206526753421, 1.1148626697352486, [1]
-37.90159522746528, 0.5927193160602318, 1.1020092262375756, [1]
-38.34404848784169, 0.5599855588112407, 1.1376462000485563, [1]
-38.008698064216404, 0.6625704304056262, 0.8135332969616844, [1]
-38.46708653785087, 0.510168732917853, 0.7973900488039534, [1]
-38.02646936288831, 0.6638941840271322, 0.7031848638512571, [1]
-38.058426634329095, 0.675397505205892, 1.0123764151536223, [1]
-38.03735185725141, 0.7302274162498092, 0.7891061414685909, [1]
-37.978347500958655, 0.742363001099161, 0.8230598361414536, [0]
-37.9421686423832, 0.7335366341095959, 0.9767422517291666, [0]
-38.496482751804216, 0.6297226724201318, 0.9364627439458386, [0]
-37.93119758396323, 0.6635791968180347, 0.8167309990700992, [0]
-38.181564824687484, 0.5200475053894567, 0.903965441737029, [0]
-37.74865655516339, 0.6493775498260131, 0.8303993156850301, [0]
-38.497447304570635, 0.583613746738728, 1.1973889254873764, [0]
-38.149025034119695, 0.6481263796018703, 1.004027858112154, [0]
-38.50007337650497, 0.48688248513596577, 1.1084227153401827, [0]
-38.39473580824709, 0.7061874790564335, 0.5055226443149053, [0]
-37.91633748984902, 0.6911056798463027, 0.8560141702922852, [0]
-38.41304276707571, 0.6443390597599474, 0.9628902201598716, [0]
-38.007441101878634, 0.7288537271037133, 1.091119544700004, [0]
-38.086450157311326, 0.6892082216811796, 0.8704249783756149, [1]
-37.86161437656858, 0.5882555534478456, 1.049824635565632, [0]
-38.497261274794056, 0.595359919659014, 0.6958788106022404, [0]
-38.00737501534522, 0.5087805171070604, 1.212949941425927, [0]
-38.50059919525641, 0.5832615083895393, 1.1336822803965452, [0]
-38.18039622693947, 0.6439494528565551, 1.1827112527043937, [1]
-38.681919916188036, 0.7270429181211318, 1.105655790056904, [1]
-38.29436164633685, 0.6364334115828264, 0.8020334639678629, [1]
-38.216177925342414, 0.5805087889293483, 0.9696794973828015, [1]
-38.05564438822978, 0.5505172890696072, 0.9963970914318507, [1]
-38.07821424434131, 0.601287278612893, 1.0878108299256417, [1]
-37.96098758500157, 0.6042235869306719, 1.1178557598213086, [1]
-38.38235571764895, 0.6413952536916863, 0.653941989411537, [1]
-38.271199348602515, 0.63808002131449, 0.9075352081754491, [1]
-37.87225932573052, 0.5671668829272603, 1.0485760076147315, [0]
-37.91055810490207, 0.7155930331212045, 0.8697484438311096, [0]
-38.770087149479835, 0.6284015332580803, 1.1220711768187914, [1]
-38.13438189144983, 0.7114672281128078, 1.1603730356064281, [1]
-38.29122511533483, 0.6249528141605019, 1.1804877894125152, [1]
-38.49082714655517, 0.6816301797820881, 1.1128197286255344, [1]
-38.083840773498835, 0.6124353610786265, 1.0251487259205516, [1]
-38.546604159626625, 0.6071774441842066, 1.2064015435661282, [1]
-37.87393382729461, 0.7101844399504538, 1.1554821420028185, [1]
-38.22166306347126, 0.7396546411485649, 0.9597534344238079, [1]
-38.11497210638233, 0.674590986274087, 1.1052793206791818, [0]
-37.72298181076801, 0.6317335170828744, 1.0708672220287254, [0]
-38.16730902953666, 0.5376154685827754, 1.2218821665353634, [1]
-38.31862796994481, 0.6243276376301454, 1.0768754037488586, [0]
-37.97840875548807, 0.6730184890606318, 0.8281874934751722, [0]
-37.953339186841646, 0.6626704837831847, 0.85788560071531, [0]
-38.52123995918087, 0.7433329106896819, 1.236369647113849, [0]
-37.920897710248056, 0.6313674384243686, 1.1697950933490755, [0]
-37.982648427429716, 0.7200453320440208, 0.9115053437979741, [1]
-38.212705317180564, 0.6309139453929499, 0.9620777583685015, [1]
-37.9184617344117, 0.6880271939511569, 1.2576135513326356, [1]
-38.146761194586695, 0.6250626259064838, 1.0444879192321126, [0]
-38.01300784359963, 0.6810155256773573, 1.2630242191410928, [0]
-37.96419795252292, 0.7307514566522719, 1.0270822364815955, [0]
-37.88667241216691, 0.6051616704156945, 1.003538553712085, [0]
-38.11107448913155, 0.4515919098198339, 0.9086808758202551, [1]
-38.00795758528675, 0.6112709703617161, 1.126574154481288, [1]
-37.85502843795351, 0.5959028865187525, 0.9969431900137378, [1]
-37.74105171011762, 0.6151552503835216, 1.058369806693844, [1]
-38.444090907011116, 0.6393533615799308, 1.0526272345443006, [0]
-38.09870203492994, 0.5096042199828476, 0.7748731072306339, [1]
-37.98589526973089, 0.6928042148600269, 0.9561805086642121, [1]
-37.97946228856017, 0.6405421830250875, 1.0084603468662336, [0]
-37.89890509326434, 0.5954376562777488, 1.071155024370474, [1]
-38.20060314380302, 0.5821536460382362, 1.0210152030495305, [0]
-38.404175990722216, 0.6343448474817999, 0.9733695456762567, [0]
-37.751251640300964, 0.6377622969831855, 0.7791038101543963, [0]
-37.79115991121174, 0.5780417136667336, 0.8923603930894348, [0]
-38.31071752013115, 0.49452262813480463, 1.293246333448849, [0]
-37.86051396448564, 0.5839561994321414, 1.0764562757530325, [0]
-38.130518937854205, 0.6425940311497107, 1.1102159915583656, [0]
-37.651230011594684, 0.6925234499463825, 0.9639780944633586, [0]
-38.14058651810428, 0.5493720819506708, 0.9399888985936804, [0]
-37.84491340633306, 0.5884442856729135, 1.1593645599423095, [1]
-37.954318573800236, 0.4715851114383605, 0.793263218107435, [1]
-38.28350175877813, 0.647183072396854, 1.1894656676545914, [1]
-37.84741006110324, 0.5554103048049571, 1.0937359058669418, [1]
-37.963470770842086, 0.5169435797687936, 0.7035536279270712, [0]
-39.02769244236495, 0.5106964222306751, 0.951465246833768, [0]
-38.64072064336899, 0.7845561373626693, 0.7779566245867446, [0]
-38.15253079475749, 0.7211754557964459, 0.9216907164552679, [0]
-38.148572539413166, 0.7089735833149841, 0.7548958282808492, [1]
-38.03635464958863, 0.49056936186055433, 0.8713432121368047, [1]
-37.89170107739011, 0.641266878808353, 0.86132396371107, [1]
-38.48260499887248, 0.684177058799987, 1.1015066375696914, [1]
-38.09198654452751, 0.4402406344191397, 1.0787762092543174, [1]
-38.56579110901146, 0.49306595547652804, 0.8293829389535018, [1]
-37.93898871772143, 0.5594709161390984, 0.908350751652116, [1]
-37.894371531094315, 0.6976222695159686, 0.7602682483441398, [1]
-38.36306936150981, 0.5653675768512576, 0.8740169885288824, [1]
-38.860003737711665, 0.7099597116398124, 0.5666923130327275, [1]
-37.86510156613308, 0.5680056887041655, 0.7743719824988359, [1]
-38.35078994667481, 0.5941104218198013, 1.1619637044836788, [1]
-38.288949699235125, 0.7043121447745224, 0.7890528635497114, [1]
-38.18362390338721, 0.6503576444654761, 1.1808023254305782, [1]
-38.09583424185698, 0.6409663075505329, 1.0191920128809822, [1]
-38.3832278423209, 0.43536442370017636, 1.0790853301943173, [1]
-38.24060821300531, 0.5555106044294226, 0.8301575981603087, [1]
-38.25364362867042, 0.47074301244555716, 0.8573534710634247, [1]
-38.58686135528541, 0.6629441965065375, 1.1702908504322451, [0]
-38.029236866025855, 0.5647715745870293, 1.0991144247132845, [1]
-38.03060401505339, 0.6069427846650425, 0.9689541310240899, [0]
-38.260008192055615, 0.5699223508717397, 1.0994699948822457, [1]
-38.30492110061452, 0.5243434367620418, 1.2230170238990414, [0]
-39.05619945421857, 0.5937022682046358, 1.1484713364077432, [0]
-38.07609237910965, 0.569629654812579, 0.7772025122857333, [0]
-38.01891603457712, 0.5663307849831267, 0.9419101903223905, [0]
-38.132967841748254, 0.6039217971510102, 1.1154698780556023, [0]
-38.29532255321497, 0.5984140390303975, 1.0096386340167665, [0]
-38.04165695293508, 0.6047662781425494, 1.0164944934331472, [1]
-38.30843304453798, 0.7216302670915749, 1.1126100120767433, [1]
-37.998410536289704, 0.5736127480362324, 0.8381434791970076, [1]
-38.15819294937616, 0.5824033005352455, 0.8781465370057294, [1]
-37.889120575980336, 0.625188068254493, 1.0808575102217288, [0]
-37.98229201627666, 0.5961247910409935, 1.3200533325864, [0]
-39.28101634242202, 0.5886430970632395, 1.2459664011459555, [0]
-37.82082423691652, 0.6701478448040888, 0.9698351700071477, [0]
-38.32762152416386, 0.6870380986591291, 0.9995365627304038, [1]
-37.70701353096813, 0.5982636623991378, 0.7726319301849661, [1]
-37.885859893119544, 0.5623134666967512, 0.9288032223479252, [1]
-37.836504712680416, 0.654014282988688, 0.8373322281524269, [1]
-37.95956097587087, 0.542511343260121, 0.8660157764792393, [0]
-37.8811571708078, 0.6781342697047698, 0.7654906427282866, [0]
-37.79418803770645, 0.668418364088781, 0.8671524470253255, [1]
-38.10059386640928, 0.6045279113510131, 0.9741577235269954, [1]
-38.16939012091295, 0.7205163808354926, 0.9076717356059364, [0]
-38.04266785532855, 0.697622868797593, 0.7121086313517808, [0]
-38.105963384252256, 0.6939146471252685, 1.0944788866903146, [0]
-38.26626998147388, 0.640025399639896, 0.9635627052657163, [1]
-37.85127040612894, 0.6486438926872868, 0.9581006165093762, [1]
-38.712010235204154, 0.7632924061921194, 1.4495407360322479, [0]
-37.85141074848409, 0.5503484806040443, 1.0407853204562005, [0]
-37.990925362247076, 0.6588409158149067, 0.7955357742564158, [1]
-38.190230874257814, 0.6505195383588143, 1.0811780238341548, [0]
-38.35806848470285, 0.5123990623471866, 0.9102301396013895, [0]
-38.27340247925029, 0.612217166624087, 1.3020484927089806, [0]
-38.3475243264273, 0.6354056349400867, 0.9023852618854947, [1]
-38.007353161744035, 0.6837834886413067, 1.1109527922891445, [1]
-38.43602501626914, 0.4884066381914829, 0.6323294529796412, [0]
-37.70437528679597, 0.633683206056277, 0.9843067238526475, [0]
-38.19510020631373, 0.6128978006495468, 0.9893562330143431, [1]
-37.94639952604787, 0.5895520703449154, 0.8068084492076038, [1]
-38.171905305099486, 0.6474914035247874, 1.089409911472175, [1]
-38.25186198520683, 0.5177649047263195, 0.7411486248975339, [1]
-38.009614162815666, 0.5606621590207589, 0.9789789108927485, [1]
-37.93251378804876, 0.6332008842343352, 1.0435166147696453, [1]
-37.907097896234674, 0.6120110634831932, 1.194364387627326, [0]
-38.07725862653532, 0.6376561801976356, 1.1620117016519946, [0]
-38.2894412744075, 0.7034797149392394, 0.7557257904792406, [1]
-38.16816789532638, 0.6476834390966346, 1.042183731613306, [1]
-38.1784905696328, 0.6829006219917078, 0.7892822151033285, [0]
-38.03400757890437, 0.5274757780241658, 0.8640157774530769, [0]
-38.312254171857816, 0.5549963670044078, 1.055327963943982, [0]
-38.55575155805903, 0.6481810472052959, 0.7554489912075903, [0]
-37.79884581038823, 0.6308637472937526, 0.806445125557962, [1]
-37.96013473939075, 0.631983958949213, 0.8315185663690031, [1]
-38.20223439652357, 0.655328253694666, 1.1513930147248403, [0]
-38.57372653513649, 0.5571659382824588, 0.7295290259069137, [0]
-37.9171320277067, 0.6121257966687254, 1.4495497278148464, [0]
-37.88304606955547, 0.5471911045854504, 1.061495570559817, [0]
-38.118705138279964, 0.6269246380977518, 1.014945706614184, [0]
-37.91223637923716, 0.5820597028367729, 0.8900013996493858, [0]
-37.962413726851196, 0.6500368273816324, 0.8842672342091467, [1]
-37.993739362207094, 0.4411533242438012, 0.6500108536445409, [1]
-37.86812672350081, 0.6065730288887138, 1.0388036054238448, [0]
-38.26785790388879, 0.6467523596401091, 1.1303171114091097, [0]
-38.53803047852871, 0.7493640529016986, 1.0653424242058478, [0]
-37.89366181647917, 0.697273330609501, 1.0052764753324723, [0]
-37.93614525783482, 0.5426495223803457, 0.8284223516997632, [0]
-38.27249843677577, 0.6906830687294276, 0.9683113779332183, [0]
-38.51018508257092, 0.5815165146540459, 0.784320391547062, [0]
-38.34080332778047, 0.7836639363822847, 1.0048685169402298, [0]
-38.19656036433669, 0.4620260056388881, 0.9200745130412349, [0]
-38.2729333062071, 0.7717554159485289, 1.009265713964348, [1]
-37.926217119925774, 0.6083486210176475, 1.1441312886798116, [0]
-38.07480866054133, 0.633197576025007, 0.8671265026121545, [0]
-38.15760301024078, 0.7346467609160685, 1.0158591020349896, [0]
-37.900421671981654, 0.6064288843136629, 0.8494230193020377, [0]
-38.04341762584937, 0.7325306865690259, 0.8708080054948754, [0]
-38.102345806458665, 0.710912694543528, 1.012648238021598, [0]
-38.88956269256059, 0.7255514585192202, 0.7042634110733138, [0]
-38.49103723986071, 0.6274606538809684, 1.222008100092986, [1]
-37.82582110906427, 0.7153318370616436, 1.0701597631733015, [0]
-38.149690230932116, 0.71308364326579, 1.0083374465971013, [0]
-37.99733804637818, 0.7172332553568599, 1.0149095259633285, [0]
-37.68153368673995, 0.6099687225705672, 1.169128389202767, [0]
-38.25772876875059, 0.6922555288229865, 0.9906636534398261, [1]
-38.18085945615197, 0.758622751854058, 1.0143312811151721, [0]
-38.12741816298831, 0.687906120282659, 0.8709631164564923, [0]
-38.42305931115427, 0.5896417164868893, 1.0819542172127656, [0]
-37.93768498363052, 0.5647218831951902, 0.7092815193833792, [0]
-38.29742506501893, 0.6009919054577613, 0.7103179700358215, [0]
-38.0857299847406, 0.5273739417399437, 0.9175091885743333, [0]
-38.170556151489386, 0.7067410324672218, 1.1189469148652458, [0]
-38.64201592546028, 0.5315689219499513, 0.9241966624725919, [1]
-38.04181865954585, 0.529560781103727, 1.1829551210202243, [1]
-37.99792488239244, 0.5205685838868155, 0.728959044907173, [0]
-38.10797033316947, 0.5440199881530668, 1.0819163905799465, [0]
-37.9181259929407, 0.5860385245181653, 1.110314978680555, [1]
-38.07571418392177, 0.7024715691102931, 1.0026552685658467, [1]
-38.566651221130805, 0.7465900629326541, 1.0126592805667738, [1]
-38.17796122322746, 0.5572067642550251, 1.0055103924240991, [1]
-37.85056593816806, 0.5781632422403747, 0.8840873099698319, [0]
-37.973632903480734, 0.5927570148125195, 0.9654910390307735, [1]
-38.1398277941771, 0.6114422293072532, 0.791289217019868, [1]
-37.90015254144153, 0.650305998215194, 0.8645099258738568, [1]
-38.08230610460995, 0.6114711956484209, 1.0847130655795723, [1]
-38.50471695547614, 0.5268946461911801, 0.5756796580679537, [1]
-38.30915200201344, 0.6382258679548608, 0.8660698392148304, [0]
-37.923498611714706, 0.43898616611598806, 0.6393952592502457, [0]
-38.35214852699194, 0.6993114288958594, 0.7889953700857791, [0]
-38.374447462105685, 0.5595984238831959, 1.0176197373431894, [0]
-38.34185587991808, 0.5582519838035922, 1.0398722584341964, [0]
-37.95818418069461, 0.5273393413154057, 1.078990095588843, [0]
-38.08116692611576, 0.6602853127639496, 0.8217623576661712, [0]
-37.86615907843809, 0.5380982899777601, 1.1585884982652774, [0]
-37.74700204539057, 0.5560527728718343, 1.1569369175406028, [0]
-38.50142544425843, 0.5963227217000666, 0.9036527005686836, [0]
-37.82421752458876, 0.569937713787392, 0.8643999271054611, [0]
-38.3523615827813, 0.5143931830871945, 0.9207030135025662, [0]
-37.8738604050852, 0.6035820984758297, 0.9275019684186689, [0]
-38.435383612335805, 0.5732211364686577, 0.7607825877951295, [0]
-38.17368548293765, 0.6714484940143507, 0.7973080185108012, [1]
-38.163944263322044, 0.537097729567056, 1.0831594938280857, [1]
-37.93443250845916, 0.6053353571574354, 0.9423650589518783, [1]
-38.02835178197883, 0.5647007806419202, 0.8542571480422226, [1]
-38.24957834448339, 0.5380266276608368, 1.230531723733554, [1]
-38.44272987143789, 0.624550101075415, 1.0586932023230644, [0]
-38.07214632346484, 0.5468082213783996, 1.0584749168818834, [1]
-37.848118078931435, 0.6611905262733636, 0.9134871170091897, [1]
-38.01291980070689, 0.7938346700238251, 0.9035168749372537, [1]
-37.890546474675446, 0.6097760254721802, 1.2129256702246014, [1]
-37.94528004111435, 0.6787945752407829, 0.7772212738066729, [0]
-38.27412586240135, 0.6817330743586978, 1.2034106730188565, [0]
-38.149964930875875, 0.6293405942817759, 0.9509646409832355, [0]
-38.25170675781718, 0.6993998760419379, 1.0422291992239516, [0]
-38.46719871845367, 0.5738573176949011, 0.7042458515715116, [1]
-38.61559073595217, 0.6630895581052905, 0.8407131166263629, [1]
-38.516459154670315, 0.641037489071869, 0.8352252727433989, [1]
-38.09482113357786, 0.6598695805052822, 0.9876542961608844, [1]
-37.97489836452723, 0.6266877349016404, 0.9988469119021601, [1]
-37.9562709846758, 0.5757163263830885, 1.0072965592484633, [1]
-38.032119881212544, 0.6356463259551207, 1.0237056901297625, [0]
-37.8165180702414, 0.5223311263478801, 0.8923904031299287, [1]
-38.29933006014988, 0.6944235772045197, 0.9744771092056354, [0]
-38.28403799808818, 0.5937561046465325, 1.144557469634585, [0]
-38.02462659164557, 0.686421898909729, 1.0084507423243818, [0]
-38.297256628573415, 0.5120661172342801, 0.9652574607534485, [0]
-38.952077346168956, 0.7511887043276615, 0.8046026997330932, [0]
-38.22102839067908, 0.6986151041362922, 1.1714078565228034, [0]
-37.65541259003701, 0.6128735052700919, 0.9374526098113283, [0]
-38.17447273213056, 0.5794142020713411, 0.6775869890046319, [0]
-38.07425779993209, 0.5046058370307984, 0.9489558298871066, [0]
-38.031805200927714, 0.5167299696567849, 1.0152458177877794, [1]
-37.81916090124631, 0.5521310469670475, 0.9009807498361615, [0]
-38.246308587840915, 0.5249073230797722, 1.076157215840389, [1]
-38.148335101265175, 0.835909928887318, 0.9437986804034166, [0]
-38.165087431985896, 0.5636720204532396, 1.2810954078044485, [0]
-37.90444281854304, 0.6663815216706475, 1.0260934804057673, [0]
-38.51307110596042, 0.713605325947516, 0.8792810978881477, [1]
-38.43323084992049, 0.764353923285566, 1.103640320233994, [1]
-37.848207953067195, 0.5929093196545593, 0.8175692796769035, [1]
-38.0759205218884, 0.6006550795705792, 0.9921730536779414, [0]
-38.50267468108608, 0.7538929529303918, 1.0078979198193099, [0]
-38.274406073478815, 0.6601197113165396, 1.0306487951960206, [1]
-38.099244568254804, 0.5609416612962057, 1.0174285844905335, [0]
-38.32122165384449, 0.6389322381206665, 1.1185481146125016, [0]
-37.99770128779358, 0.6470119440401618, 0.9804454904797703, [0]
-38.12234024579494, 0.6482828156807416, 0.8482277379302327, [0]
-38.441884252093296, 0.5848329215512281, 1.1279626185674396, [0]
-37.97041436236474, 0.6909654524687969, 1.0640644730737159, [0]
-37.9439381504171, 0.5608797516066143, 0.9375900038032451, [0]
-37.94692377543999, 0.664543473697368, 0.9462642450712171, [1]
-37.88028969564451, 0.5620907767764599, 0.9657345279396673, [0]
-37.823217577093764, 0.5551484994236144, 0.9949868413149178, [0]
-38.104019431380266, 0.6211803969531042, 0.847111332265718, [0]
-38.1562063518819, 0.7246968997136354, 1.1492187809058012, [0]
-38.2576434622351, 0.5979058212267903, 0.7641295558517248, [1]
-38.467847103755844, 0.6491528129377652, 1.147859357696507, [1]
-38.67992807233731, 0.6395928517964724, 1.1973051970045314, [1]
-37.922730375452936, 0.5048532112934758, 0.998936031576467, [1]
-38.07588780528212, 0.6350915273761164, 0.8297455205359668, [1]
-37.95028976706396, 0.6614992478905177, 1.0295097658342371, [0]
-37.919556786430896, 0.5945955249328497, 1.1884197272725079, [0]
-37.94972904337389, 0.6412283139873454, 0.8349475819633803, [0]
-38.562665038906275, 0.606562930092568, 1.0222072377431832, [1]
-37.85922895412678, 0.5988493280548435, 1.0152646790327862, [1]
-38.1980457591432, 0.4739205905687569, 0.8957386411624139, [1]
-37.79830030856101, 0.6694449587814693, 1.1996905911146878, [0]
-38.12257972688847, 0.5491212122004125, 0.9492555019640992, [0]
-38.403859188256504, 0.624227397269608, 1.008532175635251, [1]
-38.049850734651244, 0.5142016663922221, 0.5856534432726905, [0]
-38.40320326013183, 0.5755729257894732, 1.2835410782632692, [0]
-38.04352717558816, 0.5987794436953616, 0.8102071903026808, [1]
-37.8996833878991, 0.5473291028403291, 1.0146960852348683, [1]
-38.08190681616776, 0.711008067746792, 0.7193883834669266, [1]
-38.46859349005698, 0.645192505166108, 0.805109770440426, [1]
-38.16643827238633, 0.6207238087968339, 0.7403861152298533, [1]
-38.59903280997958, 0.6488428408118797, 0.8302613638952947, [1]
-38.21848186534174, 0.7431809763990623, 0.9718178262917163, [1]
-38.24266542624339, 0.6070989346066097, 1.0033727532500185, [1]
-37.839534977931756, 0.649936821463541, 0.816822268299689, [1]
-38.039484935584504, 0.7652067662942743, 1.0810242902541107, [0]
-37.83998591646569, 0.6536183806360674, 1.0762016380832164, [1]
-37.85851509896113, 0.5776729253387226, 0.7516748330276728, [1]
-37.93380972942563, 0.5993880675601742, 1.1123681421915592, [1]
-37.92123080621142, 0.6137829059362745, 0.9288115876077205, [1]
-37.95870677744788, 0.5837542526403519, 0.726631052383325, [0]
-37.958191423653034, 0.5119310391785672, 1.0196396544275732, [1]
-38.35042987710342, 0.6606261229703545, 0.8009294923654221, [1]
-38.30406416466347, 0.7192621734153577, 0.8199991950668044, [1]
-38.28559903162234, 0.5240733142591221, 1.1642549987498103, [0]
-38.65966719757984, 0.700191805938294, 1.0089080054560344, [0]
-38.32993100353704, 0.5835926213392377, 1.123258116063659, [0]
-38.209946160407824, 0.664397074737236, 0.83859908044708, [0]
-38.13879187262851, 0.6716816800262132, 1.0485613154167654, [1]
-38.682113902168815, 0.5045712489224878, 0.7576383258825072, [0]
-38.322652557400495, 0.6664519362232124, 0.6374522337133531, [1]
-37.75827095785524, 0.6525032765576898, 1.0373947257199876, [0]
-38.36361735840693, 0.7118294139393369, 1.1726249234603394, [0]
-37.88389193326338, 0.5964392017538992, 1.0381075445724575, [1]
-37.848347250838074, 0.5812707151510044, 0.9615586885316205, [1]
-38.07022288478772, 0.736134473507462, 1.037248849346595, [1]
-38.07398173117833, 0.6901388960364201, 0.9681107695406447, [1]
-38.073934307221876, 0.6030584262027808, 0.7031934114404994, [0]
-37.93608223824627, 0.6771022905431856, 0.9153418067086063, [0]
-37.69032399821336, 0.7247998889645887, 0.94114896489879, [1]
-38.143111026023746, 0.6526843391850737, 0.9526707046018338, [0]
-37.948640638489316, 0.561937109271949, 0.9386327943426365, [1]
-38.35822755318878, 0.6374412743370711, 1.2000122158017443, [1]
-37.89153636649465, 0.5282174907046703, 0.910171507527732, [1]
-37.91119988480722, 0.5692985625007541, 0.8738631039536309, [1]
-37.9367968859808, 0.694135895278383, 0.9612712548142544, [1]
-38.22441586715468, 0.5167907966597172, 0.9301952231805835, [1]
-38.35569464100588, 0.5245190743283786, 1.238214448447686, [1]
-38.057862292935724, 0.603902220931045, 0.6733883291208356, [1]
-38.261280088905046, 0.6227109675456701, 0.8925199897662411, [1]
-38.31432896045859, 0.5469457982414627, 0.945777900110874, [1]
-37.88503600066493, 0.7052061565563699, 0.9781275493279208, [1]
-37.89870938614596, 0.6362004996407974, 0.9579599775575555, [1]
-37.94588865388907, 0.6713353104074019, 1.1093519847291282, [1]
-37.95018342522826, 0.5889922297794297, 0.8099363757560746, [0]
-38.24862025592344, 0.6199223315793319, 1.07554030868076, [0]
-38.155916918543994, 0.5881081045958582, 0.9407837142157769, [1]
-38.10829268366339, 0.6894425795448179, 0.7898473084040613, [0]
-38.06000347792901, 0.7143460499481511, 1.0146837934852555, [0]
-38.150812121577935, 0.6015713206160148, 1.081547552222765, [0]
-38.4860458433682, 0.7260379155660185, 0.9712207075012811, [0]
-38.095152388172735, 0.5777909394425965, 1.264078396253908, [0]
-37.98448723004652, 0.6803144322238522, 0.8947209420774798, [1]
-38.13550935501307, 0.6125781555156953, 1.0984539495937007, [1]
-38.02043563746738, 0.6292636573882973, 1.1937769233339324, [1]
-38.106535656163615, 0.5381397283196184, 1.0193310319788633, [0]
-38.38306799534922, 0.6016965374142603, 1.259744369051219, [0]
-38.128363029985564, 0.4997392987314255, 1.0507790585687329, [0]
-37.854099737461695, 0.506898432521113, 0.9817132595730186, [0]
-38.06027996043887, 0.6968747580138915, 1.0093269520292834, [0]
-38.37258611945846, 0.7124226886677442, 0.931121765556822, [1]
-37.92301070325788, 0.6679819665956757, 1.0527520925764522, [1]
-37.966693922100035, 0.6009870193093891, 1.003872307552947, [0]
-37.96180399731237, 0.5802686806572623, 1.1690686381578153, [0]
-37.88995906085262, 0.6949662616960819, 0.9012121012580427, [0]
-38.336264174434156, 0.6085960578989196, 0.7591000440106446, [0]
-38.24283609685991, 0.5855032876862752, 1.1530307695754347, [0]
-37.86633530435783, 0.5985485942336098, 1.1866766685845664, [0]
-37.912796679164565, 0.6499096588724016, 0.9557645380177343, [0]
-38.43170698705678, 0.6675329005258572, 0.8448235935608215, [0]
-38.15569635423061, 0.5591113830819273, 0.826296911724997, [0]
-38.132536606137165, 0.6921076108453257, 0.7266466483809231, [0]
-38.12547363435905, 0.7046457891546898, 1.0037499721215126, [0]
-37.77714639371204, 0.585068520589154, 1.095810963177061, [0]
-38.278128689354844, 0.7703482165754428, 0.8762554491536851, [0]
-38.492337768011716, 0.5329580562748655, 0.9157837838772886, [0]
-38.28173749725937, 0.5623972285382598, 0.9798680598217835, [1]
-38.18127260099285, 0.6251186156560427, 0.9095654864412507, [1]
-37.950282354151334, 0.6329361765508528, 1.0066366968298814, [1]
-37.93160976438081, 0.5992438104590926, 0.882662656167977, [1]
-37.8707386781031, 0.6565775538057272, 1.1967135406315035, [1]
-37.91305463570652, 0.5669679998043201, 0.9209607271446466, [1]
-37.93867976335476, 0.7075426368142822, 0.7311653869550803, [1]
-37.91619815760551, 0.6833682034042596, 0.6836612900727225, [1]
-38.304563198234256, 0.5367987444057206, 0.943979501864547, [1]
-37.93208931250194, 0.6424579250853948, 1.2187009371429158, [0]
-38.565627766100754, 0.6989879122499695, 0.8135889994381393, [0]
-38.18609952107384, 0.7011889529023191, 0.9515944621517681, [1]
-38.181871750126845, 0.587041599881344, 0.8344843672406004, [0]
-38.01919387141974, 0.650402638138487, 0.9993286735718905, [0]
-38.754889979442744, 0.7391198231159205, 1.180410670342726, [0]
-37.90401396275851, 0.5315199516847602, 1.0043891793371977, [1]
-39.240088130992746, 0.345524754698287, 0.9926123937568829, [1]
-37.9443515271836, 0.6220820042583681, 1.0145561762769373, [1]
-38.110489861084226, 0.4296787182701266, 0.6629240290368438, [0]
-38.45700251439602, 0.6452404716143885, 0.5642986792819549, [0]
-38.04231686686689, 0.5368101818206404, 0.6954121000266724, [1]
-37.7138727208418, 0.64103234393449, 0.9948753140097101, [1]
-38.070172441293735, 0.6001925196320327, 1.141337064077652, [1]
-38.19901786834481, 0.5960139794964106, 0.7451185796155944, [1]
-38.06976261609323, 0.5277235005720892, 1.1111658674829845, [1]
-37.70652859796946, 0.6213109810266566, 1.2282639016575856, [1]
-37.99628264468819, 0.5991081808277913, 0.8586248741551944, [0]
-38.01360582672623, 0.5574079802420013, 0.9207924151433016, [0]
-38.21048561597121, 0.667744408618797, 1.103551220887349, [1]
-38.00915164448091, 0.4991784800028342, 0.9397966383353851, [1]
-37.93424994593873, 0.6296831363638228, 0.8320728889305373, [1]
-38.106988600834796, 0.635411059144324, 1.089626367465289, [1]
-38.18318765808907, 0.5027238410170921, 1.042527193064734, [0]
-39.43034045714879, 0.7613209025128154, 0.6664342785480627, [0]
-37.82396569200233, 0.6758771477309684, 0.9141655353452405, [0]
-38.212074304778675, 0.5196874709051172, 1.0648824303612097, [0]
-37.98190911389438, 0.6632322428180083, 1.0420107217878298, [1]
-38.333001230121454, 0.6218075937296721, 1.0645580207628216, [0]
-37.928285620794234, 0.6292573054823652, 1.1899048646123305, [0]
-38.12756142145298, 0.6973675085396144, 0.7622279362779465, [1]
-38.42853021126919, 0.6300604398819101, 0.5475336990746449, [0]
-37.851960290530585, 0.7000385976991318, 0.7941305939496819, [0]
-37.971419857548874, 0.450614032116212, 0.8684385253179632, [1]
-38.41280833149521, 0.45306971196732915, 0.8212711312408342, [1]
-38.259044069976376, 0.6099232720952499, 1.1312726734684933, [1]
-37.91288862176422, 0.6698374757190085, 1.171472796171259, [1]
-38.09899443923781, 0.5343585115978059, 0.7866150735111163, [1]
-37.99317658580629, 0.5728625075075137, 0.9797967518354588, [1]
-38.500006844930596, 0.5924069763983026, 0.8999167620906308, [1]
-38.19824362087142, 0.6555364631468841, 0.5940796040806497, [1]
-38.53265141973522, 0.47295352712326144, 1.029628808776529, [1]
-38.19856819712249, 0.662588045490232, 0.8591230678961566, [1]
-38.26776546227233, 0.7214137531912285, 0.7940882675069513, [0]
-38.08341002134588, 0.6020124467412091, 1.0521626076974755, [1]
-38.15248446700629, 0.6831910389095128, 1.2157479961036048, [0]
-38.50360038086263, 0.6397639185147292, 0.7322990131025507, [1]
-38.328093479044846, 0.6481929645960461, 0.9197121299259654, [1]
-38.45355457915815, 0.6730858443768886, 1.1975325857876402, [1]
-38.07661436848146, 0.5529672193480029, 1.083254591258172, [1]
-38.844158383007404, 0.5135743862345599, 0.9783718257891463, [1]
-37.88629869153441, 0.5978859906499406, 0.9284276892759682, [1]
-38.046398164200895, 0.6421153031476763, 1.0856751153243385, [1]
-37.70507036523482, 0.621338508764379, 0.9784986427850714, [1]
-38.038351037997415, 0.6224520130855431, 1.3002134221507817, [0]
-38.20471139803497, 0.6636991452922911, 0.7942244411569666, [1]
-38.012610496492854, 0.6718327840250351, 0.6375746698022413, [0]
-38.38645587137043, 0.6811054564443304, 1.4786542400581077, [0]
-38.371090663007486, 0.5934204383569075, 0.8542218080518582, [1]
-38.31439410956793, 0.5941303548324499, 0.7990609099126631, [1]
-38.67480179756741, 0.6171252538438141, 1.0801411221846087, [1]
-37.86512019921128, 0.5375148142406749, 0.9942071431211678, [0]
-38.84062769879499, 0.6171139856035165, 0.8520445678107716, [1]
-37.876027742367214, 0.7801736961093928, 0.9398619430821844, [0]
-37.93296092107417, 0.6737214670861023, 0.826257438578149, [0]
-37.98684519400216, 0.6482920007380394, 1.180238246989318, [1]
-38.47002751860943, 0.5985490089658292, 1.2373903108065885, [0]
-37.83361837409466, 0.5647547288032472, 1.003263419310191, [1]
-38.57594594010865, 0.6563422810117218, 0.6559880385305004, [1]
-37.935065413792856, 0.6791594249325176, 1.056146295126035, [1]
-37.80453187361823, 0.600941264062053, 0.8352858887469365, [1]
-38.20297250058123, 0.6561670179171302, 1.081342136437093, [0]
-38.111954866972646, 0.5186447257953037, 0.9585139545559596, [1]
-38.58823597217496, 0.5241028748925688, 0.9613915220696738, [1]
-38.482749590088424, 0.6340641524817732, 1.0502514299669454, [0]
-38.65605351030403, 0.5416534132933977, 1.0979112648792169, [0]
-37.85514740348763, 0.6303716998885107, 1.0143680674599762, [0]
-37.88902051685051, 0.5812934593760786, 1.1216690411890313, [1]
-38.24140409353464, 0.7381416894357788, 0.7606845414033996, [1]
-38.10911267811676, 0.7146241774252722, 1.0732855391562408, [1]
-38.07331751723623, 0.5792904377328427, 1.0187316792264247, [1]
-38.655113859300045, 0.6071993192993006, 1.239668277052446, [1]
-37.97924773976254, 0.5930802143059452, 0.9208482526660624, [1]
-37.73552378025425, 0.6799336224840974, 1.006193584504778, [0]
-38.06676609476233, 0.5603218474541668, 1.180622314958863, [0]
-37.87622865190105, 0.6809058271942912, 0.8664094329366997, [0]
-38.0675867313376, 0.6548654704859934, 0.9062978903067263, [0]
-38.50714766907623, 0.47284743869004087, 0.9664694046570947, [0]
-38.856526248167484, 0.5536582215766491, 1.0938924598716606, [1]
-38.90938449590202, 0.6802044432928465, 0.8163078911494597, [1]
-38.116075805827414, 0.6550933972152058, 0.9521025430344121, [0]
-38.11461560734359, 0.6988431913115357, 0.9271422563560133, [0]
-38.6296845940916, 0.6515694121383956, 0.9218863891347004, [1]
-38.580439818577474, 0.6610052074075379, 1.1929531559455373, [1]
-38.17526571646637, 0.5340629744390611, 0.8710347554947583, [1]
-38.802150562327434, 0.5515990982379833, 0.987466658620715, [1]
-38.05032826655822, 0.5404814630663421, 0.8579755260191241, [0]
-38.02053360680013, 0.6395758101808349, 0.9622726119631635, [0]
-38.63802454057043, 0.606506349175082, 1.0662215964450066, [0]
-38.22303730909072, 0.7154906362216841, 0.9095193737678994, [0]
-38.03450226295879, 0.7690171828978921, 0.8017515824814534, [1]
-38.22462997991138, 0.6654725989117315, 1.1185861786790712, [1]
-38.14120103422309, 0.6347820053193287, 1.0818963159178066, [0]
-38.10174729554126, 0.5927999815046977, 0.9669246048389385, [0]
-37.83199838414008, 0.7231935592978973, 0.9108079799368328, [0]
-38.096166803744524, 0.7292914330374277, 1.228907367815369, [0]
-38.02200287493728, 0.6223428725525867, 1.045183474321743, [1]
-38.16827985977555, 0.6227402213111017, 0.8974338747999423, [1]
-38.06590661472674, 0.5870214877985834, 1.0265874030455708, [1]
-38.39475467067756, 0.4709487935529315, 0.7165816408297553, [1]
-37.84120625818192, 0.4983410164998302, 0.9314465171434485, [1]
-38.41789103900184, 0.45105225929062837, 0.9847222470665785, [0]
-38.08311774240175, 0.6847806248333067, 1.0560621672687187, [0]
-38.319532478007204, 0.476829401969155, 0.9625932709794591, [0]
-38.59965928339671, 0.616313673685689, 0.6737112010185128, [1]
-37.9818553384422, 0.5369270389448716, 0.952684902138635, [1]
-38.242533983182724, 0.6839944857828856, 0.8360989296223442, [0]
-38.10167064962102, 0.6882920984366462, 0.7746555093076668, [1]
-38.46566254171785, 0.6296002652430052, 0.6884143676920608, [1]
-38.03924174631878, 0.6041915268815292, 0.8866512365912977, [1]
-38.62294347015225, 0.5617611230961734, 0.8021398542870105, [0]
-38.47782984110254, 0.5772934380678976, 0.9309176617434591, [0]
-37.9592949404576, 0.6055032353034617, 0.8030409359486125, [1]
-38.40699119083372, 0.6236888231064229, 0.8651514672740771, [0]
-37.95852918308127, 0.6636298125143806, 1.23750993714607, [0]
-38.069457826325944, 0.5409706892146215, 0.8485241060777948, [0]
-37.78776096000985, 0.5946847815911303, 0.9117263246153787, [0]
-38.14560528263246, 0.6519366569001783, 1.2299557092758013, [1]
-37.961512597626346, 0.6748756083131191, 0.801616299998224, [1]
-38.300847416718106, 0.5442462248604883, 1.0292876753301454, [1]
-38.17294525825838, 0.6256505425205285, 1.065879617504333, [1]
-38.03301384499174, 0.6285897207388205, 0.9920557760252227, [1]
-37.98249439901766, 0.6804953899511543, 0.9697429871519159, [1]
-38.13531285902987, 0.7049857340100605, 1.0940949067969656, [0]
-38.141062702170906, 0.5067989908642732, 1.1548470896608576, [1]
-37.93813938114956, 0.6711692408556782, 0.9402977144597151, [0]
-38.04200376436904, 0.5249472409465857, 1.1565316091272284, [1]
-38.08767302469295, 0.5386776698089697, 1.0825814707042185, [1]
-37.952479561592, 0.5634043755551601, 1.1581205248303241, [0]
-37.89408537858083, 0.5835434261890995, 1.0702001223600046, [0]
-38.31691100235787, 0.6727451065041541, 0.903944908790736, [0]
-38.26089472458383, 0.5871824160859846, 0.6046645882367473, [0]
-38.08172241632736, 0.6689170752016156, 1.02838604768032, [0]
-37.83974551694965, 0.6559896550383418, 1.0692229055915248, [0]
-38.13390170569171, 0.6023823493529722, 0.9320415355211762, [0]
-38.02685080268433, 0.6266725533627092, 0.9556894404298935, [1]
-38.15710470494239, 0.6552002736987378, 1.1924590050904265, [1]
-38.30837131394132, 0.6362908629988683, 1.0481543649015725, [0]
-38.60782975597077, 0.6738190098228802, 1.0315862168969798, [1]
-38.050621870654496, 0.551231922668279, 0.6505087734976189, [0]
-38.40168738561765, 0.539075498526243, 1.09064803468643, [1]
-37.99663203494075, 0.7513554016496256, 0.9593820618749862, [1]
-38.49857575858111, 0.5873128699248819, 0.9922822793874392, [1]
-38.21028766489699, 0.6763785181822275, 1.0352967642112674, [0]
-38.18359169935189, 0.5778273838973222, 1.0972217332901224, [1]
-38.19863041793638, 0.6184347055847531, 1.1958195730159553, [1]
-37.984027371566434, 0.6443438574424534, 1.0328621437191459, [0]
-38.38271384277821, 0.7241856312582962, 0.6496921504925213, [1]
-38.075674483492726, 0.5138085561881285, 1.2428615325226768, [0]
-37.951766708181516, 0.520762537013498, 0.8446825641469033, [0]
-37.851346266144766, 0.562822730232944, 1.1332521663659787, [0]
-38.206571832799085, 0.762514483788095, 1.0784701430661212, [1]
-38.39862179592349, 0.6747581595539723, 0.9737546512734485, [0]
-37.83697556693253, 0.6245316010671281, 1.2325968781626393, [0]
-38.20151071115662, 0.6300683819514401, 1.2200398586327066, [0]
-37.94084925463443, 0.6015678697778286, 0.9651048254342799, [1]
-37.84877351626482, 0.6417100777080844, 0.7917544649529866, [1]
-37.86820820272299, 0.5830560357087288, 0.950326086563783, [1]
-37.93134711175764, 0.5713005935384887, 1.15398504256629, [1]
-38.67476879962471, 0.6363600925211401, 0.9072692156255211, [1]
-38.200236763579234, 0.6321092331073943, 1.022969266011135, [1]
-38.27357856422728, 0.6268257543462535, 1.1191632936844835, [1]
-38.05315955291524, 0.665520380777227, 0.7531121708876676, [1]
-38.600335007174536, 0.6804830758962033, 1.1318814860339992, [1]
-38.67052086082798, 0.465755660442216, 1.004514125372462, [0]
-37.814487486375455, 0.6406004731165934, 1.1425365135503573, [0]
-38.42723073890755, 0.6928012916281154, 1.170023931147877, [0]
-38.311925725389514, 0.7255762493220439, 1.1786049171251156, [1]
-37.95100543867941, 0.6259117612203473, 0.9158257419561272, [1]
-37.879702334087675, 0.6460261101780251, 1.0426011437171436, [1]
-38.48612674833352, 0.6531931783820818, 0.9829663080308529, [1]
-38.27111049743783, 0.7246086089991619, 0.8909727798444828, [1]
-38.41512500271588, 0.597555694968314, 0.9290162414941086, [1]
-37.87729354146819, 0.5796774294271755, 0.8167131029099302, [1]
-38.317870714485316, 0.7627446090936172, 0.8626923640213939, [1]
-38.093598809686604, 0.70636037679848, 1.0456854563895808, [1]
-38.3222411312817, 0.6711405651408512, 0.9472881147896237, [0]
-37.901635242794534, 0.5586214463696851, 0.8543424762870857, [0]
-38.29662866529007, 0.7166407106545144, 0.7191702829432265, [0]
-37.95518514081448, 0.6212566594315176, 1.062506385601484, [1]
-38.06772875979647, 0.574479879498528, 0.8555888746422999, [0]
-37.92476758953396, 0.6756856752186242, 0.8978981848223234, [1]
-37.92270633068277, 0.5971551092936135, 1.0552188949810855, [0]
-38.24242102900818, 0.6048283438858366, 0.8061007862499884, [1]
-38.058868959187635, 0.6988013147097203, 0.7551271591168034, [1]
-38.016686687468074, 0.7233433874857733, 0.7797866947774998, [0]
-38.41584040802156, 0.726182037895063, 0.7632348954011147, [0]
-38.19105404911109, 0.5907572247607368, 1.049571461635695, [1]
-38.62549019400085, 0.6166506176536019, 1.1440628328613502, [1]
-38.15481061564054, 0.651599292685104, 1.0965347455849044, [1]
-37.831575954917234, 0.6167969151047704, 1.160465396698531, [1]
-38.099012033349105, 0.6158524622584463, 1.2113733724961702, [1]
-38.21941597455736, 0.5974283826170239, 1.0338963514814572, [1]
-38.05840997453525, 0.5864081781063498, 1.1598719135860218, [0]
-37.91998591255454, 0.5918995729726773, 1.1278868630259615, [0]
-38.46651988914222, 0.6786919704816559, 0.9559143088611384, [0]
-38.77047896136927, 0.6455793830563017, 0.9871483118521828, [0]
-37.73133236698228, 0.5946673376930266, 0.8845176004243858, [1]
-37.899774768043606, 0.5640176728823545, 0.9501665866366927, [0]
-38.06276150482877, 0.681698024632547, 1.244369821056281, [0]
-38.01540648496867, 0.5493214531513473, 0.7262815318753634, [1]
-38.00338882457721, 0.710777837901287, 0.9151348415680421, [1]
-37.858635031941475, 0.6812103429088401, 0.7819850856135871, [1]
-37.758185788697126, 0.6244315020302571, 0.9978329845495648, [1]
-38.20724674984063, 0.6592767129941937, 1.2168533197220257, [1]
-38.19278161430392, 0.5448287129611009, 1.0022173947753397, [1]
-38.26638859387919, 0.6140456751870194, 1.0960870115914831, [1]
-37.87078059994271, 0.5982950198759853, 1.3381226602521998, [1]
-38.082519498262016, 0.6049578877901304, 1.2757059805426976, [0]
-38.08802404801943, 0.617001154411181, 0.7667511974388592, [0]
-38.305899492738156, 0.6612267748802212, 0.9819378121599399, [1]
-38.12611474144274, 0.5292570290991617, 0.9469455747120413, [0]
-38.13799437941259, 0.47024184335654884, 0.922645916099954, [0]
-38.10489379575705, 0.5543890391222659, 0.9315631106262063, [1]
-38.18804946620311, 0.7216524356641066, 1.3175848289688885, [1]
-38.55957989505147, 0.5156436199959469, 0.9500838050859656, [1]
-38.023898691614875, 0.6891833335417821, 0.960223740797178, [1]
-38.14804959968877, 0.6550436666442928, 1.1026309377067156, [0]
-37.904149875396946, 0.6066486587370472, 0.9684833059642108, [0]
-38.09880133109194, 0.6890126452152717, 0.7249847218568779, [0]
-38.19678051544474, 0.6506689363431644, 0.9483956861890289, [0]
-38.298828578337165, 0.6925016798596175, 1.1247785422797814, [0]
-37.801992637934944, 0.6414527842344262, 0.8480774856549241, [1]
-37.85693133794825, 0.5589278123761932, 0.8150277541838302, [0]
-38.10786875724262, 0.7320270053778793, 1.0546936933932611, [0]
-38.77297288050218, 0.6404706374764656, 0.5328790741173375, [0]
-38.20362928635298, 0.6031410317227776, 1.0129121192737969, [0]
-38.05496402876196, 0.6295741723329729, 0.8768689576134645, [0]
-38.205097897574205, 0.6855447701196207, 0.9620110146983656, [1]
-37.90488954370477, 0.5972871137202002, 1.0327691045773726, [1]
-37.83947827478919, 0.6674489843696845, 1.026651142043171, [1]
-38.19320532336271, 0.6092882726810501, 0.9122419167366916, [0]
-37.94485906739399, 0.5111305624465712, 0.7893562938627714, [1]
-38.410372886312224, 0.7287307530824187, 1.0785132332206204, [1]
-38.29001181976379, 0.6483838077879536, 0.8483093253501329, [1]
-37.86129609518128, 0.691034539972198, 1.0510938535714154, [0]
-37.93340641481573, 0.6934885601120011, 1.2200581533008208, [0]
-38.5101026066928, 0.6702265858162736, 1.0099873596761948, [1]
-37.92934282256928, 0.6851350386426929, 0.8841241339412566, [0]
-38.304838042261075, 0.6254080499833403, 0.788070706744994, [1]
-38.425431931916464, 0.666774370681475, 0.8842274574165037, [0]
-38.18525054550597, 0.655049576756519, 1.0897784882513064, [0]
-38.2458768054747, 0.6552850698447404, 1.1673346823690065, [0]
-37.829920027462286, 0.5683297633886205, 0.8127086408027281, [1]
-37.84775777333658, 0.6964574401720087, 0.7136885285099848, [1]
-38.269757757960555, 0.5627341019500761, 0.940812054978371, [0]
-38.23600129996671, 0.6007245562484202, 1.1855600233621582, [1]
-38.08636936198634, 0.6054549801799018, 0.5320944434601129, [1]
-38.311795759145774, 0.6243255943319179, 0.7711138888075848, [1]
-38.0028149757539, 0.7297782715426318, 1.0204841501566313, [1]
-38.0457813742744, 0.536155829561252, 1.061070285561533, [1]
-38.54010526189552, 0.7374109045963448, 0.8200522489343596, [0]
-38.0098967490084, 0.6751352533126449, 0.8256575602766424, [0]
-38.468348846793596, 0.5653018344655509, 1.1539959828564827, [0]
-38.6944584627387, 0.6985741436775857, 1.3175957815961958, [0]
-38.00904525416004, 0.597443080694663, 1.0820671169763907, [0]
-37.96802268568039, 0.6607056751984073, 0.9711259234685883, [0]
-37.80799686008863, 0.651023529434092, 1.0767947470887986, [1]
-37.97661307359874, 0.5592352298575942, 0.9572600445430092, [1]
-38.70857818082699, 0.5654124083935085, 1.1132046949191494, [1]
-37.759412758611816, 0.6517868351475865, 0.7358501612741686, [1]
-38.53015579991485, 0.5439206767050017, 0.8543214524840224, [0]
-38.42490284035637, 0.3969637557247121, 0.8186688569756304, [0]
-38.03701372139415, 0.6387979680492635, 1.1657824771304002, [0]
-38.09247682065063, 0.6569677265867616, 1.0859709486279954, [1]
-38.37422374443679, 0.5228406603727491, 1.029066225675719, [0]
-38.48129224153258, 0.5448916195628164, 0.8759687869630409, [1]
-39.256544349298586, 0.5962406369617298, 0.7295923666011586, [1]
-38.54488015368363, 0.6842653669894528, 1.0538843490986962, [1]
-38.200213232772754, 0.5685223322512433, 1.143170833402054, [1]
-38.195937677460435, 0.5567764171985095, 1.1564639993474797, [1]
-38.02692986650825, 0.603869012805728, 0.9528379357110015, [1]
-37.79258022981296, 0.6201202449332514, 0.8287777301476886, [1]
-38.005060232415296, 0.7111590442761307, 0.9628322919160199, [0]
-38.37091202274477, 0.589009446717501, 0.9951810779860382, [1]
-38.39363765993219, 0.513574598348449, 1.102222555845168, [1]
-37.87232138436567, 0.5807468344540143, 1.1953209502413744, [1]
-37.880865698308135, 0.628000166790752, 1.0702365219042989, [1]
-37.859064251667526, 0.6196158997048474, 0.8914527983510805, [0]
-37.977745259081786, 0.6086645513960988, 0.8746931794253325, [1]
-38.15919225963093, 0.6114753645283455, 0.7141593275079144, [1]
-38.03705660789466, 0.6993183796466975, 1.012970954941526, [0]
-38.096057467659506, 0.7041678722592218, 1.0040430578521322, [0]
-38.33100106077493, 0.5663271445267132, 0.8901770632179228, [0]
-37.96730103689801, 0.5188789345801648, 0.8351317572410197, [0]
-37.84716565784557, 0.6521408801388547, 0.8913248578298528, [0]
-38.20487760687501, 0.5321704566842227, 1.1066172817016497, [0]
-37.71237337716701, 0.5875114051671327, 1.0213184702953355, [0]
-37.94705495158418, 0.6072111323152974, 1.055586123556589, [0]
-37.7958392964678, 0.7106211684930215, 0.9467892378272545, [1]
-37.806770318367455, 0.6369845717319064, 0.9903637648710872, [1]
-38.38929177085328, 0.6026398374419307, 1.1736587457468397, [1]
-37.90946722946654, 0.6399653393560768, 1.0192873221767187, [1]
-38.11429032553929, 0.6141456221381358, 0.9363554951168728, [0]
-38.25027434751334, 0.5543613677241646, 1.1099200858126355, [1]
-38.06498748468874, 0.5807445829470854, 1.0301262861136071, [1]
-38.02055992813262, 0.6057530010112091, 0.9952671594623541, [1]
-38.33214026731498, 0.5713354778664327, 1.0496019888127746, [1]
-37.8558416380231, 0.6876974043781295, 0.9247707172996723, [0]
-37.850825149894305, 0.708880073140154, 0.9362357493815717, [1]
-38.781733721222295, 0.6708887533299, 1.1907791544975117, [1]
-37.90440885642656, 0.6044651111202951, 1.2402811370800906, [1]
-37.96668747214338, 0.6468973253526283, 0.8907006104152881, [1]
-37.944161850636945, 0.5997716604664224, 1.335744388927952, [1]
-37.725221087550594, 0.6672749841462249, 0.8882761031474234, [0]
-37.95964696083963, 0.7286756104844679, 1.119324883381788, [0]
-38.10787690986208, 0.6306628287385232, 0.8807402369927384, [0]
-37.982569753031036, 0.6993249835965356, 1.087408767013846, [0]
-38.49251076024966, 0.5974920677045429, 1.060422220376022, [1]
-38.547821163563945, 0.5220531649977559, 1.0633363317197149, [0]
-37.82368429550132, 0.6020284769637383, 1.1469832619044116, [0]
-38.042986954728136, 0.7234424421622704, 1.0606354058623326, [1]
-38.466213613465236, 0.5876671021671356, 1.160695450463579, [1]
-38.50163923144608, 0.5376350736597514, 0.9153283873528619, [1]
-37.99025822577055, 0.658332857009478, 0.9993538354436757, [1]
-37.78357726070773, 0.585541220327237, 0.8192803978853008, [1]
-37.93814925757258, 0.6492314829110528, 1.0100460027648563, [0]
-37.88357775820184, 0.5629033157396645, 1.2007527436551857, [1]
-38.03347318841312, 0.6287656539142781, 1.195550062432679, [1]
-38.68977538970113, 0.7610046057351003, 0.5292819056739171, [0]
-38.15139329376349, 0.647153808129792, 1.0783514418923767, [0]
-37.94462150433611, 0.7506895419299531, 0.8874938627453405, [0]
-38.09899723815068, 0.6541186289490606, 0.8666778820961516, [1]
-38.36964167286457, 0.6572283685952425, 1.1402426944916664, [1]
-38.37747659743982, 0.6751228789183376, 0.86689625504049, [1]
-38.60280929470236, 0.5681320806449107, 0.9121066567651231, [0]
-38.045257718802, 0.5794477135294663, 0.8527368565082465, [1]
-38.50566113244221, 0.6972035305878181, 0.985856545194759, [1]
-37.908861052521765, 0.7664892442404306, 0.8617961490937385, [0]
-38.13645497976208, 0.5812250025956952, 1.1019418678632373, [0]
-38.036728575705226, 0.6590822162722787, 1.277375316082345, [0]
-38.540157237039246, 0.4463998360157095, 1.228661063708964, [0]
-38.04363334356389, 0.6023544087211767, 1.2746162980186202, [0]
-38.09550776790918, 0.5940172314037054, 0.9660469488638395, [0]
-38.188992673658795, 0.6789326273304681, 0.7799682913542522, [0]
-38.330761397375724, 0.7049574371650048, 0.7370686736280946, [1]
-38.055085250833336, 0.572408401495037, 0.9326388844313492, [1]
-38.05411071752347, 0.7025262513655942, 0.9106171475240812, [1]
-38.438108136827786, 0.46426310516971897, 0.8551576107158096, [1]
-37.90671987326906, 0.629610955711872, 1.0840475086685648, [1]
-37.78088912463208, 0.6455690448277339, 1.0300641992371335, [1]
-37.78147408931478, 0.5538043273169119, 0.9657328002379905, [1]
-37.92919352614479, 0.3948326875364257, 0.875578272265242, [1]
-38.50923410723571, 0.6884008536440098, 0.7954325838786913, [1]
-38.240804682882256, 0.6525637457319016, 1.171845074100173, [1]
-38.25565522394393, 0.6063832300583059, 0.8097708600396414, [1]
-38.308963828443844, 0.6941640604226629, 0.8714684311996561, [0]
-37.980141813947824, 0.6063867530706429, 0.8533602225387662, [0]
-38.266393784277405, 0.5480867001011418, 1.2083910843147134, [0]
-38.2570610776709, 0.43309261957933753, 0.6545343634902409, [1]
-37.926636441406245, 0.6217832734201891, 1.0474671931208044, [1]
-38.01946085395404, 0.6190904282428187, 1.1174076168416978, [1]
-38.23835441629623, 0.7064162391615502, 0.7774359796038299, [1]
-37.94250338899255, 0.5569304671227014, 1.0527245480661493, [1]
-37.86895738130919, 0.5802459929157272, 1.2792009344383253, [1]
-37.922286489166396, 0.6599730960054068, 1.0067243105708639, [1]
-38.268999513946554, 0.7155697617465795, 0.8011459875850659, [0]
-38.11467056045187, 0.5947184277641095, 0.9996120612733732, [0]
-38.490378813277374, 0.6748353230204313, 0.9850785290877422, [0]
-38.531041202073666, 0.7297456793108643, 0.9899285835728512, [1]
-38.07075966742434, 0.5454484889151167, 0.6076110921759239, [1]
-38.08185168233481, 0.7091092575982163, 0.985066577594454, [0]
-38.01784543382631, 0.6519682881912816, 0.860927131705548, [1]
-38.15672779330268, 0.6145383223020826, 0.7351844390406437, [1]
-38.65822268800005, 0.4094436288002344, 0.7832929486389486, [0]
-38.91988700375984, 0.7751197732937776, 1.0941893081950849, [0]
-38.23128927422708, 0.5321721294159829, 0.8697242642275609, [0]
-38.33544706377268, 0.6037058641448226, 0.9212506603057853, [1]
-38.24609405333553, 0.6473787032168979, 0.8208637199213024, [0]
-38.24852100741769, 0.6562056939878443, 0.9935068174616439, [0]
-37.93502466088793, 0.7256282080934191, 0.9103982785271963, [1]
-38.37159840629001, 0.656973269570806, 1.1006902747945628, [0]
-38.031063039428126, 0.6171920298914861, 0.7475614010239666, [0]
-37.923090994987014, 0.5568464687676475, 0.8238782734627196, [1]
-38.10020547266924, 0.6705933112857638, 0.9440472622635926, [1]
-37.910819209171514, 0.653414131570679, 1.060085801937463, [1]
-38.17931341991003, 0.5695315024864154, 1.0803899267494048, [0]
-38.43263840160224, 0.5824112240570861, 1.265858099561187, [0]
-38.10659486496874, 0.7403915458518177, 0.8659399682988068, [0]
-37.777079307578845, 0.616796842597446, 0.8674911090187702, [0]
-37.86536496690517, 0.5331417013831633, 0.6938802736875115, [0]
-38.16825771949348, 0.702492267589748, 0.734912799111826, [0]
-37.86907425039003, 0.574464619083574, 1.1127158366447927, [0]
-38.003256206263664, 0.6242561508796368, 1.1369676177540793, [0]
-38.10425818568774, 0.6874965267997584, 0.9847850031654023, [1]
-38.32751017353022, 0.5411495683154929, 1.1810822114463724, [0]
-37.98527249143223, 0.575611891441958, 0.9924302849399437, [0]
-37.9473486156634, 0.584258227744953, 0.7415783084851876, [0]
-38.6722064917892, 0.6155697827193596, 1.2324952137132026, [1]
-37.985792561752184, 0.5494395269701434, 0.8555052705434445, [0]
-38.126523060095764, 0.6680022965323504, 0.985164953575407, [0]
-37.903269260281235, 0.5638251832813782, 1.0301647640438987, [1]
-38.20398358729925, 0.703391368632491, 0.9066585355515517, [0]
-37.98329652660418, 0.6110100710119163, 0.7918180405428015, [0]
-38.157777200599604, 0.6773074730013932, 0.9205681791912386, [0]
-38.188690013580754, 0.6321275160072557, 0.6938527028934578, [0]
-38.25189287295482, 0.680668469883254, 0.9659485774257645, [1]
-38.41085236722148, 0.7385329531709771, 0.9231435049121325, [1]
-38.13262981193178, 0.6752685108860932, 1.131285859605858, [0]
-37.87596546452669, 0.6305408712578258, 1.0616527288311504, [1]
-38.3654915154059, 0.4954774452308864, 1.0249571109510498, [1]
-37.86925713892213, 0.5788766361502397, 0.8119445818189812, [1]
