t=0.03125096301705102
logZ_t=-11.65041301812609
-18.43023021958891, 0.32821724187136037, 1.4754553097473735, [0]
-18.891912263163558, 0.11217437982649794, 0.005092488690298769, [0]
-19.50730372263474, 0.8845819182547886, 1.313117878519368, [1]
-18.72435682852708, 0.4395018513479518, 1.0289137322170636, [1]
-19.29961093914691, 0.7911338139536933, 0.37683454526015825, [1]
-18.677970850450627, 0.6721600429420898, 1.2706959853562008, [1]
-19.08072526180282, 0.4134218990360431, 0.7621384910770935, [1]
-19.409292002744596, 0.3274800491766864, 1.5345015862367657, [0]
-18.45202825481395, 0.7629620454833501, 1.4001328847625678, [1]
-18.751442946552896, 0.47404638007302313, 1.214454606496411, [0]
-17.891052422396875, 0.2581297680748698, 1.0469668370486702, [1]
-18.990287716460106, 0.6646031536153705, 1.3176511061409764, [0]
-18.13659617182476, 0.6495097868900622, 0.8493613626728056, [1]
-18.797747360748705, 1.1660656533298717, 0.2807481606744534, [0]
-18.165231551007203, 0.6009305411761395, 1.113726559426321, [0]
-18.852793913171823, 0.6945299454009102, 0.6363571576666622, [1]
-18.98145280923977, 0.7437691206145522, 0.8831968340448474, [1]
-17.594765376717866, 0.6888086090048865, 1.3537506522039948, [0]
-18.926909578754515, 0.3459091499402427, 1.6756000776515099, [1]
-18.264760283821794, 0.44629761244082466, 1.2015013368484033, [1]
-18.17826971848139, 0.7686724535191376, 1.1974794641551918, [1]
-20.499526227483504, 0.5069852397560799, 1.2644004113898937, [0]
-17.59380482097672, 0.5410774251548158, 1.990429085329893, [0]
-18.06849413104522, 0.6414633143810031, 1.583138252321826, [0]
-19.85678429288549, 0.4743301996922513, 1.1648543695369806, [0]
-17.471140348793185, 0.639371737409307, 0.7629007990972552, [1]
-19.934313597428293, 0.6039079253401894, 1.3315014300351962, [0]
-18.84725402902067, 0.6432137684630735, 0.897815765448648, [0]
-18.953800634954586, 0.5650014763943014, 0.5978773110967186, [1]
-19.797455436311754, 0.6525835312534967, 1.4560250052317447, [1]
-17.759644260432456, 0.5686341547587339, 0.9224747891282206, [0]
-19.524055291624972, 0.17127192611810016, 0.1120294429285893, [0]
-19.19658316774945, 0.7734358722343553, 1.5369157868606989, [1]
-18.667645044301285, 0.6087845099775342, 1.5274081342154546, [0]
-18.895860718391035, 0.961350607708714, 1.438014911794224, [1]
-18.996616337717764, 0.974073287488974, 1.2213738715467803, [0]
-20.33289073003182, 0.48332518282837306, 0.3744620772609015, [0]
-19.88655774235563, 0.14863692227299274, 1.0475193216566514, [0]
-20.554399358314253, 0.7190265795083255, 1.6899642154601584, [0]
-19.326788378696214, 0.27748697448800114, 0.6052977641387206, [0]
-19.753395518793976, 1.1622708609716659, 0.16318216390484236, [0]
-18.922032347124073, 0.7358099603287792, 1.274118515446745, [0]
-18.236095072074672, 0.5207035445701711, 0.5449198879137667, [1]
-18.548834425765612, 0.3456062620213429, 1.2563411202300427, [0]
-17.66667684480761, 0.8946443924821481, 1.1950587115907645, [0]
-18.573077920758692, 0.6692785767942359, 1.0569616361559702, [1]
-17.182904972213954, 0.4765443140138941, 0.2421502325879008, [0]
-18.687744004154023, 0.2836708326590275, 1.3100829745491627, [1]
-18.441155822792222, 0.6115529047455872, 1.3131350023082375, [0]
-19.082222136204773, 0.663442645469127, 1.1040631931814453, [0]
-20.192021397173807, 0.4451630257575963, 1.452930625091568, [0]
-18.603900573488584, 0.9264691710001858, 0.6177922529299058, [1]
-18.010225442838937, 0.3241035492746235, 1.5666114538966527, [0]
-18.31238281909393, 0.6307359492055334, 0.3326076094398516, [0]
-17.769229934786416, 0.8488553428666724, 0.6089805803985366, [1]
-17.414337996508394, 0.9140758531368665, 1.1693935651564997, [1]
-20.32912588668949, 0.5829699536033697, 1.484456447504564, [0]
-19.365868013404743, 0.5391512009713884, 1.0520179774580642, [1]
-20.339295807001207, 1.2072083930069495, 0.42961771443931596, [0]
-18.795013280523488, 0.8369686418301727, -0.15797234810896277, [1]
-18.4455648717225, 0.460823614118151, 1.9985751645065746, [1]
-19.90199424221218, 1.0487694026537793, 1.112338092644102, [1]
-18.04732905333001, 0.9523293864728168, 0.9400974138809777, [1]
-18.066956569181205, 0.40139215013346097, 0.29524702980666906, [1]
-18.88471254871686, 1.3163512582283499, 0.2689379986291319, [1]
-18.27832605288793, 0.5940837710138226, 0.9886062611687552, [1]
-18.449601073259203, 0.5661109313513398, 0.9852727789786179, [0]
-18.528639777087843, 0.6258656981102478, 0.9479943352002722, [1]
-18.39449322315679, 0.5497892049384914, 1.7515861400601582, [1]
-19.470134926120934, 0.710802654976948, 0.38438814729978515, [1]
-17.228599957564732, 0.6518444351787274, 0.9557510366015848, [1]
-19.99487548049108, 0.05575765115757836, 0.8931616852835196, [0]
-18.357106341852997, 0.6165215631028704, 1.3884486853973692, [1]
-20.08702695887993, -0.1997257219349418, -0.3657727169765904, [0]
-18.691176560730597, 0.5923723255764425, 1.5368713822990265, [1]
-18.616634414951267, 0.5330047680818026, 1.2653061571558653, [1]
-18.147166099406128, 0.5084770545546811, 1.6628320720301262, [1]
-19.42270909197381, 0.7226413075115723, 1.1831356414645517, [0]
-19.895525074361732, 0.6797019017423133, 2.0662069300775943, [1]
-18.63021148083169, 0.5566994417664155, 0.4692942808638985, [0]
-19.465208989645554, 0.8970855717401003, 1.6280072903354716, [0]
-18.13062310084086, 0.353700711591051, 0.6532776208594211, [1]
-18.381853032242585, 0.17499998667382433, 1.7036979032447337, [1]
-20.346296335393514, 0.1519525076356531, 1.2507310708475967, [0]
-20.18941613305429, 0.2727234542723651, 1.508270436350684, [1]
-19.18273207197793, 0.5112801214004572, 1.4167184305276486, [1]
-18.104656032608737, 0.8626471194703678, 0.9268090045487063, [0]
-18.527787103567295, 0.40618408589112, 1.3039583917929825, [1]
-19.71395185525046, 1.214468837409965, 0.8737842858165092, [0]
-19.10450871973341, 0.3574710932334114, 1.5744155807134403, [1]
-18.385070411726172, 0.722993676272657, 0.3189631014669796, [1]
-19.515787546280905, 0.31461010436960546, 1.1649257493647593, [1]
-18.724519781910505, 0.9081523184326621, 0.7428522498821806, [1]
-18.333259232429427, 0.7943520612230353, 1.0892021827745797, [1]
-19.132965171012145, 0.6028050301736462, 1.937500008425415, [1]
-19.039747321350276, 0.8361910941469404, 1.5981556235319057, [1]
-20.820240257361636, 0.8165145863669225, 0.8514243031413102, [0]
-19.592788085745326, 0.912630014613054, 1.7060526303466808, [0]
-17.92998566451052, 0.6881884202233498, 1.2119283476198253, [0]
-19.688599437379253, 0.23720862695376782, 1.4707922174671662, [0]
-18.401424096472596, 0.8418026228948119, 1.0453637905389257, [1]
-17.737677782183916, 0.5662209699798698, 0.7292387418182027, [0]
-17.203915666417554, 0.8055477028615379, 1.374972047102251, [1]
-18.204101126100113, 0.8112980899501349, 1.228802004403849, [0]
-18.63674109965895, 0.7385825784610325, 0.621357787556206, [0]
-18.87474009081837, 1.0031447596024083, 1.640973340369385, [0]
-18.371698112100777, 0.6613028018452134, 1.5136986172790925, [1]
-18.877555267175328, 0.7907828939402217, 0.6561895994073472, [0]
-18.123984324341404, 0.40821481524559117, 0.9339734004017657, [0]
-19.247066859873645, 0.9611085381360722, 0.35376644724896944, [0]
-19.410975911905965, 0.5335347719023098, 1.103942624815601, [0]
-18.43954390406926, 0.7630759438343471, 1.3626965148010786, [1]
-18.85609072430457, 0.49793287864341973, 0.18576838919597138, [1]
-18.36323187190958, 0.6332572336335545, 1.8098093000348057, [0]
-19.51190524615814, 0.5465529798135844, 2.06500266299634, [0]
-18.84272790492193, 0.7521682107981007, 1.2563676932604275, [1]
-18.59793726426138, 0.3332740155155014, 1.0805269330019753, [0]
-18.653835958281096, 0.5531668882346875, 1.4375021593142834, [0]
-18.86694039343468, 0.8283886472137041, 0.5010199357275025, [1]
-18.59996704734958, 0.9255641951981272, 0.6550029347761268, [0]
-18.01973152745585, 0.527588435023586, 1.2908321185536877, [0]
-18.949818054476157, 0.6481564434822793, 0.6629732208722879, [0]
-19.24962177605575, 0.9313009975740585, 1.3056794231371405, [1]
-19.18996298113855, 0.6796790941411183, 1.1661474983066813, [0]
-19.165597503893355, 0.6075282026151592, 1.6243754644988608, [1]
-18.689166519936684, 0.551531604910466, 0.8194480514233622, [1]
-17.73300280316832, 0.6350389010836374, 1.5079757387116821, [0]
-19.227071924486943, 0.26189600957836634, 1.3650700196304564, [0]
-19.880606104186434, 0.7081687793842348, 1.549824951696708, [0]
-19.585936964955938, 0.5556026335926035, 1.356179265965336, [1]
-18.41795560713459, 0.8537841791138417, 1.5322543300949958, [1]
-18.698018530077775, 0.18384628227854818, 1.080555568305704, [0]
-19.099806489693023, 0.7748768127743888, 1.6400291014221042, [1]
-17.396417051880814, 0.3125855624485109, 0.7107021506028848, [0]
-18.8767979742371, 0.6086023642628453, 0.5916856240652997, [0]
-18.954602506206648, 0.5016301111739072, 1.461767293322596, [0]
-18.875062940813205, 0.4208052628559731, 0.8528607854905785, [0]
-18.272362807152415, 0.5339544921656151, 0.8684397905850448, [0]
-18.86786643267633, 0.3137215417590432, 0.787897449902934, [1]
-18.35243997245137, 0.5546565720377595, 1.2757872110424513, [0]
-17.756626040939437, 0.7230645451884659, 1.511340500820888, [1]
-18.48534077588932, 0.8119885058283862, 1.107968914376878, [0]
-18.12661362384518, 0.2286307118703624, 0.44556185755272004, [0]
-18.442999094398324, 0.34746882844118837, 1.3790738974902195, [1]
-20.2878779455151, 0.5417211829398969, 0.9570507721202433, [0]
-18.158199513951327, 0.8500374727316526, 0.8992700890175502, [1]
-18.058419481250592, 0.5451822912922915, 1.4751408719785255, [1]
-19.57657928706385, 0.6568268858343379, 1.3217870329233339, [0]
-19.10220694621022, 0.713433004782444, 0.73673772897233, [1]
-18.235155545247764, 0.5154521926837841, 1.3282717422506902, [1]
-19.2940453862029, 0.6638308975398405, 0.8924400528246016, [1]
-18.070204552366054, 0.68477088571451, 0.82238618298037, [1]
-19.22469256430425, 0.5488305372017351, 2.16119361667253, [0]
-17.966040645462453, 0.6800378910338505, 1.0008376567074944, [1]
-19.926506230641593, 0.19869345708331557, 0.3099186179047159, [0]
-18.73168829583719, 0.8744493011370191, 0.7194983110729772, [1]
-17.966922375813947, 0.7480404626949825, 0.9919777821942618, [0]
-20.194951586461436, 0.4829386425653979, 1.7306974028763378, [1]
-18.070337374511393, 0.8113414861171829, 1.1062925323647692, [1]
-18.850336299503528, 0.46692526406987317, 1.3958292720815724, [1]
-17.986781316690756, 0.4735005904760561, 1.1509933597330693, [0]
-17.2886647249354, 0.7118059301539998, 1.6083524843072745, [0]
-18.692556262288768, 0.9619002233860018, 0.2833291201136364, [0]
-19.397734267945438, 0.4986850404343058, 0.2661217888130615, [1]
-18.530294222997405, 0.9397371242392966, 0.9673144009611462, [0]
-19.238348836477176, 0.6746087976346796, 1.1164801306670609, [0]
-18.833130314933715, 0.6572306112366517, 1.82239423178377, [1]
-17.935983043907257, 1.1744152384607585, 0.8098679657586785, [0]
-18.63835885381525, 0.6602693255133381, 0.9254104669018035, [1]
-19.959852658061333, 0.19291828896069374, 0.5269435238321281, [0]
-19.870813537521016, 0.3605090397561852, 1.2058069636299975, [1]
-19.323476521224375, 0.7091229657269483, 1.2728450196565295, [1]
-19.298647716258408, 0.5471085557464578, 0.6565825079471761, [0]
-20.129339525526976, 0.304069271394965, 0.9219161566435423, [1]
-18.80788098397678, 0.4546143063240746, 1.6313824023311336, [1]
-20.015857430204818, 0.8002058874752913, 1.2145051665483344, [0]
-21.140603291402776, 1.1103031362199454, 1.0954115892470244, [1]
-19.099670136023, 0.4248718711661741, 0.23428019477510809, [0]
-19.478611578655723, 0.3192157653527793, 1.5821296572520989, [0]
-18.207550142106502, 0.48602958034958893, 1.513245255229172, [0]
-19.932107212656188, 1.0960694873400694, 1.0635233339183419, [1]
-18.221960644015372, 0.8135240775441299, 1.4603406997326096, [0]
-19.16180714984826, 0.5605705030211219, 1.3406589241932383, [1]
-19.29453737491418, 0.9105799153470939, 1.105691987624434, [1]
-19.593988648110866, 0.5089540576080498, 0.41850742748691583, [0]
-19.22691604874064, 0.47013218334501405, 1.3261083045999427, [0]
-20.716850630032873, 0.41872284316409325, 1.1799326817799645, [1]
-18.592265839324092, 0.8262604975047432, 1.717396556495803, [1]
-19.882953987480313, 1.0975229629027758, 1.131345988920693, [1]
-19.099003320191667, 0.1203805427741866, 0.4691514334438306, [1]
-18.915831002961234, 0.6399558541564444, 1.4087040961472155, [1]
-18.67385309565033, 0.5591746436772571, 1.1974989879044138, [1]
-18.13329704752312, 0.7728521520075493, 1.2934021371773081, [0]
-20.209729306421107, 0.386738684792012, 0.8405324535187195, [0]
-18.147661444153613, 0.4628851794628846, 0.7352278955317424, [1]
-18.10504712409535, 0.550579675622822, 1.214865362120977, [0]
-19.435172408815472, 0.7666266990596754, 1.4829541970784337, [0]
-19.54392071487638, 0.7119085449015313, 1.5864622059119942, [0]
-20.344697348418745, 0.677865328634782, 2.2082623012276885, [0]
-20.00699432606465, 1.1029406905828585, -0.15035017422926272, [1]
-18.93052208293485, 0.4718213461061119, 1.2908110678029774, [1]
-19.28234218574979, 0.7732392597311677, 0.9505529099288424, [0]
-19.092096148157278, 0.7965743275305819, 1.2889743360125296, [0]
-18.73259787418611, 0.42874802011584934, 1.7042984317290368, [0]
-18.342961060107136, 0.9462281064426383, 1.466466007934136, [0]
-18.13194670329948, 0.5837645537904423, 0.6349526439883693, [1]
-18.72144375447919, 0.412840600004786, 1.6798198286579888, [1]
-18.406031519372196, 0.15804794656245014, 1.3711382741135003, [0]
-17.455199673483165, 0.7152624568436068, 1.8947671665664612, [1]
-19.21292797133336, 0.518112469314615, 1.0720957195724599, [1]
-18.37490357316287, 0.570739515886643, 1.5430455353650745, [0]
-19.16409292206207, 0.3559920929102481, 1.484933765240497, [1]
-19.63650395813028, 0.40779498380291646, 0.9460869881719789, [1]
-17.96199718479966, 0.7545400812294779, 1.411813242108156, [1]
-19.298985202922587, 0.2460042996786774, 1.525016293225751, [0]
-21.418409190621556, 0.7149312504815817, 1.0236892580485086, [0]
-18.942636987573742, 0.418933649377617, 0.3981990431349523, [0]
-17.80897502314429, 0.8418897836359942, 1.098907624561882, [1]
-18.940398621209784, 1.0137204744079824, 0.8512351282635784, [0]
-18.72506327100037, 0.5612845682994906, -0.3280297468676283, [1]
-17.15229794176777, 0.6524417138469062, 1.4262612349777766, [1]
-17.53737862266086, 0.6274678719018991, 0.3961922043754904, [1]
-17.67865078163792, 0.9569786167003295, 1.2328135713626676, [1]
-18.75396529424336, 0.8710469899504083, 0.2049739899915548, [1]
-18.35633281398976, 0.7231504451730819, 0.5733782048615161, [0]
-17.66679398388862, 0.9315812713126294, 1.443689382626948, [0]
-17.7651892734798, 0.403241369899219, 1.2255688977951795, [0]
-17.278908070547, 0.5674392430832632, 1.7613112076887678, [0]
-19.003726614230807, -0.018130862917139834, -0.1197963632548916, [1]
-19.446227244502545, 0.7600266496725685, 1.8377442167030906, [1]
-19.458118473317455, 0.5186972506838755, 1.6970241307255554, [1]
-18.07480152886806, 0.46717134417796136, 1.0511155820926292, [0]
-18.507746392635738, 0.5269366599406283, 1.4072297926090271, [0]
-19.38703060695713, 0.49896667082188084, 0.9861273634710249, [1]
-18.21932912486979, 0.6480124945886567, 2.063277842558804, [0]
-18.293441338669194, 0.25302537397055747, 0.9258384479934747, [1]
-18.13488526434785, 0.6518290740073891, 1.6104432602029481, [1]
-19.130935496191256, 0.5367515949729489, 1.2068726506620573, [0]
-20.097661474312147, 0.5769212115042593, 1.5072812917071414, [1]
-19.883267710366365, 0.7098241836269793, 0.8561929234588803, [0]
-18.66462822550077, 0.528367865134209, 0.8757638352831234, [1]
-20.250666574072003, 0.6139576812216971, 1.485417517415242, [1]
-19.731508036128048, 0.6039841417135199, 1.5642797789215535, [0]
-20.28216254765351, 0.957573095028891, 0.8883086217094838, [0]
-18.01639217744423, 0.5900625932351715, 1.0565766581563745, [1]
-19.5069379881809, 0.6746357994921102, 1.8634080954066796, [0]
-20.703018105177676, 0.9897281086743903, 0.824014348245212, [1]
-19.031343132395502, 0.7717209330241318, 1.1519690550200317, [1]
-19.676930775048238, 0.6063539837660203, 1.2566321164980583, [1]
-19.258395484774585, 0.84315519512831, 0.4731167205221746, [1]
-21.672769315334392, 0.7044886433365454, 0.9478201568541844, [1]
-18.772179196277285, 0.7579656374939974, 1.1208854156015122, [0]
-19.750082340491076, 0.5064152591817335, 0.9523029401221635, [0]
-19.936554098619407, 0.48011009971688223, 0.3166650880493115, [0]
-19.596814020825285, 0.7469724838694543, 1.2312770514877116, [0]
-18.570239292438227, 0.4909552600682568, 1.382115931543086, [1]
-19.39906580937309, 0.4957998763711523, 1.6981279936672138, [1]
-19.24398303083125, 0.6058213505345265, 1.7088484526167758, [1]
-19.69778462277652, 0.5919216986311766, 1.818201813429898, [1]
-17.699308517102065, 0.48657190826952296, 0.5261887928376615, [1]
-18.93501080910816, 0.6287664832140786, 1.2130327950380717, [1]
-18.85940185304555, 0.3724011358781755, 1.0264910147592816, [1]
-22.498312657153235, 1.0561395628544068, 1.303760303697622, [1]
-18.322477674832395, 0.5673780165783829, 1.2065326110443153, [0]
-18.637452506154226, 0.5434705403228036, -0.23814513255354286, [1]
-18.81511109529317, 0.2926676277903649, 0.9783370750883791, [1]
-18.639337222895303, 0.4200211561370404, 0.6538019281590529, [1]
-17.42909179858864, 0.36835718588248934, 1.3600719044836005, [0]
-18.769336795152025, 0.5329162020932273, 0.7878665263743113, [0]
-19.02075344851944, 0.396474974444351, 1.1243889186333214, [0]
-19.073750389089195, 0.8469820033683025, 0.9648648663287078, [1]
-19.407228034403847, 0.6331835650244448, 0.9554625154642584, [0]
-17.860846170824225, 0.9464471915890106, 0.9694086218908999, [1]
-17.80538974290554, 0.5438306581219676, 1.5734332551108274, [0]
-18.156375550231203, 0.4563283930407781, 1.0019911146086982, [0]
-18.424279748711193, 0.628656865486084, 1.4704087354002682, [0]
-17.992822868946455, 0.6803974302756406, 1.919237998469184, [1]
-17.81968049194283, 0.43478388931154244, 0.7091243438695835, [1]
-20.415136191215062, 0.4685695177590828, 0.5874557217916112, [1]
-18.406647760310126, 0.7267782622764105, 1.4406547083680254, [1]
-18.13984581852237, 0.5239933674370332, 0.4257724633404051, [0]
-18.196314928518536, 0.6344756219190544, 1.324181645022055, [1]
-19.494343118084096, 0.4934583577096864, 1.7017497166842326, [1]
-19.643603256445232, 0.37620359231732803, 0.7694505242925341, [1]
-17.183155838604517, 0.8882926306330237, 0.7548709997974452, [0]
-19.23093959175366, 0.7230921430417423, 1.1403701906597659, [1]
-19.58079506634322, -0.014529144605144706, 0.7296780850645485, [1]
-19.556607254129872, 0.4804267378650551, 1.8963892503210158, [1]
-17.27091952610392, 0.7207808921893458, 1.7996656707067102, [0]
-18.92999583982899, 0.47860544539172756, 0.785207175898248, [0]
-19.94431871678763, 0.8650329661190134, 1.2761241788808888, [1]
-18.988803349167664, 0.5326911380814181, 1.24491849411557, [0]
-18.32645963035094, 0.197664676555046, 0.6449707843571656, [0]
-17.667344882996943, 0.9622576069346074, 0.9180861612737407, [1]
-19.993507547581626, 0.8881544029012554, 1.6766628865974114, [0]
-18.84373064077918, 0.8319922763871795, 1.0518792934413996, [1]
-18.313429581427, 0.3796497265518849, 1.0112046605748397, [0]
-19.552178182846163, 0.6075050126199242, 0.6317135582867962, [1]
-19.66237714757838, 0.4943700032107199, 0.9873572403567115, [1]
-20.483366633242138, 0.7070059080677197, 0.703278776139263, [0]
-18.82566837861768, 0.5992484573690148, 1.4430393913202713, [0]
-20.883754777827924, 0.48866511467787205, 1.0857552508844157, [0]
-18.464462682566282, 0.837677033192221, 1.100103944012285, [1]
-19.010407501946926, 0.7639340049637318, 0.7999927955399133, [0]
-17.685958693522437, 0.5888818791264174, 1.4600165676359298, [1]
-18.696531703784306, 0.7221365780832436, 1.5225048531425733, [1]
-17.95725303935635, 0.5523972414896667, 1.5353311724059542, [1]
-18.53044327344828, 0.6306417500005272, 1.7204376081318697, [0]
-18.567746485707737, 0.5929195705920629, 0.8980282390722456, [1]
-16.93553074733707, 0.9173934477779597, 0.6922936411868654, [1]
-19.651307948738044, 0.40588299088957625, 0.8191711928477066, [0]
-18.451019719859538, 0.5317945110753616, 1.5027004657831484, [1]
-18.145638819331104, 0.6053795415192553, 0.10895768313591175, [0]
-19.4105960453702, 0.2974638389670408, 0.3633439083689335, [1]
-18.518091781032002, 0.7600984227621365, 1.1302741437829082, [0]
-19.182283764167973, 0.682464218723078, -0.13695507024454157, [0]
-19.943569372278773, 0.6706204427757995, 1.5297998311751362, [1]
-18.091165415898924, 1.1911600904453734, 0.6563688376049783, [0]
-17.96367970688581, 0.6069180232145734, 0.823776020758759, [0]
-18.473649662248114, 0.4534339532267509, 1.1349011772691528, [1]
-17.645363391231996, 0.3975682888803266, 1.558038262203633, [1]
-18.757711395782586, 0.5615525214837777, 1.1956944135742182, [0]
-18.649495279207645, 0.721295507051565, 0.7926342047597579, [0]
-18.84404559422861, 0.639513791483068, 1.0838289039180256, [0]
-18.12601078494737, 0.5838159463032436, 0.21423433441580697, [0]
-18.92964567025466, 0.6315146489893381, 1.2422818698579512, [1]
-20.29804700473556, 0.6058825592854333, 1.409507687107912, [1]
-19.73435442808473, 0.9078730032727655, 1.6933131485332364, [1]
-18.375090922881252, 0.8727236631285558, 0.6796325250767514, [1]
-18.040321649201314, 0.8034157293115969, 1.2229869905947959, [1]
-18.544111493357086, 0.7198164756754984, 1.5430998889685834, [0]
-19.393401074203133, 0.642098995052502, 1.4230128447945276, [1]
-17.85977870647232, 0.42334379816971834, 1.2103963536101714, [1]
-17.84808542417085, 0.5670533960520433, 0.4650219562807524, [0]
-18.515481565299496, 0.4551064812142974, 0.7553714207786157, [1]
-18.9476847019586, 0.6655238309967448, 1.4178453340551944, [1]
-18.00880408867842, 0.7775717310641168, 1.637954906032253, [0]
-19.331543239891896, 0.40430853142400514, 0.959848747581637, [1]
-18.499795004322237, 0.42752834251249344, 0.9732428900387653, [0]
-17.64562297216346, 0.3273304849407068, 0.31709161180687007, [0]
-17.924518159910892, 0.6079076404627726, 1.355083823674613, [1]
-18.42054979906857, 0.42506715119303184, 1.5753141884484538, [0]
-19.69071020812086, 0.785972607443783, 1.6009837869557055, [0]
-19.690089187425645, 0.5545837730904757, 1.0440290311077591, [1]
-18.654107051501494, 0.5599845115558167, 1.4465073099537111, [1]
-18.709722583781556, 0.9699032897784142, 1.4510064163429668, [0]
-17.729239839307787, 0.8519977685261134, 0.8980549877166414, [1]
-20.144792940715302, 0.388448762441441, 0.9291348164814845, [1]
-18.42213929834277, 0.7667649043627818, 1.3476776736459308, [1]
-17.183881129949324, 0.7280541738947938, 0.9803662112512057, [1]
-19.129405824836347, 0.44941999452555215, 1.908905255677473, [0]
-18.727117787099584, 0.5152992431309503, 0.03453528311920344, [1]
-19.141783094854034, 0.6930799377738444, 1.1830018990721172, [0]
-19.476664837819495, 0.7290674885460611, 0.18149765464174428, [1]
-19.832023032382608, 0.7669995991879618, 1.3413625735817816, [0]
-19.51108463623814, 0.6240580135509533, 0.03104020434769056, [0]
-18.16489179418619, 0.3119968817550404, 1.116317996111892, [1]
-18.804292078894093, 0.9862353266264255, 1.5242687998620879, [1]
-19.033996241854855, 0.41770427977007785, 1.790035131415118, [0]
-19.345682354822152, 0.40020673107574595, 1.2303232930361365, [0]
-19.763783270822206, 0.7661429088507408, 0.9519559923439114, [0]
-18.7506945276564, 0.7084940341328734, 1.4956894146253463, [0]
-18.749340853852864, 0.6655999025188222, 0.8371793510278326, [0]
-18.973525787741213, 0.6506184126727532, 0.543910161494176, [0]
-18.034014687348982, 0.5847233301329873, 0.5801399933762444, [1]
-19.206133407891443, 0.6311983555080355, 1.1781438729817313, [0]
-19.030384451681144, 0.4255139720505137, 0.9902736408620398, [0]
-19.158394993080858, 0.053256676429094485, 0.6735411162728169, [1]
-19.04439963487626, 0.7317863794782835, 1.7809158771729492, [0]
-17.798014407701793, 0.5698801002206165, 1.1229837669201959, [0]
-18.47349416107836, 0.5684312599103005, 1.1163542660111376, [0]
-19.230041671875494, 0.9140678306104523, 1.0809597541498852, [1]
-19.27042432103651, 0.8685666771135656, 0.3337690517491456, [1]
-19.415655345391404, 0.5702703571708432, 0.9103354776557258, [0]
-18.049565177325228, 0.27053177751369895, 0.8688446184394538, [0]
-18.92128541463349, 0.6032628837397875, 0.9768583172347942, [1]
-21.09695506480476, 0.8961266084927884, 1.2252024023712371, [0]
-19.550371274202373, 0.7257930043313363, 1.178057375827389, [1]
-18.689442847330877, 0.5452263935443518, 1.581763393309485, [0]
-19.307879835276545, 0.7964677616445053, 0.36565891273833795, [0]
-18.794077388180295, 0.8487404248997356, 0.6460214989542137, [0]
-19.577108641870268, 0.8776079409090349, 1.3958342372327133, [1]
-18.963457396982772, 0.36929521146025274, 1.0016104295245536, [0]
-18.097528401986757, 0.07646002516495876, 1.2098112725161458, [0]
-19.08564580181181, 0.3824139996358028, 0.6458446344944389, [0]
-17.989382197724808, 0.002998900850563091, 0.7414161371183392, [0]
-18.51542934341225, 0.6180295313391662, 0.47496450686931524, [1]
-18.57860291760766, 0.6424894164870716, 1.6127905350696656, [0]
-19.384915784221832, 0.7725829331424028, 1.1134258938203483, [1]
-20.137420623591535, 0.5031540957977247, 1.2735376481957685, [0]
-18.40792372193589, 0.7691757824440655, 1.613853196701292, [1]
-19.07907613370751, 0.5067280458009189, 1.0537122423861793, [0]
-17.705018895707774, 0.4529909133279102, 1.1681769658884642, [0]
-18.70727470630124, 0.7982163101443616, 1.5778153589318136, [0]
-18.389900041307886, 1.1228164480613527, 1.0082026650521194, [0]
-18.67360813533338, 0.24447585730128013, 0.7033009283574037, [1]
-18.56010008739924, 0.8256614649485539, 1.6605190314944942, [0]
-18.28192756946035, 0.8233730900881154, 0.4125881653566601, [0]
-18.127576465445095, 0.6467978431981186, 1.8561857442614003, [0]
-18.803318222029134, 0.8643143563172275, 1.2951451789187638, [1]
-19.353398758311094, 0.3997448560144346, 0.5349684476842289, [0]
-18.392261238993356, 0.5354726706918611, 1.0397174281766326, [0]
-19.109955369045707, 0.6982176195187264, 1.3234679112957823, [0]
-17.38119549502457, 0.7269408271709641, 0.7864321168708495, [0]
-17.54851710996534, 0.7150301365085115, 0.04855388662569571, [1]
-18.742209048691564, 0.45443371098665947, 1.068927820273702, [0]
-19.192023163506995, 0.5497207715544453, 1.4430306761573344, [1]
-18.74162114909763, 0.5601184765266288, 1.281460173092519, [0]
-17.76744172153473, 0.43285709213597046, 1.3324097822792647, [1]
-18.286145100407374, 0.70919705400929, 1.3102500901671723, [1]
-19.212473592249253, 0.7307796747374196, 0.7233124054964639, [0]
-18.84666929074853, 0.4810100482161659, 1.3987820947865153, [0]
-17.7336867714808, 0.42304883434396395, 0.6182946124984806, [1]
-19.188693970908858, 0.5647097593101423, 1.0613182930315777, [1]
-19.1269186625211, 0.548782018245096, 0.902949946514812, [0]
-18.86677914483216, 0.752790053575461, 1.1824575282892775, [0]
-18.21500182665787, 0.5198466775649451, 1.2297762648856796, [0]
-19.146087707793825, 0.6339424908289351, 1.686091207548205, [1]
-19.87226441890309, 0.499837736437182, 1.998900315909014, [0]
-20.07665423408483, 0.742404376053294, 0.9316345782473501, [0]
-19.65795293220331, 0.6882103783247939, 1.5956267864755211, [0]
-17.42370088083861, 0.3903625658352119, 0.9867660586123546, [0]
-18.84180447568211, 0.4685714937592176, 0.8851246892149147, [1]
-18.621362203092456, 0.7836306890525541, 1.551872651698691, [1]
-19.220164715760436, 0.8109500816434047, 1.0176078053689732, [0]
-18.185959142751678, 0.6896932043381028, 1.5078834780060093, [1]
-17.834402237071448, 0.4555758824629678, 0.9886068319274961, [0]
-18.9708043048429, 0.4619547543851413, 1.2684883924093742, [0]
-19.27655955767996, 0.8710563084392514, 0.6231766226630298, [0]
-18.361411881348214, 0.8416088032889606, 0.44447972068279423, [1]
-19.298575067144515, 0.7243279885504027, 0.657919822077369, [1]
-18.437404622719335, 0.5450520490407662, 1.7520170729541402, [0]
-18.347937190520522, 0.6656102571413244, 1.503350083364732, [1]
-19.35119120542853, 0.5438770574077973, 1.0172601733688846, [1]
-18.044225164113872, 0.11008590716085724, -0.062210205713810196, [0]
-18.522233029554098, 0.6797862160546686, 1.9600684726792204, [0]
-19.00615860626236, 0.710210397759619, 0.98612691451198, [0]
-17.00704013151671, 0.7481798383665045, 0.7525921819320476, [1]
-19.601441489120326, 0.7846388673640784, 0.5379937406635539, [0]
-19.31428838186612, 0.7616856923213831, 0.807177052175365, [1]
-18.44590168404991, 0.5203466098647972, 1.108218670908903, [1]
-19.051779442829982, 0.6374892534960857, 0.9562944729700811, [0]
-18.23995914748316, 0.7733828254593215, 0.6598977847881704, [0]
-19.417516803973268, 0.6717433955216108, 1.4828296503804956, [1]
-19.571507656843714, 1.799174451353521, -0.32230104851128993, [0]
-18.17621931483709, 0.7008052889097826, 1.5435944060050697, [0]
-19.367073846012616, 0.5722858726056386, 0.41873316156523865, [1]
-17.1676971694183, 0.7932655811641558, 1.2396060871474703, [0]
-18.78474548104064, 0.4391059493517948, 0.371660264966619, [0]
-19.27812797755485, 0.7591955256349878, 1.21917133703465, [1]
-18.78471486080513, 0.716153909730431, 0.4395764038355062, [0]
-20.45918325605274, 0.4515529058491752, 1.45614851826052, [1]
-18.795847873948773, 0.5516245985958167, 1.347037097888579, [1]
-17.8474324958975, 0.48019300578939256, 1.7843377773659275, [0]
-18.82475919950897, 0.6362824784938403, -0.09850122474208406, [1]
-18.712987560814174, 0.7979963283141694, 0.3873273028577259, [0]
-17.99278471321288, 0.615074700432376, 1.466313115891852, [1]
-19.679317725747328, 0.461630477455542, 1.5132732041774206, [1]
-19.470403627445165, 0.5727601193097944, -0.13361203185156312, [1]
-17.802091411254985, 0.41256010462161447, 1.3207721769924592, [0]
-20.0726848857101, 0.8498767093029591, 0.6049932138245339, [0]
-18.72881676742688, 0.6190033596891931, 0.9823378244825294, [1]
-18.23406007454784, 0.3207321480028981, 1.417866581342459, [0]
-17.984665277600836, 0.39738324363698496, 1.5859010830617368, [0]
-18.407997818360677, 0.7368912926951152, 1.3871985155629956, [0]
-20.680212493848845, 0.5665516369791566, 1.7819732928621952, [1]
-17.840744174610307, 0.8160414246670371, 1.1552733046761505, [0]
-18.31461859109524, 0.5238331061111527, 1.3268153861512055, [1]
-18.563959502937358, 0.8743355365357015, 0.3434679713238516, [0]
-17.949034819112946, 0.8700956497910665, 1.2035297491126942, [0]
-18.88244888938662, 0.6440351424946367, 1.3252289753505726, [0]
-17.520225765893894, 0.5482891351092296, 1.4206580285352939, [1]
-18.681859727394297, 0.5270766496147667, 0.5174578943800456, [1]
-19.43002146895941, 0.5179898281911821, 1.6188302449774277, [0]
-19.017639139461597, 0.8144533277886072, 1.8553925151832198, [0]
-22.234046466365633, 0.4710465519977732, 0.8584160559474846, [0]
-20.055680279792934, 1.2732820457646128, 0.7340043266413259, [1]
-18.978344479991673, 0.43405881791531, 0.9781174768449588, [0]
-19.21993797161839, 0.5724551105253769, 1.6969706659416404, [1]
-20.183759231991946, 1.0353098384407926, 1.0310446357239884, [1]
-18.51581737968659, 0.8996892969902373, 0.6066832661072944, [0]
-17.666761061742232, 0.5774486658764829, 1.136675327263438, [0]
-18.488604483566093, 0.7298443836948805, 1.8734560746617892, [1]
-18.258821167698393, 0.6684132985435949, 0.8013352122994346, [1]
-18.27799093594296, 0.5279667087189709, 0.4439663470919731, [1]
-18.63893669890414, 0.8370938650001944, 1.0980685096893013, [1]
-18.435322261860065, 0.8404707614337505, 1.887252406387697, [1]
-18.959148815822534, 0.6916116904939669, 0.8235835156233449, [0]
-18.551744154872715, 0.4918586411022611, 1.4293015392912953, [1]
-19.148269106673666, 0.7114170971441073, 1.3910845727527132, [0]
-19.000920529609832, 0.7882942217264846, -0.07588206521809182, [1]
-19.728588230792717, 0.9007126634871173, 0.4343524684658986, [1]
-18.862618604914953, 0.44575638593386235, 1.2885374183978968, [0]
-19.493588061741526, 0.7563728693312635, 0.8977713909784988, [0]
-19.444260176068592, 0.6255852436166804, 1.5833584793777384, [0]
-17.656117321958824, 0.6756502864181393, 0.9516507868321482, [1]
-17.159986896019603, 0.3304596143150501, 0.8999982159017514, [1]
-18.634861186164372, 0.47298391609504353, 0.6956326382508488, [1]
-18.560219218658915, 0.8731472201112613, 1.893659517681102, [1]
-18.577409719977382, 0.5776446189314669, 0.9836319708107129, [0]
-18.570264156051, 0.6649462639114949, 0.9396806864105937, [1]
-19.075238665563926, 0.9369273885255609, 1.2021419543410659, [1]
-18.148861713538267, 0.4018749369869749, 0.6717467744339993, [1]
-20.201636222229315, 0.8807825818064637, 1.2117695563389341, [1]
-17.94045070928421, 0.7411603728320552, 0.864807309843615, [1]
-19.14766608491317, 0.7324139015653407, 0.5439911630582739, [1]
-19.128769926867392, 0.2754498669410802, 1.2380939364188577, [0]
-18.50408866600184, 0.43315345717644493, 1.3440938210509896, [1]
-18.577213499773716, 0.5430724853057702, 1.118780179510937, [1]
-19.48676375423675, 0.5776795698207058, 1.7354454765011678, [0]
-19.394618555376827, 0.6075161707445189, 1.2247637356711882, [1]
-18.91966592509513, 0.8035124858460778, 1.4953128343929545, [0]
-18.18839549367287, 0.2441815013148484, 1.1334876046420455, [0]
-19.06758488907892, 0.5067175858726091, 1.104363277825648, [1]
-19.51296120281837, 0.6885347491612782, 0.5648057670829392, [0]
-18.05593904907347, 0.8289169061193271, 0.5291970157726511, [0]
-20.170166262701827, 0.239809339706074, 1.4274391538344264, [1]
-19.556083174466615, 0.7081489121595328, 1.1101453008686708, [1]
-19.07178519563539, 0.8885649531403353, 2.13664970413762, [1]
-17.617513916508212, 0.4260286999622592, 1.5938704440619655, [0]
-17.954998263900013, 0.43362865095351866, 0.5724920734766826, [0]
-19.295437162769346, 0.46866871129625953, 1.3425888345878154, [0]
-17.646860181605973, 0.6202172724321927, 0.2788939986664266, [1]
-19.348019589474646, 0.40003777795509904, 1.4439637203022628, [1]
-19.23373871730658, 0.2589872501600558, 1.4908769491579807, [0]
-18.667518496395925, 0.6536587837460972, 1.3803383911840565, [0]
-18.741366405886055, 0.6178701449249419, 0.9786196620508896, [1]
-18.333695265289244, 0.41235294565131847, 0.8607035553907222, [0]
-18.201007234288543, 0.713843752408682, 1.3791540669816649, [1]
-21.13361864667919, 0.5290214363362982, 1.166487618331067, [0]
-18.145856484150514, 0.48444631362966445, 1.663238676648995, [1]
-19.752640933831056, -0.07632761885901851, -0.5728017732138859, [1]
-19.03637167303712, 0.5318917039499137, 2.026133577354669, [0]
-19.096345950127823, 0.6714995218540614, 1.1574240908640414, [0]
-19.083928713100192, 0.6939004498193642, 0.9880225426438697, [1]
-17.56684278414172, 0.7153770022291881, 0.9121450539806754, [1]
-18.70911900328058, 0.5862543064998628, 1.5919565332690042, [1]
-18.25491413482214, 0.6015240886679906, 1.123733355643153, [1]
-19.265088705724935, 0.9718284779792448, 1.0113774911500506, [0]
-18.659855609746582, 0.7723009971788501, 1.5997875198308744, [1]
-18.77143769541284, 0.7336630746696763, 1.0155659241641852, [1]
-19.26563843266562, 0.6753952332391338, 1.5349833214945308, [1]
-18.856459583423327, 0.6392662739628303, 0.9492013967726037, [0]
-18.247946804053903, 0.8131436112543458, 0.6140343066537456, [0]
-19.18371610353119, 0.37176329587736456, 1.5480900887100477, [0]
-18.779004186351496, 0.9104855628620138, 1.0647933341231302, [1]
-19.700129212680203, 0.32390594378372306, 0.8805306334164925, [1]
-18.010356308795025, 0.5822857479636321, 1.6470289116796388, [0]
-18.786014918131606, 0.7747915137871338, 0.9861040218076509, [0]
-18.338459457784165, 0.6852609179796066, -0.592520047120503, [0]
-19.443591358569225, 0.5345274888969989, 1.1009181268893562, [1]
-18.81537335399912, 0.5004986501851727, 1.087186915321649, [0]
-19.13192897673664, 0.8585947836186457, 1.5565012178995474, [0]
-18.41216673013202, 0.47743255065295886, 0.13648195262475693, [1]
-19.028512729840934, 0.9452972202621452, 0.7841394221403578, [1]
-18.537299341510504, 0.4837788750051744, 0.9870984365775315, [0]
-19.749231620256044, 0.6900495552876877, 0.021179413117026924, [0]
-17.640477178688435, 0.4359146451340288, 0.5746485807118742, [0]
-18.21384952925013, 0.40956946701157754, 0.6783729042296613, [1]
-17.252132500283754, 0.6359083192604132, 1.1470803345986258, [0]
-20.81340016440689, 0.8066648502485245, 1.543825631088795, [1]
-18.89835791478676, 0.5713981450642597, 1.7055234272696054, [0]
-19.46200860797518, 0.013696319773359167, 0.5119113143684568, [1]
-18.60253563903516, 0.7887195045666386, 1.1957278308961927, [1]
-19.451769438929, 1.0896466538616247, -0.04905553318636734, [0]
-18.287281889721857, 0.815399196626575, 0.6620293305678729, [0]
-18.68319013451705, 0.4691714915709612, 1.7428627959856777, [0]
-18.407847895455745, 0.3496131448393053, 0.8903853816350603, [0]
-20.309198656683893, 0.6453724867746875, 0.8448546240584153, [1]
-18.743816893578714, 0.8364415353277309, 0.9949564949982155, [0]
-18.287466335064938, 0.31665216735600066, 1.3360820788639105, [1]
-19.789187610824563, 0.38812228827895945, 0.05623910242646922, [0]
-18.51490979146101, 0.7024765825674835, 1.187168087995762, [0]
-18.75344374023129, 0.6919837151485513, 1.581111785112033, [1]
-17.218919348690413, 0.7296600579885228, 1.2267694838066585, [1]
-18.649516589520584, 0.6957596634336392, 1.1000542935238746, [1]
-19.84229290755496, 0.8225872397871573, 0.0952741150951763, [1]
-18.163080081250502, 0.562437661592981, 1.4582204701639616, [0]
-17.9201191229001, 0.3822169282649781, 0.6276534927534987, [1]
-20.001329125851548, 0.7365367859434326, 0.8947770104815622, [1]
-17.745723876953964, 1.1173680203536405, 0.8830892798995731, [0]
-19.780880545029223, 0.6664263201386635, 1.7959485073131654, [0]
-19.01927982607601, 0.45803961011527017, 1.67520632663781, [0]
-18.709727119944848, 0.14906373430286357, 0.5581410742119726, [1]
-18.371648337023395, 0.7613676145457503, 1.2513977201729214, [1]
-20.106297349806226, 0.7958450481264858, 1.9709446921509093, [0]
-17.74597296798495, 0.8947315378535188, 0.8468858786415231, [0]
-18.34459330346554, 0.2780329968000399, 1.102232086803043, [1]
-19.235307108573064, 0.5890187675267043, 1.07954680565883, [0]
-18.205202191450866, 0.5836487953225704, 1.3902483195819202, [1]
-20.676637122004703, 0.8092230848122621, 1.4965667024564882, [0]
-18.058728766298607, 0.885697163736057, 0.9268727893088451, [0]
-17.77624965117505, 0.41133605471610024, 0.4107885166099113, [1]
-18.07620605242512, 0.9771157556698551, 0.6860463016236029, [1]
-18.570108446349685, 0.6839665617822944, 0.6150340767472554, [0]
-18.87673617705885, 0.7052048251478713, 0.5943721593698472, [1]
-18.106030196871746, 0.6328666029859233, 1.2930125674921857, [1]
-20.074564117590295, 0.5599736275701441, 1.019768729152978, [0]
-18.133837114217112, 0.3658993687688305, 1.1547312032394492, [0]
-17.93111545815219, 0.5367121265362242, 0.9106145025692275, [0]
-18.563906331273756, 0.625334331432554, 0.2684452903962655, [1]
-18.96407209998622, 0.6835973795402928, 1.2117830797373612, [0]
-19.14536651863252, 0.4857613794078314, 1.3209565899647646, [0]
-19.751021950183983, -0.09420788112882728, 0.7496216385582688, [0]
-19.6000448619277, 0.4695781215762469, 1.556582955401736, [0]
-19.05408243360173, 0.9286396888628965, 1.45224646100804, [1]
-18.228374233766104, 0.5745059420597067, 1.4971808959983137, [0]
-19.062548883224974, 0.5845626528195141, 1.814686986239009, [1]
-19.959783322733678, 0.19414582074729825, 0.87099180476888, [1]
-20.225006602681727, 0.17823189910984105, -0.03805974687457797, [0]
-19.160280640517872, 0.855780424477949, 1.106978645085411, [1]
-18.6106326642025, 0.8280186320823285, 1.3553339919084821, [0]
-17.888781320114678, 0.689088238126532, 1.5736817122967057, [1]
-17.784143000013973, 0.5321109683410723, 0.941440401211918, [1]
-19.25615740371197, 0.12258833003250347, 0.5273662205348348, [1]
-20.33635263198373, 0.5604463681503615, 1.8872306440152515, [1]
-17.570528316273123, 0.8780631100089175, 0.7201552199227388, [1]
-17.950660700643034, 0.1454753123382122, -0.4637597330350733, [1]
-19.027568722941467, 0.8564912882203137, 0.7751495040817753, [0]
-18.928717558291225, 0.43278590998218636, 0.7923630798002972, [1]
-19.48793829563274, 0.7116368020717322, 0.9883103921752556, [0]
-18.639915456795745, 0.29045991333188637, 0.7403242986776086, [0]
-18.538088095968686, 0.6909300660092761, 1.9156713516302313, [0]
-18.45614002576967, 0.6213843461324149, 0.8380434618436253, [1]
-20.232405605366132, 0.4238944973938356, 0.7007170434952648, [1]
-17.49824326428426, 0.5035608086574497, 0.9870308044243725, [1]
-18.66900758026851, 0.8064652331634568, 1.322072359681532, [1]
-17.72452965517494, 1.0512114744614007, 1.2053575761891475, [1]
-20.00960442639871, 0.624941508817711, 1.4627264468664842, [0]
-18.439609062111384, 0.6153709274374571, 1.3618262309663687, [0]
-19.51770676667165, 0.4174659824637631, 1.8106191133956475, [1]
-18.704966973134713, 0.5917241173200489, 1.527982826784705, [1]
-19.60765279805074, 0.15017144892737044, 0.5533429196833906, [1]
-18.43135524005581, 0.7374474563584058, 0.8955899810537886, [0]
-18.693486771806032, 0.4538683496457616, 0.9002572289902117, [0]
-18.254230651237275, 0.5540398788849992, 0.38989596414336275, [1]
-18.835841369509136, 0.6248905728172682, 2.1058430827655807, [1]
-18.364819398941453, 0.3873076501362092, 0.13859603129516726, [1]
-17.979064501645553, 0.6204733704701195, 0.8347113193411655, [0]
-18.210300001609667, 0.10506314965180458, 0.5819947712336582, [1]
-17.944695775295955, 0.7609633264423152, 1.2548753902748015, [0]
-18.926679350442928, 0.06002223653540878, 0.7392526228523779, [1]
-18.17116133666417, 0.7851743714841974, 0.8769578273261242, [0]
-20.739345717065007, 1.1242211808779456, 0.6851467700751603, [0]
-18.330752219750728, 0.6082781471932135, 1.4743264972057453, [1]
-19.416700470665486, 0.9464422867754572, 1.0990028653551034, [0]
-20.21354828176826, 0.7066020961421661, 1.948313949262595, [0]
-18.761670105203343, 0.6345836285097859, 0.772760143468002, [1]
-18.27944535875058, 0.4434708019514974, 1.3851629401276209, [1]
-19.86831213129276, 0.5121934786659309, 1.4443345682546218, [1]
-18.070724452045372, 0.6298786867305396, 1.9676788786086128, [0]
-19.17541307090662, 0.6376648204299076, 1.5517059376401958, [1]
-19.484771956704474, 0.5517217204309642, 1.3811672864069189, [1]
-17.788758425533704, 0.5935793872925055, 1.3781722780976247, [1]
-18.198264597655488, 0.6203165535827818, 0.8469655652819715, [0]
-18.792194860411783, 0.5884223701652694, 0.9808769052074968, [0]
-18.87487196046192, 0.4111177179258894, 1.2917553088363967, [1]
-18.871384789985534, 0.8890214962465107, 1.3635415299408489, [1]
-18.85066708257911, 0.40913888958695516, 0.6831225765009675, [1]
-18.386117777839456, 0.5004337842471196, 1.4289000367690592, [1]
-18.59449928473539, 0.13877850687656657, 0.026471150603932958, [1]
-18.251245141179783, 0.43527464143046457, 1.1170594723966762, [1]
-17.858975892616787, 0.5214890323327998, 1.0241501807920124, [0]
-19.18015298487918, 0.8855912573873291, 0.4349001422928669, [1]
-18.257478232273463, 0.5818070127065607, 1.6673135986758956, [0]
-17.998311650522243, 0.952389313796004, 1.0438957724654672, [0]
-17.59455920195594, 0.8834398060320332, 1.1661363812160865, [0]
-18.839399461445968, 1.105538487004641, 1.0237469001152701, [1]
-18.05320185227729, 0.5681976589173869, 1.6316443534390574, [1]
-18.153108039088508, 0.29609262004562087, 0.8295219862683495, [0]
-17.803555754385492, 0.21711851716011063, 0.8101584760638911, [1]
-20.05568716811083, 0.4931918136477399, 1.8201810797314348, [1]
-18.643525289789505, 0.6464994883910429, 1.3551988624402123, [1]
-18.795978744009908, 0.4768729559566408, 0.8960514806898, [1]
-19.02233777228831, 0.5052567381462444, 0.9110624576522691, [0]
-18.746569080380667, 0.6875178141369687, 2.084052371071573, [1]
-18.030274516104004, 0.6487353033371492, 1.854169061290682, [0]
-18.448905739524402, 1.0824038562616585, 1.0472777601846985, [0]
-20.141289475217103, 0.2779239599501492, 0.720100576272942, [0]
-18.46083524039185, 0.5163849822826305, 1.16411429968009, [1]
-18.66685335360576, 0.6329542637850288, 1.6821353602366442, [1]
-20.202495638957938, 0.8929703580152242, 1.4278129931046368, [0]
-18.59323036710437, 0.900560914076927, 0.5716093152370296, [0]
-19.337006261914777, 0.6061608842572187, 0.9176864441371604, [0]
-19.354189954827604, 0.7167867043329167, 1.3559847850649973, [0]
-18.404242795914286, 0.7024034086798278, 0.11150186050489913, [0]
-18.575343265846268, 0.9019582610290034, 0.7039786541523139, [1]
-20.91801371721907, 0.6671490917117266, 0.6968953584955108, [1]
-18.556351951419803, 0.7536773967948845, 1.1506002753634563, [0]
-18.76509718694048, 0.6925632642624975, 1.4621223362273266, [1]
-19.31397374759266, 0.6838297863694892, 1.2777009126676344, [1]
-17.425599744900797, 0.6600113977892774, 1.1536552956488038, [1]
-17.63005812865963, 0.49364246988628735, 1.3360559441789435, [0]
-19.783950567012365, 0.5405765948424861, 1.467796192381879, [0]
-18.370235644312217, 0.5700788962359944, 0.03130774104657735, [1]
-18.163358459098585, 0.1688002640682189, 1.1934475919161815, [1]
-18.993818353632857, 0.7411757898224183, 0.8581732540482548, [0]
-18.643007106865937, 0.7142921493014192, 1.220183597803223, [1]
-18.52828317556999, 0.5228386059480271, 0.5307011465232468, [1]
-20.25133210657098, -0.1088331660346866, 0.3385335477258007, [1]
-19.432441491920343, 0.2837684259751927, 0.6885054797369208, [1]
-17.990677809601866, 0.6706741172300061, 1.1726584779329174, [0]
-18.74465572064947, 0.6734338899616882, 1.026326625954474, [0]
-19.234418861695584, 0.7786299396346462, 1.4576781013840745, [1]
-19.800267512311915, 0.3913961024288043, 1.1690985946165515, [1]
-18.488660125297912, 0.737740965630686, 0.5251379392578838, [0]
-18.546418173011883, 0.4059385204029994, 1.1697929246591672, [0]
-19.61964155512633, 0.414603856584602, 0.9931776991216872, [0]
-17.88565576456022, 0.774378347688923, 0.8388984852975618, [0]
-17.874701564624612, 0.22242460230671257, 0.17859443345566728, [1]
-20.182780990348903, 0.7366229781363418, 1.9076826457234286, [1]
-18.6303651783944, 0.4903383910172258, 1.2798178182751863, [1]
-18.957173441279714, 0.47046755059742784, 1.1511357367284074, [1]
-18.823653110061343, 0.8909107154941613, 1.2933527519586585, [1]
-18.06768272813041, 0.40155732621712376, 0.8649676358817753, [1]
-18.737663018203065, 0.9074650207365691, 1.1917262372104405, [0]
-18.410982584360216, 1.0306690016910411, 0.5016219973524858, [1]
-18.967636346228428, 0.742783293003654, 0.5080108573114752, [0]
-18.02104557781247, 0.5874024148343738, 1.0469287850344435, [1]
-17.888616460795376, 0.45625759518983083, 0.8124738143747426, [0]
-17.850505045331854, 0.6976409786410537, 1.06970219308613, [0]
-18.940197419724605, 0.4642774539100694, 0.9894022609370521, [1]
-18.24259420980096, 0.7982992874842515, -0.2468684689873079, [1]
-18.354792074465575, 0.6062139614670577, 1.3988075837075098, [0]
-18.74661130778277, 0.5781488669283311, 1.0300266300535799, [1]
-19.267505392665615, 0.5703840465040334, 1.493182846306361, [1]
-18.946306496195316, 0.8652845117816063, 0.8783177200394638, [0]
-17.902210087190447, 0.6200003138133249, 1.3481366227625067, [1]
-18.044274746352865, 0.17114381008416824, 1.5105777619608571, [0]
-17.18020212632305, 0.24071791183713576, 1.5416855058176842, [1]
-18.075906387888345, 0.3982921472237441, 0.8848789626567904, [0]
-18.67036028976867, 0.6226682222880622, 1.2706406858069892, [1]
-18.95813285855908, 0.7859429640559255, 0.8672036709845884, [0]
-18.179235454891856, 0.8222608213080994, 2.288207544402624, [0]
-18.239856676692117, 0.7236503303208819, 0.9068796349683398, [0]
-18.259391481489363, 0.7560852791369314, 2.006157805066573, [1]
-18.388941339184857, 0.5840038663373648, 0.8688422312586221, [0]
-20.168657897918266, 0.8069264823067651, 1.106210328628218, [0]
-18.48341749429266, 0.5863973988291922, 0.5943867574891368, [0]
-17.100455215031317, 0.7168409929264921, 1.605197197781664, [1]
-18.970364368471333, 1.0238348155619328, 0.8348392000312431, [1]
-18.787895735504314, 0.660083305625156, 0.48845800025701613, [0]
-19.645331174382232, 0.8782469033285107, 2.0314055386939174, [0]
-18.595078740859414, 0.5641549462931742, 0.6802366202674218, [1]
-20.498858901396478, 0.8206851063829206, 1.0479373187946615, [0]
-18.427531702284327, 0.8783986335131229, 0.828424127766197, [1]
-18.632160587483334, 0.24174010817665748, 1.2075769585289589, [1]
-17.954881889739298, 0.7679819531054185, 0.4743712200928668, [0]
-17.26023209714945, 0.11481741012673252, 0.6680543276727521, [1]
-18.631470136097757, 0.663039591446108, 1.283309418146574, [1]
-18.518250686799433, 1.0439571860604258, 0.726688939852885, [1]
-19.12109253940735, 0.2784355124788354, 1.083061399725551, [1]
-18.723419874263342, 0.7652966501866123, 1.2886807852728142, [0]
-19.94265836840691, 1.0668611853541905, 1.5197267669973107, [0]
-18.487016128327586, 0.8819608077873984, 0.7513406214528547, [0]
-18.799746113283913, 0.6881634713674532, 1.383343288284972, [1]
-18.736746388897558, 0.5465967220027974, 1.4800538811846464, [0]
-19.5465389412719, 0.4334257291464136, 1.3247733018867145, [1]
-18.895962081744827, 0.7011175813798896, 0.8289815094589711, [1]
-18.723152597595963, 0.7413282335673177, 0.8721837573849931, [0]
-17.626887136431513, 0.45805988225748023, 0.4556510237403995, [1]
-18.32090332917066, 0.5123654564002297, 0.6737724137803385, [0]
-19.98085279821967, 0.5825107083721596, 1.1798942608627603, [1]
-17.705010732813182, 0.5401947219312135, 1.067014402229111, [1]
-18.964520288166703, 0.7258024282230486, 0.32480051287359446, [1]
-17.421984057965233, 0.7554355446798316, 0.3928071699269582, [1]
-18.575501829509076, 0.3201276327019383, 1.1748869714548698, [0]
-20.382638248178253, 0.6739412310335555, 1.6075220327198718, [0]
-17.35575060046438, 1.0440285728416558, 1.0948618478481231, [0]
-19.016630296626374, 0.5454608123288299, 1.7976136167370462, [1]
-19.661969879499214, 1.090251526132187, 0.52555576316271, [0]
-18.316602528282235, 0.20049964394321473, 0.26072072648689026, [0]
-18.457303324963817, 0.7568979269835046, 1.9118618116962818, [0]
-19.971637334164487, 0.4893719812529126, 1.5374847015799546, [0]
-18.470896753788402, 0.45353631315269316, 0.8556370991490432, [1]
-19.250035610654756, 0.7319050562288724, 1.2459740969445918, [1]
-18.504552551090967, 0.5254723552357393, 1.7002010653887656, [1]
-18.97177306645997, 0.78189134047648, 1.4963915973625541, [1]
-20.916163792798827, 0.33675187383940336, 1.4285509701657064, [0]
-20.033000503151108, 0.12672351271964605, 0.6606002700850052, [1]
-19.004425191961545, 0.5940475416142205, 1.0892497062465936, [0]
-18.860290914092918, 0.8627662110555332, 1.8499491072658996, [0]
-18.307105743595706, 1.0985275263478742, 0.31954028670733087, [1]
-18.951502068502776, 0.49169287720259003, 1.0991298927839086, [1]
-18.274836171319365, 0.6671409718528661, 0.7007914434456513, [1]
-18.337256167739987, 0.677713342964709, 1.3224239121471684, [1]
-18.40909213827645, 1.0715927387494426, 0.3814760513306798, [0]
-19.599894422037792, 0.4683283430363494, 0.9409907775369788, [0]
-17.723094701866398, 0.5678271139294808, 0.7710043034837073, [1]
-19.467515555195202, 0.39527164683519356, 1.1065361264210896, [0]
-18.242385090867614, 0.70385718670804, 1.0497130691389127, [0]
-17.693682147637116, 0.5584788464825564, 0.7217873918751008, [1]
-18.428267682215182, 0.5304878916931314, 1.7710282506293995, [1]
-19.5657772239698, 0.5097239357247695, 0.9453044900582215, [0]
-18.8762911378382, 0.4309308094907054, 1.342792682008445, [0]
-18.094725908841312, 0.8632999221244708, 1.3839004433796345, [0]
-18.902406930540845, 0.5818857057574929, 1.2327769735562863, [0]
-18.469773808018502, 0.5208174016135652, 1.260062174839617, [1]
-18.889452631619726, 0.48998086153704135, 0.5956158915367826, [0]
-18.900961085637263, 0.4314835914007222, 1.264206112643912, [0]
-19.041794599154134, 0.40529295082592726, 1.7679484274742494, [1]
-19.448912869636146, 0.7998670523934226, 0.7538236902112788, [0]
-17.79818426887808, 0.7479962294360079, 1.538547491844823, [0]
-18.065672887101748, 0.358318906229546, 0.8695990810878537, [1]
-19.412097901450768, 0.7839099177898592, 1.042071215146888, [1]
-19.030624614527284, 0.6826340959956809, 0.192362783705613, [1]
-19.367468498804886, 0.542823704415313, 1.3211572007086105, [0]
-19.75499579526704, 0.773445825175336, 1.049248760492285, [1]
-18.32467610415753, 0.5445404633086325, 1.0972953490812216, [1]
-19.04383691837897, 0.9271303565711231, 0.9303467244041577, [1]
-19.760053412150913, 1.155028205210769, 1.0974855759539295, [1]
-18.604063182946533, 0.49279034830604307, 0.7726043325091143, [0]
-18.488365220219492, 0.5372682722440771, 1.1876176834823198, [0]
-19.250467572592573, 0.7121579132807274, 0.9142273854262934, [0]
-18.443224085762445, 0.40937837157858525, 1.2324676392115768, [0]
-19.209839317329696, 0.5203188227977394, 1.0841471962522085, [1]
-19.409698388275935, 0.9015240307749426, 0.826365278403469, [0]
-19.27784523118201, 0.5819711471984061, 2.0646373206077984, [1]
-18.11324111760605, 1.2540923623904057, -0.2982510190100487, [1]
-20.2730057451065, 0.9400464175960979, 1.1573670693124072, [1]
-18.043174523432178, 0.9412172222969732, 0.880132149513324, [0]
-17.375162256321314, 0.9716785354822385, 0.02191654335567178, [0]
-18.63937441322101, 0.6658917603645015, 1.2188651826660521, [1]
-18.310183115780706, 0.263326347753608, 1.350677764568131, [0]
-18.02046173124018, 0.4970493029188228, 1.5399186658273427, [1]
-18.295447622909617, 0.519419129946812, 1.1204862303966727, [1]
-18.033144442687142, 0.7301795463546263, 1.1526437105983254, [1]
-18.40958370481905, 0.35106449705287845, 1.1846797449697153, [0]
-19.680829270372104, 0.6535353993562194, 1.3721215253865826, [1]
-17.618329562197886, 0.6502272666590837, 1.4443049014386353, [0]
-19.430754636786677, 0.712788423626747, 0.8329344827038412, [0]
-20.88601493174286, 0.8620869857497319, 0.7829501240086416, [0]
-18.96732325132487, 0.7049159555322144, 1.2256490406624936, [1]
-19.267918546555684, 0.9520740246795, 1.0871391057228825, [0]
-18.5146221773814, 0.6597920218731754, 1.298210701447524, [1]
-18.36799692492323, 0.4333691636458655, 1.2080014935097048, [1]
-20.757978216404002, 0.6113630765542579, 1.3698250117596533, [1]
-20.380616078485446, 0.36952208562119465, 0.8987240415159549, [0]
-19.072369766879945, 0.7799915835064436, 0.6208669822678604, [0]
-18.44195590812081, 0.6291786070469252, 1.8823328075299883, [0]
-19.173750682558865, 0.6700257837157314, 1.0389587735097647, [1]
-17.85277510622925, 0.4293598626482732, 1.392618622641046, [0]
-19.366831672195918, 0.34585331361261173, 1.43405902059633, [0]
-18.4050837594566, 0.5297719776906866, 1.8070172251763448, [1]
-18.199289212430035, 0.3719667980254462, 0.5707864066942256, [1]
-18.50225779436697, 0.4334765520067957, 1.399816432432241, [0]
-19.05882037921898, 0.9081080503969251, 0.6083572537327007, [1]
-17.611539005978564, 0.2642066465480894, 1.1828168300530397, [1]
-18.62342829674536, 0.30844442339994005, 1.2645659469064972, [0]
-17.750813786001146, 0.4317469724152538, 1.1259304647059, [1]
-19.016669977079108, 0.5956444693771953, 1.649494169616729, [0]
-19.392360770159456, 0.8237742586742131, 1.7771859029565769, [0]
-20.91639720976311, 0.677932966651433, 0.7918979658565999, [1]
-18.06618539181723, 0.5213444239609177, 1.2394653733463532, [1]
-19.383048690747007, 0.8105508799859876, 1.265951314421023, [0]
-20.719067559303973, 0.608915705519488, 1.5205112951446909, [0]
-19.718923713918496, 0.1333863709367532, 0.2566827956323807, [1]
-18.884396829782094, 0.8500559269376629, 0.8496704103627656, [1]
-19.378020864754447, 0.5688731318442555, 1.3582643439988922, [0]
-20.151164559478914, 0.46134785752959506, 1.0858013167975398, [0]
-18.477840209519997, 0.8258999695009941, 1.2722355649636956, [0]
-17.80886721519713, 0.5634997843503293, 0.49798733032376885, [1]
-19.215671655325668, 0.5897600288578884, 0.69344291113115, [1]
-18.84053261141436, 0.18863162154037916, 1.2081138728732297, [1]
-19.145434838189956, 0.5526661831377131, 1.5017181069251453, [0]
-17.41450818995335, 0.23867925637626247, 0.5878243115966825, [0]
-18.975109868969234, 0.6669516404418339, -0.08933969720809437, [0]
-19.39530730574929, 0.6829754768281278, 1.418819994565773, [0]
-18.871810081786418, 0.8202641712742371, 0.8563054815250701, [0]
-18.00164999304301, 0.515162066078394, 1.0795610118335723, [0]
-20.480143919597822, 0.6316899025490865, 1.477089799907994, [0]
-19.16165008742873, 0.6144803518259412, 0.9735700587292072, [1]
-17.84994261752214, 0.551114686071799, 0.262991953025266, [1]
-19.036553539622705, 0.7404242032080413, 0.5925910117748844, [1]
-18.064711574791186, 0.7163075179491077, 1.9407845047469925, [0]
-18.108620659999843, 0.9112670546296437, 1.0971803487190792, [0]
-18.052248668452844, 0.7624099185559761, 1.19717956732516, [1]
-17.763733713657487, 0.6146995475232276, 0.9162652315319924, [1]
-19.260749598868745, 0.6546887536190225, 0.24662329595401822, [1]
-18.991593857694685, 0.7461197658044498, 0.8104366536805281, [0]
-18.682271965490663, 0.6807658178864557, 1.6827921860695279, [1]
-18.4008984279394, 0.591373837843243, 1.8033299244389442, [1]
-18.11256014024996, 0.8906326326936234, 0.2596454009196849, [1]
-19.21785398345713, 0.6224771749505833, 0.530117396358698, [1]
-17.60119104287751, 0.5868108947902759, 1.0603230788475089, [1]
-19.184789510292337, 0.24401828776572143, 1.2394029797119668, [0]
-18.04506674724713, 0.48837048043125153, 0.9002313909797818, [0]
-18.398731178489008, 1.0159326036971035, 0.9262073892062702, [0]
-18.97749904013331, 0.8529781600348412, 1.0479988314823285, [1]
-20.029749451888634, 0.6193278012676648, 1.269812717940407, [0]
-18.677130203847614, 0.6657586049889134, 0.37209862547340455, [0]
-19.267473939468232, 0.5356304140007103, 0.7085363468663151, [1]
-19.21353320963737, 0.6949960928428811, 1.582039536570627, [0]
-19.438768706945552, 0.6894005411224519, 1.6879343451270241, [1]
-17.876177576718668, 0.5510291941863914, 1.3896803378611264, [1]
-18.120174890167643, 0.6990237832021711, 0.8155486391395114, [1]
-19.20876962534685, 0.22479656907270312, 0.5264121374616364, [0]
-18.601266650024172, 0.4984855241110343, 0.9165967213397886, [0]
-18.91711452629467, 0.7066438458047546, 1.2304107650746372, [1]
-18.227243789686867, 0.9950514485684709, 0.4625504828744764, [1]
-18.165473687561892, 0.6796371988057139, 1.6363015948296202, [0]
-18.365627563525692, 0.6677836781992399, 1.3910796745933631, [0]
-20.587535795520978, 0.6099662240187651, 1.055376094801574, [1]
-18.450079757381435, 0.6365417008335703, 1.7045915168662664, [1]
-18.571338978950685, 0.9031809739151768, 1.4141151798829898, [1]
-19.94571477888746, 0.4869203844772378, 1.392490357083628, [1]
-18.293065527321293, 0.6905477702482117, 0.765234348880977, [1]
-18.27923252489709, 0.13253781103383316, 0.4190379916179557, [0]
-20.039240753921828, 0.5416970647864003, 1.2748093290910096, [1]
-19.814720229399857, 0.4677515875879873, 1.2950560229557107, [0]
-19.097447655946976, 0.7514855830174506, 1.3519440628303299, [1]
-18.707454152314245, 0.7352601249373455, 1.3261731461600044, [1]
-20.103872218331865, 0.821776004462, 0.941052890480465, [1]
-18.512761055841114, 0.5828082479431556, 1.3636987949578292, [0]
-19.57728783516848, 0.5673426167570288, 1.1071654684622612, [1]
-19.69511922247843, 0.29414539650032734, 1.2040665150036005, [0]
-19.746353815166845, 0.6316784405738878, 1.1342919027032452, [0]
-17.953655169247583, 0.6482225543925453, 0.6460626518806841, [0]
-21.090802144158957, 0.5280035119339842, 0.32673338876222935, [0]
-18.25128148019878, 0.5355898776127437, 1.113115366803235, [1]
-18.490557640469103, 0.6774342073344698, 1.1789126392856661, [1]
-19.668653851161327, 0.6336761098540608, 1.8835370235090636, [0]
-19.63015463713032, 0.4423762986919963, 1.6030519753338506, [1]
-19.637449833682286, 0.2701296331572086, 1.6432671672392707, [1]
-19.051583134952885, 0.6983444948690882, 1.0497726601874628, [1]
-20.35318267955285, 0.5501779049957807, 1.2728430476159045, [1]
-18.77991457663094, 1.1992334058038274, -0.4767840491572351, [1]
-19.06370133993937, 0.9233866793653401, 0.9726286426267943, [0]
-19.6646739163533, 0.6426741233215891, 0.3900284946729432, [0]
-18.917442309199892, 0.4772513255700632, 0.3945092116928515, [1]
-18.530887487318985, 0.9113647511761116, 0.45691110907604904, [1]
-19.73458322544955, 0.6397406448388627, 2.0309635070539533, [0]
-19.24651872591827, 0.7186968245938974, 1.6124352159009083, [1]
-18.98475251868383, 0.6678038261614399, 1.5850650583524788, [1]
-19.275094534428767, 0.47943311197701494, 1.4863332419780573, [0]
-20.81142591453595, 0.36819691754943096, 0.48784110226047184, [1]
-18.799348136299777, 0.5411013952311828, 0.04062709958746724, [0]
-18.259495757749395, 0.4640348168091774, 1.4906766706958667, [0]
-18.480052817819985, 0.5045639080548803, 1.075440322693163, [1]
-18.400392081818143, 0.2724392753543188, 0.8615136276390337, [1]
-19.259356042725905, 0.9266823627925835, 0.9663079707437657, [1]
-17.55940998758379, 0.7606994509556894, 1.1899450801792126, [1]
-18.0547833242, 0.5399167434813272, 0.9806453729910598, [1]
-19.7169640354757, 0.42531247746515544, 0.0285611360583083, [0]
-17.835186941266013, 0.6786048850311697, 1.3535766360452932, [0]
-18.832070610667618, 0.4812474143306478, 0.7590833660915443, [1]
-19.257950071906308, 0.6790526673654897, 0.8285831988529169, [1]
-19.266300022465657, 0.7229543378447546, 0.5059189286269521, [1]
-18.89728174619763, 0.5029045552684256, 1.4803120435558075, [1]
-19.15433909139139, 0.48579205858069485, 1.1714654690203774, [0]
-19.880721187709586, 1.0921142054453534, 0.8010630997332889, [0]
-18.905354098789623, 0.4491200899011251, 1.0176090864025829, [1]
-18.395110812722745, 1.0631005815917176, 1.3779562966095251, [0]
-19.199727021095413, 0.4248948257511181, 0.47169822486918234, [1]
-18.724401480634576, 0.6364016931647303, 1.5556304499533415, [0]
-19.387507126238667, 0.4809109305152317, 1.1943473712373924, [0]
-19.7179961477249, 0.36351427513260137, 1.5361354424772342, [0]
-18.570140342941425, 0.7384390394630318, 1.771569341639672, [1]
-18.801811815025932, 0.6905592962792864, 1.622735608790086, [0]
-19.29502130618591, 0.3747625829420343, 0.4978216609116714, [1]
-18.321786234225502, 0.8174445173596172, 0.9433787585127771, [0]
-19.36625736443879, -0.015027537745344599, 0.09657224912011553, [1]
-18.401494320008553, 0.4069725737878603, 1.4779450425921872, [0]
-19.164969075354175, 1.0916419219890838, 1.0940233321461006, [0]
-18.422175356065527, 0.3827727595019405, 0.4195863051232432, [0]
-18.673449124162193, 0.5797317515767945, 1.157267088323481, [0]
-19.61430429605372, 0.7107306149874016, 1.1962706439563142, [0]
-17.866155734139472, 0.2989568953632451, 1.1522430029246107, [1]
-19.733389022281003, 0.5232712710736482, 1.6170858646572266, [1]
-18.13245113718624, 0.7046452426243737, 0.26223578871549735, [0]
-17.981938572246396, 0.48414795627519025, 1.240258258856098, [0]
-18.689704592350722, 0.6127807692494416, 1.680252481921382, [0]
-18.368316116066616, 0.03803975075501653, 0.9927079616599602, [0]
-19.75422253994991, 0.5188822352931136, 0.2690438417107967, [0]
-18.210388385327736, 0.42441513341125625, 0.9139615972513334, [1]
-18.523343754557654, 0.9545052770163502, 1.1550269012778962, [0]
-18.757121133859084, 0.37402705783475054, 0.8511842169765343, [0]
-17.888210541157324, 0.9057407320271272, 0.663024003739213, [0]
-18.355432664463827, 0.774611267252224, 0.6111033410705367, [1]
-19.962437919533045, 0.6757283576635801, 1.9384044067513646, [0]
-19.067398298035368, 0.2516277008499306, 1.3623356515252043, [0]
-19.253846148925525, 0.7022493183151666, 0.7068640118102795, [0]
-18.734408270417763, 0.3182254011647791, 1.5129258732789461, [1]
-19.222607060194836, 0.6508108822016158, 1.7027934730053453, [0]
-19.886516627964287, 0.4289412895738681, 1.2906788783981549, [1]
-18.45363180863971, 0.8449975071320699, 0.7703289834630282, [1]
-19.972009002607987, 0.38316156657911826, 1.0333757570327289, [1]
-18.549329832465006, 0.8241198222186494, 1.3955067727936783, [0]
-19.85707395955503, 1.173524993310199, 0.8273553132224991, [0]
-19.605135738731317, 0.39255178626746573, 1.3636252022686262, [0]
-17.901022219845014, 0.46323896153242244, 1.4173195778216248, [0]
-19.110726227394462, 0.8140768316807361, 0.8780928053251159, [0]
-19.53907301892479, 0.6821390609048605, 1.2538679811607367, [1]
-19.462332196452763, 0.6268187854782499, 0.8952029150582352, [0]
-17.964042840136543, 1.0904771343198782, 0.01842635232273193, [1]
-17.982122398438857, 0.3969260888145494, 1.2154353924901424, [0]
-20.1247159570837, 0.5894441521610374, 1.0975891225594392, [0]
-21.369393368445916, 1.268974354736892, 0.14610190517097976, [1]
-18.4648229503622, 0.7647750812917296, 1.497704129502081, [1]
-19.05889608754054, 0.7134739932364482, -0.29382830221854306, [1]
