t=2.0891819158907882E-4
logZ_t=-0.8844578405042638
-7.641519185876397, -0.7073150652340618, 1.8864887053331334, [0]
-7.646250307316428, 0.5491867213476064, 2.87637448369489, [0]
-8.030728445763145, -0.13554674944074274, 2.296721913111381, [1]
-8.128357751657711, -1.0948690847332545, 1.5602086632245864, [1]
-7.876092546278157, 2.8588041986358816, 1.096870692345265, [1]
-7.912628698555589, -2.033869395288585, 1.0705984142851879, [1]
-8.265281630424719, 2.642457782847931, 1.8323147734927003, [1]
-8.208558048736196, -2.127197780211083, 2.0319998677645867, [0]
-7.77642193034514, -1.9653842337732994, 1.7712601629670361, [1]
-7.467276228738295, -2.415479949543381, 1.0141697321327676, [0]
-7.620523767614286, -1.666742283224561, 2.3815899579943887, [1]
-8.37121745310474, 1.5117742345447616, 1.8993273240896003, [0]
-7.600630657268593, -0.4105780418258125, 2.2312619517706, [1]
-7.854167072437685, -0.3388461078486642, 0.9314052569574334, [0]
-8.290811398720752, -0.9779581457619444, 2.442603192782001, [0]
-8.09040984071293, -1.1469474469403993, 1.8968147167342058, [1]
-7.9676976324440725, 3.1414511722478298, 1.7627392328405125, [1]
-7.5027801377421754, 0.5052337676685879, 2.8231944318561757, [0]
-8.835569357549625, 1.8549418425495752, 0.710695519078915, [1]
-7.80578070172599, 1.2890140963597334, 2.3232554988491687, [1]
-7.674787566942308, 1.7298292056088507, 2.1599932937875845, [1]
-7.815123819710533, 0.34980933870680064, 1.6542125870962288, [0]
-7.697778626465977, -0.731204803045437, 2.8140024478473515, [0]
-7.323632721218719, -1.2708739488022736, 1.3306029514764908, [0]
-7.734014278070232, 1.4211357945991567, 2.171374301316918, [0]
-7.4484482051709175, -0.1817660744125702, 3.6520911933616067, [1]
-7.724773198874068, -0.07459142544722193, 2.799428936208939, [0]
-8.44568068850072, 3.7092428694680026, 1.936339365214661, [0]
-7.557859305463089, 1.5391380764074039, 2.1724345541933037, [1]
-7.969883932309746, 2.948770286848883, 1.0738202968193673, [1]
-7.32110890187355, 0.6796518852034137, -0.0237847586923563, [0]
-7.926329518749969, -0.137714680340159, 3.0810370323162077, [0]
-7.98956133851403, -1.8061055984759538, 0.5205672887666603, [1]
-8.595834900001233, 0.46173239281401046, 1.9791815049174108, [0]
-8.463119599529252, -0.6590603326994926, 1.5027059458144059, [1]
-7.9386645754547365, -1.0238825741622002, 2.792374200339916, [0]
-8.246188999546353, 0.9060742659211631, 2.542740764203673, [0]
-8.73968940378188, 2.0247434175509884, 1.208523587913727, [0]
-8.952555526019657, -1.8734562023518428, 0.7442811487301598, [0]
-7.69098251699388, 0.7882715910141851, 0.9545717173636893, [0]
-8.612236312520135, -0.7233107154517611, 2.5292514068140277, [0]
-7.947631512985581, 0.37158368191808666, 1.1757181957757572, [0]
-7.67417047635748, 0.30589802151563084, 2.3143247047743967, [1]
-8.090657681893624, -0.2278276919198765, 2.302741589600579, [0]
-7.430496095795629, 0.1537009622156318, 1.4900959131879778, [0]
-8.243929902253416, -1.4017425666104, 1.6247920501469255, [1]
-7.269417872119552, -0.5109055832220379, 1.9512435965531305, [0]
-8.339976725630036, 0.7388893369802036, 1.291500160708615, [1]
-7.358265370580262, -0.2502134646446453, 2.1528784618363344, [0]
-7.301570171774139, 0.06879427794804505, 1.1155023691802, [0]
-7.825297183707176, -0.04264732403022098, 2.7011079746338416, [0]
-7.738570110719728, -1.0608163057379638, 2.0287663850680246, [1]
-7.641806955727178, -1.8748562573412506, 1.6669592565145142, [0]
-7.591791686596048, 1.763888755928374, 1.0112438311717757, [0]
-7.803171376443921, 1.9675349410380925, 1.6913930724243609, [1]
-7.146087713523211, 0.5127797249616288, 1.3050854760102495, [1]
-8.088354861776846, 2.377347140529693, 0.07281657800388563, [0]
-7.793941684905996, 4.264680151244644, 2.4349364278008827, [1]
-8.061942829886208, 1.5296994879132524, 2.6306198110094865, [0]
-7.289297685012152, -0.02177710402160704, 2.4746375708790147, [1]
-7.973483087147709, 1.4581990058804273, 1.4134674049789806, [1]
-8.040105224590725, -1.0576121279775013, 2.8774213763427063, [1]
-7.282861006672964, 1.333110453587334, 2.5909707143320193, [1]
-7.998652068082062, 1.222521665224717, 0.9372865099164618, [1]
-7.818483227494959, 0.3739573659540296, 2.7111439299850972, [1]
-7.638556927727581, 0.5637998013685117, 2.9642512689763043, [1]
-7.817917612205404, 1.378518695313197, 2.2479109613925905, [0]
-8.239327553227406, 1.3882753711837363, 2.551209264547854, [1]
-7.570829651616491, -0.2589215345883212, 1.7579467385435235, [1]
-7.6349304870243975, 2.0183743927532793, 2.598646415037792, [1]
-7.512744203909235, 0.6256969312803389, 1.9766169618234573, [1]
-8.437000723969485, 0.23794866990853913, 3.254203769211433, [0]
-7.481617691539897, 0.4323777509432982, 2.23943611229857, [1]
-8.803818565731628, -1.9541963290012552, 2.341237558204604, [0]
-8.189438934720354, 1.0348090566992583, 2.032545305019066, [1]
-8.049196107321713, -0.4206917600348193, 0.6434314883694428, [1]
-7.60546223435732, 0.7775855383565888, 0.46390827435401855, [1]
-7.985499777316604, 1.898371941143668, 0.8780540215793204, [0]
-8.53103788531122, 2.65194042716623, 2.768210473388871, [1]
-7.497912052508242, 2.122645794255417, -0.698325220589636, [0]
-7.774546348193673, -0.4849693059356963, 1.3755607879041116, [0]
-7.562873722164404, 0.6075625012974752, 2.826288944629658, [1]
-7.6225108854047985, 0.3232721078746996, 1.4640553153064546, [1]
-8.920154646306969, 2.194770793698428, 3.909390952297336, [0]
-7.819533950454054, -3.549274148433194, 1.49950354595531, [1]
-7.732589981975479, 1.1629945991124386, 2.04822892636193, [1]
-7.77517272121481, 2.7079529820822312, 2.29783779111733, [0]
-7.802396712956183, 0.9052615202183292, 2.806803258622229, [1]
-8.239739609118034, -0.1943258566096353, 2.338889389034284, [0]
-7.812365276374612, 0.8247763119110421, 1.8104699864289024, [1]
-7.469756096697315, 1.4571834874849543, 0.8411078768084921, [1]
-8.207975048517227, 2.0239164952577258, 3.0308905215600355, [1]
-7.548788649086539, 0.9917801005082962, 2.704984679281606, [1]
-8.094752963033084, 1.6157553326392442, 1.7676383810532288, [1]
-8.007318432252035, -2.2274903781695303, 0.897984656298956, [1]
-7.644464698465537, -0.35656952772058426, 2.683783439695762, [1]
-8.24746225329103, 2.103169208315399, 2.2053918300168194, [0]
-7.600268418103436, 1.6015969619105972, 2.2436523785199354, [0]
-8.134628715677682, 2.613945499831099, 3.2352912846497137, [0]
-7.935005187672969, -1.3746067864245344, 0.39135821205443877, [0]
-7.438300605505133, 0.7634244355869186, 2.0509424980768554, [1]
-7.4469986561304555, 0.820008841310301, 1.385216193912565, [0]
-7.4326486611112506, 1.3321719587382412, 3.347186985306637, [1]
-7.397086710405254, 0.4511284354516627, 2.577930058179058, [0]
-7.9072859917338745, 0.35029508393522146, 0.8245422908996083, [0]
-7.620844310339129, 0.524432548839112, 1.467607952809323, [0]
-8.037258205377453, -0.1547232697655903, 1.6956552402580753, [1]
-7.864771581924952, 1.266689130379491, 2.0014889759508847, [0]
-7.708056785520481, 2.6291353258638854, 2.3186890860215374, [0]
-7.793341446590523, 0.4097202881417721, 2.420833335417779, [0]
-8.822462470483751, 0.4865079700342412, 2.155658261953065, [0]
-7.453134937810608, 0.944712046213015, 2.3677432582935904, [1]
-7.472756802677625, 0.1779005786626946, 2.9716413823888983, [1]
-7.722222505360481, 0.2811655451087267, 1.152968691363347, [0]
-8.235064713217731, -4.101879953169718, 0.13526309482402082, [0]
-7.605050005452628, 1.884034558351406, 1.1055810706216573, [1]
-7.477195684934393, 0.8464114912287746, 2.5617671703600444, [0]
-7.825351801339595, -2.4633727278970494, 1.3701252906383097, [0]
-7.302305192449195, 1.637263771096284, 2.6878739566086, [1]
-7.650573847944938, 0.4590563633562783, 2.4884428021444442, [0]
-7.602933765420984, 1.3527294507444205, 1.9525544884657975, [0]
-7.386378135142289, 0.9231475438161284, 2.3493164890878964, [0]
-8.076104573418112, -1.4336155211563153, 2.264373036577692, [1]
-7.652818329034116, -1.2831862307614048, -0.12202457484057233, [0]
-7.957116227101255, 0.6441536298987363, 0.7448508607482678, [1]
-7.36146275533286, -0.5137944199075481, 0.7304754074264689, [1]
-7.7549287088073315, 1.8529933461481174, 2.2059310088970108, [0]
-8.493226191578412, 3.5323095170131897, 1.7587513973622193, [0]
-8.45031131400476, -1.8204471036237362, 2.328079749013425, [0]
-8.108154972069757, 2.843343233465924, 0.9754659471770936, [1]
-7.587486350187978, 1.8914000877891868, 0.49859816936181733, [1]
-7.689276798899481, 0.9832239879860756, -0.22843795247697907, [0]
-7.917841745645617, -0.3922474593789449, 2.6780693793179733, [1]
-7.697578283640515, 0.768694372082515, 0.7849951378598932, [0]
-7.76648465550876, 1.6053076648240596, 2.2756279260368517, [0]
-7.635855640561009, -0.8938414424886212, 2.4301599882989966, [0]
-7.957028381997322, 3.4177642120721075, 2.4804694649669163, [0]
-7.7877047365389105, -0.31000945469024566, 2.2519068972587166, [0]
-7.633661771070464, 0.8524551221296979, 1.7272276364892196, [1]
-7.731559599560303, -0.5629243379757554, 2.2962461090649233, [0]
-7.6837241263697225, 0.6619904923915971, 1.6426517156849894, [1]
-7.639739284284013, 0.12893383854267748, 0.9441978305627868, [0]
-7.737816036886829, 0.31747597257513305, 0.2538647755838437, [0]
-7.441469432378717, 0.4403329686690416, 2.715700777050517, [1]
-8.488046050138934, -1.4031262373661537, 1.520493862152072, [0]
-7.368909156552401, -1.411109971819847, 1.2913048376619025, [1]
-7.713083899958269, 1.9925371223228419, 2.5197246167937695, [1]
-8.727944012265365, 1.3656451907325005, 2.537246595925872, [0]
-8.129825401420591, 3.7011385172074514, 2.112228758835464, [1]
-8.150320056082563, 0.15293553449644093, 2.634430336525045, [1]
-7.800098148800508, -1.0245246175413456, 1.7077176016249185, [1]
-7.956584790391316, -0.1328126185851768, 1.665124210567035, [1]
-7.628904411935485, 0.9789090546077672, 1.8462984674741187, [0]
-7.566668344150785, 1.3389680480458463, 2.1330180646668544, [1]
-8.26795047834345, -0.3283874683752439, 1.2834223873735136, [0]
-7.6439382413747605, 0.8526454144087383, 2.307429164366609, [1]
-7.64312356189214, -1.1089666940962215, 1.4456685643268268, [0]
-7.691590486947139, 1.9566343363411436, 1.7401900819646365, [1]
-7.56447286380794, 1.2247127706238423, 1.944820416334948, [1]
-8.413967515831517, -0.8506369675878441, 1.9745035625167373, [1]
-7.38253888603247, -0.009644134683324923, 2.6884673678020983, [0]
-7.508686349111726, 1.0532982224920937, 2.7150927751503033, [0]
-7.612741511300185, 2.472216107067374, 1.7779485914102806, [0]
-7.970917449508142, -1.7381260018601061, 0.38525738467781, [1]
-8.117848814755535, 1.2618000246494074, 2.6190138305978374, [0]
-8.038077125498626, -0.0336511414586973, 3.129701491107441, [0]
-7.9690078218537, -0.488644094362765, 2.7590337224622434, [1]
-7.439332999480737, 0.5278939663154084, 2.451903079119914, [0]
-7.828945602717261, 1.082432001202032, 1.5145757692597037, [1]
-8.054137275053987, -1.3840030891817465, 1.9618631734403775, [0]
-7.885285638765714, 1.0939188001668678, 3.204108408600736, [1]
-8.071351444905941, 1.1269623559509312, 0.1912095681042283, [1]
-7.681843011711852, 2.17130388173535, 1.7037644760815764, [0]
-7.607288838540937, 2.0262312712139625, 2.775323934863563, [1]
-7.816031590738134, 0.05842389395667863, 1.6160683820548618, [1]
-8.197113606904038, 0.7814794060056565, 2.4696044915294464, [0]
-9.007159159815783, -1.0863925836430817, 3.078815927472057, [1]
-7.706210385022881, 1.3750287044247154, 3.435233887671503, [0]
-8.03412621880729, -0.35412320085083016, 2.3207981435631697, [0]
-7.9071712660743785, 1.1695056604109384, 2.239709627660715, [0]
-8.057881820793519, 5.777505652932988, 0.16728226095713472, [1]
-7.797937992367483, 1.7579711991846265, 0.9934747685382029, [0]
-7.505744113348454, -0.4252930857942274, 1.9569139134786617, [1]
-7.501193797535173, -0.5508026467617895, 1.7203462379436554, [1]
-8.04323510323067, -0.7630038546582446, 2.819166965363504, [0]
-8.699182029758946, 2.502129716489611, 3.4658327047313406, [0]
-8.053024539148232, 4.805190455137705, 0.7486863653942897, [1]
-7.682766810198436, -1.159509341385571, 1.4524198665143924, [1]
-8.63100359657976, -1.3327499477736622, 2.1960138838460015, [1]
-7.474346311751667, -0.37700275295654473, 2.53153927418988, [1]
-8.152409609782673, 0.7504948816886967, 1.8889288489246634, [1]
-8.26546524631916, 2.1701076890212363, 2.1183501646668565, [1]
-7.795514150384767, -1.4150534673004698, 2.2016263784939367, [0]
-7.569576724380836, 2.1696686791270223, 0.1737879156039808, [0]
-7.748411952337257, 0.07207581551081832, 1.761365633547026, [1]
-7.701995940685946, 4.212741372786846, 0.7391652173623442, [0]
-7.878301400768554, 0.869561470504638, 0.5166055932348286, [0]
-8.160541682653214, 3.0356796075636963, 2.832435650282105, [0]
-8.014851259093975, 2.065615284089228, 1.5287367496299002, [0]
-7.782630796935716, -0.03898903327977318, 2.3682863270249332, [1]
-8.03901697725323, 0.2715368873743933, 1.2352797600319325, [1]
-7.83233115062131, -0.20418418045158004, 2.3395335073878716, [0]
-8.316067274117747, -0.1306783749452608, 2.944134678771508, [0]
-8.445541802986748, -0.5191525704470952, 3.1573399881384723, [0]
-7.449203409384752, 2.424885420951156, 2.2659751248454953, [0]
-7.580245384247819, 4.03526267402161, -0.16175471821136922, [1]
-7.601022892669607, -1.7591214396259511, 2.764309072895675, [1]
-8.02055998393904, -0.4052733405046466, 1.2319939257584407, [0]
-7.3637082258827355, -1.3376308066831664, 2.108982595147217, [1]
-8.200765698519012, -0.22863959161211944, 0.9530928680708195, [1]
-7.412791938462886, 3.721108274147133, 2.498890560362462, [0]
-8.043667179490772, -0.0425594507115572, 2.334990533853142, [1]
-7.767978068824688, 2.9765444789946676, 2.287087639272826, [1]
-7.8074208693668865, 0.1826455194063008, 2.990730614738108, [1]
-8.192441680623201, -0.163204750736875, 1.7468568465421321, [0]
-8.547996099849648, -0.1386147004132965, 2.6797262643571775, [0]
-7.881110803562416, 4.067816780634705, 1.638136446186932, [0]
-7.71848094199198, 1.1799951746357091, 1.1200684314961373, [1]
-7.795880301659627, 3.5693498399012684, 1.357753280708944, [0]
-8.202706318851325, -1.8626521891352263, 1.7157783489017373, [1]
-7.283379094902444, 2.067056691499108, 1.5988835537925705, [1]
-7.668930029530635, -0.9270083971197323, -0.7919116793980496, [1]
-8.040659755912607, 1.0760791482169374, 1.9026112842047098, [1]
-8.16144309205173, 5.004248430857986, -0.6183366334145908, [1]
-7.666662700151464, 3.380915266423333, 1.4972039050888677, [0]
-7.620876884975576, -1.5519444837806065, 2.3148538556062146, [0]
-8.228613192992938, 0.8526820246821598, 3.126184681768933, [0]
-7.237899832416339, 0.48194981203676457, 2.476803483380362, [0]
-7.5887620503036155, 0.2097080249325427, 1.0473910959283166, [1]
-7.45184700068414, -0.18893479083661013, 1.3239164139803066, [1]
-8.068780191058432, -0.5280885746665249, 2.4528793552554142, [1]
-7.664267017932451, -0.2162831709516354, 0.311236202177237, [0]
-7.645075444103645, 0.3714029377920339, 2.3984202521613622, [0]
-7.95545916200289, -2.162925515504154, 1.298389195664591, [1]
-7.279361754608161, 1.3296773012861964, 2.698090353643997, [0]
-8.293716648811126, 1.5566802916281137, 1.8310724113358876, [1]
-7.464067272410091, 0.4931133194507922, 0.42998064642135403, [1]
-7.570090089441418, 0.67334993534853, 1.5798899332643805, [0]
-7.678695903082638, -2.2807995536852275, 1.9977579653402417, [1]
-7.729515774173861, 0.023972980199251204, 2.7608971409671303, [0]
-7.709188346279994, -1.2013283265048145, 2.5975786808130272, [1]
-8.60365135569254, 0.4758273263213374, 1.9160231695783658, [1]
-7.965289667507359, 2.247051373341427, -0.8386261807781374, [0]
-7.778408960418435, -0.23946044913616005, 0.7080776219796097, [0]
-7.693458395918827, -0.3423030871631976, 0.7854642891362966, [1]
-7.44664382236288, -4.87531854386759, 1.8549106788410454, [0]
-8.08672094335625, 3.160662985103406, 1.0278204193385492, [1]
-7.674638401121192, 1.9196187373857476, 2.1764923403148626, [1]
-7.321856411676792, 0.7123051223176, 2.728751314164849, [1]
-7.902028182625477, 1.4428289436277857, 2.7713903546382133, [1]
-8.379688448161149, 0.40159316697319397, 3.3227394564688373, [1]
-7.409383987918239, 2.8818123835154568, 1.9231472038815793, [0]
-8.074601181897972, 4.289088405576065, 2.1464407875183116, [0]
-8.117947224915552, 0.5010903594741487, 1.1072981803135606, [0]
-8.50677100828985, 2.445191125833772, 1.035819898980325, [0]
-7.596809718377496, 0.4887686920980072, 1.1633406064314253, [1]
-7.330322944921798, 0.4431566737528626, 3.0555497882508993, [1]
-7.8695906643405245, 0.6307551569903063, 1.1731147889812978, [1]
-7.521125510570811, -0.6249276060970229, 2.5967265609818546, [1]
-7.695113576120942, 1.2566197548041116, 2.5033880012302374, [1]
-7.637164638309773, -1.0920638544029155, 1.7680058538898047, [1]
-7.741245871580938, 4.248114421641097, 0.32622148637993287, [1]
-9.732194673608232, -5.253989404135635, 1.4638167156156623, [1]
-7.93790642847549, 1.1826251224803268, 2.4905930892421946, [0]
-7.933098449805448, 4.096591257738413, 1.1758910104350402, [1]
-7.759156693470827, 0.19493430847561066, 2.618216822670929, [1]
-7.887441168796212, 0.7322716606171471, 1.3363925630470175, [1]
-7.634422744777262, 1.2565120608591465, 2.6054289584663453, [0]
-8.137555339881176, 2.8935430808078877, 1.4313155024209396, [0]
-7.683880342705696, -0.8577822206113819, 1.647752851143958, [0]
-8.43340526776769, 0.4675765730141588, 2.0258922971921405, [1]
-7.632468975281022, -0.29206430317305054, -0.8179626873891542, [0]
-7.818367389283571, 0.4280096809302365, 2.303302232791009, [1]
-7.669736913587846, 0.35385982195679944, 2.1202413123319994, [0]
-7.569358925256771, -0.06512902525271369, 2.3044478795109637, [0]
-7.589895420238305, 0.8152411018009929, 1.610978173098047, [0]
-7.913051002860504, -0.3075695021828201, 2.2222245824742397, [1]
-7.3634317705068835, 1.6057956330722096, 1.740869451109746, [1]
-8.902643486439878, -0.5956499673387072, 2.2443989998460507, [1]
-7.677372282516539, 0.4086387517619201, -0.057860335566941146, [1]
-7.580703385164143, 1.1888749827767722, 1.9255981238002378, [0]
-7.671765464058468, 1.291959183957349, 0.5807186470702189, [1]
-7.990677629305029, 0.1245174742992401, 3.736373126349399, [1]
-7.97399006126812, 0.7509832250503181, 1.7429699346634218, [1]
-7.267026316327548, -0.2793826398685417, 2.7602387916566617, [0]
-7.530231625803964, -0.7172909179985574, 2.4496988997924647, [1]
-8.003331561732235, -1.9408968970488525, 2.193263161531613, [1]
-7.848752610156195, 1.7396832605007806, 2.824642792895273, [1]
-7.5521919060421006, 0.3614447465315439, 2.6272445149327046, [0]
-7.593193339037818, 0.138838194067616, 2.8788861900202924, [0]
-7.976947464150539, 1.8055745200389652, 1.288252221295763, [1]
-7.575660770014348, 1.3605904963541984, 2.7585675516034787, [0]
-7.6503912973414705, 3.602463955300212, 0.2805473308571511, [0]
-7.542942512457841, 1.4348388898816475, 1.8128846485111874, [1]
-8.002599842365163, -0.8214368485981267, 2.567194925909534, [0]
-7.686471653724407, -1.3021763935064459, 2.3637441292231336, [1]
-8.043393049650785, -0.21628149896597404, 1.0735303139829262, [0]
-8.414939593492612, 4.5460236028037055, 0.9520996701142141, [1]
-8.255373010687803, 0.33430609007512024, 2.293064707705498, [1]
-7.759389000216928, 0.5872273138555857, 2.22804385704079, [0]
-8.16310268291303, -0.4297244501688333, 2.294162737204322, [0]
-9.05768669811313, 2.2323704647841396, 2.4805225675182863, [0]
-7.990641072038616, -0.31479229986566515, 0.2703618415910891, [1]
-8.151004398725487, 2.8739267649158236, -0.23406923301040417, [0]
-7.27524219584043, 1.2261679689254485, 2.23533881829567, [1]
-7.510689178577006, 0.1301083434098419, 2.0905093565701796, [1]
-8.410688720642993, -0.2233464114151228, 2.453692411356461, [1]
-7.779521896239404, -1.0056055812014304, 2.3043650303381993, [0]
-7.651202878873099, 1.6480730941250876, 1.095480765565383, [1]
-7.346966239453822, -0.3170722133922428, 2.575450827869045, [1]
-7.376239781202456, 1.8956497936133587, 2.0497599099200032, [0]
-8.01061321982454, 0.5605670595989602, 2.945284772995488, [1]
-7.948322955702513, 2.698810752303856, 0.8982120093282993, [0]
-8.380477685920203, 0.5350968171121413, 0.9139854306520068, [1]
-8.428783952148017, -1.8415721669498037, 2.6010841783442236, [0]
-7.6853007835326625, 0.7139688894573042, 2.2616826219783013, [0]
-8.80071130670692, 0.8459293690945173, 2.6225695874228334, [1]
-7.62938897585673, 2.0348606500212734, 2.138831083241487, [0]
-7.384537209552628, -0.8740819710475691, 2.43134107166465, [0]
-7.449829504393812, -1.754428069303612, 2.074405861378132, [1]
-7.615883355244167, 0.3587279868180042, 3.1710334974321794, [1]
-8.30511096808111, 0.5064463009602433, 2.7790695595131365, [0]
-7.401011947940769, 2.238460313702298, 2.5576181015163573, [0]
-7.304283844733118, -2.844930407889625, 0.7933254226417629, [0]
-7.911969020756618, 1.761403096229295, 1.5680014856715883, [0]
-7.841973364606405, 1.0789936255750674, 2.710456442446483, [1]
-7.7175901073308255, 0.057069106209258536, 2.4128199445499217, [1]
-8.150880609179946, 1.7092433726466203, 1.6311382160082737, [1]
-8.307619998128981, -1.2151788380888915, 2.273689817651892, [1]
-7.50464900073519, 0.39055890276674804, 2.17210621990665, [1]
-8.17491100892745, 0.21744046588433097, 3.6556259062883543, [0]
-7.449950493257823, 1.241957415020899, 1.0211059484021927, [1]
-7.839394872287588, -0.6048422090968935, 2.399104823649507, [1]
-7.597241992979298, 1.1275608221360593, 2.3551505882771977, [0]
-8.035374692529915, -1.1818661552402205, 1.6068874632499686, [1]
-7.763112735035332, -1.2264612497967278, 3.501295484903185, [1]
-7.787332192286677, 1.185672842544923, 1.8774754804527372, [0]
-7.853700074464808, -0.7814057861216481, 2.8902012861062154, [1]
-7.535855104036397, 3.172092576885546, 0.9847150608585061, [0]
-7.692698879386872, -0.17925422394631974, 2.360606145097111, [0]
-7.754315839703366, 0.3085676196865047, 3.234846097766849, [1]
-7.714982566282448, 0.6257168029707618, 1.907803719671766, [0]
-8.62848939757418, 1.4558996704610718, 1.3949811216172543, [0]
-7.568035617603397, -0.3169495190286774, 2.0000576178820575, [1]
-7.509630775609241, 1.1893366061940367, 2.821867281004937, [1]
-7.986260177522653, 0.4241588138475739, 2.372821054012165, [0]
-7.1644297219709365, 0.5103231980442247, 2.9533178559792383, [1]
-7.571231071025872, -3.959850416538564, 0.7551305761999128, [1]
-7.736898960454494, 1.8275025804346112, 2.0009201046541127, [1]
-7.242293089374191, 0.41012605168377025, 2.458115346347025, [1]
-7.562754576068516, -0.4272845126125977, 1.187367952028917, [0]
-7.659254961153866, 0.657786410015736, 2.7349915377297402, [1]
-8.073092688676923, -1.1469853497700582, 1.695773271038888, [0]
-8.37444737576655, 1.2786920867859748, 2.386634612236752, [1]
-8.501732798002328, 4.38056334093657, 1.661842094824356, [0]
-8.49349173428497, 2.166851932934511, 2.326646664750594, [0]
-7.793951153410208, 1.0453820421975752, 3.222404609017821, [1]
-7.630670020834138, -0.023837786689963947, 2.795753888346088, [1]
-8.028822474483805, -0.061034998662818474, 3.280517065527632, [0]
-8.012057753213982, 4.973737166803195, -0.05781135295442408, [0]
-7.755056285614778, 0.1271832724721551, 2.9735173063794003, [0]
-7.6481443230091495, 1.173194987381821, 0.9991479836994479, [0]
-7.514514022566651, 0.514220430300588, 2.116554511018392, [0]
-7.744906538829522, 3.0853700268549833, 1.1522323291712642, [0]
-7.7664067540016735, 1.8372322654378643, 1.8988779852690778, [1]
-8.243940382366068, 4.309213924005633, 1.6796975585267768, [0]
-8.47211391685828, 1.0146632087258454, 2.6814861960086604, [0]
-7.81592403062675, 0.5343808765870668, 2.1266207470709944, [1]
-8.14997142654941, -0.7480200938859358, 2.4352436491582354, [0]
-7.809968453763778, 0.79711062023538, 1.307571387302406, [0]
-7.565028475401556, -2.8281100240697072, 2.239366913907992, [0]
-8.031136482649794, -0.07075975782597377, 0.516076352584678, [1]
-7.52444402440838, 0.4155369991906681, -0.11284542151622864, [1]
-7.790203375630262, 0.2183262112029556, 1.9312689785009134, [0]
-8.2596874317915, 0.8963404813656468, 2.5858658870892333, [0]
-8.116131340037889, -3.995379517307292, 0.414902465076854, [1]
-8.567297950831106, 0.024610878235995393, 1.5571729793348965, [0]
-8.03395123238052, -1.5686672499390812, 1.6413061937633602, [1]
-7.518566316753494, 1.399154968243501, 3.160401472356281, [0]
-8.108200173001185, 0.151149985323221, 0.8619597704439425, [0]
-7.86194791369201, 0.938716628187003, 0.435602260421677, [0]
-7.87529218987946, 0.9778162269793832, 2.7069516188823037, [1]
-7.526576659779793, -0.04600318185476038, 2.3758405667489786, [0]
-7.775860279675772, -0.6070534047998949, 2.3605162251759015, [0]
-7.483772712162743, 1.5287093498651245, 2.9659787408456517, [0]
-7.497578064841738, 1.2164475154842669, 1.5248450526049897, [0]
-7.44709657135412, 0.2750166534780315, 2.60556099889333, [1]
-8.109318725440055, 1.4208838231105103, 2.4791296844107675, [0]
-7.688953003060998, -1.3800075975298638, 3.745666196022386, [1]
-8.353120992302353, 0.6966881187192538, 2.114888269923348, [0]
-7.684250801190361, 0.8434792478009111, 2.6265792610922447, [1]
-7.628727827157092, -1.0155212742599034, 2.0478007790579453, [0]
-7.601220259073054, 1.1052771264897494, 2.898619507110594, [0]
-7.616222870720024, 0.1845052003312515, 2.207471088171197, [0]
-7.9480603462131745, 1.5634915280791082, 1.9916741939350078, [0]
-8.161580265537044, 3.9320163843454727, 1.9543043869507166, [1]
-7.51470354197327, 1.1716386082568824, 3.3573443635888283, [0]
-8.0373402247958, 1.4118059542296286, 1.5355424448463437, [0]
-7.9020375849406905, -2.2067328633255703, 1.2441271544132564, [0]
-7.661721375287046, 0.3760467223598445, 1.1364756211912195, [1]
-8.058095017234482, 0.8135643581227406, 1.6576776121614638, [0]
-7.589588674978952, 3.7169439836201743, -0.25950869530719545, [0]
-7.967754675118112, -0.5390354096678398, 2.1893243130525644, [0]
-7.538496434515727, -0.1357466421753384, 1.772704311332739, [0]
-7.421486948608461, 0.6077317245230861, 2.8222436701203435, [1]
-7.7619964656810145, 2.5284463225123197, 2.093279855753118, [0]
-8.236827320857056, 1.4787451337069877, 0.521276203165951, [1]
-7.918468476002698, -0.1527638849285935, 2.848357027464024, [0]
-7.240425421574454, 0.09259903387751581, 1.9368027760326136, [1]
-7.499159906159128, 2.327299515349142, 1.967951419501597, [1]
-7.962473890300367, -0.9717704447537456, 0.5725587579071778, [0]
-7.581577620803877, 1.2269320019006595, 1.8927113891475398, [0]
-7.527715059118086, -2.5950311779999735, 1.2207651722788415, [1]
-7.836505563531039, 0.7865552446986073, 2.6472628487298393, [1]
-7.931536220537396, 0.7047249854110098, 1.0436877440791346, [0]
-8.209360133622877, -0.7850333336249127, 2.912557724440183, [0]
-7.526254270928639, -4.254094048158009, 0.5566530798718814, [0]
-8.05648624769593, 2.018455946219354, 2.1394190928125285, [1]
-8.02878760209599, 0.5180412288570402, 2.9966209249761215, [0]
-8.254755822578916, -1.1990736530072028, 1.9645681753865607, [0]
-7.877823770438826, 0.22966438570014303, 2.7839683871804493, [0]
-7.497581488421953, -1.1666747735119685, 3.0068010042172864, [0]
-7.740304768713888, 2.3062306139089537, 2.5513204392294684, [1]
-8.721214206433665, 2.0517972688936137, 0.44679935614845767, [1]
-7.8442785103332, -1.634842357545236, 2.245661089364369, [0]
-7.964540595797179, 3.14439989171901, 0.7491514492496707, [1]
-7.6818248293545075, 0.69886735136129, 2.5772946220114665, [0]
-8.093992375162289, -1.1018379016527544, 2.0477700942666344, [0]
-7.502815930680311, 0.37988648019049787, 2.032537461868572, [0]
-7.619923007546816, 1.2537110759505588, 2.6322952407993374, [1]
-8.201118650449283, -0.019562186376646307, 2.45537397482897, [1]
-7.645028007520975, 0.4072291709551456, 2.132393771871704, [0]
-7.5953380316532435, 0.34210129034650216, 1.6718327789023608, [1]
-8.033815823917235, 0.6792723394197178, 1.816428979839885, [1]
-7.457858822164716, 0.8037226174570372, 2.9066723671642722, [0]
-7.477887118963529, 3.2907794043166034, 0.12148067588296668, [0]
-8.388793690385713, -1.3676810019316519, 1.993268838667835, [0]
-7.566793959207716, 0.8241003774506287, 1.7971269592883379, [1]
-8.718905057853139, -2.9821856801815554, 2.400405434538416, [0]
-8.107065934812654, -1.4103565597350438, 2.0219451587358943, [1]
-7.997027703990232, -1.16525963172257, 2.1438423046648474, [1]
-7.809902053372038, -0.6740898426698293, 2.1506920180499933, [0]
-7.690862717924598, 0.7119691832425645, 2.0910633996444057, [0]
-7.756454584654903, -2.1458630435224113, 2.6761356596883665, [1]
-7.583335290453782, 1.287024924311695, 1.4504518399991198, [0]
-7.526998589451539, 2.7412712645177253, 2.4746498094090508, [0]
-7.9776436687581675, -0.05811714455217487, 2.1587332998485795, [1]
-7.446318416107919, 1.6706766219576128, 3.1046309281380213, [0]
-8.184358650028555, -0.2966206317825786, 1.5568227386332327, [0]
-8.263127987735208, 0.017418398523314817, 2.1780086290928917, [1]
-7.875224762805297, 2.063180825629177, 2.364157741770285, [0]
-8.159586447608897, 4.129570707329362, 1.9800146059870505, [1]
-8.146807292452774, 0.9868490551521564, 3.262390872999882, [1]
-7.84487456329761, 1.3335755631692578, 2.479144172326094, [0]
-7.890828557856773, 0.9776692142695129, 2.338973867266601, [1]
-8.20157772398705, -0.882459386752489, 0.8705697005504112, [0]
-7.5252359776421525, -0.7319038928076975, 2.463049660264448, [1]
-7.7894949020691735, -1.2535666763791085, 0.445566453432213, [1]
-7.4078943990898605, -1.8244452694081952, 1.5479907182859762, [1]
-7.619389740827873, 1.1656185928203677, 3.3343273550029924, [0]
-7.864318563325725, 0.5268207942858447, 3.7083006672842265, [0]
-7.722226013305333, -3.697035509004909E-4, 1.8058616807047028, [1]
-7.440322890079386, 0.13965342573303463, 0.6443069133593838, [0]
-7.560152983805713, 2.299287902908546, 0.31154916135343663, [0]
-8.039323967401405, 0.3069457674867866, 1.3569959475621562, [0]
-8.348465341599482, -2.7042265509930052, 1.426179006821083, [1]
-7.345396086470435, 1.852658396688818, 2.339856061966465, [0]
-8.10860284607881, 0.98696844032564, 2.3214824715096376, [1]
-7.882748311883173, 1.2381312687673753, 3.6705426515304582, [0]
-7.614722733408315, 1.3783947613918934, 2.1958583384046584, [0]
-7.704955321544437, -0.5437898933587926, 2.045421813221429, [0]
-7.567979048131147, -0.6634324901928973, 1.7536145489103805, [1]
-8.0953548571141, 2.2409451213607423, 2.794915190877574, [1]
-7.5876822929796255, -0.5148808997182783, 2.151289138386834, [0]
-7.867893356139351, 0.5732602625559877, 1.5449559769662295, [0]
-8.718588072522062, 2.0686175479671505, 1.5565364903614576, [0]
-8.136923770570146, -0.04791484704047644, 1.4328225563468453, [1]
-7.594897178470493, -1.975086928163481, 2.1153918892447736, [0]
-8.475132402930752, 1.977321692802406, 0.053226952560565255, [1]
-8.191794763907145, 0.3667124265396904, 2.3891833068215558, [1]
-7.9565648500213895, -0.433412051712255, 2.149274666997901, [0]
-7.745981237695493, 0.5576594181155481, 1.7740211290291759, [0]
-7.2802266064983545, 2.8769797498902956, 2.1194609285397994, [1]
-7.8176097462010565, -6.14814101196276, -0.3416403688845051, [1]
-7.340971694002456, 0.7314456669481453, 1.0426464827206217, [1]
-7.694228407605557, 1.9228239376434253E-4, 2.5436777592394515, [1]
-8.103738232440207, 0.8658561270156917, 2.4046389563503494, [1]
-7.398356886905277, 1.458240711001869, 2.054518507651672, [0]
-7.401205857727896, 1.4604553133669151, 1.0202920989957445, [1]
-8.196733543809863, 1.0108445317234849, 2.3577086373244702, [0]
-8.34623247250852, 1.9470529424900187, 1.6535043103765021, [1]
-8.374286614022484, 1.684105764972144, 3.360574555884921, [1]
-7.941554765242106, 3.874581977051032, 1.6868187161463053, [0]
-7.982680034546678, -2.543699262208001, 1.6017476691287973, [0]
-7.630430184660306, 1.5366798188428992, 1.8823981880769747, [0]
-7.478156329441267, -2.2671671666161464, 1.7700987125852912, [1]
-7.460665095377243, 1.7057192674775572, 0.015060320415934747, [1]
-7.943061031438435, -1.3450905999860792, 2.389557758823401, [1]
-8.05369817523803, 3.02264679294313, 2.5004899763744772, [1]
-7.7215123147480185, 2.366235668660936, 2.5465527599965974, [0]
-7.568411046861005, 0.3020900489963665, 3.1428459202379564, [1]
-8.46781492949804, 3.2794318584078725, 2.9237718102989945, [1]
-7.532215644879828, -1.4376061662528552, 2.0328102346262584, [1]
-7.670601314035238, -0.22579206940924545, 2.556210488955184, [1]
-7.2834235753830425, 0.8125195767834879, 1.5213880587089659, [1]
-7.999121117977312, 1.0459488624276445, 1.1724993211865824, [1]
-7.733847557011988, 1.5284306842874371, 3.3531069560787405, [0]
-7.422656925049004, 1.7162791658420995, 1.7719108068386726, [1]
-8.313047417803697, -0.8941162162260525, 2.0528919789160773, [1]
-8.145252680731762, 0.2887014978969079, 1.9345217731268547, [0]
-8.148335391120767, -0.4463355713500219, 3.2018732604100917, [1]
-7.767243899937736, 2.8079709880603456, 1.3812400671859475, [0]
-7.5517123428772726, -1.0824141206642852, 1.3433350834275277, [0]
-7.709063344033259, -0.41744007030610697, 1.5971544400425386, [1]
-8.516963368869936, -0.9554555673788068, 2.731246142952668, [0]
-7.438709779258316, -1.0133885211630744, 1.5664061236516005, [0]
-8.03923996481773, -2.0830529801488242, 2.111572617962857, [1]
-8.268695903830771, 2.6154636063657, 1.113364895362734, [1]
-8.01349179243739, 1.9918344247887954, 3.192985116203256, [1]
-7.354201900325318, 1.6397754996744471, 2.2692002025396962, [0]
-7.619844700561198, 1.5066550286484404, 2.57504551519196, [0]
-7.966092081998859, 1.7233166674104696, 2.63971944508551, [0]
-7.728612585702797, -1.5212385038313219, -0.09898759463453416, [1]
-7.321085114804356, 1.1457602406566165, 2.3639729993212315, [1]
-7.678677855075073, -0.4154239420191266, 1.65610108449973, [0]
-8.023095897806044, 0.3463911801355788, 2.546262225186106, [0]
-7.491070418067489, -0.31487554172679966, 2.0576383154238345, [1]
-8.024445153089854, 1.3319139092246917, 0.5802260416451694, [0]
-7.808730111012331, 1.3385395798371467, 2.1316611612139384, [1]
-8.876009477536735, 6.31790003383796, 0.7124803053823943, [0]
-7.477233274482389, 1.7960249160026645, 1.8493647691600117, [1]
-8.386083977260768, 0.8559314457186155, 2.5328805790060507, [1]
-8.254632018517922, 1.2026360821824238, 1.197736706657305, [0]
-8.483364950865488, 1.500884190299637, 2.246598879899542, [0]
-7.717352373335003, -0.45411638681996747, 2.16307640033744, [1]
-7.67602583022729, -0.17483643174506758, 2.7197945642436356, [1]
-7.817077259205334, -0.7458463518841894, 2.241003909564322, [1]
-7.562122582435758, -0.2901541778140214, 1.6295345173899398, [1]
-7.52053532118414, 1.4263151557376323, 1.9650475073216689, [0]
-7.682585730506247, 0.9900079205490719, 1.973873389944967, [1]
-7.964044554640301, 0.7468727459322209, 3.3141382413457596, [1]
-7.711636682788861, 0.08793100044556884, 1.9095978164726097, [1]
-7.858407367255651, 1.5403931631915104, 2.092901022029612, [0]
-8.241147403957166, -1.6871016322237324, -0.17201777609374136, [0]
-7.479624357134681, 1.6409272883787691, 2.027122849725453, [0]
-7.754543510621381, 1.6390098178409112, 3.2793205580867415, [1]
-9.153008443861298, 0.33395632273338594, 2.7421533151752358, [1]
-7.434417421966032, -0.1038105780394627, 2.040157609139599, [0]
-7.595284104067538, 2.434510484475747, 1.187485009807554, [0]
-7.713178882450734, 0.8670764507197752, 2.122864756148463, [0]
-8.154169333319139, 3.7872557651026226, 1.887510005262737, [1]
-7.814447328473162, -1.677342282469944, 0.45322475695567654, [0]
-7.51874079329561, 0.9198384074510004, 3.2065639701438213, [0]
-7.464725853335231, 0.9571053722300438, 2.3349754373651246, [1]
-8.206760783402274, 2.9379545176315083, 0.7657125291629054, [1]
-8.066044991609948, -1.2650329307423278, 2.458912460508607, [0]
-7.867465917791556, 0.6599856521970328, 3.0706498371227706, [0]
-7.591979032125293, 1.8555790623004116, 1.6423282451120802, [0]
-7.841959272463722, 0.6671116915590665, 2.216020360528081, [1]
-7.522447070871391, 0.8074081790470936, 2.000681661871077, [0]
-8.04123247126503, 1.286306487689325, 3.0817623859260355, [1]
-7.284707121986192, -0.5039548592683003, 2.5992033255086198, [0]
-7.844849896166694, 0.6146962420399043, 2.101933282162627, [1]
-7.851837054040567, 1.6981411250206324, 3.0452336414579713, [1]
-7.477451422527099, 1.4723485990676835, 2.0175470421539536, [0]
-7.632666745460634, -0.21565698763480334, 0.11181636824743635, [0]
-7.755274215729201, -0.20505774137086447, 2.539544459313159, [0]
-7.447937885554939, 1.536068085899025, 2.309233685179887, [0]
-9.317392747889652, -0.4880765046904383, 2.078313554039326, [1]
-7.644139511179457, -1.9045604970704235, 2.3441694326652884, [0]
-7.947330384714004, -0.5922819172630808, 2.8700240974918874, [1]
-7.411727327995917, 0.5798438086495715, 3.3504133902226148, [0]
-7.6710103585509355, 1.8372170502242264, 0.5314098043284162, [0]
-8.01058609575533, 0.4380484436895933, 3.062430058888334, [1]
-7.676431587763784, 2.4543811652609513, 2.0316687466706327, [1]
-7.784728207821491, -0.880008291717063, 0.7700503151961441, [1]
-8.165803326641443, 2.1143388516057886, 2.5838817093350035, [1]
-7.484483263077125, -1.4744674861168288, 1.826996575735567, [0]
-7.648730902825305, -0.47654796729663007, 1.6819137844862002, [1]
-8.407277398930601, 2.7318629444242424, 0.6483209705286823, [1]
-7.771164972659318, 1.1264820059444922, 2.4824636207551913, [0]
-7.788245594869564, 0.24051453702577708, 2.789049681275927, [0]
-8.344238084709485, 0.926380957243747, 0.7027383208619248, [0]
-7.657918585357483, -0.29117897191786657, 1.88096531034983, [1]
-7.5761804554106496, 0.442064508639874, 2.255429505744263, [1]
-7.690101466097384, 0.6541535567198036, 2.6524721013664845, [0]
-8.154205134723432, -0.3183948798430829, 2.6049849533166283, [0]
-7.852497479862044, 4.262727375707713, 0.9167337280649752, [1]
-8.413410036707514, -0.2795412170032031, 2.250985925720049, [0]
-7.723554977087908, 0.9019396164873921, 2.1302841334683547, [1]
-7.844770832985997, 3.0989760467548213, 1.7909139518700896, [0]
-7.730404954233044, 1.3999720468745154, 0.906674654171595, [0]
-7.272231244588797, 1.6610070569210311, 2.3083393506882386, [1]
-7.577856940100274, 0.7899991538665674, 2.0338998642942627, [1]
-7.90764105940838, -0.4337548928033089, 0.6887319462598009, [0]
-7.833789502687586, -0.9931414661728184, 1.9033737011832397, [1]
-7.469001015449935, 0.8449024015047, 2.4348238485922686, [1]
-8.120170251032539, 3.0597675233413373, 1.759441434256104, [0]
-7.710063469350906, 2.4213831582201513, 0.8658336664834757, [0]
-7.454340714830168, -1.2376377669046392, 0.914467164271349, [0]
-7.560326000523568, 1.6441139830124196, 2.0844862707897134, [1]
-8.328182865549325, -0.05440585094277828, 2.36536396554237, [0]
-8.08761112987662, 1.1048075381006706, 2.3208801089842215, [0]
-7.8429511611340335, 0.42047565007303755, 0.3090995112593222, [0]
-8.429498715390142, -2.559508335958678, 0.7340813161909372, [0]
-7.824439623053919, 0.4606147896559527, 2.047516879656657, [1]
-7.763527259218202, 2.142564926612323, 0.8162554148953998, [0]
-8.07894204996405, -0.6690686910596213, 1.445144750517784, [1]
-7.692115460014965, -1.2142450442589734, 0.7570607028898281, [1]
-8.199377167269693, -0.7863200423036045, 2.0032798452336786, [0]
-8.10144081481352, 0.7312078546468375, 3.618620530421156, [1]
-8.189304446378873, 0.12048787045787945, 2.6478149073113806, [0]
-7.563198497720107, -0.5456780288872853, 2.5794613688369443, [1]
-7.561641956829804, -1.0262745194556038, 3.4925070067851527, [1]
-7.906638721498484, 2.9024686361835403, 2.472287165435207, [1]
-7.387169279002451, 3.083392562405928, 1.2423667600739186, [1]
-7.302503481194338, 0.8239919520041573, 2.8684749921872923, [1]
-7.898935447575677, -2.808267232802438, 1.187464457427725, [1]
-7.856617207674907, -0.07515462692476921, 3.262383689784042, [0]
-8.161630715238422, -1.6294511848855597, 2.0283013444322187, [1]
-8.099799812196572, 7.391256339115024, -0.035455421733768144, [0]
-7.733776198989241, 0.8579746758735007, 3.2561030976884355, [0]
-7.551042434526612, 1.2951009596516043, 2.508654359483444, [0]
-8.044333807490043, 2.0322761044676336, 1.211356942666196, [1]
-8.168152357924166, 3.950360226184566, 1.7762616561915268, [1]
-7.412315897044721, 0.8313429359522211, 1.4568742914872541, [1]
-8.076987698083203, -0.6222363564301301, 3.113052703633586, [1]
-7.3169537021987345, 1.5931923624606035, 2.4489761329133386, [1]
-7.74631660451261, -0.5355858741245423, 2.986871246049166, [0]
-7.439154010485978, 0.4169625359966933, 2.7171741882968865, [0]
-7.779251274177397, -1.0497244307338782, 1.8742861202893548, [1]
-7.599208931559696, 1.4746139424432636, 0.9391215435824343, [1]
-8.008836236929433, 1.769482122633268, 2.874592964514119, [1]
-7.700643493396418, 3.3279987755348364, 2.172283374420154, [0]
-7.768448365006452, 1.8608289452970004, 2.6407931544229744, [0]
-7.502484746001901, -1.3617724277591865, 1.3184022885400941, [1]
-7.763918935474977, 1.1540194898434748, 2.1613052174827136, [1]
-7.6493663199622945, -0.10156227256037598, 2.1339756219692005, [1]
-8.02397618591364, 0.5402081697481598, 2.7858876545786755, [0]
-7.9312860341737625, -0.8336405056910804, 2.070457708911689, [1]
-7.785856417471796, 0.8832012624981394, 2.88328006362776, [0]
-7.750062522262648, 2.423489217027993, 0.984285498447951, [1]
-8.005053836554893, 0.848822155074339, 3.1919864367485142, [0]
-8.211698810751503, 0.5879554691602578, 2.0438132096680763, [0]
-8.171484745602069, -2.250762894115975, 1.6074739047953728, [1]
-7.59819919798298, 0.6673489221773707, 3.272228088692454, [0]
-8.144077796706156, -2.237184219973302, 1.5645112275084843, [0]
-7.768184911533966, 3.320057287955186, 1.0558435170324845, [1]
-7.320716930537709, 1.5562005485400083, 1.5028335890032039, [1]
-8.82293511098022, 1.6001339875042313, 0.050781863450552245, [1]
-7.767948876342031, -0.057768679349723406, 2.695852202038105, [0]
-7.885086176209984, 1.6484064905799247, 1.192256372108647, [1]
-7.887150420064082, -0.47585409954018415, 2.6222737318722737, [1]
-7.788459100796734, 1.633626984538439, 2.425461310402695, [1]
-7.851261783662335, -1.1956916170257523, 2.292886211323669, [0]
-8.28780025869159, -0.5110267571860326, 1.943171321541366, [0]
-7.84434198557268, 0.7195968936939298, 2.3162182292312603, [1]
-7.657741606780484, 0.3723154317702684, 1.8028189381973663, [1]
-8.0626799659467, -1.8605920517148458, 1.4638462404700519, [1]
-7.7540389181031095, 0.3623758588696504, 2.6518199475455786, [1]
-8.104830836476207, 3.0715811945670017, 2.1804313700314784, [1]
-7.442828272278438, 1.9142272305004426, 2.264862584466208, [1]
-7.913638471630628, 2.1955496409488067, 2.3329124913368333, [0]
-7.4646458927620385, -1.2584349611274792, 1.808536400792918, [1]
-7.696790549265317, 1.4121164102778465, 2.584926213201411, [0]
-7.422642069134599, 0.5223819487280956, 1.6065465661776572, [0]
-7.974929098567738, -0.7821633066429343, 1.6386055834226725, [0]
-7.691997517751495, -1.2074063382815627, 2.4645553948340067, [1]
-7.638151758534797, -1.4011297693713953, 3.1553596390696343, [1]
-7.9724819776394105, 5.672371690469031, 0.30001996760891125, [0]
-7.529448894608253, 2.145382492426181, 2.957507741899942, [1]
-8.109550143296186, 0.36510526110538377, 2.536257120794083, [1]
-8.334292875230176, -2.3806901806910226, -0.2088002326371815, [1]
-7.784365028904685, 0.2759189888478577, 3.395954779597169, [1]
-7.437834394523884, -0.3186643669874609, 1.8911060681914378, [0]
-7.73583406315527, 0.9376383071652139, 2.0513923918016843, [1]
-8.06534733248789, 0.37220070423933116, 2.2933446766525183, [0]
-7.7135438596195804, -0.04368026634747957, 2.734439498771417, [0]
-8.569696142774053, 4.8080066440769995, 1.3061550397866064, [0]
-7.5829292040687735, 0.4660896451018448, 3.1001032852522425, [1]
-8.200376703953172, 1.3427535671585686, 2.599503693729919, [1]
-7.541704874333296, 0.6430823564374194, 2.8194607241173175, [0]
-7.530834170600667, 1.6937414907944144, 2.7541369334727195, [0]
-8.061140432157393, -0.2490345065641666, 2.6892150753468003, [0]
-8.12822050902704, 0.7284601201608759, 0.8876129072725276, [0]
-8.155183370038607, 0.678178213895055, 3.5329044710627304, [0]
-7.634968433624231, 2.062834235809293, 1.8471228977823775, [1]
-8.912007722376822, 2.8476392476044543, 2.906705060584609, [1]
-7.748169137657553, 1.7678100701196806, 1.9093579296952397, [0]
-8.032881530034274, 0.38836402040919094, 1.9653547481826197, [1]
-7.575598570326769, 0.4500385517735942, 2.453935765968139, [1]
-7.307010432466384, -0.9577766746800056, 1.7377016604984514, [1]
-7.781841299153301, 1.2594155916736625, 1.1094902003063893, [0]
-7.801085786187759, 0.6692424768748162, 2.4558740334257982, [0]
-8.077195812664336, 2.9093726033773004, 2.512284801065776, [1]
-7.4697408221202695, 3.153151852371111, 1.0828282688714326, [1]
-7.430438276172348, 0.3784291671998139, 2.3919084673709885, [0]
-7.662694231344033, 0.3999418022983011, 1.8664266673691836, [1]
-8.205838771894745, -0.7673797281176734, 1.645664533801393, [1]
-8.174770592599508, -0.34282745239165857, 2.1253825500601007, [1]
-8.22605231715728, 0.6955675612391103, 1.63627137437583, [1]
-8.044469163754112, 0.39722356377582235, 2.0745988659296564, [0]
-7.550920664026708, 4.409423724843409, 0.6981077701260585, [0]
-7.627162969908328, -0.9346170988383009, 2.322792175993148, [1]
-7.549817378447224, 1.358215911733065, 1.6331576301759765, [1]
-7.496555744188412, 1.3069896739844857, 2.381903552974988, [0]
-7.7607211198454324, 0.14776843286340824, 3.0841819566747932, [0]
-7.772667850853469, 2.7494911350490012, 1.3650058045648668, [0]
-7.397728700196143, 0.9050607143133842, 2.2207807672394915, [0]
-7.496262402752679, 1.7010398414493766, 1.65957780355155, [1]
-8.138463911878274, -0.8096877431609726, 1.6182109276710857, [1]
-7.349339587841252, 0.25929061704205214, 2.7647695187147683, [1]
-8.09781971210357, 2.273072651469362, 2.2755803465316866, [1]
-7.897870139512055, 1.951299023704473, 2.6405703923840353, [1]
-7.616448184677693, 1.1712658947217496, 1.0863056018539412, [1]
-8.06315729911802, -1.5615200868103238, 2.7939311092580645, [0]
-8.018794936222992, 2.6345847209112954, 2.1084249643921775, [1]
-7.7386829503430965, -0.3098350765573164, 2.5922596714310946, [0]
-7.714077534764141, 3.3763607708027283, -1.0399339505834533, [1]
-7.553690273108022, -0.5029921327284241, 1.878943998109076, [0]
-7.715182890419633, 1.3765275560281414, 2.675639628641562, [0]
-8.62076431423233, 0.738100890276541, 2.247190120136311, [1]
-7.746343072822315, 0.47250288275989794, 2.198833958025109, [1]
-7.831745312064836, 2.259625758079407, 1.9285145315178678, [0]
-7.711740938999153, -1.4902346878729231, 1.7932792817922727, [1]
-8.466596909074017, -2.519097661512657, 1.7134413081100268, [1]
-8.864773143205298, -0.07477073114643851, 2.1384482907251448, [0]
-7.563937301508294, 0.7330423521178266, 2.867191874182081, [1]
-7.832354554863437, 1.218137936793553, 3.035390832379112, [0]
-7.574918114004758, 2.314300735435019, 1.90579038841451, [1]
-7.562370495371294, 1.02374583659321, 1.790666781520976, [0]
-8.405151846350012, 2.13731262466682, 2.7380725180351027, [1]
-7.424950306383807, 4.106156614127773, 1.0594803726375615, [0]
-7.226693109739493, 0.5884119242338428, 2.803918928738798, [0]
-8.327228935025204, 1.5961995623703387, 1.476429455994516, [0]
-7.504033255542276, 1.0845072154807875, 3.319814209628924, [1]
-8.049286533782913, 2.255539422848492, 2.3151091631475356, [0]
-7.621294300578255, 0.4543391293877481, 2.3736018393585336, [0]
-7.877485516276149, -0.3035860015548961, 2.3094322843946795, [0]
-7.274127025693863, 1.8665869420610488, 2.6408003333552448, [1]
-8.04540409957067, -1.932730297772595, 2.558229895540408, [1]
-7.673299782111659, 0.13872946792309998, 2.7890972501982465, [0]
-7.741695778532784, 2.0493518703668676, 2.219112624219315, [0]
-7.501688459110543, 2.1481970862482873, 1.6975069892742223, [1]
-7.846490704358691, -1.9916661988188968, 1.112085489005326, [0]
-7.4613076821496795, 0.9164758190112443, 2.042081474808483, [1]
-7.8540865052014155, 3.3368070710045536, 1.7432279752872575, [1]
-7.646058018733119, -0.8543246566184264, 0.6828197819679284, [0]
-7.634843042316369, 1.320640046683142, 1.877333589405679, [1]
-7.72826752431638, 0.37794056533991816, 2.467199983676257, [1]
-7.654548979364591, 1.6022296505086318, 1.9192220582321933, [1]
-7.49803724690934, 0.5219483603377085, 2.1730625347374453, [1]
-7.579648815301352, 0.13887031390696913, 2.889444738295987, [0]
-7.561575354112677, -0.925277312509114, 1.331900365469913, [0]
-7.983292815230736, -0.44366939891357493, 3.2506336933907485, [0]
-8.205499953474504, 3.4033648951005855, 1.5014914444382987, [1]
-7.970178983955883, 0.5943000237203844, 0.6448385273177515, [0]
-7.8871573188018225, 0.6966921995965623, 2.3007033492956546, [1]
-7.523748943506707, -5.287245303861512, -1.0475224049478435, [1]
-7.7308912724615455, 0.9433255016636624, 2.165691426369383, [0]
-7.769001447194743, -0.2385132661067617, 2.6142679222768104, [1]
-7.788900277929936, 0.7219521168668535, 3.1692255362532222, [0]
-8.920404263779004, 1.7388101441329025, 0.867927426896411, [1]
-7.675594221639553, 0.6651133089726399, 1.9883306040635018, [1]
-7.746177820400056, -1.2680322255208412, 1.573044398901769, [1]
-7.3923348266086695, 2.3100037796545996, 0.8549687254190783, [1]
-7.841471778334989, -0.4810723156583513, 2.1055819199930212, [0]
-8.934986266544534, -0.8170414905872763, 2.861137844847428, [0]
-7.390188673368254, 0.5332238926577074, 2.4950113210625022, [0]
-8.035631051948862, 1.3227197018739552, 2.858257507009682, [1]
-7.491675090663768, 0.6129634175299961, 3.4017778627442494, [0]
-7.664074945979859, 2.695729001087929, 2.20910449727964, [0]
-7.591698985205031, -0.509665431192462, -0.018708495665485714, [0]
-7.965683970875735, -2.9256117109391138, 1.6900903598874937, [0]
-8.828656732906271, 0.7464197978023394, 0.3104486958202056, [1]
-7.6991558212705025, 1.9716778455717476, 2.14996078482081, [1]
-7.765293722257159, 1.3333898899870171, 2.520068218535032, [1]
-7.845778926598594, -3.7900756439046037, -0.6985904196899341, [1]
-9.306689823850858, 3.9960881058673485, 1.1106905915557503, [0]
-7.576250959111676, 0.47023762652634077, -0.07636930406999864, [1]
-8.438946771514283, 0.13132260442709698, 2.017828157597938, [0]
-7.891721667653722, -1.4907222926638921, 1.127189982923308, [0]
-7.894718494613994, 1.9645679357638228, 1.710356657644466, [1]
-7.608493210832833, 0.19643826777914142, 2.5048977045052396, [1]
-7.777069561262296, -2.2817480792615568, 1.2869704058210258, [1]
-8.489581688403515, -2.220287031632522, 2.397347955871096, [1]
-7.4927004111684745, -0.7186555000784691, 2.3870289265301627, [0]
-8.066691770325383, 2.2703597405130997, 0.26874877912198203, [0]
-7.427435308053837, 2.9870743558783617, -0.11297895788674284, [1]
-8.404297578299442, -0.30693808028748615, 1.0596027743594871, [0]
-7.648011813119028, 0.17340265714893333, 0.996888970898436, [0]
-7.666855886871005, -0.929984149053108, 1.6829008007844168, [1]
-7.5478818236798615, 1.4939350557712663, 2.649538118686735, [1]
-7.972577505476804, -1.021356514023879, 2.8725024841538964, [0]
-7.906590723688797, -1.2670324148539431, 1.1532396193667205, [0]
-7.38000472171652, 0.7129101959025381, 3.0159097421355403, [0]
-7.640453997587066, 0.6784160012737599, 2.6340312961626333, [0]
-7.2868048308482, 1.1875313413741138, 2.80677947438845, [1]
-7.526854137766666, 0.41941526281976127, 2.8235313061790195, [0]
-7.532078169203579, -0.5303275093820631, 1.4521824026923822, [0]
-7.930199369529297, 0.014842133429531557, 2.515419251020686, [1]
-8.700398167741286, 1.6291116353799477, 0.9824963032525542, [0]
-7.760083368042663, -0.9197383507686774, 1.4473787939146543, [0]
-7.757272413624418, -4.579549687616515, 0.25331094330021875, [1]
-7.959525604037994, 0.010497037702971612, 2.004417520704842, [1]
-7.823870840502433, 1.0547026768571526, 1.3805468064130997, [1]
-8.469857920589275, 0.7919166482349275, 2.1382704235200922, [0]
-8.33909584265802, 1.3756245207056124, 3.5308576688896496, [1]
-8.123428971073, -0.7921364254592758, 2.8415233983771113, [1]
-7.600810266546234, -2.38719917046095, 1.4352404162378047, [1]
-8.22474060562705, 0.07963321657166278, 3.1507844388531483, [1]
-8.303444946404849, 0.11576072584407338, 2.7121759690270486, [0]
-7.386697216217065, 0.41472290353188535, 2.8204649627206417, [0]
-7.900421466723399, 0.1365027533559614, 2.8076753007315034, [0]
-8.045322987862574, -1.372944290814305, 3.349760260712189, [0]
-7.444236646376154, 0.8935108732578039, 2.600281388506669, [1]
-7.6739614184665, -0.03565434246635513, 0.8039541495729732, [0]
-7.603257244545524, 0.8457806689270989, 2.5056349488614837, [1]
-7.660632680187216, -2.1867171014840414, 0.5107475484497496, [1]
-9.360270675144664, 3.253439197715338, 1.9788935043171554, [1]
-7.523240316638218, -0.17354711462852013, 1.8587477425349619, [0]
-7.401016438301418, 0.4381280100205795, 2.792135046531143, [0]
-7.535780675601136, 0.02632401421717523, 2.8966640366189313, [1]
-8.069010186713472, 2.998050297106505, 2.667357577482967, [0]
-7.5363067604511285, -1.1165030981807862, 1.956861876668436, [1]
-8.005124790242, 0.14422712865319853, 1.8268631179940846, [1]
-7.788488368395282, 1.150899187023172, 3.088504218082231, [1]
-7.411787978168033, 2.385313145441205, 1.750903706828781, [0]
-7.814818442121926, 3.2435185521149306, 2.6995341510315427, [1]
-7.805966687360098, -1.7348750510419557, 0.38905705079102915, [0]
-7.878217182054687, -0.18462042346176943, 2.5008005566410736, [0]
-9.272104920726242, 0.522017486940914, 3.2602532872957277, [0]
-7.997887594918531, 1.834526492076742, 2.5260678053134313, [1]
-8.047147737407835, -0.3461523431202994, 2.975558878667553, [0]
-7.560974779853485, -1.101219169643413, 1.8065953609140917, [1]
-8.046137872522399, 2.2819785705519045, 2.831930028550844, [1]
-8.95774894927226, 0.5800535731157015, 3.5337042445311595, [1]
-7.934167300728237, -0.5074751163413713, 1.188088563870858, [0]
-8.122245871891636, -0.07297906784026742, 2.574573544641385, [0]
-7.5665806289129875, -2.712863282402126, -0.2625703159657814, [0]
-7.541412207602609, 1.7071107929121512, 1.3589726023463056, [1]
-7.200514195465848, 1.4685327414211737, 2.1557661812212303, [0]
-7.435651323821988, 0.44573601841177757, 0.8670186565725636, [0]
-8.016945107205181, 2.4586041915944596, 2.20509967671866, [1]
-7.609340709330286, 1.4655667262929182, 2.8376124065546975, [1]
-8.172134394293181, 1.6092404832368359, 2.6169782174322016, [0]
-7.762764982293169, 2.2220182761500875, 1.708257558459139, [1]
-7.989318965807395, 2.7245169374392644, 2.0046996437962004, [1]
-7.6668389402370725, -1.4098402451818302, 0.6932501954265382, [0]
-8.102801885125402, 0.7681101357238651, 2.2764001228390223, [1]
-7.593445331758534, 0.7157782708110119, 2.962901838431219, [0]
-7.815874179312831, 1.892897420798481, 3.1840299420000773, [0]
-8.768478882388285, -0.3753787966865696, 1.8513973442371736, [1]
-7.480946525266664, 0.04898210987556928, 1.8154572632315926, [1]
-7.594813721373161, 1.6542053384181836, 2.982581367764976, [0]
-9.15710066254946, -0.054057822639391795, 2.3993638242360795, [0]
-7.932240208710388, 3.0988769364820965, 1.0690709834117367, [1]
-7.592800522275707, 2.6107348932360397, 2.54105892785303, [1]
-7.838372247453556, 2.2441948820192117, 1.8318683277399952, [0]
-8.299080215495405, 2.0889295013441815, 2.4092741985149675, [0]
-7.533438377448086, -0.21098095489195567, 2.8058689181528607, [0]
-7.809920959489689, -1.8512250992549393, 0.8297494139709276, [1]
-8.506372907818683, -0.2962984265135086, 3.4316455624238418, [1]
-7.381117000815953, 0.17496395282679433, 1.7930738758532907, [1]
-7.524930858844815, -0.4388913697453827, 2.074989018179009, [0]
-7.376292700896468, -3.0410827897996886, 0.6967479133471893, [0]
-8.495708340502585, -0.13581129625272825, 2.9336150252589954, [0]
-8.257940011853016, 0.7341719936497544, 1.6541506881182446, [0]
-7.572558370557442, -0.6668315796377715, 1.9011303778442643, [0]
-8.098997466903615, -1.8787463439683858, 2.1791614728162934, [0]
-8.37990236154305, -1.7710171717019079, 1.9232878438187475, [0]
-7.924956889548829, 2.0541175684880386, 2.410746055175815, [1]
-7.652812634412962, -0.523954672654364, 2.818815194858516, [1]
-7.822726919142958, 0.2667856121105596, 2.9301633632552875, [1]
-7.442744534052831, 1.726287598314244, 2.729457964571567, [0]
-7.855855402480983, 0.7617228732552956, 2.6290083779525424, [0]
-7.458417963879632, 0.1997647641888709, 0.8195609236165524, [1]
-7.648789764761048, 0.0917358118442902, 3.0888467094505088, [1]
-7.396172354454505, 0.11247345621264326, 1.541570940737896, [1]
-8.291004445649056, -0.5541534963990551, 1.8056479101958984, [0]
-7.591235267085453, 0.15377715537516234, 2.6384153571220157, [1]
-8.234956389895167, -2.3896693350604266, 0.9199412433436374, [1]
-7.453822175402952, 0.6086040623018041, 2.31742258703582, [1]
-8.28963587858226, 1.4185556073925683, 2.923075873409971, [1]
-7.768257706167499, 0.2521054044371791, 1.473607337825629, [1]
-7.731349978432463, 0.6748869966331351, 2.3964970263796106, [0]
-7.467012660291919, 0.021807193378319267, 2.8128025516797575, [0]
-7.576157040776873, 0.6031407683820706, 3.2470299245003362, [0]
-7.742446074954744, 3.041374366213569, 0.8099741715504072, [1]
-7.504078178072262, 2.80390683385837, 0.9984972683424187, [0]
-7.881775774033526, 1.2015804385074995, 1.3582237549685536, [0]
-7.673300831315652, 2.1630507603979425, 1.7258633300300321, [1]
-8.696862159338343, 1.1006184368636112, 1.2402423506358313, [0]
-8.475459090770983, 3.964212606624168, 1.5046374834481744, [1]
-7.995651005383972, 3.299970502200951, 0.9537154933462766, [1]
-7.477420487345318, 2.2579820456422177, 1.8064160107622567, [1]
-7.270950704945801, 0.7192130860037346, 1.6901841699463263, [0]
-7.508528333432949, -1.790011640723834, 2.3665987989216246, [0]
-7.636860245538931, 0.0189300384526625, 2.8344311420785573, [1]
-7.5694561982860105, 5.032752577469838, 1.477031485109885, [1]
-8.006562537096965, 1.1266878924163328, 1.9424834984389263, [0]
-7.8149687608151215, 1.436163879168626, 0.1603921379211844, [0]
-8.299590821218203, 3.995932515428713, 1.5949579798037787, [1]
-8.241220533648361, 1.391351874759942, 1.9011355832377166, [1]
-7.809240702321071, -2.941531714995386, -0.9549086227020916, [1]
-8.184848884136711, 1.7739740851540262, 2.531887779321776, [1]
-7.342695395407778, -0.16566941807202884, 1.9278715997069917, [1]
-7.489460347005876, 1.173050750469392, 2.312138598229894, [0]
-8.247364673711564, -0.3965609167439612, 1.5879536904025162, [1]
-7.711674881190521, -0.7247793004734426, 2.644034659772961, [0]
-8.423558624914723, -2.6283975968406317, 2.092183350488601, [1]
-7.313043606042949, -0.5995434597081299, 0.8735066283212152, [1]
-7.982566685134867, -0.7910343515194795, 2.5627320191432643, [1]
-8.68575818629183, 0.7156681107316413, 2.569377328430305, [0]
-8.104734786176072, -1.303561334273611, 1.785875306976365, [1]
-7.639645925789806, 2.564226084796549, 2.3953822023413434, [0]
-8.613893064526279, -1.5733972925766637, 1.3551103970364977, [0]
-7.194744855354711, -1.3478267969333755, 1.6055921768690828, [0]
-8.213741374021572, 1.42495377657507, 2.4980365534962723, [0]
-7.95808944895546, 0.5677214375320339, 2.241289911286365, [1]
-7.677821390875731, -0.6056128568353109, 3.1163649821533266, [1]
-7.660597912193945, -1.0575618550488848, 0.6082637815179295, [0]
-7.6120831478272555, 3.3242274545900625, 0.2194212954457515, [1]
-7.7909928012658325, -0.6317415453375008, 2.147198878849858, [1]
-8.011963612679084, 1.3733440009955373, 2.9509992135800847, [1]
-8.802672816524268, 0.18603508809379943, 2.491238453818553, [1]
-7.335401967557577, -0.29927143518101307, 2.4184274499991183, [1]
-7.9398902084793015, 1.6504959574728932, 3.1858208644598105, [0]
-7.334650321263508, 0.557905620362056, 1.5946887131374012, [0]
-7.947717233192623, -0.8495747248186047, 2.8978245059796706, [1]
-7.8808136980934105, 0.832951856576396, 1.7285154688318685, [1]
-8.305757206664872, 2.96096588869997, 1.7997064010265806, [0]
-8.05930127407705, -0.20990730317908635, 2.7019479125756085, [1]
-7.617865991521459, 0.0952500143187005, 1.0954365745458183, [1]
-7.8497822650367945, -1.7872315135287928, 2.344374373213106, [0]
-8.50509359915531, 2.920431931530156, 2.2976152946413855, [1]
-8.25603577980069, 5.144416517183444, 1.4631484751528956, [0]
-7.537331011476107, 1.1953963546676607, 1.8404551539561131, [0]
-7.230885073013605, -0.4624749070639955, 1.6434168831582534, [1]
-7.873816038334942, -0.10399988605659805, 1.6054284043803153, [1]
-7.785388786420706, -0.6101496934141397, 1.7690103109925284, [1]
-7.8342913556087534, -0.8597484884053943, 2.2689550227104625, [1]
-7.422295640793816, -0.09628891635367404, 1.390627155250423, [1]
-7.955754326569316, -2.167056548419575, 1.6152773370116043, [0]
-7.286806751575898, -0.007862704409328014, 2.4719147673206097, [0]
-8.329303472061348, -0.27916008667200365, 2.556319162838282, [1]
-7.531824334046339, 1.5628142580741027, 3.188151155977639, [1]
-7.981730869568118, -0.7400096695246221, 2.642617062166253, [1]
-7.857944256236121, 1.5313112754496168, 2.9314970153899234, [1]
-7.957835959899683, 0.1639643280007015, 2.2508649941066077, [0]
-7.854792551448318, 1.7719774073812395, 0.7799861366911967, [0]
-7.627310232531912, -2.0564287875705585, 1.2560593320321796, [1]
-8.290176942498121, -0.7806376250696081, 0.6305108875665499, [0]
-8.069674915359816, -1.114637449520863, 1.2153626541964908, [1]
-7.726715035756065, 0.18176700593680217, 2.4587039598634677, [0]
-8.054752550811404, -0.20882849833117234, 4.0722866822838, [0]
-7.724012552900757, 0.29426747865410685, 2.3376433306614115, [0]
-7.977895657080791, 0.3292710900503659, 2.6044932828476925, [1]
-7.472449886953634, -0.7766569612257397, 2.755446977961887, [0]
-7.780485646998107, 0.6183398567578784, 2.1669274648325683, [1]
-7.740003223819121, 6.2089051091116225, 1.2277491418448236, [0]
-7.88395317666653, 0.59234571206219, 2.7649219134917775, [1]
-7.866273791383392, 1.102424503199172, 1.7284851180534662, [0]
-7.909502529619952, -0.12031570627503996, 3.9288787637775813, [0]
-8.28838076526586, 0.2779506826606197, 2.084185875051907, [0]
-7.912018973374229, -2.0540952657982645, 1.8868444999495884, [0]
-8.980641870721112, 1.0734261137433068, 1.1165597344461253, [0]
-7.906574320048941, 0.2575867376415715, 2.852101494880351, [1]
-7.946132668679084, 2.8519055900860515, 2.038663900310528, [1]
-7.662269019633976, -1.3248990775720535, 1.099246324559815, [0]
-7.341718373119148, 1.4696590677535735, 1.4259908412648024, [0]
-7.820398376177129, 0.4343046193490703, 3.55520825726, [0]
-7.76205252490475, 1.465802775821192, 2.2459766432672197, [0]
-7.839103422635297, 4.319446574142052, -0.24225970435862743, [0]
-7.871121781697921, 3.8377832345423637, 0.6288705392336926, [1]
-7.911070292790669, 2.8386159171982133, 1.339056454508423, [0]
-7.768363945982408, 0.17044727747332034, 3.163830203591204, [0]
-7.6106197568948515, 0.6658285600065503, 1.9808392881998023, [0]
-7.403102215891389, 0.8412187740905106, 3.034860514354622, [1]
-7.810034533961466, -1.029680763593221, 1.8363436615492768, [0]
-7.888181894151413, 2.089651810635033, 1.8988984737986425, [0]
-8.173953759022266, 1.4924763862052461, 3.2231375590868883, [0]
-7.990989837132403, 0.9191983056902614, 2.742695797723243, [1]
-7.575529560703661, 1.7586771181994525, 2.301945732754761, [0]
-7.778886505993847, 1.160058255772488, 2.477463469136323, [1]
-7.659680341652945, 3.288978194426204, 1.5428211618500423, [1]
-7.86138504753173, 2.0046057203435246, 2.843698391185686, [1]
-7.815217454748886, 2.759776174957712, 2.6600040619174816, [0]
-8.58161669786868, -1.8750935522921695, 0.4759204848254172, [0]
-7.621016455226165, -0.6136084005872307, 2.4659091744922685, [0]
-7.51789892822421, 0.4970488151550639, 2.590847195647898, [0]
-7.761970071422599, 2.618037026431547, 0.9681399958570046, [0]
-7.8380511229562995, 0.6709859860108864, 2.310056379424257, [1]
-7.862657183591607, 3.829694521406284, 1.2353783943745171, [0]
-7.67195429478475, 2.1796231065202347, -0.34032608569672873, [1]
-7.583770131851241, 0.07145991863836809, 2.5188090632679665, [0]
-8.098631263990642, 0.3707513838366232, 1.07934101691646, [0]
-8.191934500197446, 2.3102523026942343, 2.6380745650857174, [1]
-7.738840437583859, -0.5546521077198683, 2.826904902223319, [1]
-7.799697707792972, -0.7633776751670898, 2.7594412268812922, [1]
