t=9.249291324452553E-5
logZ_t=-0.5585279200075259
-7.465320074611872, -3.109094740767945, 1.114560362386433, [0]
-7.4717632187830665, -3.10611589660071, 1.0867969595913745, [0]
-7.724411732400846, -2.650823882808959, 1.8471360307546545, [1]
-7.527787082092635, -2.6994666908107354, 1.6206662965532057, [1]
-7.717936205024733, -0.3260250249462449, 2.8132601410921025, [1]
-7.432202831032534, 0.4279748332760396, 3.192092163196153, [1]
-7.677820441406757, 3.5972063409479844, 2.334337391294982, [1]
-7.184765977359177, 0.021078867180744254, 3.2776045279550905, [0]
-7.506508353666213, 1.2564375903975842, 1.2511726393691436, [1]
-7.193413619754746, 1.2366791926369867, 1.0060544299620453, [0]
-7.145531262859698, -0.42325931835464126, 1.9919533145213641, [1]
-8.121754726685435, -3.3253660488064902, 0.7206317634606232, [0]
-7.370290574262313, -1.6328916009171652, 0.31436998219344586, [1]
-7.554803141285373, 0.94508577325193, 2.669990247122839, [0]
-7.590689487407936, 6.036822362067838, 1.1513685806139282, [0]
-7.975018187046586, 0.7623481398811065, 2.8538346338533462, [1]
-7.662073559666981, 0.7131473387769844, 1.7637034941503698, [1]
-7.161416302292442, 3.889510495346302, -1.6082609719089072, [0]
-8.200540641346132, 0.5377360801910385, 2.9117797451468594, [1]
-7.5886069472854665, -2.0063358237587106, 0.935765915968201, [1]
-7.41973871119168, 0.9722797192430883, 2.0556850440935417, [1]
-7.676791152492707, 0.6636868104225688, 1.8802717089511023, [0]
-7.485234370248938, 3.0017924136957417, 2.525119004798966, [0]
-7.186302659888893, -0.3547952479224177, 2.3893900660370813, [0]
-7.390331388171982, 2.3204258144202212, 2.893682283558185, [0]
-7.215426072102101, 0.07288907628314645, 1.740320247320714, [1]
-7.328924798564441, -1.3756329388300523, 2.6382011409415265, [0]
-7.534725053833223, 4.717401907184673, 1.7641932931754298, [0]
-7.240078576382193, -4.440661064270943, 1.0143469927446174, [1]
-7.828895384605515, 2.1277108670839344, 0.5793201831835072, [1]
-7.219544957546881, -0.04662224910073309, 2.214168232389171, [0]
-7.6106389614068375, 0.5106106175162375, 2.211076962230245, [0]
-7.272401768614361, 1.77789572116483, 3.409762783579149, [1]
-8.113776055564585, -1.422546250103116, 0.5089425606218112, [0]
-8.104190186999869, 2.211677562563061, 2.5065788965466695, [1]
-7.597215308500572, 3.7758510183401985, 2.090001463956708, [0]
-7.881900517766888, 0.5584186103095545, 2.264338646060424, [0]
-8.242676578246455, -1.6197255183827595, 2.3374259194203546, [0]
-8.144985000074383, -1.2360122639270017, 2.771088908961982, [0]
-7.270719132410009, -0.464657551092325, 0.7612374385210303, [0]
-7.923005189029201, 4.1142975559110955, 2.300349092181727, [0]
-7.789152428263306, 1.2822083185250124, 2.2635776341174685, [0]
-7.1859895973064205, 1.6213797366610867, 2.5089853047583897, [1]
-7.565267028109268, 2.908425758629701, 1.6786077121706664, [0]
-7.063192019557833, -2.040875559089357, 2.0746052795882903, [0]
-7.928911390092552, 0.23025064341167212, 3.9465781678446454, [1]
-7.155345494860923, 0.3187984509710351, 3.497655408301884, [0]
-8.03880498684395, -8.955406411690348, 0.7888220165968618, [1]
-7.237517284175976, 0.16524738487738533, 2.65033534979259, [0]
-7.181619286366383, 0.14609808490431364, 1.815205793429545, [0]
-7.353526322298876, 1.6875686496831206, 2.51330070095712, [0]
-7.364282947327702, -1.8136283084087597, 2.4872976037128716, [1]
-7.28178715378492, 0.7994658520133906, 2.9498029839771776, [0]
-7.436362417804421, 0.3454881972963495, 1.9739907549351865, [0]
-7.602625332962662, -1.3064352028351882, 2.5766641179827623, [1]
-7.053330271107912, -0.5916813902025506, 1.8041432500216048, [1]
-7.161374000419795, 2.6301875854078984, 1.5382971221364032, [0]
-7.647755860120613, 2.5951272995377033, 1.8894762547379544, [1]
-7.90005632401298, -0.6933158728165978, 2.0233721111390746, [0]
-7.1928548550963205, 0.1551672037705183, 2.299923892148118, [1]
-7.619650076888326, -0.866605115221573, 2.5932584798652467, [1]
-7.544970906058209, 0.1946832349769867, 3.474742890346909, [1]
-7.147267106609674, 2.0909805654798648, 1.7768826357233314, [1]
-7.495122556654257, -0.3906187879067904, 2.7256502434997145, [1]
-7.445638699129253, -0.007293915473614021, 1.9370009754213597, [1]
-7.191666948766941, -0.22136937351582464, 2.711565764591432, [1]
-7.676979388847802, 0.0147713408637824, 2.0537656667901563, [0]
-7.860241713107376, 2.4481967507291564, 2.701782360495717, [1]
-7.465344490557888, 1.7400089520806878, 2.123840357474446, [1]
-7.346824976002394, -0.46741872924201333, 1.5952123509959342, [1]
-7.451279914204132, 0.9711048439146988, 2.3730526150453266, [1]
-7.647253193538345, -0.9793752732422056, 0.5849506715232117, [0]
-7.316534683694876, -1.0256402218747367, 2.480517433191859, [1]
-7.845533979959375, 2.6479918792699166, 3.094112589765904, [0]
-7.85809997792, 3.498606048798862, 1.9540717627535173, [1]
-7.509262644710413, 2.1949357718434417, 2.5236530250063898, [1]
-7.46020705557634, 0.9459673343691136, 2.397159445569603, [1]
-7.252870858527216, -0.57752758571675, 2.6496252245300376, [0]
-8.029175366087852, 3.337055645474132, 2.1809471544013648, [1]
-7.393379885584216, 2.647433068077026, 0.9459905384990148, [0]
-7.426783558027065, 0.7757312900922879, 2.732485920429295, [0]
-7.330996082765102, 2.5745251656413246, 1.6840886479324855, [1]
-7.515329502652705, 2.58378381083246, 2.5999084958076426, [1]
-8.427579289497462, -1.8506087222872454, -0.8097483754041512, [0]
-7.5584501108238635, -1.1665612661596194, 1.6451894429088014, [1]
-7.435898529374207, -2.79171924699123, 2.1427247922329657, [1]
-7.4988603504084566, 2.40212390361455, 1.3224496166359008, [0]
-7.520930219257754, 2.5315962901559104, 2.140714377811695, [1]
-8.079363116145911, -1.0295545066658727, 1.8893710420850598, [0]
-7.538194383383823, 2.1584401144959346, 2.232758670581881, [1]
-7.317552535582331, 0.6831234079768544, 2.3770202574269756, [1]
-7.799750174500444, -0.8108992181125716, 2.021039568092071, [1]
-7.159637487844134, -0.8378980119970764, 2.7297385647290255, [1]
-7.8092159509946395, -1.383238714057486, 2.313603442774103, [1]
-7.370290811780258, 1.1549384889335625, 1.5889059264295655, [1]
-7.31931021941324, -2.0183725210457246, 2.661061398799441, [1]
-7.980369645703882, -2.7548857810216774, 1.5186919720898073, [0]
-7.253289186003255, 3.777313684216233, 1.6827645495441554, [0]
-7.381399095210899, 2.232354322825114, 2.3960710894975414, [0]
-7.565375534886456, 3.4245331001221393, 0.22861814537414737, [0]
-7.249291566190685, -1.6196195077241886, 2.028147574734851, [1]
-7.2911915681877915, 1.8017496347649367, 2.8576180774898434, [0]
-7.238024991753596, -1.4691621386099523, 1.091901088000603, [1]
-7.16528567202016, 1.189725293384478, 1.8054970642184474, [0]
-7.396095099333068, 3.4126262844855626, 1.281967761559323, [0]
-7.406446053086349, 0.4627219783793296, 3.172632685429044, [0]
-7.939664993142499, -0.45474269500422615, 2.6400840464591298, [1]
-7.658816176756871, 3.777433863056009, 1.395422083855832, [0]
-7.377560195864606, 0.6830292733050536, 2.880771407935652, [0]
-7.622750835895278, 1.8722155191562169, 1.7625605715633013, [0]
-8.198313563452338, -2.385369220819775, 2.0162950800341815, [0]
-7.1174914077050975, -0.5003286949032253, 0.8235639082594512, [1]
-7.359276581902284, 0.9359118130614243, 2.84609868805125, [1]
-7.564060385329268, -1.084856558460658, 1.3891649759561777, [0]
-7.736871386148194, 0.3387306723939729, 2.9802643280076655, [0]
-7.289115240053297, -1.6183384412130541, 0.7136168316017861, [1]
-7.394178967601695, 1.77982396592801, 2.061449765748061, [0]
-7.5532745396294985, 0.9003225088298331, 1.648192580126974, [0]
-7.121884350150109, 1.6231591213052148, 2.4269347158500203, [1]
-7.344783917234981, 1.6388565782610756, 1.5818310761425727, [0]
-7.109440845739021, 1.302067565476843, 2.965449837031512, [0]
-7.2606781730474435, -0.2695314747334181, 1.7065662686276004, [0]
-7.420235130407918, 3.9223739913026403, 1.6753833467327954, [1]
-7.2708914102569455, 1.4782404667499534, 3.1383260471343926, [0]
-7.53931345101223, -0.5779076839088091, 2.9528044137654197, [1]
-7.197526512742927, 3.1014780159322086, 1.6189332030347299, [1]
-7.369573574483591, 1.7318336111750985, 1.7241426222355412, [0]
-7.981923245242249, 0.22658766526319174, 3.4574246049398547, [0]
-8.035318439440484, 0.7339378624639739, 1.68943388477761, [0]
-7.987886580161072, 0.6025138380957924, 1.993733150124981, [1]
-7.306125269060902, 2.4889735308031833, 2.645913323450773, [1]
-7.319297213787324, -1.161754620762939, 1.1414682595515433, [0]
-7.641999512027074, 4.882044317368849, 2.632608271694188, [1]
-7.285873275369401, 0.5550713899329862, 2.472205660268567, [0]
-7.501675844313473, 0.9911008179236871, 1.528869018704572, [0]
-7.232402638969602, -1.4294309404518728, 3.068972958228029, [0]
-7.4726927733495945, 1.635563097049189, 3.2218069120174393, [0]
-7.334257550581689, -0.7045860201827665, 2.540537710031619, [0]
-7.421822978698001, 0.6095822223776157, 3.7272379881597364, [1]
-7.518651080817313, 0.19420967486854535, 3.4138919779978742, [0]
-7.3636242830749765, -0.8109952010738624, 1.932000934752954, [1]
-7.555286235139947, 0.39895934228809105, 1.772987936429701, [0]
-7.56623384167215, -0.6026867886182952, 1.8069344322173353, [0]
-7.040951333370035, 1.5080236544154206, 3.0628077617021043, [1]
-7.710892525746502, 0.8294607692451226, 1.9305237586121726, [0]
-7.222457161523269, 3.1105952827617362, 2.2176989779514398, [1]
-7.271459941170441, 1.8540914911166653, 1.460156693373433, [1]
-8.636345039700911, 1.3662647733731224, 2.3009529058147806, [0]
-7.6868489598782155, 4.48200052454394, 1.991267718658556, [1]
-8.009563581981102, -0.41981000727727213, 1.1077683087654449, [1]
-7.595430148326432, 0.39881401589681253, 1.5338179645461012, [1]
-7.4247036823344486, 3.139779325310396, 2.447920426165096, [1]
-7.4295770448993546, -0.733895485891531, 1.4116505440594835, [0]
-7.13612431705196, -0.9305074946485625, 1.7902263117382902, [1]
-8.054131638681017, -0.3297610097371009, 1.3502652536220594, [0]
-7.504661157668449, -0.29336660877144993, 2.9488793159895597, [1]
-7.282520185855689, 0.018729515136540198, 2.9808245082767355, [0]
-7.2057348908023044, 2.426278387104566, -0.6846970030603237, [1]
-7.468331586480269, -0.18650789212578633, 2.040097293592809, [1]
-7.945112824466431, -3.6431197678157736, 1.7983944580070563, [1]
-7.190325716624372, 1.5459536826201767, 2.8144117963517514, [0]
-7.250440632680602, -1.048069951030321, 1.9862483822141226, [0]
-7.34621753975428, 2.8475714919438246, 1.8064396999487822, [0]
-7.573167623520344, 0.015473401040931756, 3.360229617106258, [1]
-7.6783462564257166, 3.2026841809150293, 0.9969205227381162, [0]
-7.784307542236219, -2.5264899939700505, 2.2811536363543135, [0]
-7.720566645150441, 2.0584192277643614, 2.9971991361010693, [1]
-7.197327779726913, 5.497126393509955, -0.678968793315764, [0]
-7.628143797279705, -0.9342022626623829, 2.141814100589888, [1]
-7.853088334593262, -0.3939724993573144, 0.26262623393488493, [0]
-7.6113063114188835, -1.3325420250405826, 2.096004071520405, [1]
-7.582539298041757, 1.53975343637911, 1.4840684199315626, [1]
-7.4628491112584125, 5.419358511202738, -0.6216465274149612, [0]
-7.390927159624771, -0.6697106841161548, 0.8147481635010103, [1]
-7.578122403331567, -0.7914849383340841, 0.08120414405798004, [1]
-8.027372802537164, 1.1333354389113066, 0.9365954091437781, [0]
-8.714426603958389, 4.346612603590198, 2.615324826275776, [1]
-7.602825190682911, -0.11221533995149058, 2.132194309023893, [0]
-7.701355484484077, -1.55890450258515, 1.5555484483578605, [0]
-7.581882549129587, -3.927070306807936, 0.5384088172634283, [0]
-7.649483086118803, 0.2366244075675445, 1.7171564950462255, [1]
-7.479946341085643, -0.4594245781605255, 1.043979368750397, [0]
-7.38790949569387, -2.378673621634654, 1.2818828293066955, [1]
-7.2921154737202984, -0.5408832259357108, 0.8581378925091143, [1]
-7.645638644224168, 1.954232030093917, 2.329662065104497, [0]
-7.634333545060962, 0.08597657416708371, 2.3291091355587366, [0]
-7.680016245197963, 0.07958035982359846, 3.179075063680007, [1]
-7.341836764688774, 2.7601044202429144, 3.4678589425307664, [1]
-8.299250529612989, -0.5914588956468514, 2.497858891200541, [1]
-7.270741044429457, 0.6342581160408431, 3.30191388830163, [1]
-7.950954781765102, -0.84502012749122, 2.0585921835428027, [1]
-7.858573593479635, 2.265845012902138, 3.0265628160693114, [1]
-7.08752158554999, 0.18733235523507885, 0.6217198224327672, [0]
-7.164927430976134, 2.734504842266875, 2.2803882055109668, [0]
-7.217219607728087, -0.2601950582554431, 2.9420726104282164, [1]
-7.439918327232394, -1.668626814123353, 0.5326220317501243, [0]
-7.392736249740922, 0.823366275585637, 2.5597613979891003, [0]
-7.662454445232522, 5.35984645819484, 2.430805942621345, [0]
-7.671604594605751, 1.5130324315129433, 2.587120042646763, [0]
-7.652355091511582, 1.1656684092143919, 1.5351307270050332, [1]
-7.691092893886902, 3.8267489391772167, -0.8917387436746744, [1]
-7.252882316427212, 5.24585170052923, 1.5093822754486874, [0]
-7.894030009164408, 0.9811394091185399, 2.611735737376991, [0]
-8.142615965336667, 1.3074007958020282, 1.7320753287576114, [0]
-7.141959963631393, 1.294313763342859, 2.1891837257458726, [0]
-7.127879301275142, -3.2014171363357016, 0.8559450648947435, [1]
-7.314524433693805, -2.401642442668378, 0.9278565396769083, [1]
-7.836591179027301, 1.1696060360175426, 3.0053437051187912, [0]
-7.213612208227502, 1.1475832215783595, 2.748738566159002, [1]
-7.749182956933524, 2.5789526671196326, 3.2615770875738423, [1]
-7.200071717162504, 0.08957850811403223, 1.7438753930980275, [0]
-7.4874908473912045, 1.0575205182766994, 3.257561699003568, [1]
-7.443716573291264, -1.4363859469652003, 0.2903058669656282, [1]
-7.721281211293146, 0.9090457688855724, 2.3979568619477627, [1]
-7.57969943276032, 2.6621174407511736, 1.2845577678344084, [0]
-7.332999171571782, -2.874342631346077, 2.4783292702358715, [0]
-7.456667180980138, -2.3045292868908613, 2.3012792932137147, [0]
-7.344143106736618, 2.3855487953424563, 2.209455433785595, [1]
-7.279197629222425, 4.869495134862383, 1.3700468617665122, [0]
-7.496099696004667, 5.754257696396242, 1.3276149607097618, [1]
-7.1728110159141485, -0.03382583061469191, 1.7398548964325808, [1]
-7.407573966244526, -0.17210939362790034, 0.4886378577604169, [1]
-7.950292801345322, -4.515303700894869, 1.153295375095794, [1]
-7.47635442746276, 2.1609628414235567, 2.634283013462105, [1]
-7.378674602709198, -1.1435366503960487, -0.24573932951947852, [0]
-7.331345603476852, 2.7114220099552684, 1.6656771064881328, [0]
-8.018593388279694, 1.2051848416200368, 2.22120180206241, [0]
-7.134775542610645, 1.873183626522334, 0.24023526661780958, [0]
-7.484694952217286, -0.25226265857343844, 2.129431565286199, [1]
-7.2821138545255355, 1.768372385508782, 2.6427806738931228, [1]
-7.683222393240488, 1.2548800427602171, 2.9892523975844774, [1]
-7.482781132046807, 1.078206198773438, 1.67545465839637, [0]
-7.333142265942681, -1.302535094003725, 1.8805149452554706, [0]
-7.36937271382272, 0.9875095986288966, 2.935713613319214, [1]
-7.103985293993321, -4.566770073382987, 1.8442859452732552, [0]
-7.908032193556925, 2.6740969739747253, 2.6429675684758345, [1]
-7.230655103326712, 2.674899982995765, 0.37550533804029307, [1]
-7.434684520472597, -1.4412277853618223, 2.0060244372654, [0]
-7.382339942329485, -0.5091928889194786, 1.8763436535328624, [1]
-7.4209551415070445, 2.3482291524320726, 2.509249791039122, [0]
-7.362345508409122, 0.20088030349818853, 2.897989307850692, [1]
-7.3930889552595325, 4.344153972643216, 0.5674239946147825, [1]
-7.211332049359865, 2.9374352515259674, 2.821954259752659, [0]
-7.4345672073627025, 0.7970134000375051, 1.8295631700309525, [0]
-7.177403526332263, 0.6556881697294326, 2.0223730041819414, [1]
-7.148046421745356, 2.146034630833172, 2.021622497968446, [0]
-7.55281083986651, 0.3121953630727511, 0.970399224253995, [1]
-7.327610786265441, -0.22261785530318745, 2.1453859257059973, [1]
-7.208745408157309, 0.4006528611835338, 1.4980031759670194, [1]
-7.378483360819238, 0.10442806017898709, 1.179599826857129, [1]
-7.297264745242697, -1.331670050286791, 3.1531054919768247, [1]
-7.196163093560038, 0.66638805358963, 1.965156660676723, [0]
-7.527548958880521, 3.5663038479762426, 1.5577388129003973, [0]
-7.713221072693967, 1.5371619532450624, 1.382533385114243, [0]
-8.23569403136684, 1.0786288159570594, 1.3012513605133598, [0]
-7.232071840982208, 4.332388961259452, 1.769388203503564, [1]
-7.231138198613766, 1.0218432463876086, 1.6174267634885156, [1]
-7.578209914958315, -0.795480984571838, 1.9421745177645455, [1]
-7.312546483093974, 1.7400292069121341, 1.709769340549787, [1]
-7.351647352880378, 1.8423164117521316, 2.1925432943114, [1]
-7.371762054499893, -1.2080254528201289, 2.765254283256537, [1]
-7.3438754068991745, 0.5205207438614885, 1.8309374991243716, [1]
-8.610381860261443, -1.4159799273144258, 2.1979616454404303, [1]
-7.589363648961854, 0.7123626408284486, 2.4489056422779716, [0]
-7.4679245537604615, 0.17538667762230986, 2.4616847971335214, [1]
-7.591769578624884, 1.1086539038982175, 2.736983271613044, [1]
-7.643968276268335, -0.6181189769619493, 1.949173475398035, [1]
-7.442918414587731, 0.5094742022601517, 3.462966376161203, [0]
-7.876334420319279, -2.6777704294940348, 2.03772131823154, [0]
-7.3088249821755396, 1.802432233101546, -0.1564928451880856, [0]
-7.995136130125492, -0.2816264737916745, 3.87373666042293, [1]
-7.508306272359208, -0.4112207411052602, 1.4464445521110254, [0]
-7.675527067871773, 2.118616843429977, 1.7001868039063122, [1]
-7.3060426238404155, -2.3773539326558835, 2.0858077137796895, [0]
-7.375852426115683, 0.7670243241841632, 2.5215695899535993, [0]
-7.341952395387227, 0.6960365274099751, 1.269628542700087, [0]
-7.774886794749056, 0.9561839476931805, 3.021374534900268, [1]
-7.174135112552521, 1.1299000943892485, 2.971255185840651, [1]
-7.988736035916155, -8.275904101582123, 0.11931247650017873, [1]
-7.385722555362539, -3.255805089044738, 0.7374646434488092, [1]
-7.473400959696143, 1.2595521906403317, 2.983734940298362, [0]
-7.493238939217333, -1.3180665048779086, 2.1859222182584728, [1]
-7.717841858640939, -1.470362488929719, 1.216993138073029, [1]
-7.641178620216865, -2.49190732023515, 2.1032075903262943, [1]
-7.141177160990873, 1.3933582517555052, 1.6202968488665466, [0]
-7.2678263082520855, 2.231507656904699, 2.2056668376605675, [1]
-7.564084491152576, 1.18245098105434, 2.57149633562468, [1]
-7.636133559839888, -1.3139965252314947, 2.5301646523278656, [1]
-7.4217157584533355, -0.3208471805361104, 2.5312527081197462, [0]
-7.2994465110926585, -1.9530257389575545, 2.3548572464639665, [0]
-7.475437810043, 0.2778170987101278, 3.110643322336781, [1]
-7.380841459130731, 1.7775388562383778, 2.2945776356139507, [0]
-7.29567803308464, -0.0857201368662106, 2.705188821874017, [0]
-7.2722233160790255, -0.47558801120613137, 1.444515189877426, [1]
-7.758988102809301, 0.4043349097449551, 2.310400691093034, [0]
-7.492416779460239, 0.7321051108643475, 2.1760461463387153, [1]
-7.914785759634051, 0.3156812924149943, 2.3171240321332993, [0]
-7.400119453852091, 3.3862076314407052, 2.2266756550951423, [1]
-7.989137472885297, -0.6141941238886781, 0.693617024165665, [1]
-7.68020893287504, 0.03072102649415931, 1.139227756947836, [0]
-7.719973289056003, -0.179137267102067, 3.137800464408177, [0]
-8.4250440833943, -0.07040705480083809, 1.3964442438667355, [0]
-7.318739534809825, 1.9448727645373058, 1.802350119417229, [1]
-7.703055205588114, 1.4415592465748035, 2.085426609310281, [0]
-7.171052232062396, -0.9588299790999839, 1.7318714501443957, [1]
-7.3584439867005775, -0.7052421454571447, 2.2741544373395297, [1]
-8.080829063494708, 1.8075462479751563, 2.922394724428748, [1]
-7.452415021948099, 1.5810075817450966, 1.6755582059230434, [0]
-7.472896700785917, -3.014075701215741, 0.7422901543588787, [1]
-7.1318467787994395, 0.9959973148409307, 2.6693891574657274, [1]
-7.214515251056482, -0.03730535691754022, 2.5411120559952884, [0]
-7.834842312807246, 1.870241416875889, 0.7148131848075812, [1]
-7.533468182126377, -2.627438673764818, -0.10572288325688683, [0]
-7.7606956487169, 0.5144921753365448, 3.0249647157377337, [1]
-7.690281217225762, -6.553568499889711, 1.1677044859822021, [0]
-7.070569316835872, 1.5426928421159551, 2.012932906819141, [0]
-8.4484035382052, 1.4374549591064696, 2.849041385369932, [1]
-7.418206028946982, 0.9603975239766975, 2.1722501527142333, [0]
-7.194152131058078, 0.882226619060597, 2.713412144285523, [0]
-7.363657548751313, 0.9903287218126275, 2.283102382513059, [1]
-7.278326262376884, 1.9444600156360978, 2.92405115705734, [1]
-8.131535081590068, 1.13284951450732, 2.3437567267858483, [0]
-7.301772840215428, 0.18540922257468417, 1.5616366669491952, [0]
-7.160102498544436, 2.0720001190588304, 1.8810483483839013, [0]
-7.291923295586892, 3.051713836991361, 2.6877722650609646, [0]
-7.546624905269863, 5.520598285914872, 1.0116906372376961, [1]
-7.195279738823439, 3.450828882863265, 1.3378433624353814, [1]
-7.972290333372038, 1.6712530282575573, 2.948212547281053, [1]
-7.869161055404615, -0.7641469793001578, 2.3800800251050496, [1]
-7.204824047012816, -4.655053485027388, 1.1197114190163364, [1]
-7.646992091420969, 2.37848945482797, 2.2377562527990422, [0]
-7.251686838935367, 1.0192758928153882, 1.6471565376613022, [1]
-7.747699084654326, -0.09907557220957042, 2.2310039793267795, [1]
-7.424738165342515, -1.1037256105360225, 2.7866322994523407, [0]
-7.690303287681936, 2.7547619673399995, 2.0852136070316627, [1]
-7.056128709390204, 2.375991934808984, 1.1179777431503553, [1]
-7.332198510357149, 2.272315221330971, 1.5645727985472095, [0]
-7.3179774582295005, 0.4036834876201181, 1.4652685193144492, [1]
-7.215510089954868, 3.4676089189803143, 3.0248714568094712, [0]
-7.278993106509624, -0.6586943391914168, 2.612502174802794, [0]
-7.625349455458588, 0.017901566253503143, 3.5425599241527683, [1]
-7.55154794004669, 0.6559572343752753, 2.0613846397061617, [0]
-8.42084771984666, -0.5414754387531855, 2.282911840025442, [0]
-7.2899473743553305, -1.8041588997234088, 2.062996194046326, [1]
-7.2695031374351915, 3.461297774687057, 1.9143599359962038, [1]
-7.702628501160387, 0.8998279844299963, 1.68856808463828, [0]
-7.0675932080055155, 1.0417308193973573, 1.9630525805631904, [1]
-7.096827770122815, 4.378128702081917, 0.5680988101844968, [1]
-7.540218509666502, -2.0957964397735678, 1.1910109792189418, [1]
-7.117331925463248, 2.189636574304547, 1.9404498264424281, [1]
-7.132473427429553, -4.542922519899673, 1.3417952565883127, [0]
-7.452788304416947, -2.3350428537162613, 2.452107717330116, [1]
-7.592494020793177, -0.2593417639195206, 2.3128516609958347, [0]
-7.987552622727309, 1.419153231098743, 1.3590205044397496, [1]
-8.053299564359147, 1.3074446828599338, 2.5179620074483267, [0]
-7.94262275846767, -4.702606614093699, 0.9263700109782844, [0]
-7.5599378393076115, -1.375914482084499, 1.9498251019599149, [1]
-7.440580834031611, 0.9946867777806213, 1.6708418523680242, [1]
-7.246265507619321, 1.9202037514777286, 0.9574466439143954, [0]
-7.692786479019902, -1.666917178045942, 1.401816560374062, [0]
-7.602017245936255, 1.673380559949219, 3.0782148110763257, [0]
-7.440480651645834, 2.2414056222678616, 3.1830821076660483, [0]
-7.057408043955737, 2.322967630527769, 2.0443609781852357, [0]
-7.315019685995996, -0.652709841657757, 1.9213076413680676, [0]
-7.266918548484721, 2.131529960160087, 2.819192244567769, [1]
-7.777219415445847, 0.9821742848959345, 2.0919383693428135, [0]
-8.060424229215661, 0.8569076117980816, 1.8191768001623474, [0]
-7.590571423854871, -3.4399769177422397, 1.7134981484336298, [1]
-7.893612639748934, 1.8742924678515782, 1.8217650504057743, [0]
-7.492021943786449, 1.2324704845828476, 1.2030691869615542, [0]
-7.322943635819288, 1.306613581366098, 1.8609980916950999, [0]
-7.661073668604676, 2.0282475622813227, 3.730687424162014, [1]
-7.188097966909695, 2.8496645875135345, 2.393542904157135, [1]
-7.6295077593653815, 0.18506431748602425, 1.298192607295101, [0]
-7.233885388191081, -0.24650736559462505, 2.9334164824429063, [0]
-7.7026143061498695, 2.192337374349417, 2.7040010860054675, [1]
-7.718703053065981, 5.469949465313341, 2.0102186402066473, [0]
-7.581615700627591, 2.4424194255969494, 2.6759307750905648, [1]
-7.093329143656344, 2.774625686435038, 0.36854431251682573, [0]
-7.504969168860964, -0.5738627553908324, 1.8542614306036564, [0]
-7.628049655951437, 3.161146072729812, 2.0531603975670443, [0]
-7.659646308204526, 0.4138982939845337, 1.7346709784638168, [1]
-7.25635239401192, -1.8074618855679727, 1.8809357526798824, [0]
-7.541972023062012, 0.49517228032148186, 1.5348959431883114, [0]
-7.1546294024399035, -1.816512141438288, 2.5603703646960154, [0]
-7.248933872072796, 0.6821680174763491, 3.0253597306570956, [0]
-7.20571220103504, 0.12731955833988018, 2.0045770764508886, [1]
-7.684917384209891, 3.0441525116944046, 2.0337297868625983, [0]
-7.1918826605982735, 0.36953697746181047, 2.8038540919096016, [1]
-8.024726612198645, 2.3135443541775227, 2.7165665874824745, [0]
-7.5945206271507715, 0.06567363792990832, 1.7462515277093906, [1]
-7.413263528376618, -0.09821973468432432, 1.5812165747260156, [0]
-7.353572530424782, 1.600043890401984, 1.3311815648884002, [0]
-7.376591798001427, -1.002575456107134, 1.7606558931260146, [0]
-7.858015361210928, -0.22449629324847575, 1.1083932586548224, [0]
-7.967735098879447, 3.0015451924089755, 1.6640177755719496, [1]
-7.2671381770526144, 1.1261704643227488, 1.2417641767362257, [0]
-7.856724991607095, 0.5330262556864018, 1.549387077834636, [0]
-7.3753095228371, -0.5470888478037153, 2.357440626786538, [0]
-7.411631244753786, 2.710075309450205, 1.5787960862508457, [1]
-7.727246759921816, -2.0354787228659523, 1.9484145903099708, [0]
-7.265360355635033, -1.10749600002852, 2.756342490203127, [0]
-7.487912549739004, 1.7976061723587173, 3.0637010423102162, [0]
-7.220297809311275, 3.2794723120449656, 1.4653717809546267, [0]
-7.187092797716564, 1.1730640939292538, 0.2547525736545132, [1]
-7.431015439774753, -0.7609669381203208, 2.773305720210109, [0]
-7.5658425545091, 0.13181843559108897, 1.3936850106364103, [1]
-7.638266766421962, -3.43300370883537, 1.2242230347667304, [0]
-7.0832629129607, 1.26743267994981, 1.9435524235665635, [1]
-7.113046982959905, 1.9934169445471261, 2.325720949577598, [1]
-7.256523532103343, 4.452153750947909, 1.9013510528106239, [0]
-7.493580893268314, 0.3909962465392638, 2.3094830088524994, [0]
-7.455645704919581, 0.8794285201130099, 1.8736904540669508, [1]
-7.301369364645329, 2.421164111301769, 1.7421860705060197, [1]
-7.436932370280219, 0.5374435072798003, 1.706518438881992, [0]
-7.545403354699847, -4.125162081113883, 1.5813524021455614, [0]
-7.171178218321744, 3.4771023286402887, 1.604611410022553, [0]
-7.760114477214239, -1.476005093274077, 1.597834644226413, [1]
-7.471719412288394, 1.36870040960981, 3.1204499515588644, [0]
-8.005187570815144, 3.1610306183093106, 2.1677567349888456, [0]
-7.694825500167079, 1.5503213474389046, 0.5234272689961599, [0]
-7.299618136012635, 0.4818158657916436, 1.024635893103192, [0]
-7.4836648532196595, 0.8533560610241642, 2.563149667166312, [1]
-7.533558954130842, 3.404443104822034, 2.913598686506967, [1]
-7.450071349487959, -2.1933175389246666, 3.036050251056394, [0]
-7.6818078314364495, 2.3678048750259193, 2.0423136288774297, [1]
-7.4407475084779096, -0.8632224001790418, 2.8660821175366045, [0]
-7.766664887606326, 1.4953537271314592, 3.6776187320612683, [0]
-7.339384012224536, 1.5905877894443026, 2.533289713780757, [0]
-7.2281095367815125, -0.0065592881457297025, 1.6959388765570607, [1]
-7.647779535941961, -2.257180592762826, 3.173793313484215, [1]
-7.449760289803215, -0.0525927533038725, 2.173664466202501, [0]
-7.434178486194825, -0.23422679732422425, 2.485889915733015, [1]
-7.628784187814554, 3.1890854767048813, 2.266349091716527, [1]
-7.33579153224583, 1.967806848167066, 0.8247965159083962, [0]
-7.277306900152491, 0.5682818552468007, 1.8143081557612595, [0]
-8.019593996209395, 0.044432101588744444, 1.6290553685690174, [0]
-7.418113086629888, 1.362520447522436, 1.1991830902500284, [1]
-7.330882500312623, -3.236838730335652, -0.4746317543592775, [0]
-7.44665431053172, 2.1771578229529704, 1.011957736655392, [1]
-7.429748612019584, 2.2821549186081382, 2.1914904609506984, [1]
-7.579390857240802, 1.6663621989429294, 1.1316871353077746, [0]
-7.568699535999472, 0.658324590714551, 1.4259949057803032, [0]
-7.276261517290882, 4.2434167780554874, 2.7332425050603804, [1]
-7.460185279460123, 0.4031596915330723, 2.3161935827722036, [0]
-7.24904479484193, -0.15477445524890832, 2.8490338137015683, [0]
-7.647350539821532, 3.0261510199709973, 0.6952941252208702, [1]
-7.232895929177295, 1.421024544161968, 2.6704441920370083, [0]
-7.2452417840710135, 0.39826479611662347, 4.120085874559811, [0]
-7.770435508957115, -3.1217149865651592, 2.2625582441372547, [1]
-7.7632624094151605, 0.12018497183021637, 1.2451223255060988, [0]
-7.507580060640599, 0.894686844066352, 0.7735574906178373, [1]
-7.824409852513045, 0.5931025271916561, 1.9979797350560244, [1]
-7.538191277699237, 2.4552337111587574, 2.561480996467144, [0]
-7.465990444565015, 1.8822756688988407, 0.23478703970339032, [1]
-7.650115524304402, 2.1389841012404505, 2.0654555923866815, [0]
-7.333796317094911, 0.853677856373823, 2.9289138910763395, [1]
-7.4003809260159645, 2.0045274638245654, 2.903193496119342, [1]
-7.198265731800351, 0.7447810061009479, 2.001758800115946, [1]
-7.332936335944405, 1.4612504302918747, 2.7527611536897507, [0]
-7.725677129724279, 0.6062845077072043, 3.1645605296914696, [0]
-7.539961922811586, -0.36997867345029545, 2.4495814184390645, [1]
-7.037568106306563, 1.7297731693357794, 0.16530421796544248, [0]
-7.358896232251386, 3.73326751898437, 1.3489854781909303, [0]
-7.890020106665459, 4.533182472290101, 0.9002470235001403, [0]
-7.8078452156604845, -2.374319104727568, 1.0242411889244436, [1]
-7.096344787889873, 0.5421733464708309, 0.8379641210663051, [0]
-7.5171661256483056, -1.5964707793521895, 1.8485021946323834, [1]
-7.461988983402267, 2.654653798339748, 2.566699334977165, [0]
-7.125416650166275, 1.9244084054724455, 3.2616214562181938, [0]
-7.5075560932641805, 2.241750153802145, 1.5690330310713538, [0]
-7.425956068590363, 2.0419996708139427, 1.3645249796612338, [1]
-7.7097712291286955, -0.9195965688494476, 2.754659648934818, [1]
-7.469801846247181, 0.8518547622089097, 1.7259017711833073, [0]
-7.761570758469551, 1.6223376198205508, 1.4384439033720553, [0]
-8.176957036704811, 3.6248604317787034, 2.5261562258975, [0]
-7.735715879048752, 1.5440975528247671, 3.0066381526190424, [1]
-7.32721373006583, 1.6338785595735839, 3.0382737123750263, [0]
-7.650279588257539, 0.16548547342167197, 1.632328181239484, [1]
-7.807238226892388, 1.9834757701654024, 1.7524666051108597, [1]
-7.705893540263356, -1.4649783037257498, 2.380458098203197, [0]
-7.506065604521636, -1.0490952404908622, 1.932241618646048, [0]
-7.136395614761263, 0.9228208065369654, 2.6057276879918323, [1]
-7.378480564391353, 4.406465970626794, -0.07340415736029862, [1]
-7.217161041214945, 1.4671667081624504, 2.9813435287026784, [1]
-7.439911966621807, 1.3679985111898518, 1.176943225687165, [1]
-7.735267849405936, 2.0825168130793905, 2.6640991060522983, [1]
-7.182918334510676, 2.969123537451112, 2.0778552567855804, [0]
-7.295354416721833, 0.7914318347471213, 1.9797728192751154, [1]
-7.732523424212351, -1.2006482476441136, 2.099924616487609, [0]
-8.018659371200705, 2.4674996784099097, 2.4587403618160737, [1]
-7.864384497237542, 0.5213646435117725, 2.7957327058265165, [1]
-7.274652605807294, 2.5598566298158656, 1.7965354745552717, [0]
-7.874282985206829, 0.6675828299824169, 1.9172375273948108, [0]
-7.421941115293684, 1.1789084071714928, 1.8776106119807605, [0]
-7.1848548556183225, 0.8647225459985657, 1.5684004932528148, [1]
-7.151872556480725, 1.775648570918555, 2.51029965656411, [1]
-7.347737559491991, 1.50532675518466, 2.451364639098884, [1]
-7.3225494221830125, -1.0004493164168793, 2.936766276215335, [1]
-7.4893547419368565, 0.32467296550482616, 2.2137283191513397, [0]
-7.368740613099965, -2.3267242540435347, 0.7649884843120325, [1]
-8.044812776313, -2.344444822972788, 0.815750790636662, [1]
-7.391532498704517, 1.7014316365317206, 1.5473385806860187, [1]
-7.174263962815687, 2.246766232975898, 1.9420886587021098, [1]
-7.14701903525979, 1.2327946038577993, 2.7297804965973675, [1]
-7.7349194720727255, 0.8328421402717328, 2.872396738166481, [1]
-7.225334935598851, -0.36392729623366354, 2.341183259367484, [0]
-7.172957601846309, 1.1221312212087535, 1.2440489144355347, [1]
-7.579181107317688, -2.7813258046667997, 1.9528404701770858, [1]
-8.006992257120976, -0.9614975081470503, 1.5862420226609881, [0]
-7.825716077215854, 2.530815681072317, 2.387704808102677, [1]
-7.375895669709873, 1.957906229864647, 1.976397376853378, [0]
-7.240391264103432, -0.3182835762342471, -0.4403075371288747, [0]
-7.406291523228149, 2.4076156301556546, 2.321943708036021, [1]
-7.71918286289361, 1.164423632900459, 2.3575222856566076, [0]
-7.301094526426808, -0.6413051759916195, 0.9650019605068103, [0]
-7.369594919404242, -0.12987451446689283, 1.980756449858822, [1]
-7.86952404873233, 0.38759736289540037, 3.250529675969057, [1]
-7.778958888047444, 0.9311880805603208, 1.8092990878903308, [1]
-7.2208387105047, 1.65992433987967, 1.9787075540354067, [0]
-7.327623909277864, 0.4642589668104653, 3.6662410227400777, [0]
-7.37004546296408, 4.263732897505907, 2.2422470500505454, [0]
-7.5010066963722295, 2.272907089648908, 2.775604398829163, [1]
-7.182128200120351, 0.27148796032973543, 1.7674060866854726, [1]
-7.358102564724659, 0.5486623737742616, 3.0925253394990198, [0]
-7.757861579466891, 7.0864530964315815, 0.7853068513303871, [0]
-7.372377103207068, 3.3464810756430534, 1.3779040543019478, [1]
-7.502697996817807, -0.3763336933260526, 1.7013494065931454, [0]
-7.352618599460569, 4.4788208455736545, 1.970128601682985, [1]
-7.802133851578495, 2.209050872051354, 3.6559379729242485, [0]
-7.26484552105012, -0.21965448298252976, 2.176162232508108, [1]
-8.084631523615235, -2.794215739174232, 2.1590353127141935, [1]
-7.6277179066299095, 5.0682437656819666, 1.2032870424186533, [0]
-7.340520117497698, 1.3774110189369169, 2.4611176100065704, [0]
-7.552599502777533, 0.2699116279413434, 3.002369078803706, [1]
-7.518813631811417, 8.179038334480415E-4, 2.637769716264557, [1]
-7.377084457710871, -3.5031091289155265, 2.0186629555127564, [1]
-7.3852523629622295, 0.3269304367898487, 2.1650949011410328, [1]
-7.168541602515493, 1.9392522832680636, 2.213342442612074, [0]
-7.4031844400960525, 2.6703936911640795, 1.8113484662748494, [1]
-7.5783067892541, -0.7354319983559734, 2.3645456390952995, [1]
-7.453378625331775, 0.21521238173307244, 3.120135610476931, [1]
-7.730522511574147, 0.15026318977616038, 1.411502465713979, [0]
-7.9868248174046474, -0.372339832519369, 3.266428724063241, [0]
-7.35931418823498, 0.14430410981673858, 2.8981461766077095, [0]
-7.479888775472255, -0.30136792652253863, 3.0772498299524385, [1]
-8.462798049569876, -0.611138567326698, 1.1467000392247693, [1]
-7.2843889894913545, 0.6069865543622868, 1.6787974840213282, [0]
-7.191752195766939, 0.6869136249502259, 2.4900359034680752, [0]
-7.409404502559728, -0.37420145151969175, 3.358986202151031, [0]
-7.436165840943403, -3.2129397283478953, 0.5802992885532254, [1]
-7.527469238369292, 0.48968076026423524, 2.688268779825708, [0]
-7.176698321433613, 1.2936342503568092, 1.7947173569444117, [0]
-7.270435639036732, 3.2923921941391696, 1.0248591283304054, [1]
-7.84795969302705, -0.9962316722320108, 3.1719337463902395, [1]
-7.420147529630006, -3.688453401895951, -0.6234597109383744, [0]
-7.698981678380717, 0.8056552020590502, 0.7841660435754338, [0]
-7.470095846949734, 0.991684781919794, 2.885617799485846, [0]
-7.664130015983052, -2.136300620779656, 2.2578903455722417, [1]
-7.428357196650723, 1.2017811077810214, 2.0917040290526776, [0]
-7.849701956147068, 1.6731412871583111, 2.929939135414359, [1]
-7.15902323807179, 0.8401885997401903, 2.24398424640275, [0]
-7.565977652643417, -0.08705006003318849, 1.4267576593518296, [1]
-7.452157173139633, 1.9578852689742545, 2.1423679405015896, [1]
-7.116911349569435, -1.1946554566650436, 2.1482933088538956, [0]
-7.3518758291594395, 1.3513293599651686, 2.5292317388268892, [0]
-7.472201432103981, 1.799941577770898, 3.229634890042534, [0]
-7.1818238611914005, 0.3042400444128425, 2.2570223001038103, [0]
-8.674216251688723, -2.4183258825274403, 3.039902833687301, [1]
-7.329670762481411, 0.6848687076945436, 1.378335223200123, [0]
-7.507320019270575, 0.6742522452734407, 2.435056515387061, [1]
-7.28961319390077, 1.7858055405105686, 3.0341299207127683, [0]
-7.392930462010253, 2.8745235387056187, 1.3637675646124365, [0]
-7.553365516493764, 1.5258188493505167, 1.1662911612899083, [1]
-7.134557280241124, 0.2594654451930283, 3.102335052546517, [1]
-7.625843998078415, 0.06573257989087855, 2.1198698625539594, [1]
-7.438435668429591, -0.7100600989741683, 2.630007345698998, [1]
-7.0952609868707315, -0.33066578240686895, 2.0963537067502807, [0]
-7.256927834116801, -2.272819417486947, 1.2743537851170932, [1]
-7.47065192476852, -4.248978029970558, 1.9305574566692028, [1]
-7.442771113223427, 3.715956474639669, 1.836556225613103, [0]
-7.478207499922036, 4.415446126756416, 1.2435512612559134, [0]
-8.046398992010381, -0.2662074013864183, 2.7018912536634074, [0]
-7.273934281434156, 4.069210939222751, 1.3415934557331675, [1]
-7.430219050642238, 0.6403602803616172, 3.4735576681609133, [1]
-7.595268306034705, -1.430905881723286, 1.9045986158577697, [0]
-7.4746031276576, -0.973816211175083, 1.3557979652193235, [0]
-7.564763435226937, -0.04734379680018608, 1.5445367162941275, [1]
-8.06021690905829, 3.284902778050076, 2.303303696738247, [0]
-7.472921764035157, -0.6924519165464755, 1.7303067983298102, [1]
-7.638410449624273, -0.026310381156923107, 3.412545554343138, [0]
-7.157343681680188, 4.003114447768837, 0.8768382996440418, [0]
-7.13688412929864, 0.9028734307609616, 1.3627167530144466, [1]
-7.390181926903877, 2.656842042858966, 2.108320073681824, [1]
-7.616793118030889, 1.100793552566672, 2.4062620186841026, [0]
-7.21199690389636, 0.5743792997328709, 2.0891352947331105, [1]
-7.307418781133561, -2.2513367760145298, 0.08653242496668834, [1]
-7.594591789705577, -0.8399359365165266, 1.4186751494367227, [0]
-7.290781039844913, 2.990485169205867, 2.2788396597026894, [0]
-7.278523788934704, -0.5238574912351752, 2.325391599691642, [0]
-7.356238793910617, -1.6760463366102805, 2.097411312057683, [1]
-7.426518745079826, -2.3755806178394394, 2.2352352365999657, [0]
-7.820216126232431, -0.6610122633835771, 2.4429850732427703, [0]
-7.4710161129454065, 0.637950678313701, 3.338889363944782, [0]
-8.164888956803459, -2.1076470137016035, 3.126524396126751, [0]
-7.480884253304831, 0.8103855613119765, 3.3311694977800377, [1]
-7.575022034969101, 1.2888795840894436, 2.3160938556263777, [0]
-7.833856447195149, 0.7284426050788233, 2.1061867551689755, [1]
-7.353058377761884, 0.6349641061367857, 2.6742801795697866, [1]
-7.960400224058994, -0.9152739939703998, 2.276488340985816, [0]
-7.631044786741191, 2.7311791834286656, 2.0034135660876866, [1]
-7.818168530641964, 3.3790399657774954, 3.6172493045770757, [0]
-7.213848098564706, 2.5846399159392432, 1.851494405179382, [1]
-7.241475076860012, 0.5572625002865803, 2.244086218092449, [1]
-7.136175485382818, -0.023639496789326864, 2.523720634089256, [1]
-7.141139106093261, 0.40490612939608184, 1.5178814063618358, [1]
-7.1683549849358235, 3.3337974104861243, 1.5366299098124907, [1]
-7.395675697921074, -1.0654997824673127, -0.2276928211847144, [1]
-7.665085824594331, 0.19011054529966198, 1.7688909051587167, [0]
-7.747688415124819, 2.246637937329732, 1.807465026556858, [1]
-7.853075975420757, -1.505242018668101, 2.4494653724527664, [0]
-7.425679066229147, -1.3050295708453108, 2.133738137145341, [0]
-7.366980758751037, 0.8177041049169717, 1.6856295429738584, [0]
-7.511107982939417, -1.647554010452808, 2.0820878916227827, [1]
-7.648917621953013, -1.7288220306092112, 1.4168354898230069, [1]
-7.29918271449782, 0.1739534561155992, 2.740337470817173, [1]
-7.584537029059588, -0.2610557232274917, 0.5820202318405707, [1]
-7.046040357224496, 0.24562447063613158, 1.7233046322373515, [1]
-7.215666687551607, 1.8067646277391196, 2.757210101087205, [0]
-7.136733958476664, 1.4729931947614106, 2.0981280452541524, [0]
-7.329723346867837, 0.7154017005336535, 3.1446569322875475, [1]
-7.106178193289004, 4.8090856999186755, 2.8569532309874495, [1]
-7.4819950116389675, -1.939794672338062, 1.3005623296319901, [1]
-7.340849095370954, 1.7614931405547067, 1.5483343734261719, [0]
-7.297989250526201, -1.511521802259074, 2.924456496137631, [0]
-7.295816130376694, 0.2843265224785618, 1.5712525713701324, [1]
-7.183687574479667, -0.10645803677733606, 1.929116850514832, [1]
-7.522792675121287, 0.08705334298569634, 0.8890321019831289, [1]
-7.716572533739297, -0.5449339793152825, 3.2636251796030664, [0]
-7.781326162616161, -1.2187018051918586, 0.7384897388367246, [1]
-7.511665922055339, -1.6287042576618023, 2.43841277687054, [0]
-7.29474823023969, 2.636602211164197, 2.9258566720071166, [1]
-7.931515677633304, 1.053060188758073, 1.9480723624559508, [0]
-7.792674996869677, 1.2112397561998127, 3.2580259972488435, [0]
-7.72724869140617, -1.8287899229824867, 2.705681826078915, [1]
-7.146753055326159, -2.4803552062546173, 1.6407112926095178, [0]
-7.363952597404906, -0.8316353287359699, 3.6728159950068147, [0]
-7.591539274026261, 0.27987695753965713, 1.815388583035269, [1]
-7.2517415731431605, -0.8077311202936472, 1.4909702439201584, [1]
-7.720717868520979, 3.824772670362256, 0.10351619303400739, [1]
-7.375814627811545, 2.6621414821247287, 2.8850310388809675, [0]
-7.553637610029237, -0.8474416542116215, 1.10794858471144, [1]
-7.211053465185711, -4.617528891282514, 2.064833101344287, [1]
-7.476334573333651, 0.3563675434142226, 2.8374225123202383, [1]
-7.240265697469225, 2.693995091286819, 2.661459930363219, [0]
-8.128693227283467, -0.4965105122733986, 2.1334672576136033, [0]
-7.547766556246231, -0.887459900671445, 3.0148398246827384, [1]
-7.54003204800013, -0.2421712470536328, 2.507792215736533, [1]
-7.514524101211839, 1.382433886684857, 2.639784203974138, [1]
-7.411852201552494, -5.117480443718665, 1.3597882217105102, [1]
-7.783840370308401, 0.6789501220981511, 2.8321461168092537, [1]
-7.151384253144013, -3.6036224158230654, 1.0962548928354388, [1]
-7.433482218063995, 3.728251724979822, 2.190608327016968, [0]
-7.219564443665074, 1.6877310385943525, 2.4129240374968672, [1]
-7.340562222994341, 2.98471970335598, 2.6463912405487457, [0]
-7.300304234843372, -1.072233506188115, 2.2728207345600775, [0]
-7.644239716980521, 1.6007621468145738, 2.8175106430292507, [0]
-7.110319248524897, 0.9061072944251911, 0.9349439911277555, [1]
-7.335948340005154, 1.836805117551274, 1.471604997642422, [1]
-7.637219525254361, 1.2878520992401965, 1.5082799965489513, [0]
-7.235545310633289, 2.4095838816547803, 2.0871006169238155, [1]
-7.186122289125115, -0.024440753061685028, 2.0531583475201365, [1]
-8.029795859097396, -1.518551519225301, 2.6059661217804204, [1]
-7.252148002552, 2.9247316329682667, 2.2634501136526315, [1]
-7.285101936039871, 2.5029367887326637, 0.025099885235100317, [0]
-7.644703726578891, 1.209064492522312, 1.60448331747203, [1]
-7.760841335470629, -0.0167861890835046, 3.549553069350764, [0]
-7.489795187810331, 1.0769007161245432, 2.6472322913586592, [0]
-8.038628417279224, -3.801359699125108, 0.45701672131631166, [0]
-7.469260817212462, -0.2462693414905821, 2.8955792589371194, [1]
-7.407634962378567, -1.1538909677401192, 2.9906179454930752, [1]
-7.391215843132473, 1.832797942112396, 2.7028023134575485, [0]
-7.08707495748894, -1.5241680979711973, 1.7172381038222866, [0]
-7.468896963800563, 0.501368426088573, 0.49401012469045846, [0]
-7.794167260891999, 1.4092493268853419, 1.590941307418191, [0]
-7.617235430801301, -3.167248818941055, 1.184118895509359, [0]
-7.5201192114193365, 0.536592284318652, 2.3151861805566876, [1]
-8.225794411932652, 2.1961057085856543, 3.624068753765373, [1]
-7.64338011700222, 0.31548137268152054, 1.9511332974038673, [0]
-7.855371905967923, 0.016012714004075224, 3.1426573901538895, [1]
-7.365610470652884, 0.2625923493157205, 2.2576561335141507, [1]
-6.9654256324608514, -0.041990895419373356, 1.3396527726387206, [1]
-7.632984510985312, -0.6478465307338253, 1.2677623329093262, [0]
-7.401779679909586, 3.663724178033396, 2.195545934871583, [0]
-7.497133687623389, -0.3317691933964291, 3.0421801935105726, [1]
-7.111879635868695, -1.9899888541777102, 1.950801325672722, [1]
-7.221187646314866, 0.3753558331752853, 3.166188025795585, [0]
-7.218823296058376, 0.8965850069129373, 3.018577494931061, [1]
-7.613372499755343, 1.2112889915006697, 1.8466563327067052, [1]
-7.406421606633466, -2.4195382559582885, 2.3277452802749057, [1]
-7.79860633150516, -0.9623744901651663, 0.9942234381544309, [1]
-7.562116204698558, -0.9921527959579586, 3.359187392484495, [0]
-7.310701419469212, 0.7903302695225322, 2.1550152806192844, [0]
-7.322616487221118, 0.7282606770253268, 2.733777973093672, [1]
-7.206403089119176, 1.228380189334022, 3.203908722063264, [1]
-7.30007624970202, 0.43253211830715865, 0.9474115855286191, [0]
-7.5895377365170145, 0.5027698828076868, 2.363976664995466, [0]
-7.339141498821771, 0.989432245758506, 2.129280968352703, [0]
-7.057196345886297, 0.7519442088307355, 0.4742132438208715, [0]
-7.316249468084824, 1.439574278874049, 2.0824498074389632, [1]
-7.68178346193983, 3.1214018286845784, 2.837330633393707, [1]
-7.187117251716172, 0.11987399894986583, 2.661156333864529, [1]
-7.548629105113675, 4.039515837184732, 1.669988088954709, [1]
-7.560963055652107, -1.4531269883680953, 2.9509636022295904, [1]
-7.156446917913501, -1.1773734247996173, 2.0325095265123627, [1]
-7.567382051267301, -1.05641862299358, 2.8861227386684347, [0]
-7.680657770558445, 1.125745764498502, 1.7777633041078842, [1]
-7.528292069199401, 1.8323425890923999, 2.550773336785684, [0]
-7.299923983323801, 3.038883884717409, 1.5444358295607885, [1]
-7.381708003380152, 0.2235742556598792, 1.613245968294355, [0]
-7.577058430921125, -2.460512961016028, 2.103810618932189, [0]
-8.114733139306587, 1.5881144469398882, 0.3548054368912117, [1]
-7.459084527159836, 1.7586458074266744, 2.2113741463618193, [1]
-7.591385681336205, -0.9190908983598174, 1.3763202050146528, [0]
-7.3073556494113365, 2.015046114910609, 1.7251571739896896, [1]
-7.74394452880585, -1.270846109937626, 1.4404339340751067, [1]
-8.468808998356677, 3.8489699949420366, 1.791007884470226, [0]
-7.3503420581360945, 2.652926867791319, 2.1608743184493564, [1]
-7.357417242626108, -2.119921001581661, 2.5704452317733546, [0]
-7.244378765211159, 0.13134971957897856, 2.56128458088871, [1]
-7.230425536994236, -0.894684389600048, 1.7310182421009803, [0]
-7.966947895003759, 2.9495375297593744, 0.9343267089161214, [1]
-7.263922610313828, -0.4221326419594891, 2.3905199500522243, [0]
-7.118986550873673, -0.363680689047746, 2.1523290559734445, [0]
-7.798257281108687, 1.0458296004173562, 1.8769048985451433, [0]
-7.093593469062846, 0.4356943508723614, 1.4543296820640375, [1]
-7.780357342302209, -1.9850830799890038, 1.5658796548986058, [0]
-7.37709344481595, 1.3196360745551161, 2.9607479475497747, [0]
-7.438686219952837, 2.404702081057514, 2.1955321984000586, [0]
-7.023195104384658, -0.15182461336812647, 1.1167799149880482, [1]
-7.500102998327898, 2.054018640176156, 2.845554294187285, [1]
-7.245620282267864, 2.285423167159693, 3.3181550307332297, [0]
-7.387244397952565, 0.7284384674909054, 3.0855042685482585, [0]
-7.193573521888153, 1.7515570330175667, 1.9657398425167572, [1]
-7.647064150379902, -0.4296457295948253, 1.9112179297923486, [0]
-7.227553532885115, -1.4620064708706848, 2.3590824449396917, [1]
-7.555085425976565, 2.4833083144400154, 2.4307104176008405, [1]
-7.354445692269903, 0.5765028949422408, 1.8322651489607358, [0]
-7.257042497576803, 3.031308485526597, 0.7352520090572913, [1]
-7.59833907051559, 2.0984019033991372, 1.403699933413916, [1]
-7.320156693125728, -0.5970699079457, 2.87837687775839, [1]
-7.172399336395036, -3.169773958926436, 1.0513792758851457, [1]
-7.381996239210601, 1.8656989894854314, 0.6174750834795258, [0]
-7.237674106093564, 0.45709787437126503, 2.0044629527768363, [0]
-7.617972505444727, 2.008989247912466, 2.3498190367662954, [0]
-7.533193218040518, 4.232937702362762, 2.3274410150553275, [1]
-7.692766353022008, -3.4637433832984494, -0.005793101689056557, [0]
-7.7011189468153685, -1.0641941650631814, 1.946791945174941, [1]
-7.173537489258916, 0.787236115609605, 1.6432758678227712, [1]
-7.300972448656902, 0.6752444177938368, 2.3639365346433188, [0]
-7.167201664923595, 2.76054113560483, 2.8291617560431517, [1]
-7.2649154993504315, -2.079704682865721, -0.5699576552293983, [0]
-8.4820912399133, -4.437454810913068, 1.206463997701025, [1]
-7.2231486963211085, -1.0947543697889555, 2.0468782266164713, [1]
-7.3152871220625935, 1.4825618247759909, 1.7355681332153252, [1]
-7.208546835526461, 1.56483723201715, 3.096633816410981, [1]
-7.621910102098184, -3.4626611477576636, -0.12275007061188137, [0]
-8.279799621968852, 1.683057665116736, 2.946379208068228, [0]
-7.327668266520534, 0.30466664998892123, 2.347279526543643, [0]
-7.851141008164342, 1.3164515617542683, 2.3742684196233537, [1]
-7.2429159209065626, -1.2519138487096058, 1.9189072190880347, [0]
-7.293722679271952, 1.6098432466744543, 1.035669937108641, [0]
-7.384428074414919, 3.185487207420357, 1.8788584187264434, [0]
-7.138254544360569, 2.4795934046095467, 0.024939320852139346, [0]
-8.429633687039946, 5.305297648626065, 0.46932313550774984, [1]
-7.326484719095573, 0.05936993532369006, 3.0910190146516507, [1]
-7.576466440688327, 2.101746567031604, 2.228783824778194, [1]
-7.361562912428748, -0.49616677491743744, 1.933796401212362, [1]
-8.434023220927125, -1.4348731810231032, 0.7059629867039574, [0]
-7.356249844965672, 1.7767508050423206, 0.6608515470964839, [1]
-7.486526775852989, -3.9662772716893557, 1.815228688244971, [0]
-7.517586981264035, 4.0138724517628175, 1.8265609982070998, [0]
-7.605847199711226, 1.3468416706586837, 1.3506066663021128, [1]
-7.3581674995035415, 0.9105419894754498, 3.1253286313897006, [1]
-7.285718834216298, 2.2092420503449155, 2.454045303696173, [1]
-7.801329607996373, -3.061953198007567, 1.4978368176520003, [1]
-7.1401081846196535, 0.18722825395284182, 3.063181986094893, [0]
-7.39600221083607, -2.2222376580298757, 0.3297291515847718, [0]
-7.256592330664892, 0.039780026720512396, 3.0432785465768357, [1]
-8.215328810017493, 1.892605076686423, 1.6751785876295617, [0]
-7.343503347280977, -1.3175566623212662, 1.983287533974444, [0]
-7.469502795372143, -1.739482213404098, 1.9434824390145937, [1]
-7.216530033999747, -1.4901280843248041, 2.6049746145460206, [1]
-7.656491081788788, -0.7174300332430774, 2.5773738941838893, [0]
-7.6738525127913135, 0.4370541320294705, 2.856643467404201, [0]
-7.261529386035089, 1.095060595374187, 2.34907845218717, [0]
-7.452083868485936, -0.31055737261163774, 3.118977845160447, [0]
-7.2222186259381305, 1.5266437946269922, 1.1677302144396877, [1]
-7.126799272122447, 0.6682507110903464, 2.294962452017175, [0]
-7.180258206802239, 1.0967574026415896, 3.0379278324124646, [0]
-7.775029557673234, 3.666734931638043, 1.2285189813646376, [1]
-8.624291322775612, -0.6974368101921073, 0.8442979016494891, [0]
-7.516112131817159, 2.3783915766155044, 2.0831122073527353, [0]
-7.55897338029373, 0.2753009909979338, 2.3735706066694657, [1]
-7.655091161482768, 1.4266714854778464, 1.9578871325524247, [1]
-7.482413188784547, -0.42078742078835285, 2.3213100988398927, [1]
-7.635190592398411, -2.9336334001437074, 1.7880156314707314, [0]
-8.108219399281253, 1.292120550134981, 2.972783806292801, [1]
-7.673451598898221, -1.1114076879125712, 1.2622761380417078, [1]
-7.377108762042998, 0.6939125009244127, 2.1707482876575197, [1]
-7.662592260594392, 3.1173062995495093, 3.317040809360525, [1]
-8.072821376366395, -0.10230682116912493, 1.5696239461771857, [0]
-7.134418469367485, -2.226583407282103, 1.9046474691273356, [0]
-7.667429264663532, -2.265145464721974, 2.0308723724531252, [0]
-7.814568545492899, 0.42881732410293893, 2.289540893066481, [0]
-7.150428158099479, 0.7842189583052803, 2.31422089749018, [1]
-7.244902475766118, -0.06768801015939685, 1.137225068232563, [0]
-7.254410205935908, -3.903350381358115, 1.0282866597505094, [1]
-7.406413727505917, -1.7985887483733949, 0.8442171015140894, [1]
-8.508917877647793, 1.0949321659283697, 3.7617492476723373, [1]
-7.3076282858412975, 1.2381209770299808, 3.2935303177579924, [0]
-7.277173091953134, -0.6985301699942364, 1.7748767343043488, [0]
-7.3181923249125855, 0.18569264629355287, 2.3461719692837413, [1]
-7.482960891214821, 0.015643174262816917, 0.26500585883759653, [0]
-7.434447958328818, -1.021511103128529, 1.8256929899004875, [1]
-7.774913459223018, 1.5985550082225237, 0.9205469877413861, [1]
-7.432763074062522, -1.4907310623375085, 2.487603726620545, [1]
-7.326803956495673, 0.2883280668149979, 2.4842707294616386, [0]
-7.354044915828985, 3.5017884135765787, 1.388840849267274, [1]
-7.5333950816633735, -0.8402449825674438, 2.5116084863696497, [0]
-7.571211314824812, -0.34736400762511455, 2.8602927628782133, [0]
-8.747194398689286, 3.8716253550297135, 2.7504564737152415, [0]
-7.617701015833225, 2.2958415715044307, 3.0460346373699414, [1]
-7.799322966335565, 1.684663893134119, 2.1385098519219223, [0]
-7.341093106365905, 0.12643214148703352, 2.33446956844294, [1]
-7.4875556238255525, -0.8339388614944363, 0.5392035337684598, [1]
-8.656797716645567, 2.461754509726376, 2.3149780203004307, [1]
-7.439907190093982, 1.8703909165102992, 1.8910544491919916, [0]
-7.956494389457869, -1.172430752824722, 1.9964234978938757, [0]
-7.235619743730167, 1.0226336541636885, 2.1155683812458865, [0]
-7.199432223218065, -0.8382374700820636, 2.127002861231955, [1]
-7.090122344540941, 0.8724154977403931, 2.641383603471656, [0]
-7.189099941058753, 1.6836436255042984, 1.5471137030611002, [0]
-7.878742014525249, 0.5339577475914954, 2.8437627890266137, [1]
-7.278907599315552, -0.34744590584999946, 2.514009210395021, [1]
-7.827280646448872, 3.481071694541318, 2.2810718945357236, [0]
-7.354291646585958, 1.8843839515647813, 1.6751623606252548, [1]
-7.695396801179328, -2.1391621258425406, 2.2632356116475245, [1]
-7.300139947510256, -0.6528028877666372, 3.1010051113198696, [0]
-7.594524022702706, 4.439105234091824, 1.5101933264652074, [1]
-7.316958303150595, -0.8683236847405955, 1.6057762676444958, [0]
-7.34946749384885, 2.1886199279293, 2.9904413574534963, [0]
-8.221291242358639, 2.9280966547165903, 1.9937648463214055, [1]
-7.339708484833498, -1.3791049673685882, 1.0028116933556324, [1]
-7.3360740021902435, 1.651897382994469, 2.0039936879161155, [0]
-8.709635795489497, -3.319003597616849, 1.4723987605095143, [0]
-7.808534850370284, 0.050047441214167154, 2.5522832501233967, [1]
-7.209948073763489, 2.288264819346299, 0.47957808262697244, [1]
-7.46112462466529, 0.900244286128089, 0.04177505103070628, [0]
-7.718301482794514, -3.171861166058685, 2.192330864801338, [0]
-7.233835557769236, 0.16161133687840534, 2.4146922374073454, [0]
-7.118651556687415, 3.1003416539548683, -0.990028009024295, [1]
-8.046685724505156, 4.980978508590984, 1.2101220160036392, [1]
-7.158942912157572, -0.8812914444101253, 1.5984495244423047, [1]
-7.394109919297604, 0.7045309241147781, 1.7661551670557933, [0]
-7.127766708971671, -0.38163538651201656, 3.1824364565895586, [0]
-8.102423189915369, 1.6663217944435111, 2.2342063163255865, [0]
-7.595023899272955, 2.069242521623, 3.1578000253639797, [0]
-7.261071476266847, -1.124462445448721, 2.434283388039584, [0]
-7.621626263676231, 0.5866697272451087, 2.7655148037016, [0]
-8.054879898381996, 0.39539343943997274, 1.692039309824334, [0]
-7.431475743560205, 2.282861221261434, 1.18026956566695, [1]
-7.408178395954743, 2.1182411911049126, 2.251035938721259, [1]
-7.1980811878937665, -0.8819231565804909, 2.5255424510012863, [1]
-7.145627643635204, -0.017942516626017202, 2.5918619254843343, [0]
-7.692474178185971, 1.7666316067413999, 2.4888294535160593, [0]
-7.130219883096604, 2.401265875520605, 2.362057691705281, [1]
-7.451220012755315, 1.1858575784283976, 1.9775608917419452, [1]
-7.306649507138965, 1.9275663474185003, 2.391344008658881, [1]
-7.481246114380318, 3.4114433194307683, 2.2245518285115757, [0]
-7.427526027972563, -1.299114243848706, 2.0033259174396334, [1]
-7.5296821716130555, -1.403477982810589, 2.1664057739521323, [1]
-7.265279623910293, -1.2046784558125172, 0.9028708684139366, [1]
-7.792679075949815, -0.5086934054719205, 2.3250638392027203, [1]
-7.55647937306156, -0.06425706644030504, 1.4389316673683896, [1]
-7.5618966069971565, 0.7301150250968345, 2.218782632117087, [0]
-7.278344345486531, -1.5012036195157445, 2.4348729215743905, [0]
-7.356004299814231, 1.9721371192595754, 1.0478704931442975, [0]
-7.368107170285793, 2.6006452770048445, 2.1267781233321683, [1]
-7.3320129830629375, 0.13157953952425627, 2.376414826596172, [0]
-7.5587921536536875, 3.3208456140733116, 1.9959309331552904, [0]
-7.400972882267787, -0.959734567850953, 1.256978631205132, [1]
-8.24176425678153, 2.5455830110515225, 2.5679749610443947, [0]
-7.890843796130008, -2.4551390688429566, 2.8021854366009973, [1]
-7.418153805969666, 1.0607173714580216, 1.674483307026756, [1]
-7.320444397034244, 1.270946114906227, 2.322501961564925, [1]
-7.204522649687981, 0.5890463509074273, 2.1598399584907626, [0]
-7.353783120544542, -0.4794069789111497, 0.9175400286307074, [0]
-7.329687538292643, -3.3298341421779742, 2.64538728291653, [1]
-7.169144518682735, 1.8481542157579924, 2.535392429080101, [1]
-7.762370831928584, 5.655599428426333, 1.0842702803359254, [0]
-7.567866799517023, 1.4921327067411456, 2.7780062813366593, [0]
-7.6515674766135024, 1.4366877306193189, 2.504727293783416, [1]
-8.009810965202966, 2.957659594692686, 1.4547145103037238, [1]
-7.497008495310893, 2.3985439327635047, 2.7921158266610626, [1]
-7.857272461517055, 1.8199284711119799, 2.757762861061403, [1]
-7.04810709795437, 1.1598580232558595, 2.4244968158992566, [1]
-7.253824785978116, 0.44505959069191414, 3.106558429889401, [0]
-7.717462077921487, 3.7493020979012472, 0.8591597716775421, [1]
-7.303724391055584, 1.2553093615505966, 3.1392057301119944, [0]
-7.650376003903196, 2.0374623792901927, 2.606921045594745, [1]
-7.139895883542314, 1.479058679220485, 1.743819889314889, [1]
-7.588090758724632, -0.1413416837139183, 1.040598267939414, [1]
-8.149354959689017, 5.078459420154225, 0.45334729897867176, [0]
-7.828797396506053, 0.5689019176012998, 2.180429727626281, [1]
-7.254049106817117, 3.1951438511382495, 0.904379803163148, [0]
-8.114557893180681, 2.622395872081555, 2.5305593383023433, [0]
-7.000505329213907, 1.1965590889618363, 2.2717079456937794, [0]
-7.745476243275595, -3.5396554799890576, 2.3665428101775445, [0]
-7.725113803948509, 1.1160901019029323, -0.9271895274924327, [1]
-7.207526352080747, 0.5263766538815631, 2.939577575562737, [1]
-7.394314733868313, 2.9794479878418407, 2.5665331070902635, [0]
-7.316212729182347, 0.3539508992122874, 2.8721625630190863, [1]
-7.433575929533198, 1.4487251609717864, 2.0912770506042517, [1]
-7.235521740800689, -3.172232177572618, 0.6568168044718025, [1]
-8.353499021414116, 2.044211938404619, 1.4915944900828566, [1]
-7.206785755026321, -0.20182676880261163, 1.9364264768411668, [1]
-7.659277124789013, -2.3810092096480195, -0.21520652821394637, [0]
-7.18972056397353, 1.4381267035741283, 1.324104194336947, [0]
-7.637684543203173, 0.15360187731048836, 1.6916594394542308, [1]
-7.313169450770185, 4.327995697353135, 1.053198380205, [1]
-7.578681260854156, -0.016209014529833254, 2.7713942642413234, [0]
-7.497648474162915, 2.375516954949014, 2.6975604740194172, [1]
-7.266206230869726, -2.5251786921477093, 1.2076605375304663, [1]
-7.602669338237109, 1.6464695314925875, 2.1664109634173068, [0]
-8.015570842173792, -0.0803037679554297, 2.082072921646616, [1]
-7.581488597789846, 1.3104691756122557, 2.2677134545567723, [0]
-7.229112146970533, 2.558847619928631, 0.9541417116081687, [0]
-7.050142894045896, -0.2588180563280298, 2.192497774414953, [1]
-7.595093340347338, 2.319431355615307, 3.2506819920730683, [1]
-7.506018309684362, 0.5831023304817275, 0.7969105289523009, [1]
-7.643117618783334, 1.5020078562074288, 3.0482553500939362, [1]
-7.2908147902877944, -2.11108951044382, 0.7585371116485197, [1]
-7.651428218285085, 2.6082243728837207, 1.291062325549911, [0]
-7.148653725438006, 3.1334580912397803, 1.4798196681904279, [0]
-7.999997223716126, 1.05872260966074, 0.6560178478874932, [1]
-7.224404333954454, 1.6040357675541363, 0.9158984001675328, [1]
-7.668975019073507, 2.0178007417730432, 2.016818815054773, [1]
-7.594292996391978, -1.058852000893059, -0.7538106159360258, [1]
-7.668437766510925, -2.3175693760083544, 2.484520612233734, [0]
-7.6157775901458145, 0.5681980367871224, 2.0619148899278814, [0]
-7.391002569593001, 3.6109765030334318, 2.2774426014324005, [1]
-8.058866686983352, -0.21639368827508765, 2.183600743219111, [0]
-7.93036636811833, 0.20951313815458927, 1.6843968432896612, [1]
-7.556190518189508, 0.9605144963571133, 2.458267304567004, [0]
-7.597838498020665, 1.853975390359751, 2.734505853084261, [0]
-7.374437668710262, 2.667267886472241, 2.5039980249804374, [0]
-7.543822897506432, 1.7215433343864681, 3.769660290502384, [1]
-7.104276790072682, -1.2707930775329976, 2.145003216065715, [0]
-7.4310575587892655, -2.0864378372290933, 1.6966858135985914, [1]
-7.160057164386923, 0.9819313280853974, 2.9110943706157, [0]
-7.400801386306248, 3.4367437073115825, 1.7835873836897165, [1]
-7.606094934599349, 2.262624272740375, 0.9256101251391453, [0]
-7.605001909274625, 3.5993588343323175, 1.4353307218316527, [0]
-7.676663952633775, -1.7280832694352102, 1.317987281113481, [0]
-7.453545743514302, 2.0620358795407423, 2.7455848237921394, [0]
-8.374343019850906, 1.9165083898127984, 2.809814665570023, [0]
-7.716090090880641, 2.41485461283408, 2.7557411422632443, [1]
-7.637693645727861, 0.7930523797645899, 2.2502617706575205, [1]
-7.600012379008953, 0.10147831747259217, 1.6142508760934506, [0]
-7.1989803930950895, 1.0842044997764806, 2.724935412794019, [0]
-7.710745806979392, 0.35914093979233436, 2.575354301325182, [0]
-7.536794752657384, 0.9559084344030835, 2.0684947669839397, [0]
-7.599064762312723, 0.28459627662695164, 1.29633503135116, [0]
-7.519209077856354, -0.8392234797586884, 1.576740490578969, [1]
-7.682977897241314, -0.491759449473516, 0.1023617148879008, [0]
-7.496848872126349, 2.017952628071137, 3.165906167638494, [0]
-7.309137179106558, -1.0252633399041926, 0.2422959662108184, [0]
-7.2604815506101685, -0.710459318509693, 1.9239135433010914, [1]
-7.4091312206841895, -0.4301648217965385, 2.6351094592162703, [0]
-7.580716340731824, 2.7151792000367507, 2.670659803379667, [0]
-7.9281276648138945, -0.9221303130208888, 0.8358668618151844, [0]
-7.574546501292252, 1.3423717928777776, 3.273989352213991, [1]
-7.325314303187897, 1.1980177271205918, 2.095437507582347, [0]
-7.426831589877652, -1.4347217714555736, 1.9704688335816942, [1]
-7.484660218259801, 1.878528267106816, 1.978368233487671, [1]
-7.439057353579328, 2.376447687129466, 2.2939110406826337, [1]
-7.487074182902296, 0.2770964493971693, 2.5682006495880056, [0]
-7.939385763576624, -4.843318297980806, 0.4393252560135168, [0]
-7.300893195212067, 2.7264302606784305, 0.8547353260746792, [0]
-7.304901003518525, -0.10297628882365162, 2.8910117284659305, [0]
-7.544391602476433, 2.55884490470466, 1.6699699716958507, [0]
-7.278660366181038, 1.4596979033652329, 2.8139707320083467, [1]
-7.679071098288323, 2.9521564662168243, 1.1229726718050577, [0]
-7.300392795096099, 0.21062105365131878, 2.669968133063857, [1]
-7.310945853768012, -1.2205982815902554, 2.726609680910869, [0]
-7.938701449356048, 1.6163207825751482, 2.971121192073861, [0]
-7.820412504469362, 1.785952861819876, 2.028377758584132, [1]
-7.298562476294635, -2.10616635185679, 2.511585885353159, [1]
-7.305407345261411, -0.7446577045492176, 3.1010947840377883, [1]
