t=0.0048501282754167836
logZ_t=-3.8651149379590723
-10.901106718206067, 0.7778978096694464, 1.9225027887504544, [0]
-10.458286670548251, 0.4305662685676206, 1.5137036396188819, [0]
-11.253949606452231, 1.3520134380741171, 2.0951465983850426, [1]
-10.817988119489728, 1.4029607785120524, 0.9988186513248414, [1]
-10.625198075890053, 0.4137582376048464, 2.292769926122853, [1]
-11.499009777021977, 0.25592756985059173, 0.034576630091242115, [1]
-11.448044659435576, 0.7101878937210705, 1.4880291006210047, [1]
-11.373715768162052, 1.1953385302858475, 1.8047172113976733, [0]
-10.765273798942461, 0.2855447537855294, 0.3704566462118839, [1]
-10.485130628438812, 0.6692775832314681, 0.4582391367321539, [0]
-10.374512999337242, 0.6877368807420923, 1.8827769487088841, [1]
-11.052513462561635, 0.45711960484045533, 1.3359086468111585, [0]
-10.246944623482491, 0.582770660752922, 2.101773283642331, [1]
-10.330770002625304, 0.7552861690043159, 0.9870865156718539, [0]
-10.910499320132685, -0.055994168134830824, 0.015269094967812147, [0]
-11.727842232077078, 0.5284739921703672, 0.5062121288844801, [1]
-11.503201395745952, 0.9849391349488812, 0.9939323229241468, [1]
-9.89832029086035, 0.5431689749430375, 1.4208904991965792, [0]
-11.67070262982804, 0.7844481684313603, 1.9970284390038415, [1]
-10.973902316440332, 0.34571798163688605, 1.4099171697415687, [1]
-11.132629080545666, 1.2538893389916232, 1.1548951900352362, [1]
-11.004604738126108, 0.39071265316119563, 0.27322104808372516, [0]
-10.03931571739935, 0.7266647299758084, 0.5401172572706896, [0]
-10.35563151360272, 0.8491764959432432, 1.6543393483734856, [0]
-10.858154890552946, 0.7702296965371165, 2.645360290867806, [0]
-9.702206256637455, 0.45352426447103034, 0.3741068161961195, [1]
-11.183795170032536, 0.0990802967267641, 0.2712464920696014, [0]
-11.504458276934388, 1.1773906469899962, 1.0078422451149005, [0]
-10.955465128816062, 1.1665241142370002, 0.5005525093438868, [1]
-11.390370099257243, 0.40540846883325315, 1.91596895672952, [1]
-10.381744764603214, 0.6377638071305944, 1.7159230367850378, [0]
-12.070809453149788, 0.24875911317139243, 0.6961325240431981, [0]
-11.112957605018229, 2.516015050224805, -0.3268658858340868, [1]
-11.17206194797252, 0.7430355901112048, 2.073110417203646, [0]
-11.690386490009029, 0.9523236294395252, 1.5748269424554313, [1]
-10.353743693964432, 0.6844108234986294, 2.6350854734051032, [0]
-11.090432652497732, 0.5854451600525434, 1.4272778766938048, [0]
-11.394494702455663, 0.8096134249688753, 2.387500396617196, [0]
-13.123443958654052, 0.7988488423527644, 2.366343830500762, [0]
-11.069977110710477, 0.8628530101300055, 1.9687336622013822, [0]
-11.88481474235337, 0.5563226270772605, 1.0099751354263147, [0]
-11.430035728040806, 1.007993173813954, 1.2995958194975115, [0]
-10.416353208224997, 0.8790604332100231, -0.06837143359493125, [1]
-11.153645819783149, 0.6964900944907313, 1.1565044342440447, [0]
-10.212300006029766, 1.1059509339031488, 1.2307070383690197, [0]
-11.044235432604754, 0.5200452418957843, 1.422810189857171, [1]
-10.029935876005919, 0.8870861228609865, 0.9359213116869286, [0]
-10.943637887079563, 0.5802447955728479, 1.2094325390038694, [1]
-10.382966438683143, 0.5611871530452757, 1.4248979333010092, [0]
-10.912919190221062, 0.6070939543370014, 1.4186466412455745, [0]
-12.422825475315568, 0.5350362860532799, 1.9456170355200946, [0]
-11.0039679475542, 0.23571915544591893, 0.8734546674650842, [1]
-10.562084685157576, -0.12280249853871511, 1.273277479148124, [0]
-10.461173678534326, 0.8222177157593031, 1.1693252936178538, [0]
-10.098078108591714, 0.462318628492994, 1.6432106447734371, [1]
-10.351073698546712, 0.6429045682854724, 1.857601775901054, [1]
-11.597906934414604, 1.7888703866313578, 1.3418247972775572, [0]
-11.252604238486109, 0.2553351279500261, 1.8962124678758625, [1]
-11.510066871724566, 0.7344099669232278, 0.9029335422216334, [0]
-10.912967003789834, 0.7564313015265554, 1.0978070464523084, [1]
-10.899072063863029, 0.7282128444758913, 0.9964435668992287, [1]
-11.441723810349039, 0.1658500112460991, 1.7255436815493002, [1]
-10.89803301153298, 0.26060242947880785, 1.9866312983013799, [1]
-10.338378665671128, 0.4128818545391833, 1.8960324739426755, [1]
-10.735482864627752, -0.029087771114742228, 1.26869554730352, [1]
-10.662761244492028, 0.3565317703152452, 1.993473403511059, [1]
-10.683635880207186, 1.164310053374392, 1.0911694969218082, [0]
-11.213925337576033, 0.40662396798927797, 1.032054975994686, [1]
-11.090911827135578, 1.7350544838370252, 0.2715622581083592, [1]
-11.434950348699203, 0.5411775523895288, 1.5143050168586805, [1]
-10.195521317067692, 0.059126909636757985, 1.5647061268875433, [1]
-10.87135541964464, -0.08739589759400013, 1.5515936718725676, [0]
-9.938506632491627, 0.607544361877513, 1.8402728695314188, [1]
-12.219346312699447, 0.7974201289817917, 1.383138611245892, [0]
-11.278495511445966, 0.5825742958472362, 2.2965618854429657, [1]
-10.67239265812395, 0.36795013082949385, 1.906540462251027, [1]
-10.716261428451533, 1.0386279093755308, 2.140835883727362, [1]
-11.252893672633611, 0.5073072894541809, 1.8876851246093358, [0]
-11.378541051252927, 1.0075551318376925, 0.28266515456055563, [1]
-10.904068381852646, 0.3294832962778388, 1.9888614388180983, [0]
-11.139161794042343, 0.5300983326576612, 1.2453191984600434, [0]
-10.770635692134602, 0.2474353889654278, 1.4978675052643302, [1]
-10.107396973582507, 0.8454260949115667, 1.413054518582705, [1]
-12.676198137615007, 0.6491324117741736, 1.164910089669918, [0]
-11.485990863675868, 1.2250900281926322, 1.7295744115214315, [1]
-10.787027112531176, 1.1135383012199178, 1.6457424832300112, [1]
-10.719377791188935, 0.850853938505823, 1.1384712464604179, [0]
-11.263951871688727, 0.36071170139671627, 1.3394712921623186, [1]
-11.656477841607035, 0.8470418934126895, 1.546461539552003, [0]
-11.304620624686104, 0.22931340592868174, 1.09860099716136, [1]
-10.578143028781273, 1.3337241120780277, 2.22931838976783, [1]
-11.480271035038795, 1.1402209526493499, 1.4348008815524933, [1]
-11.063248458626616, 0.4158910393953523, 1.7625930940030963, [1]
-10.784641711164975, 0.886873279374575, 1.9582128895968625, [1]
-11.071434399417972, 1.0216100114339333, 1.3080128731817109, [1]
-11.50270236914697, 0.16780422142233764, 0.9556704443637993, [1]
-12.046982679173109, 0.6185295013423546, 2.1983570474210006, [0]
-10.590254904873557, 0.7888875645703022, 1.5261135443716645, [0]
-10.819483491876381, 0.3881908860265526, 2.3188756260024546, [0]
-11.404839885776957, 0.15409336314486582, 0.9242752340860538, [0]
-10.688076799464763, 0.52227162301532, 2.4991306534145536, [1]
-10.15782261556272, 0.5123946520246059, 1.9273977119464356, [0]
-9.984437632733949, 0.461111329691709, 0.867850864935343, [1]
-10.269172123517224, -0.06798379059315435, 1.5661139637845456, [0]
-11.257501217760069, 0.2960346084316681, -0.26688344408542397, [0]
-10.245700842289391, 0.6279667406050422, 1.4698837643454157, [0]
-10.504008068430899, 0.37260037758082587, 2.4952677245964336, [1]
-10.823652636657032, 1.4481547409213464, 1.4147396992771761, [0]
-10.405482938862338, 0.3424819057878494, 1.9802502026253466, [0]
-11.048489189786416, 1.2188220393345717, 1.8121139688490115, [0]
-11.222097301644068, 0.2754201824767033, 1.6356445660398453, [0]
-10.82212355331183, 0.4756878800286525, 1.6027132301295228, [1]
-11.238575411204291, 0.346412824861014, 1.6193496375770595, [1]
-10.224563789048272, 1.066483400143894, 1.6929810720660745, [0]
-11.429056457617412, 0.2618797690520773, 0.5795487029337202, [0]
-10.30940486621177, 0.07068871355460138, 0.961369968971723, [1]
-10.645270914607984, 0.5379584238655666, 1.5499311877808384, [0]
-10.635033645066224, 0.7293965583178355, 0.010854675932313429, [0]
-9.933211668322558, 1.3308602390434903, 1.0517983221331053, [1]
-10.803474469214095, 0.970283979252546, 0.631780604577276, [0]
-10.517748652097735, 0.7511067827618318, 2.126717829739982, [0]
-10.710467180401952, 0.7036989298920373, 2.9676218928265357, [0]
-11.68834147494431, 1.0100967885407852, 2.7761414742663844, [1]
-11.304864752113279, -0.5675337672310955, 0.7945718146437827, [0]
-11.59234452331843, 0.451267176706045, 0.49281817187002386, [1]
-10.62525622172958, 1.1816395161168352, 2.1682204851527698, [1]
-10.515390404161492, 1.2564073999082317, 0.8166086540269303, [0]
-11.607361323756889, 0.14598719803712745, 1.9295771649589932, [0]
-12.15367774100969, -0.11271854841737738, 1.3833197581533847, [0]
-11.323053750623394, -0.15412292584476384, 1.4225971951442449, [1]
-11.035739261482703, 0.41924880915216955, 2.0252198948486617, [1]
-10.7810072054938, 0.2915618294735629, 0.845912052435943, [0]
-11.047957280310317, 0.48819222550843233, 1.6312392696796796, [1]
-10.18505377579146, 1.393544452127336, 0.9261401788641566, [0]
-10.348942279687627, 0.3505089743157673, 1.6822400804085722, [0]
-10.899852117294058, 0.569552805709298, 1.8928888267359634, [0]
-11.068330022939094, 0.8514458364121793, 1.2847677864581395, [0]
-10.413817422353594, 0.7699536455065015, 2.18251750178695, [0]
-10.68230814544552, 0.156475644112764, 0.8779218819343584, [1]
-10.677149544814016, 0.7626377443866228, 2.694021956817325, [0]
-10.354510358685078, 0.551619665125291, -0.11411187843207593, [1]
-10.305151733033911, 0.7357745546371557, 2.0519605205535343, [0]
-10.432836166654916, 0.49518877028573616, 2.4231267236580227, [0]
-10.684599997279163, 0.4275671927767102, 2.4786616149196474, [1]
-11.962039022663266, 1.6759378076029259, -1.0114662786117525, [0]
-10.263103593746843, 0.9325169652322081, 1.2439622600888531, [1]
-10.26448049792646, 0.5047467330116526, 1.7346858555971734, [1]
-11.563012173974789, 1.877788087214492, 0.7515269785397827, [0]
-11.497281435284318, 0.3495400245079945, 1.6604855188919734, [1]
-10.684092197050342, 0.5599625281136799, 1.6257867963712511, [1]
-10.565151301360926, 0.7665060928784571, 0.7331686694947056, [1]
-10.426007045754012, 0.756335048575667, 2.311484688523279, [1]
-10.022531216190844, 0.05309219639733653, 0.8436958061216703, [0]
-10.215399016886131, 0.326999283288055, 2.230356651263188, [1]
-11.38307062805787, 0.746842097657836, 1.917563735093724, [0]
-10.536290034747282, 0.10784423386310538, 1.2906512694967174, [1]
-10.386953557708495, 0.5915994010002846, -0.15231656616231704, [0]
-11.60249227274415, 0.8856571016467305, 0.1669020946138331, [1]
-10.477112833131681, 1.1686725345358118, 1.6763408425576183, [1]
-11.237057485264911, -0.11614112878233493, 0.02584385708077741, [1]
-10.266067564433813, 0.9995717527393, 1.1778188241440497, [0]
-9.84044014872808, 0.5836844558724514, 2.181164059169007, [0]
-10.960486627023897, 0.6105322323145955, -0.049037587377237846, [0]
-10.840231333626232, 0.7559522797310012, 2.696614463780007, [1]
-11.011901940927858, 2.140230784802083, 0.3066653164001909, [0]
-10.97497831824093, -1.1503751562331632, -0.1537259260301876, [0]
-10.800944464741145, 1.1635175998514569, 1.97645626270831, [1]
-10.295390368743679, 0.2524546917225551, 1.6331421205904446, [0]
-10.709439865090374, -0.4001438755468497, 1.4008326341273811, [1]
-11.451224400349938, 0.1971142117958088, 1.8771490626423244, [0]
-11.711349709325045, -1.534567115191322, -1.135035904390046, [1]
-11.27698908357905, 0.40739172769088694, 2.1465125881846134, [1]
-11.024870241152728, 1.3559378217132076, 1.6044166352255327, [0]
-10.82030252282936, 0.3709959811362963, 2.4547348409530665, [1]
-11.084365410449577, -0.03328232559184885, 1.8956841655797676, [1]
-11.354583797580103, 0.7012922733358438, 2.3757325691466367, [0]
-12.398340820189752, 0.48648712300182484, -1.3595245623456143, [1]
-10.911334596727855, 0.5607212771318455, 2.11986338638994, [0]
-11.123789477688833, -0.2522915475629487, -0.4771149403996102, [0]
-10.658035614040994, 1.0448213545587064, 0.17453127847414207, [0]
-11.571523655100124, -0.48471989838248647, 0.8211006655563714, [1]
-10.914701574368278, 1.0058204074130135, 1.3845658016213784, [0]
-10.505163059254103, 1.204326831303542, 1.5581199527221115, [1]
-10.929683739603602, 0.11934753594077574, 0.8657645951014429, [1]
-10.840628384496524, 0.7169777647650014, 2.299680867547316, [0]
-11.494190491758761, -0.36655527295675017, 0.7681949356140233, [0]
-12.18571636745397, 1.3192937721548028, 0.12681881957320051, [1]
-11.124930948530903, 0.5883293503199154, 1.9317596801787154, [1]
-12.256629483183477, 0.7803277782900673, 1.8724673671015255, [1]
-10.15298270900852, 1.1698323169496823, 1.7744073336892208, [1]
-11.455432596271862, 0.8927206507590759, 2.1641383940159837, [1]
-11.535052367204134, 0.7839636996282697, 1.6879746658958266, [1]
-10.577501042474704, 1.1839203070700064, 0.4927806076383872, [0]
-11.38250506801353, 0.5047398539657457, 0.3252030678201905, [0]
-10.899557621337651, 0.6116847390795845, 1.6389378912466053, [1]
-10.777006911486469, 0.6425269365857161, 2.3823105848992054, [0]
-11.378809228509999, 1.311251082230105, 2.074210086579182, [0]
-11.515934687375868, 0.8492700186567695, 0.16872525831775165, [0]
-11.557507927589153, 0.2638627875973084, 1.1975847136878266, [0]
-12.076161288909795, 0.1539264478062018, 1.2888917687666241, [1]
-10.866703652072339, 1.1678504387348476, 1.1400888938440512, [1]
-11.732994905206331, 0.11864982205208463, 0.8611785816723926, [0]
-10.951088193696426, 0.15157365226048203, 1.9757917721786968, [0]
-10.880882006791014, 0.2484993378165809, 1.6272190699684672, [0]
-9.936845541771703, 1.029636986281163, 1.9797786038233507, [0]
-10.601899718161619, 0.08675082594323669, 1.152108784272927, [1]
-10.83398874702313, 0.2081961510051958, -0.40154367551835274, [1]
-10.879710339899408, 0.6112453550276015, 1.2056257764736316, [0]
-9.731868425913843, 0.7052824630806005, 1.41258178980166, [1]
-11.131830696453225, -0.003623361998405128, 1.3954553122822306, [1]
-10.473433022934355, 0.5620263154418592, 2.5721025084233404, [0]
-11.586821488025187, 0.41108283475298363, 2.059928589502727, [1]
-11.515552392331035, -0.4304987939751812, 0.5907630637058283, [1]
-10.655680420171628, 0.556909427887126, 1.4412016074803287, [1]
-11.518620425894742, -0.2783683883396366, 1.7059606938283791, [0]
-13.233969558992982, 1.8247159956255325, 0.6103899328574487, [0]
-10.632506224359629, 0.5643454150186208, 1.8957376490604285, [0]
-10.572385109542733, 0.5748715184418602, 0.21492230617075303, [1]
-11.117354467960432, -0.4636821892934419, 0.3900656353509233, [0]
-10.79986077326442, 0.6280461307337766, 1.8303780791033426, [1]
-9.707394617601516, 0.3695413905323268, 0.5049014623439547, [1]
-10.389520294425644, 0.89038247137152, 1.6263542182150896, [1]
-10.678510672085906, 0.3120138209823252, 1.2626468290905573, [1]
-11.71681982707725, 0.1825958852063514, 1.3601290798170607, [1]
-10.32295677696641, 0.8836138904883446, 1.52901798878282, [0]
-10.058601538379719, 0.6393559603894021, 2.4487648673207465, [0]
-10.837793708648887, 0.7233149773359686, 2.2640704129476563, [0]
-9.819021859057843, 0.3698628438009348, 2.07887828744913, [0]
-10.585513753469717, 0.2531440891389085, 0.7368376838573125, [1]
-10.705809965409262, 0.40059745966472915, 0.704676893264156, [1]
-11.453770451227214, -0.31832231649863596, 1.2087698795631818, [1]
-10.621992333435895, 0.7192258325146058, 0.5400306445780114, [0]
-10.925734773145516, 1.2662481499019276, -0.09427833621977966, [0]
-11.074640839868865, 0.8290814103243893, 2.3502675767826684, [1]
-10.003425715295744, 0.4093616521090069, 2.0381967767472875, [0]
-10.571551721133362, 0.5812860858710406, 1.4586066730925176, [1]
-10.555955762330424, 1.1273106225026732, 1.6234979044665407, [1]
-11.625802361343279, 1.029735635144053, 0.9029535470660845, [0]
-11.553284498436138, 0.6993583026846872, 0.9514875425114607, [1]
-11.579440240010333, -0.2763591735916313, 1.1341152206935128, [0]
-10.026236124884226, 2.2087390915802607, 0.36677641978246306, [1]
-12.427386267725327, 0.11124743308976026, 0.8790160193942156, [1]
-11.176721744377653, 0.25137161791003027, 0.3765100538114301, [0]
-12.037039951630529, 0.19351999537545678, 1.5242276866375306, [0]
-10.185346690143739, 0.5149716663092683, 2.0140542141712725, [1]
-11.358592040336053, 1.0203784946615482, 1.2721246485035311, [0]
-11.000624310137137, 0.29825755175155433, 2.2290821401329035, [1]
-11.068792902093364, 0.5595643819826791, 2.146910706985846, [1]
-12.047057773734783, 0.8272787264475816, 2.1078829150475973, [1]
-11.063676004991445, 0.8235503947880002, 1.702959552623621, [1]
-11.814250550406499, 0.29312907829307294, 1.8689732649872906, [1]
-11.10031252070009, 0.9375760109172476, -0.3693088872442935, [0]
-11.409921124439434, 0.5892661222418727, 2.4574325807746678, [0]
-11.643111777154902, 1.1692378475392442, 2.1131909538336817, [0]
-11.478293935156834, 0.8272951268793576, 1.9858678355234298, [0]
-11.05386087919592, 0.6028091318396003, 1.7962679071218053, [1]
-11.587459277228481, -0.22623425351340343, 1.00083241508427, [1]
-11.185992379309758, 0.1385414590478647, 1.3058180175921734, [1]
-11.091509885629419, 0.9474545088938642, 1.847484415083201, [1]
-10.14695507839432, 0.24095668546679394, 0.9748655909631669, [1]
-11.10573344116052, 0.5650955856333, 2.544161027951364, [1]
-10.892165980484345, 0.3910126712446143, 1.8932002170498334, [1]
-14.658562418044193, 0.3380777678680459, 0.3176130557560761, [1]
-11.00748393698104, 0.6239613253738467, 2.5658804880803943, [0]
-10.913697258471245, 0.8459407003162362, 1.5833290868382468, [1]
-10.638172135291516, 0.7434544718541116, 2.450292423991441, [1]
-10.96059241841726, 1.0086326517989577, 0.6305233819123685, [1]
-9.823400829619429, 0.6125686333692905, 2.129525038712191, [0]
-11.204419206519939, 0.8101789466091582, 1.6274247739774812, [0]
-10.972590704201519, 0.2807025344118006, 2.0088130112957865, [0]
-11.613287531821213, 1.0645116959404564, 0.7653458145488118, [1]
-10.954040852154973, 0.8283616586625943, 1.1466678584757806, [0]
-10.361762855429982, 1.9172680818790777, 0.8197454197912646, [1]
-9.99891644144983, 0.804124044906275, 1.6638442205715194, [0]
-10.277325542194301, -0.26995243751766995, 0.796467972179288, [0]
-10.559212189066896, 0.07777427056686761, 1.5495737082015668, [0]
-10.537049637461447, 1.0492707163796227, 0.5080813610285464, [1]
-9.683848414115708, 0.304153044658533, 1.4904312308665704, [1]
-12.397123992377923, 0.7225583604349569, 1.4032770910292487, [1]
-10.984202759363011, -0.027633746080929333, 2.288058900149477, [1]
-10.66325190929587, 0.6056490993997249, 2.3866883029502572, [0]
-10.313090709236217, 0.05759989382019337, 1.5896255312658722, [1]
-11.346121964105546, -0.018740100523280456, 0.7060273758154056, [1]
-11.647293352898485, -0.5782661777196672, 1.5884658398649298, [1]
-9.925031280965143, 0.4631481066584908, 2.13069050972163, [0]
-11.01716371424775, 0.7066438010134296, 2.2223206653973726, [1]
-11.134591046445552, 0.16587998033768825, 1.7030774347702167, [1]
-10.881543627534176, 1.0611921600473464, 1.8486504573191809, [1]
-10.342504561108811, 0.5569816899023039, 1.3969413340934058, [0]
-11.474602662439452, 0.5110924101235377, 1.2629319355876814, [0]
-12.735195500792234, 0.22589245551624865, 1.2295905797214606, [1]
-11.080192861966097, 0.5554446485148962, 1.9956598392267928, [0]
-10.42744589890009, 2.4573827202840888, -1.0016081649198492, [0]
-9.87862358249334, -0.06975906211763072, 1.1664466189016944, [1]
-11.288495994392083, -0.2537581419451587, 1.6051168167666803, [0]
-11.101829079659433, 0.5469285284754093, 1.0751169611452474, [1]
-11.251821906384412, 0.1738506549841552, 2.262234536513153, [0]
-11.77296139376463, 0.36163941258121324, 1.2250904349249718, [1]
-11.49299761400872, 0.15595779615750213, 0.80988068030369, [1]
-12.218970884709007, 0.5164624511704402, 2.2175409659687055, [0]
-10.949452973844881, 1.7858935632921193, 0.9797856894343359, [0]
-12.421122328378638, 0.47215872429072947, 0.7359420788591875, [0]
-11.242233062516778, 0.37359488470163504, 1.9808854117814096, [1]
-11.246410111555397, 1.0884046749414373, 2.1042002638804918, [0]
-10.412156497587675, 0.6803987535087173, 2.030166311599861, [1]
-10.594647177872947, 1.2207129662999703, 1.3635887024147755, [1]
-10.78037257406757, 0.7576512975840883, 2.4014250738265988, [1]
-11.194308164912844, 0.733670718166776, 2.295412546848433, [0]
-10.720216855719519, 0.46254664514110266, 1.6788625542421496, [1]
-9.642391938516452, 1.308976902023153, 0.5843892035467875, [1]
-10.608796566688063, 1.3002063270993707, 1.894907428004027, [0]
-11.015466285292518, 0.5203846283666893, -0.3070854663414584, [1]
-10.55510736599985, 0.9740977709270677, 1.4482449977729452, [0]
-11.709130075504664, 0.676965868196711, 1.8597187942778528, [1]
-11.155275433835833, 1.2667029738778277, 1.324961096070142, [0]
-10.833991509652867, 1.0499639302279629, 1.9461543557631213, [0]
-11.719321031042606, 0.9363051069717636, 1.4057973531228478, [1]
-10.005902343922893, 0.5744365120900287, 2.6267143502465253, [0]
-10.366745992736913, 0.6977475159760248, 1.1529823008841484, [0]
-10.631930109477922, 0.852822188031339, 1.6793951887800758, [1]
-10.19681579650992, 1.3352200267919725, 1.4079126622815403, [1]
-11.56312739157995, 0.6565341986331492, 0.6940961826028365, [0]
-11.131705910205412, 0.8931523451475714, 2.323455877080103, [0]
-10.64986716198413, -0.4177466702282091, -0.0090404198616032, [0]
-10.47088474858764, 0.8938757869183336, 0.7350500956689572, [0]
-11.40114519358464, 0.4011600996370638, 2.0059255120048807, [1]
-12.096597693589343, 0.32037237369366, 2.2386237381291574, [1]
-11.632249601524116, 0.27375346685564383, 0.4621097968918306, [1]
-11.437104651909486, 0.5219443502636054, 2.072814639620393, [1]
-10.31857560276714, 0.4491219397832099, 0.47722756751843387, [1]
-10.77095980929342, 0.7063935724497569, 2.172662695784682, [0]
-11.121682986027507, -0.1433057636043134, 0.9394331481954287, [1]
-10.443537664663909, 0.8726842641739498, 0.7905484060214782, [1]
-9.911598651065932, 0.26285724035736324, 0.9158799514958778, [0]
-10.994070036228816, 0.25601279561425155, 1.6270923792477794, [1]
-10.810535802934396, 0.25891462856280084, 2.2394931643430507, [1]
-10.664241208626253, 0.693533798140249, 1.7214141627942734, [0]
-11.428062805803155, 0.7327611428549996, 0.724078357496615, [1]
-10.120228176714935, 0.6761301282219805, 2.3860359174070966, [0]
-9.898530704714991, -0.6235875498684242, 0.548809902145723, [0]
-10.236471239215074, 0.5222799745891002, 1.139941757270909, [1]
-10.241183832591329, 1.0339172433849633, 1.3789279143198065, [0]
-12.051086437690822, 0.43638389884388673, 0.5582209828701169, [0]
-11.03707578291762, 0.4648785536855804, 2.8862550519925447, [1]
-10.108257357551512, 0.40899716877977266, 1.5675315752912815, [1]
-10.772169678467773, 0.7553292165101473, 1.4735491586155574, [0]
-9.765848589327279, 0.75068790400709, 1.0346671431216543, [1]
-12.180026752804824, 0.37858619699697543, 2.877845720515958, [1]
-10.64616937928863, 1.5052094653091874, 0.7719895472181876, [1]
-9.884441738117122, 0.2915054963827451, 2.3963041906263545, [1]
-10.888787135196578, 0.5465163614273401, 1.0035444989196523, [0]
-10.652221126457237, 0.7179556741574137, 1.047588427319682, [1]
-11.62262844720423, 0.27525227931360496, 1.6809116373562059, [0]
-11.642733955483369, 0.5171185578299974, 2.36873720287245, [1]
-11.941823557417951, 0.8371567208278171, 1.7525763285244145, [0]
-11.22882363140396, 0.6590946087148175, 1.4481502394640895, [0]
-10.364423364860581, 0.4268478438870171, 2.490486912330846, [1]
-11.179028959568653, 0.5081686941302779, 2.4947381237094715, [1]
-11.403875922046396, 0.5877185805924215, 0.7942999107075055, [0]
-11.27106770493749, 1.0320295083454047, -0.34191365204028484, [0]
-10.85248692707888, 0.43646750365617143, 0.046447797561630866, [0]
-10.455265437395589, 0.20822000674897018, 1.2668426035991256, [0]
-10.128271628920485, 0.7003496998253782, 2.101237203666436, [0]
-10.783760940281772, 1.2276509695430504, 2.163387015876771, [0]
-10.570770120855387, -0.08533763747268197, 1.8415946180281888, [1]
-11.712241059859434, 0.9313416342718135, 1.8677385368702222, [0]
-11.220777264703571, 0.48477247997684325, 0.4195130229488163, [0]
-10.810680630384336, 0.721586860058961, 1.7652149140474167, [1]
-10.988753224239543, 0.5243168649862917, 1.0874476331184617, [0]
-10.470249413061225, 0.19742975604320429, 1.4840677430916756, [0]
-10.669702464228122, 0.6992639241599562, 1.9297528198626182, [0]
-11.397437618676502, 0.16316473362788197, 1.8182872203082145, [1]
-11.405985649874017, 0.32469732389602557, 1.6244597026303054, [1]
-11.554071271644023, 1.7855103464125621, 0.8062329572093481, [0]
-10.75018832696535, 0.7365763997326332, 1.8916047689362059, [0]
-11.061119653601148, 1.022523948340231, 1.967558786556341, [1]
-12.471442267553975, 0.044842361033216704, 0.4321141286877421, [0]
-11.308828023881203, 0.8825097308044602, 2.6978357211598696, [1]
-10.745495975696583, 1.0281126650138461, 1.9818658358090269, [0]
-11.526690234551513, 0.691419015087055, 2.106538011504648, [0]
-11.13971744497119, 0.7542907841789707, -0.0766342585727442, [0]
-11.639587793887857, 0.44392225368828586, -0.18934769859000478, [1]
-10.686211881470074, 0.37923309582243725, 2.3876130419833426, [0]
-10.754023265901454, -0.10507894638157905, 0.08117512413228956, [0]
-11.08721301826837, 1.1183661126085545, 2.5469729256198663, [0]
-10.13080230645536, 0.7431363981239121, 1.6650579495675761, [0]
-10.329176797757988, 0.9327352436748002, 2.232276318779831, [1]
-10.690563396152331, 0.6792682802097293, 1.78736134194447, [0]
-11.64172094086308, 1.2392063478683186, 2.2353961262728066, [1]
-12.229691101286647, 0.5905175545817876, 2.6212000623002973, [0]
-10.747771054980797, 0.483924420165122, 1.9423754237041542, [1]
-10.566169792318682, -0.9458465855003211, 1.279742945466897, [0]
-10.347685200896485, 0.08162363200062595, 1.3128308680669911, [0]
-10.781645117451728, 0.676179819668491, 1.4853625090339808, [0]
-10.884079822406672, 0.4461066768924297, 1.6006148054589397, [0]
-11.723354716785988, 0.4000502590540176, 2.001867522376274, [1]
-10.617915232376541, 0.471659312092717, 2.305885695933244, [0]
-10.357374642021677, -0.008265859405887227, 1.03331175729063, [0]
-10.226267538715694, 1.0178839948487295, 2.1745468651681894, [0]
-10.57115094450174, 0.8977961073160082, 0.39001145346062227, [1]
-11.145121704065884, 0.7734336972760669, 2.6585590188267587, [0]
-11.445378887971208, 0.24271923425386732, 1.3999773515796645, [0]
-10.700477005227025, 1.188075467829802, 1.5095329968833076, [0]
-10.393653252119007, 0.2855277818165405, 1.0189835723034513, [0]
-10.232427122754732, 0.8500475327567298, 1.427878652423937, [1]
-10.793605875963735, 0.6343755470402841, 2.0304139264713488, [0]
-10.980314324271266, 0.5805777817881974, 0.055467806934944686, [1]
-10.962665253788256, 1.1336504128805267, 0.5963010854215393, [0]
-10.029564759521442, 0.9321882211350943, 1.5430743601867123, [1]
-10.8162461670292, -0.10231146711082323, 0.4642992989624391, [1]
-11.13089144027657, 0.6494841196736432, 1.8364173948347764, [0]
-10.961481411793002, 0.9825156846266041, -0.09605405323726535, [0]
-10.104328046439482, 0.07187001865800757, 1.4293537639433882, [1]
-11.320220204560249, 0.9664127352545522, 1.0810574578755074, [1]
-10.674252795841976, 0.7288673235923054, 1.96011717568875, [0]
-11.431765830548809, 1.029673755457985, 1.3799030424905685, [0]
-10.297345565482196, 0.012067693693711634, 1.4527347138660194, [0]
-11.922582196946088, 0.3228229962130403, 1.774079066398507, [1]
-11.47580735086095, -0.9372647176059669, 0.7293717598236146, [0]
-12.543041659719325, 0.528267541243306, 1.179679954382707, [0]
-11.367561842380798, 0.6263843962650719, 1.6081396177626843, [0]
-9.95077574707746, 0.6837423264523779, 1.0443127066796571, [0]
-10.926408520553354, 0.29856918867840854, 1.1559712230811867, [1]
-11.615354606399734, -0.664847370280969, 0.5099160709551604, [1]
-10.926959317963178, 0.2775620546365116, 1.541846079042501, [0]
-10.83634874818646, 0.7244988324651357, 1.9673412593131223, [1]
-10.15513676855895, 1.5040029373079498, 0.8278951162500308, [0]
-11.459032734301255, 0.9112956862599216, 1.0725974532883344, [0]
-11.348164006125893, 0.8353047201796527, 2.0054849183000973, [0]
-10.851430931642177, 0.7013758679105836, 0.6126195190635974, [1]
-10.946117611105455, 0.4115848427799662, 2.0668326976406153, [1]
-10.860490351751636, 0.5546527543214507, 1.5865199643379888, [0]
-10.175960143740172, 1.5808249147689355, -0.4153567273541605, [1]
-11.261891591261097, 0.812229842817859, 1.5697076809988144, [1]
-10.617275667108538, 0.7278682639019085, 1.3045487208687063, [0]
-10.229806008555345, 0.8793622933130045, 0.469906219739991, [0]
-11.58135749567807, 0.29894515770400043, 1.191606641773848, [0]
-9.893286932708257, 0.9750168805505373, 1.7679921735622937, [1]
-11.256594412620412, 1.4613776131444867, 0.692830886927025, [0]
-11.433240760759253, 0.6673142669111403, 1.5919705487492548, [1]
-11.296007868885502, 1.2391090660117583, -0.7343702951747729, [1]
-10.745690715862205, 0.6760217961112468, 1.8259768571631756, [0]
-10.461965249977132, 0.742274607910455, 2.585483871539545, [0]
-11.289920090836773, 0.5478261471405943, 1.2081666936266682, [1]
-11.488250084757945, 0.16358281651535778, 1.6570459068284202, [0]
-10.713036278146541, 0.5487196062473084, 2.0580629801700114, [0]
-11.015433528282266, 1.504481759368029, 0.11157887596475358, [1]
-10.001067717993434, 0.12965570227697132, 1.0023222748263492, [0]
-10.797633002930821, 0.8157241508368618, 2.287248931484202, [0]
-10.960804944524575, 0.7354185751813535, 1.9461015511143263, [1]
-11.196683877396778, 0.19211264375662226, 1.330211096771039, [0]
-12.177418081424959, 0.4136932918472685, 2.6512267333891884, [1]
-10.693881875527966, 1.3739231004632104, 2.0026496150306006, [1]
-10.3810362640143, 0.17794256321431312, 1.3062569649929123, [0]
-10.820595021028211, 0.6535249011327338, 1.5035740338914136, [1]
-10.990214335695011, -0.36098085215088105, 0.32755630615766196, [0]
-10.48075296605081, 0.7600228037764178, 1.0031816325233183, [1]
-11.610996221992043, 0.16295017197651807, 1.6568532523611, [1]
-11.605588892143556, 0.15974040235169418, -0.025258384451408378, [1]
-10.203591592740812, 1.030565347381962, 0.7528352660898467, [0]
-12.186289120552548, 0.5600107755564965, 1.2141116425972154, [0]
-11.226663715843753, -0.2931802628910175, 0.9174330642222714, [1]
-10.572960724411734, 0.5103826735963267, 1.0252144787767026, [0]
-10.37181632301981, 0.8064193699273761, 1.7870473025551072, [0]
-10.396402000537957, 0.47098218798486696, 0.2757976684631888, [0]
-12.2927311811003, 0.4615933665354771, 3.0571792705833345, [1]
-10.311922547476788, 0.6139858889693801, 1.7240590546003633, [0]
-10.920358566561145, 0.5249688112075586, 1.3930841447686777, [1]
-11.226748901970854, 0.47849110084774604, 0.8883053475162772, [0]
-10.52977895726972, 0.5755459357034827, 2.1797669231649044, [0]
-10.748905633590049, 0.9040552133231619, 1.402547354683144, [0]
-10.272804486805576, 0.8215788630353361, 1.091473649058881, [1]
-10.7526903222839, 1.2306372018272036, -0.42995770437998004, [1]
-11.0990393294956, 1.0023248269595206, 1.5048469193401404, [0]
-11.029194549783748, 0.8110564551016621, 2.4294316812066223, [0]
-12.760242016729192, 0.9908880299361025, 0.17888255033990802, [0]
-11.627778909171788, 0.33435437460221223, 2.5162438444435287, [1]
-10.740102520963475, 1.1409657359275727, 1.955636565422877, [0]
-11.376121033495648, 0.812713609258147, 3.007282823027418, [1]
-11.86326330202726, 1.3082231243966893, 1.542515922375565, [1]
-10.77084647049069, 0.666390214386385, 1.467638675797149, [0]
-10.175110935147723, -0.0181181622911315, 0.7874472481753841, [0]
-10.213060001010936, 0.2511417185612569, 1.3262831530830739, [1]
-10.97352939132618, -0.07834587124945358, 0.11426462307199481, [1]
-10.097251064868976, 0.9461738094782466, 2.1891144022798645, [1]
-10.896616799303944, -0.0011969062532855013, 2.067514224633069, [1]
-10.63105708309881, 0.23745089038855094, 1.7505219370787333, [1]
-10.227857318157156, -0.2913946023611096, 1.0883356769785988, [0]
-10.732462705248455, 0.7933128761741441, 2.252196974915052, [1]
-11.32734338229172, 0.6284261039703136, 2.6889871091186412, [0]
-11.54562116815961, 0.5686500434491697, 1.694308704858182, [1]
-12.038465528687603, 0.7061381055472981, 1.3549134918378516, [1]
-11.289768375280376, 0.26034618370343754, 1.5555789702818354, [0]
-11.156419268785175, 0.6486545214768, 1.5761449460751893, [0]
-11.411816368318286, 1.0101356222837834, 2.1899715240874467, [0]
-10.120330344287352, 1.449261982860673, 1.7058648470417461, [1]
-9.73136954565073, 0.49329843668363405, 0.16142164612125603, [1]
-11.016366460263594, 0.4968936707686797, 0.6131136895177672, [1]
-10.797343072998885, 0.090957789396931, 1.7576836100800577, [1]
-10.272541201273823, 1.6678916845437501, 1.463734019077961, [0]
-9.930768618728758, -0.7173283120152572, 1.210892424085399, [1]
-10.602585514761213, -0.3321932451990219, 0.7176829626101495, [1]
-10.225321408099637, 1.300046330095046, 1.2864855997390523, [1]
-12.519206203416363, 0.8857148745754748, 2.578966653944465, [1]
-10.183419442301865, 1.6010073292650118, 0.5260953305753511, [1]
-11.60654559618975, 0.5901291650423224, 1.70405876987132, [1]
-10.80942222287499, 1.1678251470940157, 0.37994426353659283, [0]
-10.26909064179571, 0.43339844521681337, 2.541301577002597, [1]
-11.32924003609589, 0.15319140440628506, 1.0246502434021558, [1]
-11.423810283596199, 1.1995216305587457, 0.6623599291449735, [0]
-11.174501024405398, 0.8982248508001485, 1.7324852755640097, [1]
-11.058161958430949, 0.6722217583698014, 1.7581098001759004, [0]
-10.378499347560862, 0.419563043223287, 2.058920382525138, [0]
-10.952563029854586, 0.3206626165279231, 1.6675539945544582, [1]
-11.529485211041724, 0.17474641706388772, -0.7129514148671172, [0]
-10.095036417747169, 0.6131360388507295, 1.9650175877539038, [0]
-11.592258974323055, 0.496021793038471, 1.8244611027056798, [1]
-11.586965543722398, 0.4400562340278719, 2.4125302145834753, [1]
-10.466839204782806, 1.0135482142528613, 1.8142559625626191, [1]
-10.011952491520917, 0.26281042559724643, 2.3064196403889037, [0]
-10.183666839966774, 0.9191058177458533, 1.6724802266962946, [0]
-10.121260830667266, -0.009042406211673515, -0.17616578397175453, [0]
-10.227032837516024, 0.3583056030163791, 1.7841446720061915, [1]
-11.210299629599799, 0.7119116526880107, 2.3106409415381686, [1]
-11.185417076155717, 2.8435638880052863, 0.14152978500704366, [0]
-10.325521107262645, 0.6072279673707309, 1.5046078519371155, [0]
-10.264125706051287, 0.5814336211935174, 1.8998068972105742, [1]
-10.838752017553853, 0.5426610764852563, 2.0580691566620897, [0]
-10.739087166142518, 1.4014418693099437, 1.1617596292558128, [1]
-12.51941321677232, 0.4478847351025921, 2.6337745619953474, [0]
-10.441904593016412, 0.3142906794137552, 0.6149287160626482, [1]
-11.728813943384237, 0.7745538739953053, 0.9361689805445823, [1]
-10.9604056028936, 0.4764483644974795, 2.8909055586797043, [0]
-11.289908074503801, 0.2578104130081056, 1.5156049888002308, [0]
-10.286272991168163, 0.38794082551322995, 0.8891861093672829, [1]
-10.145638397247787, 1.0255519747089243, 1.9918094794274563, [1]
-10.892187156074776, 1.077976390021033, 2.1166805406841775, [1]
-10.57590459379221, 0.8808170479389493, 1.1623002828970228, [1]
-10.625202794497362, 0.5247700640740441, 1.7693697497685035, [0]
-10.538896793626568, 0.17670906869727565, 1.0295210405453288, [1]
-11.66494844210524, -0.08278215585190174, 0.8699495723059091, [1]
-10.89344495935077, 0.13830752031527715, 0.7012582117062407, [1]
-11.072014593437729, 1.1786975251318665, 1.3631126866595027, [0]
-10.929301385121581, 0.5829030602929093, 1.879333968633217, [0]
-10.955550052842787, 0.7258209682908757, 1.6237333445430597, [0]
-10.912585032806213, 0.8250720182124468, -0.039488865157956354, [1]
-12.43313934156258, 0.9005283571157889, 1.5667764165568894, [1]
-9.907507624687348, 1.0568705033921244, 1.9120994599882297, [0]
-10.560527083880435, 0.3807608531425387, 1.1069708864244368, [0]
-10.719869332898117, 0.41022684599005077, 1.1191860963441436, [0]
-11.295436257534858, 0.6831239807197623, 1.6005774500211873, [1]
-11.534715672973348, 0.3983091827488504, 1.5091771429047984, [0]
-11.40219882172452, 0.5632191356717249, 1.772249178983814, [0]
-10.863196771451175, 1.4811361816424435, 1.544195731587851, [1]
-11.834697102143542, 0.2335925296507897, 1.234808372578149, [1]
-10.940356356065953, 0.7885728231337581, 2.0593333450635427, [0]
-11.66877681559593, 0.299994457838261, 2.0801989652585906, [0]
-9.98714268558362, 0.601934039107437, 1.41522286509315, [0]
-10.928105024266058, 0.5555490332710834, 1.1177806653509423, [1]
-9.987085478637407, 1.0941474065817047, 2.1146943563021328, [0]
-11.743447820966237, 0.3630536400621362, 2.2226954389370057, [1]
-10.84272865715251, 0.9978642425156317, 1.40749442442027, [0]
-11.350716424252653, 0.4722849520081693, 2.6985609177687344, [1]
-11.024413675883572, 0.7082386699361144, 2.0984375878960297, [1]
-10.56621871371685, 1.098905060268049, -0.4082035041522582, [0]
-10.64735121333503, 1.3086189029862823, 1.354831256439252, [0]
-10.852213773264449, -0.35469167548979486, -0.5193888011000203, [0]
-10.679259173305285, 0.4104391880780403, 0.2954113494795575, [0]
-12.56513755394199, 0.6689358298038666, 1.7000098159138055, [1]
-10.862860526352389, 1.4089890654832662, 1.3360153599097535, [0]
-11.112778682098444, 0.020885447168259574, 0.8021555793854294, [1]
-11.632559732705117, 1.187156798966551, 1.9971458467759637, [0]
-10.70321243276263, 0.30963425997794136, 1.5792779277795554, [0]
-10.986992041229922, 0.6498391707485959, 1.7833305565731243, [1]
-10.416975853056973, 0.4867801594214557, 1.457237878711648, [1]
-11.005731239670997, 0.5206936625244665, 2.8364110583621485, [1]
-11.93371142398077, 0.6394541585471923, 1.4431923036258927, [1]
-10.228194600668706, 0.6389215839878674, 2.4470305951268405, [0]
-10.517040689708455, 0.44081571898906163, 2.1575075722327886, [1]
-11.314013088342566, 0.7542097833098458, 0.4661941494996743, [1]
-10.214039588987278, 0.6324486686171048, 0.49347451918177354, [0]
-11.225731963946679, 0.9764785342011919, 2.5559548797073477, [0]
-11.28172186092103, 0.770756218789439, 2.2093275920435733, [0]
-10.460708126459886, -0.017777628259963096, 1.8030811515432337, [1]
-10.317953478054566, -0.16946898499598528, 0.9302416032067851, [1]
-10.803802424362635, 0.21002877102558304, 1.0109792958147832, [0]
-10.586822426926746, 0.5567986639844097, 1.658286254626384, [0]
-11.09386813818447, -0.15909297464583405, 1.056096740001876, [1]
-11.27801357049256, 0.6289210276968922, 1.6328620623307486, [0]
-10.80043524159907, 0.7790207102026059, 1.438611478452516, [1]
-11.004615825661023, 0.04089495926195433, 1.536293126101934, [0]
-9.91823411843133, 0.5520353727753923, 1.4453088844830586, [0]
-9.950117715285153, -0.1640848474763451, 1.6466385511387107, [1]
-10.666111544377236, 0.8477218633978046, 1.7354473320156028, [1]
-10.875396127498899, 0.7078246589562432, 2.72448648802739, [0]
-11.27527541076356, 0.9022064721722849, -0.23473321938185576, [1]
-10.91378904290414, 0.8568629533021107, 1.5556349226856483, [1]
-12.128882031852017, 0.548353091349494, 1.525545463952603, [0]
-11.058378870225125, 0.7123277405222023, 1.0679351004065252, [0]
-10.943012141325859, 1.0286279961964575, 2.279578503541603, [0]
-10.780029182484096, 0.7486650204463975, 1.6913310481893478, [1]
-11.258596120504219, 1.5005981579248386, 0.9420462085675941, [0]
-11.595740926421842, 0.14071865280131143, 2.6835029063888776, [0]
-11.985146653390256, 0.8819013378669665, 1.6704385725872726, [0]
-11.929837259306868, 1.0152148520955953, 2.156405165999164, [0]
-11.055178713168106, 0.45574860625293356, 1.3025061395526984, [1]
-10.312478162043933, 0.8444648495518791, 1.7964326907853703, [0]
-11.56954105997414, 1.9531715180428821, 1.0514856876708012, [1]
-11.449471464619947, 0.1464362817785706, 0.2009795884635771, [1]
-11.830314227606511, 0.6179027254451048, 1.9056728522564268, [0]
-11.095222212821971, 0.3458191038884584, 1.2527596248899353, [1]
-10.691891462216324, 0.5028569486818705, 1.6857023617595748, [0]
-10.501953735167012, 0.8993994101575089, 1.4159189441094457, [1]
-10.484150667438458, 0.16696199202380088, 2.433571161136868, [1]
-10.731526783499989, 1.0004334045214576, 1.7026559366137128, [1]
-12.186467362680583, 0.2546803663394617, 2.2324599655477404, [1]
-10.065065403989184, 0.9287395462215189, 1.8491193948915154, [1]
-10.40615253648475, 0.442073532857188, 2.4742148862619433, [1]
-11.016964041212047, 1.1907849863181932, 2.141562617642443, [0]
-11.751952741492502, 1.010741826805014, 1.025272770604122, [1]
-11.893201093193754, 0.049319115644366696, 2.3698947955094796, [0]
-10.996781081655218, 0.57349928556754, 1.994193332147451, [0]
-10.85531268632798, 0.26057327903140537, 1.0524092748989415, [0]
-10.73785746319571, 0.37792552723298484, 2.2635994210435477, [1]
-11.894558313021069, 0.5475537579290051, 3.0923635400951857, [1]
-9.435364808537443, 0.18821976467466928, 1.6974340209188215, [1]
-10.736408659870529, 0.14658588965409902, 2.393606744825808, [1]
-10.254868477039425, 0.04824478620773087, 2.1119190642925796, [1]
-11.04655303544965, 1.647677268797784, 1.4571253971605769, [0]
-10.531474788399096, 0.7314352729140966, 2.030324572664792, [0]
-11.021026329747368, 0.7343537258346453, 1.952306304105059, [1]
-10.396227800322645, 0.7305955929408086, 1.3392899154001816, [1]
-11.447052123944596, 1.2823884613513823, 1.92128525906012, [1]
-10.851846228123868, 1.6399004678597318, 1.227838964643535, [0]
-11.0830333184332, 1.1882576355892802, 1.3926031001541361, [0]
-10.242533734021654, 0.541202234490738, 2.9210830228377693, [1]
-11.006930682685182, 0.411661250001943, 1.968503093689319, [1]
-10.596974291549655, 0.9717637652124729, -0.3499527891637876, [1]
-10.86760865892703, -0.1878135359873816, 1.3464520305929406, [0]
-10.998858743751972, 0.05321434604583822, 0.9883210385293735, [1]
-10.843211945089493, 1.0519411748008776, 0.7682930916257652, [0]
-10.990812994273867, 0.48730513509416196, 2.2053313133499763, [1]
-11.11087738101116, 0.24723679271950172, 0.8450044689072388, [0]
-12.238326470080976, 1.0829981396902275, 2.031830834567237, [0]
-11.082996547548158, 0.9605546861712408, 1.72228328987846, [1]
-10.588241185338402, 0.8117603921208814, 0.9741481595020791, [0]
-11.680649419349331, 1.2687920667715873, 1.982734501728058, [0]
-11.658446118001125, 0.3112723477683623, -0.6254268478525022, [1]
-10.643979566959832, 1.3381060432453662, 1.5290162593958578, [1]
-12.304116544945108, 1.1334279553837117, 1.184233145261305, [1]
-10.768890170131078, 0.07741301747840357, 1.9632370705743036, [0]
-11.480850716819813, 0.26459189698465346, 1.968630431488458, [1]
-11.89260734705516, -0.24582164080153301, 0.8292270515348865, [1]
-10.477911360589777, 0.6636797416425441, 1.9252296125845585, [1]
-10.313276395445953, 0.5240449359242922, 1.5892889690054537, [0]
-11.096158640152744, 0.8997960700758268, 2.5574276939820137, [0]
-10.936940160153252, 0.7090281034879744, 1.8426704703803396, [1]
-11.121753268745044, 0.45637566672235186, 0.005658506354988546, [1]
-10.6165867452637, 1.0102135540064654, 1.7546457081809939, [1]
-10.386711154856508, 0.1731592883341282, 2.2006383748635527, [1]
-10.645560174054449, 0.22772752528722706, 1.6986726973005957, [1]
-10.127815890965831, 0.7259585142718241, 2.2701450851690397, [1]
-10.33401821384687, 0.3608002100863153, 1.0936439402097353, [0]
-11.111531572715695, 1.1472540054719111, 0.9315929646686913, [1]
-10.524124821054917, 0.49572228787730244, 1.5822865496277971, [0]
-9.999575580351108, 0.5429323375030435, 1.0269171680586946, [0]
-10.54477520107638, 0.5826152942191307, 0.9654712865623625, [0]
-10.729668182996178, 0.7835198794595482, 1.2783855782784848, [1]
-11.034486708422687, 0.46375185242039485, 0.6291361290820121, [1]
-10.506828804429498, 0.5771288829837814, 1.475652359803076, [0]
-10.267963983754521, 0.662221170251891, 1.181828779065658, [1]
-12.082442131071838, 0.5711695331729778, 1.400380869140171, [1]
-10.64221466896825, 0.2346986006958709, 1.2066297676464068, [1]
-10.788449735833208, 0.5796656391808486, 2.782610454846955, [1]
-10.047505021805097, 1.2602455570535676, 2.3468233343248293, [0]
-10.497539803573696, 1.207458035064992, -0.35565602690997167, [1]
-10.022204517882814, 0.3109095707293734, 1.2080747345859595, [0]
-11.093856165035518, 0.6295404688725241, 1.1511328795809774, [0]
-11.802608361686278, 0.7884801565548454, 1.5369681420676393, [0]
-10.753197881271488, 0.49878821308801913, 2.3553791230899206, [1]
-10.541216835044352, 0.25961646782661957, 1.4777555741685067, [1]
-10.862525205368248, -0.036542961681328236, 1.9130649591204192, [0]
-11.019980720959952, 1.3214070382578589, 2.4025921220564865, [0]
-11.5303102982477, 0.3075627550511043, 1.327479801563101, [0]
-11.226361511952543, 0.1592000812550361, 1.7096406903438242, [0]
-11.113785881926026, 1.370970359868103, 0.37289348417926005, [0]
-10.921768658831022, 0.6297715337674243, 1.4500367690824878, [1]
-13.009853390555808, 0.7107132320553219, 1.6425621590744837, [1]
-10.515890625152744, 0.07319202492828379, 1.7804298709527449, [0]
-11.38145020947386, 1.151418958746677, 1.4949230964841511, [1]
-10.901215407829442, 0.16702604479699812, 1.1586422154157054, [1]
-9.718665378707405, 0.47262314905636715, 1.1966252563100008, [1]
-10.60025752851955, 0.1308016122499877, 2.4486877147385373, [0]
-11.81273481273038, -0.5311326723733616, 0.950414762409926, [0]
-10.657429510915867, 0.9110178529126292, 2.0834820104097904, [1]
-10.18136157379243, 0.7942987749574975, 0.48087152646158793, [1]
-11.313178833732783, 0.5769595281866622, 1.6242914382103295, [0]
-10.643980710677226, 1.0080698736924285, 2.3289621471714756, [1]
-11.232307999715555, 1.6921869713740363, 0.0065066861973699375, [1]
-11.990008927375916, 0.4411138918546911, 1.7547469014851966, [1]
-11.45172089947481, 0.5660499105089529, 1.3845638212180096, [1]
-10.340106299764804, 1.2699390153441117, 0.029926685453236956, [0]
-10.96483615302158, 0.5353464504731122, 1.649008340015836, [0]
-10.64041152138503, 0.6570944883981479, 1.1288561096336616, [1]
-10.730704255971048, 0.9739275716910091, 2.0136702837654066, [1]
-10.318933730235837, 1.3029128148813598, 1.467956381559787, [0]
-10.721796909374943, 0.10408209637900512, 1.1130109378750608, [0]
-10.993916118098968, 0.23777914904074593, 2.1388274412227277, [0]
-10.263414423780201, 0.49983191988581815, 1.8745170248121696, [0]
-9.963369472780526, 0.0077995351312400985, 0.7762230748816819, [1]
-11.105764296520917, -0.1648481819095694, 0.12912486954608082, [1]
-10.320218407224448, 1.0013441198216293, 2.048158551806673, [1]
-11.451440773887292, 0.9103454656262941, 2.466800148396959, [1]
-10.409390457931822, 0.4647942883997344, 0.9225482610802924, [1]
-10.863729092238943, 0.05406006795780671, 1.4207558499282869, [1]
-10.99377851141806, 1.1976878103246067, 1.7695627731406502, [0]
-10.987362245254022, -0.3334127296704792, -0.7977470730932454, [1]
-11.572105018866804, 0.2895362798743809, 1.400229029558497, [0]
-10.214116433706101, 0.583610436744749, 1.952123445061365, [1]
-10.107780081227798, 1.010151386668063, 1.9231270370870885, [0]
-10.433922796409762, 0.6443261438554957, 1.0775534231490818, [0]
-11.807520095088815, 0.6575720279678441, 2.0902934595070226, [1]
-10.880143093478539, 0.768101991301026, 1.8499614106394184, [1]
-11.353399894374782, 1.135504569218139, 1.0980408538008641, [0]
-10.783254045619719, 0.43402205059154864, 1.535632730795494, [1]
-11.206803221149222, 0.9247926388604552, 1.7493182504206821, [1]
-11.348984761390565, 0.5616782731841896, 0.46984959026993534, [0]
-10.25142013349896, 0.5063750001620692, 0.20154976377972333, [1]
-10.71167090443966, 0.45450192228481373, 1.7093198334049253, [0]
-9.946728798127301, 0.6556403586004024, 1.5041363430472732, [1]
-10.502101941504858, 0.9722748807287711, 1.1832981764813315, [0]
-10.90003351898075, 0.5463922617640489, 2.458905708955102, [1]
-10.726467097199464, 0.2155535374097114, 0.20359571559267375, [0]
-10.080630091599783, 0.3880853867079439, 2.408666488359891, [0]
-10.960557116483116, 1.04891631068874, 0.7321978685494208, [0]
-10.28675546026149, 0.8661227987986062, 0.8328731506187222, [1]
-11.05913469303072, 0.6219627447281869, 1.6611500972902067, [0]
-11.77625521855104, -0.10101614694085592, 1.8313463853107133, [0]
-10.86826821908007, -0.22856151289009008, 1.1390682432774244, [0]
-9.631145388812795, 0.26912042559203786, 1.48664794536, [1]
-11.040480847501067, 0.7058645997954722, 2.2522378056570522, [1]
-10.950178159037716, 0.8919817326050032, 2.5715737445334454, [0]
-11.74609262672126, 0.186960441017318, 2.384680426503754, [0]
-10.217655335489429, 0.8283473839071238, 0.42439593997234226, [1]
-11.811086204235613, 1.340234432712794, 2.442813233624188, [0]
-10.53046723229676, 0.3748748695461868, 2.2293893771848614, [1]
-10.433835620034603, 0.27275560583760994, 2.141030162271374, [1]
-10.68513437596018, 0.5070469717661181, 0.8269362888839944, [0]
-10.15165299323175, 0.24628742242483082, 1.580006807460407, [1]
-10.528781278355426, 0.2917641994156728, 1.5522659669965373, [1]
-10.732105436903362, 0.3647391351863531, 2.3408167347803612, [1]
-10.544417146399182, 0.3486960694310842, 2.011511096736291, [1]
-11.374993417643555, 1.2274227592799047, 1.326685732152316, [0]
-11.141002551990548, 1.494081445004908, 0.8130836865278965, [0]
-10.548961834523233, 0.6860861135399325, 1.6203970441189273, [0]
-10.984303788277769, 0.9140401511674077, 1.730093227801219, [1]
-10.990469013108724, 1.353642445825127, 1.819415501940293, [0]
-11.410223424476195, -0.021027465588446554, 1.4519445210656579, [1]
-11.372845854597953, 0.7112735563717822, 2.221848332061021, [1]
-11.284358596767639, -0.5294018635808022, 0.40835981365531115, [0]
-10.286428314102833, 0.5502408408608408, 1.1587728451374903, [1]
-10.23056189648484, 0.7677405946880155, 1.1341118478434233, [0]
-11.779018034101734, 2.067005441170732, 0.2776230976432682, [1]
-10.574691737081293, 0.24354016336600767, 0.12668910108898201, [1]
-10.65465998451649, 0.7089842685024131, 1.8588925466246204, [1]
-9.972975846826964, 0.5274130655676278, 2.3634198885705, [1]
-10.774217725257834, 0.607453739860752, 0.9660558003126454, [0]
-12.093999693946428, 0.45853796871842434, 2.678353408884794, [0]
-9.490977712275429, 0.7353231210505364, 1.3213846941030305, [0]
-11.804006061009702, 0.2074539165055159, 1.5787220767438255, [1]
-10.938680590148628, 1.0173610823829868, 0.7195171685566711, [0]
-10.177513010499268, -0.11904024148750558, 1.4925825361068372, [0]
-10.53709667245092, 0.5859951980937285, 2.2639428800957866, [0]
-11.567147668202942, 0.35570184930667376, 1.5423434365129842, [0]
-11.426782941636375, 0.5369464757275957, 2.018112785296862, [1]
-10.98933264291056, 0.9396539616977275, 0.5653657743570351, [1]
-10.132151175089204, 0.13337805403481462, 1.3436609974902953, [1]
-11.162964664740148, 0.49555346535385125, 1.615952060921792, [1]
-12.407102518168966, 0.4616656686416041, 1.5970102985482848, [0]
-11.320855300687535, 0.5670933468101607, 2.5760717656048975, [1]
-10.770458855220822, 0.3689697287249776, 1.88051997376791, [0]
-10.48320181848208, 0.5931512206190362, 2.2594252355945077, [0]
-10.8104510030834, 0.6413822101684787, 2.629359616701992, [1]
-11.395633147265752, 0.9749880837918734, 1.083182550728015, [1]
-11.153416668149427, 0.9603358225951466, 1.0039420407317872, [1]
-10.924803646827018, 0.9831619505923406, 1.7474047230364589, [1]
-9.873056419914144, 0.06717172620076606, 0.5520422290637974, [0]
-11.570184767860823, 0.6844289238361765, 2.3174631079565065, [0]
-10.090908381649042, 0.4124708325604085, 1.9528019712083058, [1]
-10.886005206527885, 0.6719615938640169, 1.71591347622136, [0]
-10.560840663289637, 0.5310041079214455, 1.6276259642651516, [0]
-10.46228301548446, 0.4115730540076602, 1.41294939169466, [1]
-10.244813529016977, 0.689523222363809, 1.5120283654285647, [1]
-11.262847290520861, 0.2736975357640101, 0.4353167020838429, [0]
-11.010245734181398, 0.7172701107591944, 1.0442540528074584, [0]
-10.2027858504146, 0.9411478182085893, 0.09118265589320401, [0]
-10.945983286509687, 0.705178383875645, 2.4311993143132797, [0]
-10.48371594681136, 2.0670783386052993, 0.8596489917941054, [1]
-10.979942917144548, 0.7263850524528249, 2.1630729205977204, [0]
-10.664511220245577, 1.463134902471691, 0.6041147589655143, [0]
-11.344167559945248, 1.0718941348369035, 1.4518605022687745, [1]
-11.963411426007536, 1.0144366397616322, 2.1222797649357354, [0]
-10.052854484516844, 0.9976669076839584, 2.62117107940876, [0]
-10.779367843599385, 0.2574700524464405, 1.3694621092635022, [1]
-11.60989932350912, 0.15935279817673748, 0.8975673503220948, [1]
-11.122928730340238, 0.467921654445864, 1.3604764333714967, [1]
-11.68154412088889, 0.1985825063700295, -0.40202438340609103, [0]
-11.395234178492869, 1.4961885361471565, 2.0834771834407193, [1]
-10.44661551667988, 0.4085944448811574, 0.5933731857713864, [1]
-10.828519014194066, 1.3697442613815234, 2.1062935915051963, [1]
-11.396952703726305, 2.172292286108886, 0.14701962994793116, [1]
-11.223121757968292, 0.6037192168635189, 2.362647275003381, [0]
-10.428576740592275, 0.5402634273538958, 1.4235973865867384, [0]
-11.001996215568761, 0.9009509278197522, 1.8922601542137598, [0]
-10.965683817372414, 0.4736549981657354, -0.6050464501706592, [0]
-10.717298424179466, 0.3332952455624256, 1.2422470460344681, [1]
-11.27411974283832, 1.0439415025669039, 1.03900051899063, [0]
-10.970922706783854, 1.1612299393227434, -0.4167827759050556, [1]
-10.602484374295832, 0.04769961834785852, 1.4760693920144694, [1]
-12.459574281048729, 0.7551220868500909, 1.8924200615617226, [1]
-10.687462163048984, 0.8572975828132126, 1.8309060494034348, [0]
-9.744780290075932, 0.09657704551955848, 1.5712279535639004, [0]
-10.703755959751119, 1.0106065476320412, 2.5557273029785392, [1]
-10.416465153832071, 0.41170124625381166, 0.43891262328497993, [0]
-10.64913306375505, 1.5863650426601226, 0.29511232968958606, [1]
-10.665290725037147, -0.1308930380367761, 1.5668862450409076, [1]
-10.529127849343624, 0.4953544584092639, 1.829894019001498, [1]
-9.550845876100944, 0.6335746991757646, 1.0361687250878044, [0]
-11.624549061221705, 0.6953063448905903, 2.9485948126481176, [1]
-10.19265363789387, 0.994154749760993, 0.8035711542797582, [0]
-11.664988134435493, 0.5331914312633915, 1.234847413628006, [0]
-12.818299975038546, 1.705466322192696, -0.5206239383807293, [0]
-11.39660883377289, 0.33426687131557314, 0.008618975155292974, [1]
-11.109551289963443, 0.39597445805329823, 1.9482334276816844, [0]
-10.628697412892375, 0.23227287493530135, 2.1069433222896032, [1]
-10.637411882042043, 0.44092491095130415, 1.6111371279737254, [1]
-12.014783232038162, 1.0895485671695249, 2.184457719462199, [1]
-11.670400209166113, 1.009124261524359, 2.2710929702246365, [0]
-11.198021386441074, 1.0129162098111033, 1.658191631743538, [0]
-10.598474382508394, 0.5324041362030988, 0.6618715162899217, [0]
-10.662863858797301, 0.7435920456000413, 1.1134396126887705, [1]
-9.999273198451691, 0.6382449636381042, 2.354415099109376, [0]
-10.749463961654765, 2.1276025155921103, 0.5743609691240305, [0]
-10.827927616113142, 0.7089480731623949, 2.0877085642672997, [1]
-10.474437327317249, 1.4851217566973798, 0.9492376797127138, [1]
-11.202057918359907, 0.7247872811942503, 1.360815844881331, [0]
-10.474443385843129, 0.849114157862009, 1.563890753297971, [1]
-10.485435157984995, 0.9353370096646224, 1.484530207697913, [1]
-10.106667029206704, 0.557048252009997, 2.2177108501559095, [0]
-10.364548448287827, 0.6658750556946402, 1.7923303101242238, [1]
-10.753348982807891, 0.8043970092680186, 1.3536517668652488, [0]
-10.604556521598841, 0.17656333788263456, 1.3875506231941468, [0]
-12.415271139106189, 0.9862113903363239, 0.2968803973426424, [1]
-9.99433426136556, 0.3744063006929752, 2.387702490049356, [1]
-11.581892749648658, 0.6951826365492755, 1.9992650965712413, [0]
-13.157698652324788, 0.5094848286837506, 1.5970186946758924, [0]
-11.337943105911405, 0.09437240431381455, 2.2391708872121994, [1]
-10.193743086428992, 0.24033766317652594, 1.5899362227448932, [1]
-10.538530751283695, 0.2553157797584664, 2.1128572706325506, [0]
-12.717617729699837, 1.8682658373877252, 0.7286264299054765, [0]
-10.686506803404585, 0.28649092962467493, 1.6235672316267307, [0]
-10.592902200190244, 0.29928229472751955, 0.4477476646642137, [1]
-11.302384930274538, 0.5886755466257192, 1.877256002527494, [1]
-10.923700970798643, -0.6388935853285275, 0.6459519162678711, [1]
-11.624672489092314, 0.7268411731284814, 1.2991010393465445, [0]
-9.805451007465516, 0.4611010791286522, 2.271392702184354, [0]
-11.466213162747499, 0.5478692253520054, 1.9478855818681229, [0]
-10.880215601206663, 0.4349097643843562, 1.0329309277069127, [0]
-10.323270709894468, 0.3097537268847168, 0.7046388800314796, [0]
-11.010890827832498, 1.5228307551624976, 1.4233869860840827, [0]
-12.432937249902473, 1.0218679324082214, 1.6060006489577847, [0]
-10.876458366873052, 0.4901904306717098, 0.9869651935825845, [1]
-10.14613694721766, 0.7318722585832925, 2.3962100871794445, [1]
-11.167069126810519, 0.240208676316237, 1.6798271487337773, [1]
-10.089410188859095, 0.00756344963611566, 0.2147826427929737, [0]
-11.075581449384952, 1.2454505028137395, 0.48772865932476694, [0]
-10.56606873955961, 0.30536485398928837, 1.492439477330264, [1]
-10.404486317580202, 0.15012691537108358, 1.3310818531211135, [1]
-10.838676345033427, 0.05813790235195921, 0.6276621457359277, [1]
-11.420131197371111, 0.35490331370873995, 0.9568382703500857, [0]
-10.715433030586375, 0.001721519316218112, 0.6900236231306243, [1]
-11.09140797064868, 0.3164335150178774, 1.8116211615993674, [1]
-9.789876142822543, -0.13459527493148593, 1.3955121801748707, [1]
-10.475407092235848, 0.3696694767322964, 2.190305103572756, [1]
-10.308697580085303, 1.05517561357698, 2.6326938703096747, [1]
-10.54473215308283, 0.37735393654656657, 1.8990443995669217, [0]
-10.105000936651908, -0.06655537559720837, 2.071236361343714, [0]
-10.232767653584387, 0.2995397103714479, 1.4074068264304824, [0]
-10.892171805405322, 0.9948955724924584, 0.5208179839152871, [1]
-10.728251053744994, 0.8712610690569098, 1.8670025249739546, [0]
-10.698309235746917, 0.6309031211542725, 1.4259157622996455, [0]
-11.474315781764902, 0.19851977181571256, 1.5525267037745603, [1]
-11.665478357245224, 0.5851659941730748, 1.395240358769082, [0]
-10.833279940620795, 0.4024348301026458, 1.7075096223348833, [1]
-10.536544767883784, 0.4623271519616837, 2.451961384257927, [1]
-10.5430305100226, 1.4252378572488464, 0.8465540977244066, [1]
-10.75375324194754, 0.18316053187741324, 1.61633484260083, [0]
-10.439544644160971, 0.30981969342030224, 1.3999167901833178, [0]
-10.758099944854187, 0.7876053457977881, 1.6577641078597716, [1]
-10.8167342545237, 0.5020695140518334, 2.517192515157239, [1]
-10.85542183951544, 1.5127360849408646, 0.09685920112845825, [0]
-10.619708543353358, 0.5087334053595773, 2.1140427850208807, [0]
-11.850303274429546, 1.479570250654493, 0.09984547318529224, [1]
-10.748325514101538, 0.8570925998864332, 2.004034882359696, [1]
-11.563342294877684, 0.8364543990735982, 2.4760862582907177, [1]
-11.97927446880605, 0.6516496257310991, 0.7340729578341467, [1]
-10.399701161144307, 0.522231560920623, 2.641167148336096, [1]
-10.229779617083791, 0.8961377192010234, 0.7833902744857004, [0]
-12.314927290516586, 0.7421944666200542, 2.191694085735274, [1]
-11.4999369931988, 0.6738983115768837, -0.26227391102157593, [0]
-11.497599321158807, 0.384953268889363, 2.098011566432595, [1]
-10.44169101121945, 0.3160635269998654, 2.4198176839415444, [1]
-12.035319275115052, 0.23915625292477055, 0.4485246316718339, [1]
-11.275198324616857, 0.8285423430919834, 1.2455246463033978, [0]
-11.507754778710158, 2.5167899829434672, -0.4199384057313847, [1]
-11.081342679110623, 0.45999276647306114, -0.1847330033860356, [0]
-11.762734900064142, 0.3296237180788878, 2.254532933338528, [0]
-10.578095023391219, 0.37470771233493194, 1.891246899717418, [0]
-11.429973411945703, 0.40432937670844554, 3.0514573836759356, [0]
-10.674533118892928, 0.4451276336869619, 1.227705233541466, [1]
-11.139339414261793, 0.1405483020609637, 2.143226891084334, [1]
-11.742142739100748, -0.1573542718629659, 0.09659013088841761, [0]
-11.31415795074277, -0.7678760788941674, 0.30929133467947756, [1]
-11.339112145882744, 0.8192041461443635, 1.7837820007627578, [1]
-11.65283277077227, 0.7064716827600201, 1.3544871138849093, [1]
-12.594588910820574, 0.6976413575722776, 2.3285524551651897, [1]
-10.730960981218752, 1.3984156492603148, 0.8975538569792745, [1]
-11.408728632810421, 1.139362069442469, 0.8479826722916787, [0]
-11.613725614879517, 0.7355935253785097, 2.5697609292752515, [0]
-11.1724374187636, 0.21458469288274468, 1.405383640429068, [1]
-11.062745135623954, 0.6558751392907147, -0.27075599470586204, [1]
-11.556765227829592, 0.5356916929175101, 0.12617008235022742, [0]
-11.441222517682123, 0.8550772113527271, 1.1244779605375779, [1]
-10.688631972725332, 0.7535643674646213, 1.6375462971023909, [1]
-10.603264306653484, 0.5623842948227599, 1.7070335430606947, [0]
-12.986418282407156, 1.6756208873724434, 0.6685405531847147, [1]
-11.107007648287977, 0.38557109307711945, 2.3946967421307193, [0]
-10.55626860070485, 0.4411716863228414, 1.833871900802252, [0]
-10.964836497775167, -0.1968368951690529, 0.8321030967705678, [1]
-10.456916608960679, 0.2113220578542292, 0.463777602353894, [1]
-11.082567560014592, 0.8055825218227013, 2.7446633122701805, [1]
-10.058302406839678, 0.7674476070274514, 1.1638383710940303, [1]
-10.142340344314672, 0.5440280459884614, 1.356234354373836, [1]
-11.14274060354998, 1.178635044338916, 2.44349913314362, [0]
-10.1595137985413, 0.7233590048412538, 0.7837316096089171, [0]
-11.590179907072098, 1.1575971240467733, 0.43345480616247056, [1]
-10.824075867649485, 0.4965741323997446, 1.8246678882811023, [1]
-10.838035467384067, 1.0936192398984352, 1.6592484671876586, [1]
-10.494982733248854, 0.45693495031249554, 1.0171076146536875, [1]
-11.415578927514616, 1.083843736430359, 2.408805291914902, [0]
-11.218747623857084, 0.8965694191998028, 2.2338593356841354, [0]
-10.892132569932397, 0.2908705364567513, 0.9413482043319099, [1]
-10.918058250545805, 1.0236191437615083, 1.943495004048788, [0]
-11.43034505615851, 0.20202953429793002, 1.6549474221821905, [1]
-11.484560260024953, -0.2988974132188825, 0.7163798609190902, [0]
-11.200722310748324, 0.5228798440363348, 2.160318125956166, [0]
-10.67642464214057, 1.6204794188198597, -0.43368046469357036, [0]
-10.91968262284942, 0.0907133249269293, 0.40609353393352543, [1]
-11.06286248700374, 0.17791690638480245, 2.7338293423219744, [0]
-10.581061291311363, 0.2515507296282681, 2.0783675189638364, [1]
-10.369696089356967, 0.5688988639527429, 2.1078770677783116, [0]
-10.481537928513031, 1.2010829438676154, 2.093267939911979, [1]
-10.541444285636144, 0.46313693599572514, 1.4188686437661902, [0]
-11.313054056059473, 0.23071517717488488, 1.4581465820297799, [0]
-11.060859359384327, 0.28044959673153613, 2.049824685409437, [0]
-10.49108841595263, -0.14164034943925574, 1.3927877929802763, [0]
-12.17173103131537, 0.2936632593662981, 2.4471410897920087, [0]
-10.24944640889044, 0.3161446093474603, 1.2993778134699918, [1]
-10.820391148737972, -0.27798642637907256, 0.7235644328454756, [1]
-10.655900500088647, 0.6378987549168904, 0.7679617334934679, [0]
-9.896816912217291, 0.6318844022588578, 2.294912129273831, [0]
-10.746644148169747, 0.05417422460275623, 1.035666283187142, [0]
-10.838081064323662, 0.8121965830750975, 2.502063960214454, [0]
-11.762865607418044, 0.9074130646855637, 2.21348001470946, [0]
-10.787473720484899, 0.3072605370883479, 3.057865152519242, [1]
-10.636909092308262, 0.6041407497792359, 2.179012274291531, [0]
-10.652262032211341, 0.6639122146198142, 0.7432623455746385, [0]
-10.239627683965145, 1.004114068757471, 1.1933005372629366, [0]
-10.824407915504926, 0.513010004637076, 2.229386637534889, [1]
-11.536349087930256, 0.8477194971989036, 1.2351432225735133, [0]
-11.025605816170028, 0.6108683363548317, 1.4302611915006742, [0]
-10.855066802045368, 0.7700969764335284, 1.8870128860845883, [0]
-10.719689357589203, 0.5030272282980698, 1.1547669129962892, [1]
-10.665182692354229, 0.5063351315795367, 2.7030488215812483, [0]
-11.088730091961823, 0.3049604246124107, 1.845174711547998, [1]
-10.656841212286848, 0.3833970426492565, 1.6812158365718761, [1]
-11.669637717660372, 0.6931446763821105, 1.683162292683193, [1]
-11.316645078440647, 0.43213002057715266, 2.1024365877519653, [0]
-11.709840036340687, 1.8025527330037392, 1.3560275191710938, [0]
-10.7673511683963, 1.1498853584776765, 1.7543069672882072, [0]
-10.385048350858428, 1.424391165966101, 0.8958437338829881, [0]
-11.004311076260672, 0.8812044192440767, 0.04902726382260125, [0]
-10.613265137366858, 1.1251494121226329, 1.2157463223683975, [1]
-11.57986266728242, 1.6934368936617834, 0.6651993836307994, [0]
-10.783052114234673, -0.21422613470226937, 0.329484917700331, [1]
-10.356115264070166, 0.647566173739797, 1.4647576402865279, [0]
-11.599791997798505, -0.1987414318716363, 1.3835742846823464, [0]
-12.675203212039094, 0.39280562006708386, 2.1780457125427986, [1]
-10.924174312470043, 0.4647594280569385, 1.901372643214577, [1]
-11.12044816477474, 1.0977986922467033, 0.3595542717115606, [1]
