t=0.07917554785938692
logZ_t=-23.593788516585214
-30.583933563361327, 0.7316463306473936, 1.3179776741054807, [0]
-30.529013529502983, 0.47675509916893083, 1.0506740509389008, [0]
-31.489956846249633, 0.5976634027463399, 0.9608170758378524, [1]
-30.563595522386482, 0.6821702043181249, 1.072447870988538, [1]
-31.632053750934215, 0.7376254719370959, 1.4409799714100961, [1]
-30.92696235931858, 0.6019912560976701, 0.9169547606678712, [1]
-31.157854502385625, 0.7305056026951623, 0.8334523718250528, [1]
-31.742814032841494, 0.45364685671650273, 1.4527427006791975, [0]
-30.371512405448378, 0.6565499422141404, 1.4658184166200385, [1]
-30.765550323204444, 0.5929238831925655, 0.8182349656211475, [0]
-29.658761482766515, 0.734144454096224, 1.0337804985407035, [1]
-30.66142543780044, 0.7703928910755374, 0.9041740411486441, [0]
-30.293882308705886, 0.6009588306566653, 0.8539622201146014, [1]
-30.78415505474944, 0.5553658344026509, 1.2710794056267871, [0]
-30.872958222591386, 0.8590047504260191, 1.0864886682647157, [0]
-30.98803552948852, 0.8061393149401057, 1.337777755238399, [1]
-30.62152761323337, 0.380989934365358, 0.6840699707078508, [1]
-29.287626291781315, 0.5821137432065682, 0.9783449362713281, [0]
-30.82183910487184, 0.3309173472057113, 0.6932019781723083, [1]
-31.48510244803968, 0.5673892206962987, 1.554805050792415, [1]
-29.881840994086257, 0.4837599939669663, 1.1698714258146423, [1]
-32.26790269612886, 0.7295208470060011, 1.5096441757111505, [0]
-30.47472839052652, 0.512807634464126, 0.8343759486083921, [0]
-29.985286561010795, 0.33994237249021775, 0.9535804544085147, [0]
-31.514167701349628, 0.6722760760695855, 1.2879527213961828, [0]
-29.471346953481394, 0.7418533933129526, 1.5964591076878591, [1]
-32.6815379768769, 0.3997661092713639, 1.2885087654809708, [0]
-30.774194880442742, 0.6415200675503016, 0.8050336065348688, [0]
-31.018748292613356, 0.7714554140529192, 1.3846228531926636, [1]
-32.18791821929003, 0.48331504479480597, 1.048703446509248, [1]
-30.2002885105351, 0.3811885005973896, 1.4230913388362971, [0]
-31.881978165651454, 0.6091059766754734, 1.2582960296367807, [0]
-31.49188697923061, 0.539456191520635, 0.6529712196796278, [1]
-30.630895044814476, 0.8799744822012319, 1.2604591429663436, [0]
-31.387528579848347, 0.3956314919790026, 1.2729416768306017, [1]
-30.763796303599978, 0.6461252971259077, 1.3453755581950524, [0]
-32.76674742731689, 0.7559531928029988, 0.8198988767557973, [0]
-31.404105520563846, 0.6713248024514957, 1.033674088445471, [0]
-32.44502816961185, 0.6533506970322296, 1.312397230760486, [0]
-31.024322446338697, 0.4821162778982404, 0.8684652631378621, [0]
-31.478359824009157, 0.5866479950446697, 1.2150533555236884, [0]
-30.306394861979463, 0.5439837952045046, 1.3504639415620752, [0]
-30.270979684095682, 0.804744257960901, 0.9959934044634418, [1]
-31.355012721429805, 0.5005676758289164, 0.8362841306065637, [0]
-30.472147467322667, 0.7326594194131378, 0.487122996704628, [0]
-31.00823256260325, 0.4997530420728472, 0.950861667857207, [1]
-29.022053346111253, 0.5596175291024241, 1.0476564814908953, [0]
-30.614619967396763, 0.8200582799491012, 1.1466332748383712, [1]
-30.20510998305489, 0.5469704653591644, 0.6974959247689556, [0]
-31.38354103202955, 0.6436200034149926, 0.9172513036588754, [0]
-33.136890163188625, 0.7573194140130699, 0.4229914973187726, [0]
-30.344441693991755, 0.6625592915300433, 0.3910951279471103, [1]
-29.954522780272423, 0.7948491158162848, 0.674875252457408, [0]
-30.452679546460658, 0.33819297085879463, 0.7587223597754612, [0]
-29.48057188349634, 0.7484305202805682, 0.4295499789315741, [1]
-30.179408760301566, 0.4361556788519181, 1.131535569667414, [1]
-32.618163181337465, 0.4668513898675024, 1.1966216374362493, [0]
-31.757371381928976, 0.8987928579051463, 0.9641698481161562, [1]
-33.02698791622635, 0.5840388619909783, 1.250750688486, [0]
-31.745802843960263, 0.5623716776209732, 1.7997706757872487, [1]
-30.341569152561647, 0.6568060820486811, 1.0569475679118938, [1]
-32.57664758770376, 0.4859125159900255, 1.0157137641536984, [1]
-29.98924020732556, 0.7145656168584598, 1.2033213364993227, [1]
-29.741529196005803, 0.4789780752921704, 1.0357129207813847, [1]
-30.74061548422882, 0.5453284789723882, 1.4766748654247701, [1]
-30.10089580395738, 0.5463015029675582, 1.5747619071593935, [1]
-30.199105669613047, 0.5873713761308171, 1.236793332484346, [0]
-30.357437544156806, 0.6828251332354122, 1.2409558866825083, [1]
-30.560907671918915, 0.47212519341561265, 0.9800574598013384, [1]
-30.960374354960123, 0.660001392556057, 1.1425371429885067, [1]
-29.200583428393127, 0.5002196717291472, 0.524368221507725, [1]
-31.4635522472502, 0.4821453311962098, 0.6731479335459575, [0]
-31.495884642205134, 0.7221174480660202, 1.0415581266048108, [1]
-32.505961570042274, 0.9638101032280902, 0.5244485828917386, [0]
-31.41600255609794, 0.06164507328210639, 0.7274642076728801, [1]
-30.606704550715783, 0.8752949719790588, 1.366937855084244, [1]
-30.561777905256104, 0.7145517356337601, 0.7710049866065674, [1]
-31.454462247882045, 0.44483974304602797, 0.9018842948327155, [0]
-32.086535684769466, 0.6300890581074381, 1.0589537981911656, [1]
-30.500791136215756, 0.5566215527683318, 0.5657187968632538, [0]
-31.235082687135126, 0.8034988096964389, 0.9889701988348616, [0]
-29.83222608028065, 0.5934054669933326, 0.7475646838523411, [1]
-30.583294353139063, 0.5141269456675721, 0.35023325907687786, [1]
-33.62018471530734, 0.8738192544930289, 1.1094721742517115, [0]
-32.15438434466748, 0.7276969727932102, 1.433787386920912, [1]
-31.28541893987879, 0.7721847381951076, 1.1407568445339313, [1]
-29.935479592232138, 0.6730157684811959, 0.9774825659314383, [0]
-30.38234753145088, 0.7343735423067999, 0.8853193819010197, [1]
-32.36442223932233, 0.574868858265182, 0.7137125032336663, [0]
-31.02937270381029, 0.5961482616336623, 1.0999145615993902, [1]
-30.22171095559561, 0.7182616090441175, 0.786070413066049, [1]
-31.815076794473825, 0.7122432429569968, 1.0448893206776506, [1]
-30.382430398412552, 0.6972428730769856, 0.5690232781759558, [1]
-29.903737764169453, 0.6645664336734065, 1.5748250823021297, [1]
-31.746331203422443, 0.862779038673753, 0.2250303994758835, [1]
-31.115040747744466, 0.5552039749576945, 1.3441516936659563, [1]
-32.32428768062362, 0.47859242728891427, 1.4511196333329137, [0]
-31.494675501394752, 0.767180553086882, 1.2557907817396863, [0]
-30.677195747045253, 0.5728549993189529, 1.1737141280457202, [0]
-31.80078509495393, 0.6455421711724176, 1.1019362147906948, [0]
-29.885379492639725, 0.701411447321898, 1.4724568749156393, [1]
-29.64754566051966, 0.7686705840437621, 1.187722870961962, [0]
-29.375365489271218, 0.6851537984408843, 0.7991466517438203, [1]
-30.10521982779222, 0.6141386719777396, 1.066946489656192, [0]
-30.424836552356332, 0.25820203231580685, 0.6104486226430462, [0]
-31.83106292798128, 0.7585925269611522, 1.406245033384763, [0]
-30.15501982426922, 0.5209329034967614, 1.227649127667484, [1]
-30.846536782983904, 0.6707762328765954, 0.7260868014966699, [0]
-30.53683434616819, 0.5739763506857529, 1.5012521191836397, [0]
-31.332543453546908, 0.4428802201752587, 1.2921040793104968, [0]
-31.77507581336723, 0.7229448089667061, 1.7014240143135018, [0]
-29.98509473844195, 0.6381908444404594, 0.4766460371703861, [1]
-30.511304405455018, 0.5280889301433556, 1.1110899761231698, [1]
-30.490819618899884, 0.794629259534879, 0.26002664919892293, [0]
-31.951276378727535, 0.5617500195692463, 0.9380478942917287, [0]
-30.89448009542773, 0.7500340528954381, 1.3629295445652254, [1]
-30.92420272419904, 0.5655300309998441, 0.9026677782835838, [0]
-30.260165985794554, 0.5584888745528269, 0.8872809260809147, [0]
-31.06101760439843, 0.5599288647550993, 1.1317902087788956, [1]
-30.5593552934377, 0.5738361818151725, 0.9449843253241583, [0]
-30.02079332779654, 0.6561128443550377, 0.8740713489143249, [0]
-31.285563205097656, 0.4547734543157722, 1.3003988375188322, [0]
-31.133367295117445, 0.48277028201471855, 0.65455758237101, [1]
-30.97228088355684, 0.8052662574885587, 1.0460938441502874, [0]
-31.6866540932976, 0.7750156617801129, 0.8039463164479606, [1]
-30.222616203828693, 0.5701685087086457, 1.1020240304926596, [1]
-29.850367939284045, 0.6676504383301156, 0.3580419889997911, [0]
-31.157835291443515, 0.7074842537725713, 0.9093111030220224, [0]
-31.792769267112664, 0.5626040325224451, 1.203051226219771, [0]
-31.043032666679657, 0.7160488168759372, 0.7118195782825653, [1]
-30.248277211157305, 0.46167472208810767, 1.069184038524522, [1]
-30.44792147612559, 0.4894769497876184, 1.4234847957788772, [0]
-31.53537071747908, 0.9324926867249608, 0.6985424421234315, [1]
-29.17667902966131, 0.4877660930309896, 1.6618599767916313, [0]
-30.687264873897938, 0.8483567578403852, 1.0612848747294719, [0]
-30.877482171219263, 0.8355175104658169, 0.7700471115736834, [0]
-30.489955551422323, 0.4612588968857891, 0.7013764210463876, [0]
-29.60506139792692, 0.6094553757879665, 0.9035487524470314, [0]
-30.583274993654456, 0.4720001926505725, 1.1538126094163115, [1]
-30.315449584303067, 0.3933268614362864, 0.8458581672205238, [0]
-29.605388563315895, 0.8738287490158914, 1.21505830380999, [1]
-30.44774918822804, 0.702230909270209, 0.8360054059599802, [0]
-30.162279366093276, 0.8523037075155492, 0.35215083728139207, [0]
-30.3081522731996, 0.7820409005427958, 1.3564527833223199, [1]
-32.493987754986435, 0.6547588552855046, 0.9608759566420626, [0]
-31.17738011493493, 0.5660840036795677, 1.5877932591864063, [1]
-30.624650402265015, 0.5912846302229986, 1.0723662019115088, [1]
-32.06136549585488, 0.8075783764557496, 1.117713581732346, [0]
-30.843622260741977, 0.5517370815003544, 0.5667914390174182, [1]
-30.05004394068733, 0.5710541347745084, 0.9788869665632032, [1]
-31.446218489237243, 0.5796777943642121, 1.6909212590614047, [1]
-29.934356253933966, 0.5972645401300891, 1.0215790727699572, [1]
-31.35329225239077, 0.5437030353540732, 1.3437447382771814, [0]
-29.718759859230012, 0.5153490203767412, 1.018387905748182, [1]
-31.920637680113252, 0.2500540662661652, 0.9010365091750593, [0]
-31.223937937247495, 0.9152455634756606, 1.3050626433420884, [1]
-29.916111188725427, 0.8575389920545831, 0.6627648961797886, [0]
-32.29042829077823, 0.801553517595402, 1.2606780498401968, [1]
-29.858255251151306, 0.850275518949868, 0.49443637168325694, [1]
-31.32232349251694, 0.6549577604303688, 1.317222325730382, [1]
-30.10915372594576, 0.6321431488123623, 0.9351728918353942, [0]
-29.494722256209517, 0.6582040306331021, 0.9810472190819758, [0]
-30.53187442047084, 0.7084449859065132, 0.9339532288840479, [0]
-31.609376696253694, 0.6525140631099462, 1.07240505854851, [1]
-31.619634166951172, 0.5525354423688935, 0.9843147965627717, [0]
-30.96607876055808, 0.7302686626548476, 0.6790592155648634, [0]
-30.76441505286067, 0.5901120195407586, 0.9041308128690992, [1]
-30.546212402721302, 0.5613990339865865, 0.9793257990416293, [0]
-30.718538793084, 0.5698925603581584, 0.8017111142843177, [1]
-31.889874765354495, 0.6798140379254882, 0.958841855717125, [0]
-31.566630945506144, 0.7773335094741057, 1.0489988198016529, [1]
-31.444817214702624, 0.6953600129459311, 1.3888981130469504, [1]
-31.182782159626267, 0.6635931996085087, 0.8982575253509095, [0]
-31.967158800158366, 0.6941137159094465, 0.8061935011413994, [1]
-30.466314477579004, 0.7274019037015134, 0.8635692506257884, [1]
-32.06380833144333, 0.7833855865481736, 1.303063151372543, [0]
-32.94556445807754, 0.6041040314380699, 0.8818300068299192, [1]
-30.93750953060141, 0.6266523265613132, 0.2820278963733273, [0]
-32.84317820775229, 0.6679656020096828, 1.3796761648086726, [0]
-29.73656540768875, 0.5839651384723221, 1.4180371935744567, [0]
-32.649138578940175, 0.504548758101584, 1.6041288620318532, [1]
-29.846575616171087, 0.6602489366724462, 1.2048322597828538, [0]
-32.11710518350633, 0.9311061145961261, 0.8740177242232163, [1]
-31.570339122824347, 0.4270454134211012, 0.9949802581019693, [1]
-31.124854340934537, 0.7766249088794782, 0.6933565571744956, [0]
-30.78015167851273, 0.6869370294973652, 0.931567028704948, [0]
-32.47139987487616, 0.4898021441339042, 0.3740858211690125, [1]
-30.276420218885658, 0.6682256060151236, 1.1639920029171016, [1]
-32.26639708543244, 0.5570866974635236, 0.8540061952153627, [1]
-31.07365439658364, 0.823598846397352, 0.7754193484761305, [1]
-30.466048714814487, 0.5760520144832988, 0.7186851766148282, [1]
-30.53615408548922, 0.7603261182616678, 0.8498779430978148, [1]
-29.934288662388507, 0.46254634196611366, 0.7320948708681423, [0]
-32.120934072848264, 0.5975034869427942, 1.4010962124317827, [0]
-29.795586130568573, 0.9458369543756847, 0.8224405247820374, [1]
-29.60702960870813, 0.4815420037275159, 0.8589827569295712, [0]
-31.646134939113146, 0.6289654193072736, 1.7041741162135313, [0]
-31.20081516954089, 0.7678725198039038, 1.1605100302239255, [0]
-32.53873416299001, 0.7269191757399758, 0.8613330371581682, [0]
-32.24874659745228, 0.5961942769137468, 0.968629968222672, [1]
-30.35654630642122, 0.5885023943671682, 1.02639133153964, [1]
-31.13343138292261, 0.6134492066204198, 0.8600924931667724, [0]
-31.32579465302712, 0.7692624530185853, 1.144724977248331, [0]
-30.341816288112863, 0.9520324924327227, 0.4132963453097754, [0]
-31.039052502490623, 0.8589961509608459, 1.4298399339100367, [0]
-30.69984729270926, 0.7862558969773333, 0.8331864326705396, [1]
-30.559421434071016, 0.7555588924205259, 1.2329439093778503, [1]
-30.184277473307873, 0.8701398903430253, 1.0410235570684527, [0]
-29.384384136492475, 0.6663788747648847, 0.601078963439122, [1]
-31.408341135026866, 0.8454542329561049, 1.1505536650778887, [1]
-30.302852607958652, 0.2912799615605838, 0.5725378933141049, [0]
-31.522841539448596, 0.5093168115022407, 1.3764709470117342, [1]
-32.20254769413939, 0.7136382529004874, 1.5321387365302583, [1]
-30.432681868901987, 0.642123454820148, 1.1274697691990023, [1]
-31.950382809547794, 0.4393279124510414, 1.2877473963379653, [0]
-33.13286582675413, 0.46225894692510255, 0.2509330619148007, [0]
-31.094411199281108, 0.5859435587730073, 1.2091700015989968, [0]
-29.594021255524947, 0.42702214060178345, 0.7400180664846003, [1]
-31.343052945612506, 0.6573941752644091, 1.1593458815155757, [0]
-30.64863326021179, 0.4722818417692573, 0.6637763835378307, [1]
-29.022205020301545, 0.834896407762144, 0.8647570328078553, [1]
-29.403880804789917, 0.5857232811913952, 1.4068848819783384, [1]
-29.4495685695243, 0.779314345449692, 1.3087035388326904, [1]
-30.872829412977477, 0.7595417055693326, 0.8917346492289857, [1]
-29.88349577319091, 0.5461281385923177, 0.6374161302980863, [0]
-29.28341801230587, 0.4052457306780347, 1.1093379589081953, [0]
-29.664112796391336, 0.4824064690224572, 0.7592818168624738, [0]
-28.770368006968546, 0.7327184771112002, 1.260486820363702, [0]
-31.64705202795993, 0.6009616559048224, 1.6324699173554937, [1]
-31.47921753341452, 0.6173021502827631, 1.541506628501642, [1]
-31.612532238826727, 0.45344479067211335, 1.1209034265695614, [1]
-29.79394797648719, 0.6387764183053701, 1.0723868386725817, [0]
-30.165428616997385, 0.7850027432382565, 1.0959422024853067, [0]
-31.638742385581846, 0.7838895452854302, 0.8383212839130645, [1]
-30.662710278700303, 0.8979375382877183, 1.0456202358656728, [0]
-30.47712669316371, 0.5766935166057499, 1.5620881596299485, [1]
-29.918134410292726, 0.6802990655016057, 1.2322797745069116, [1]
-30.854689854941018, 0.7560289482969086, 0.7444572563425633, [0]
-32.24352110053808, 0.5211096642117904, 1.366565345158898, [1]
-31.343064280751584, 0.517312853404559, 1.468693166728855, [0]
-30.7614253728087, 0.6001551552688883, 1.024657407430255, [1]
-31.92696335574861, 0.67452840081323, 0.9152533709483116, [1]
-31.995840264297488, 0.22762801147251716, 0.818850813401817, [0]
-32.278070887301006, 0.5865738986533038, 0.7140552663124813, [0]
-29.814824350201945, 0.731407936564733, 1.4681430301244194, [1]
-32.8406942653406, 0.6861928181573322, 0.46856324179777153, [0]
-32.70010644094163, 0.5502142175420848, 0.9208246042201429, [1]
-31.62876709332248, 0.8081547826215343, 1.0055454752810289, [1]
-31.39805265879188, 0.8363378390688088, 1.1701599916329515, [1]
-31.13738404023945, 0.7188192998092304, 0.7908214835531773, [1]
-33.80292899080141, 0.5409076592290086, 1.314825043035371, [1]
-30.958967110384556, 0.583118392566507, 0.48791985790529896, [0]
-31.678595066119684, 0.3914410904876197, 0.24958021829713817, [0]
-32.08389007192373, 0.6650970253082575, 0.7519036524949376, [0]
-31.41475007525548, 0.6160561235691512, 1.3988268215968387, [0]
-30.283645095161937, 0.642587401712892, 1.3334063619738763, [1]
-31.72010991651554, 0.7459587159393489, 0.5985489941871521, [1]
-30.73967107551108, 0.5911339049308573, 0.9538208711660082, [1]
-31.501983730390112, 0.44745217360190326, 1.127805540309637, [1]
-29.371240388879723, 0.7606109500452672, 0.4290753498643561, [1]
-30.814542196715315, 0.5857647009354368, 1.0652012729047102, [1]
-30.674408968040982, 0.4261935463779978, 0.9809278751743518, [1]
-34.85798156797558, 0.7694839088462894, 0.7136747240893092, [1]
-29.945522166972896, 0.49259350708269956, 0.6725673361661377, [0]
-32.487246839064646, 0.934867607812662, 1.0616945608346022, [1]
-30.78514140439635, 0.7244113209927432, 0.6517125437124021, [1]
-30.78424105045833, 0.3964820826220019, 0.8163326983174947, [1]
-29.14411855556898, 0.6129446000522121, 0.719650283456658, [0]
-30.803402356225867, 0.8391921974009844, 0.4327806175954112, [0]
-30.857611128192364, 0.7692712751797777, 1.0430450078798665, [0]
-30.60712395359154, 0.6912764615913243, 0.8601867104535995, [1]
-32.02299548412747, 0.42070170898588144, 0.8443318102430076, [0]
-30.11472052939464, 0.8955045477247909, 1.4315740285788348, [1]
-29.467380891432732, 0.6984005247043367, 0.87608912225853, [0]
-29.95566196071885, 0.6143636455050819, 0.6449697589258461, [0]
-30.414042449168498, 0.8570296526310258, 1.1760065844625065, [0]
-29.805863466318648, 0.7007962658623627, 1.445940731643501, [1]
-30.654242174346944, 0.6766425770228253, 1.074562261579462, [1]
-32.43456184296394, 0.7535092225351568, 1.026504033377272, [1]
-29.876535448782157, 0.7456697079884597, 0.9465168070788461, [1]
-30.180664550643424, 0.4704864508773041, 0.867355369560966, [0]
-30.31784672208015, 0.5033992607856872, 1.4323305633347616, [1]
-31.7422062553544, 0.5738794320312414, 0.9954762502171141, [1]
-32.472843376825374, 0.5800365713997059, 1.4851176442118288, [1]
-30.05268886426849, 0.8113701252192068, 0.9005865116424989, [0]
-31.33807062013538, 0.787090595919545, 0.6253874907830422, [1]
-31.675361822725883, 0.7640540564327898, 0.6378655321409654, [1]
-31.62520764315573, 0.7510976420894659, 0.7332731836052713, [1]
-29.02911957639707, 0.5691289748351807, 0.5846329818253747, [0]
-30.886873608290017, 0.8116266642530332, 1.1647725077670938, [0]
-31.827662066759615, 0.7304902846801542, 1.1832622343015586, [1]
-30.99447067021571, 0.6784606218734421, 0.49874574629938767, [0]
-29.98037851606636, 0.7472315734898507, 1.194453811161488, [0]
-29.535846129212107, 0.5746949083484991, 0.1817600593738416, [1]
-31.84996591940738, 0.7391788387250232, 1.2419509400755706, [0]
-30.633819389473096, 0.6908324208764605, 0.9955715220593678, [1]
-30.135903858258636, 0.5413743434606433, 1.0128542685643676, [0]
-31.597768372735253, 0.5066289791485826, 0.7968327358968983, [1]
-33.084734333129795, 0.7453624278044696, 1.2305366309555252, [1]
-32.673956591087176, 0.801389045276972, 1.163576584001693, [0]
-30.232077074197885, 0.5937921960091279, 1.037621777409868, [0]
-32.4994257162595, 0.5734436141227598, 1.1978517019867907, [0]
-30.27004956094909, 0.6389942520844558, 1.330455507733152, [1]
-31.076465026453544, 0.608913180278582, 1.2130994879676615, [0]
-29.441072947726862, 0.6306546981256131, 1.7904457866579981, [1]
-30.310978398752315, 0.5896921173193153, 1.1113073018076807, [1]
-30.07002722082386, 0.5732288387649588, 0.9522720010331064, [1]
-30.619702082283283, 0.8849095453404957, 0.5666670921181134, [0]
-30.361986370408378, 0.6313373043333048, 1.2978421964084925, [1]
-28.97467853613818, 0.7690954425587597, 0.8259266665623832, [1]
-31.190787510666617, 0.532985055841722, 1.0972201300464361, [0]
-30.49274365570008, 0.4514250915171201, 1.260166400048071, [1]
-30.037927204472076, 0.9951213998852784, 1.3013648897377597, [0]
-32.00525527085967, 0.6997489429164195, 1.1025979931275494, [1]
-30.663367965615564, 0.8611203399187313, 0.9297307253488005, [0]
-31.151857702046946, 0.5574032005391791, 1.2029179963279002, [0]
-31.8892722264024, 0.767209420551149, 1.1589743049736665, [1]
-30.09730910523629, 0.8272720052031247, 0.7691057448232252, [0]
-29.809021294300663, 0.6759186777524537, 0.7666110016638212, [0]
-30.135838382833942, 0.8953135625294075, 0.1578207365485912, [1]
-29.70135663913171, 0.5850481582146209, 0.8303388691887605, [1]
-30.81242486301317, 0.5782451964894362, 1.208743490442698, [0]
-30.46247466596815, 0.43949864384193993, 1.4263669778423254, [0]
-30.770120588888123, 0.6831643718988798, 1.3385463811531735, [0]
-30.25935452473859, 0.676068916855086, 0.9014003419043216, [0]
-31.341830253154267, 0.8002737349757116, 0.630229902442639, [1]
-31.944217456490872, 0.6223616943981765, 0.8081790282363467, [1]
-31.91197271377248, 0.6229925027989434, 0.8695630018485512, [1]
-30.45917985798269, 0.6701858498524839, 0.7508120707512353, [1]
-29.574755514637477, 0.41524574889667376, 1.2581390604505935, [1]
-30.147057526838008, 0.5635513276591866, 1.0759821930321167, [0]
-31.1087011200034, 0.6967359929076326, 1.0042226257850329, [1]
-29.910264586834785, 0.7172442775851585, 1.4436370471441273, [1]
-29.61111596014102, 0.6137125114058158, 1.1100332982485934, [0]
-30.319855576449008, 0.6816435831880597, 1.1846790519460981, [1]
-31.113037607187618, 0.6910282502862528, 0.8268148316026808, [1]
-29.85487322926167, 0.7577607336869063, 0.7064609776135365, [0]
-31.241754169105658, 0.4155538957786725, 0.7651260071532348, [1]
-30.2836215241372, 0.5146721790200447, 1.212735506144957, [0]
-29.5507926883723, 0.5537647182781638, 0.9545145862234699, [0]
-29.567550856201816, 0.6585302610593581, 0.9744089342593093, [1]
-30.5788199097524, 0.7802778220181982, 1.1065642986714264, [0]
-32.16844652353323, 0.6538486632737565, 0.7903855596318297, [0]
-31.014187855886266, 0.5933104146195276, 0.6991018594726532, [1]
-30.474154441917392, 0.5594051275857123, 1.258539669690394, [1]
-30.55723412242957, 0.5694664960091402, 1.1375648644413632, [0]
-29.90834384881244, 0.7014094597202202, 0.6781098300984896, [1]
-31.63383528260873, 0.6014447220239749, 0.8106136135198974, [1]
-30.650519962036903, 0.42800170829510503, 1.2710311650104986, [1]
-29.88712817326094, 0.689454558148331, 0.7976804199175545, [1]
-31.65218517974636, 0.3137500917806586, 1.185749164534629, [0]
-30.86824236410321, 0.6076142063614153, 0.8497769614303445, [1]
-30.758259982497627, 0.7420389037419656, 0.9492808750384374, [0]
-31.35207339644796, 0.7159770293270351, 1.0433279108276037, [1]
-31.596808919872768, 0.8110007225565989, 0.6061823319718296, [0]
-32.132314606355, 0.4871886370231292, 1.2530628977232436, [0]
-30.747923369041256, 0.5603107032088602, 1.507447969711392, [1]
-31.397668693229534, 0.40545651045010084, 1.420424751572986, [1]
-30.687519779191366, 0.6919409135738644, 1.0790558160013837, [0]
-31.410000419739706, 0.6154655509519406, 0.776682410873069, [0]
-32.10589313440299, 0.6031178963098819, 1.0235232537776455, [0]
-30.540303453415575, 0.7306289830648872, 0.9303897630679601, [0]
-30.748645608571852, 0.5623914201534084, 1.1305331501362663, [0]
-30.432990318951685, 0.43574725087418975, 1.0871994098511513, [0]
-29.871170745577263, 0.510077774234003, 1.5890608316977608, [1]
-30.627661352080732, 0.40769045014445543, 1.653648654551754, [0]
-30.6918873511415, 0.6424532359814302, 1.1012813514846231, [0]
-32.188597198353456, 0.7227537228264587, 1.3330612894597245, [1]
-31.131543969419376, 0.673635453281783, 0.7827218246183758, [0]
-29.75182889010705, 0.6596495728624382, 0.7044772010373567, [0]
-30.488294276951194, 0.29242863384225803, 0.5704542655500221, [0]
-31.90094909619238, 0.637942533577573, 0.9951129534625114, [1]
-31.463775304751028, 0.5248356998739151, 1.2811460915421926, [1]
-31.229291266550277, 0.6691255270886787, 0.395923542190795, [0]
-30.041184181398094, 0.6580225246101262, 1.6150066685143845, [0]
-30.327787466744045, 0.7483608680240618, 0.819107211831274, [1]
-33.20499815758128, 0.5505432700245338, 1.550727644955233, [0]
-31.707428645574513, 0.5105081288859039, 1.1374006714685532, [1]
-30.635325540315925, 0.5629557972902351, 1.3109785829900173, [0]
-30.81944462618917, 0.5663422866140713, 0.7100819307334579, [0]
-30.58621589868836, 0.5544945313043877, 1.220849357060033, [0]
-32.15751098650172, 0.718308076572735, 1.5426596030352075, [1]
-30.617374907672897, 0.5699025040123993, 0.6619717956157904, [0]
-29.60672471095387, 0.7172364192837375, 1.167697988027156, [0]
-31.677330974646562, 0.8136279000583879, 0.5311636988306652, [0]
-29.97301604839265, 0.7285610249908198, 1.3714615264122008, [0]
-30.583877013107163, 1.0556837674859914, 0.3263261665714343, [1]
-30.832646670694178, 1.1608366117578757, 0.11245496240809327, [0]
-31.524397598920032, 0.8319986288853047, 0.7904403724033646, [1]
-32.499998527200596, 0.7466504905607639, 1.3417869280073116, [0]
-30.38237085715192, 0.642447575768426, 0.6684252660208244, [1]
-31.220162248002154, 0.5919761309923617, 1.1520457546583722, [0]
-29.285857894903412, 0.6840236040287103, 1.0467734851974202, [0]
-30.86235692072104, 0.6740042453306231, 1.362196920136166, [0]
-30.773810416041453, 0.5426952512453737, 0.9891043710343707, [0]
-30.34110705071584, 0.535731569267601, 1.102008830448151, [1]
-30.323597177906827, 0.6089252998194647, 0.966236455063965, [0]
-30.279467015499613, 0.6733633757946406, 1.027537120049596, [0]
-29.75757060130567, 0.6483912039785026, 1.3748043891840454, [0]
-31.725358722600983, 0.5010339479957804, 1.3545677249787604, [1]
-31.49275202656607, 0.8080405877650966, 1.4752022674500267, [0]
-30.959474488629557, 0.630724272451437, 1.7472186513399037, [0]
-31.22418580941751, 0.5932279321556003, 1.5593655323900253, [0]
-28.80134986600896, 0.4761501764304963, 1.024503730696357, [0]
-29.86392014544612, 0.7271116219703255, 0.5247786241107635, [1]
-31.375035310487135, 0.5626637127922738, 1.3154787422562206, [0]
-30.978171045798398, 0.8297235395644181, 1.5451979403813443, [1]
-30.443441281348214, 0.7436248441459772, 1.0058857640380525, [0]
-29.57090770429279, 0.4833379818634041, 1.3349580663391865, [1]
-29.80900111578374, 0.5805438492068681, 1.4974890615239693, [1]
-31.178141803930824, 0.4359731920471861, 1.0872081236059121, [0]
-30.401658561983055, 0.6490437920971566, 1.0496323329385524, [0]
-29.35014253167249, 0.7003366292007578, 0.9516259291152883, [1]
-30.946484395967513, 0.6974829898816081, 0.8972787861629674, [1]
-30.68480622671593, 0.43459730247197814, 0.9518009142986031, [0]
-30.922134944823288, 0.5603556982857821, 0.84571719724782, [0]
-29.629330050255888, 0.546244981229527, 1.1617736651326946, [0]
-31.56587963944605, 0.6713664588985155, 0.26802975969993337, [1]
-31.686208246754624, 0.5766065074238784, 1.2132243209288336, [0]
-31.779639634861326, 0.45331768688299945, 1.0167530830786164, [0]
-31.263592231752895, 0.3965394372282937, 0.7226886792119447, [0]
-28.95679353595073, 0.5888221204459648, 0.36884939655928517, [0]
-30.61016350024897, 0.44462404775198583, 0.7542852069637258, [1]
-30.382646919956798, 0.43820602659294694, 1.3555012894148142, [1]
-31.2781741504433, 0.7577583358838311, 0.8186679593297708, [0]
-30.014886303761983, 0.7213416309821385, 0.5904204849055492, [1]
-30.55657912900108, 0.87160852199094, 0.8876316398657269, [0]
-31.745945399002697, 0.7004165092688277, 1.0236666099934977, [0]
-30.903112936312272, 0.5771233775737076, 1.251169255333921, [0]
-30.321762378187, 0.5390962718639407, 1.335342051479137, [1]
-31.62558430633664, 0.6851982619342863, 0.6367446741786029, [1]
-30.50952146238485, 0.5760033559073231, 0.4306574975883487, [0]
-30.19228082061383, 0.6621928485810914, 1.4211653016640189, [1]
-31.368774513520634, 0.5227168380050794, 1.3896672400521501, [1]
-29.733976375809217, 0.49785325463686425, 0.805257331609883, [0]
-30.21747825570051, 0.5891945657515452, 0.9640230362578559, [0]
-30.82251848915614, 0.6653333440015454, 1.2987979235131388, [0]
-28.633490545985282, 0.7751010400109096, 1.4226703124236033, [1]
-31.49852570653157, 0.7804636291792821, 1.1019047926127568, [0]
-31.325624193902282, 0.8670848697587387, 0.956246676180919, [1]
-30.493943809405984, 0.522876573360691, 1.5084087658927492, [1]
-31.189278541902606, 0.5798920646150841, 1.0757350296424266, [0]
-30.753180301099746, 0.23448814463690215, 0.6766898247103832, [0]
-31.016978372574886, 0.48663122672817016, 0.9776689093455005, [1]
-31.841941282439265, 0.7623839210998317, 1.2337049180370714, [0]
-29.603943133802517, 0.7543011415127663, 0.9761400637845767, [0]
-31.45278774479658, 0.5793366809609592, 0.5504987170757466, [1]
-28.782670130329524, 0.6786282795671676, 0.8169062109560637, [0]
-30.622650982881396, 0.8588557858853201, 0.8762338603060099, [0]
-31.54200415687302, 0.3766611542027031, 0.8821104021776041, [1]
-30.741742189634977, 1.0384580891643242, 0.6475216656471989, [0]
-32.668010410668174, 0.4056089337225429, 1.1018714377023815, [1]
-30.331083169304552, 0.7419168283632632, 0.8385360732853727, [1]
-29.650474116294046, 0.6973165452971706, 1.2237888618711275, [0]
-30.71617244218878, 0.38305382082324857, 0.9071382859151309, [1]
-30.905833881638635, 0.5548637575454766, 0.7137852311345814, [0]
-30.259386428973645, 0.6699024613947768, 1.1648869264623214, [1]
-31.58572851061911, 0.6073736861788802, 1.345281831571611, [1]
-31.962380941370643, 0.5129989774242272, 0.8701452593369121, [1]
-30.122391921999156, 0.647406235569294, 1.3783863708476165, [0]
-32.14291792594508, 0.6577057505878228, 0.9752885777092877, [0]
-30.36368389025012, 0.729314622265825, 1.0204434246690193, [1]
-30.109402673974923, 0.5273192856892938, 1.0585083093081826, [0]
-29.70458934246173, 0.5500729784187381, 0.9847529239754835, [0]
-30.305941786514126, 0.742536702302538, 1.3768247853209266, [0]
-32.41468551186021, 0.9379536333864827, 0.1766734067865614, [1]
-29.725321981898116, 0.38260896188232174, 0.986887633776096, [0]
-30.350258710087335, 0.6591781100403584, -0.022598527637726046, [1]
-30.510159189349064, 0.6974422048884994, 1.0665506036846824, [0]
-29.45758638023124, 0.505271806775584, 1.1185218358740936, [0]
-31.128612414397555, 0.5930908512067794, 0.42418659426870986, [0]
-29.738379899040847, 0.43972039497533794, 0.9628430988065493, [1]
-30.982210079899982, 0.9516186192733954, 1.1247712170159165, [1]
-31.609301615506435, 0.5603777924018596, 0.18394844066686988, [0]
-31.240250984589732, 0.6359207411953036, 1.525392097944872, [0]
-33.60682241529659, 0.6331268727629857, 1.0302243660812425, [0]
-31.713424662838655, 0.7795680536243472, 1.2745897585994572, [1]
-31.24897976046191, 1.0051538807210152, 0.7366106494138069, [0]
-31.726473100558966, 0.61846208825581, 0.7613117546986938, [1]
-32.053871264160584, 0.7169945818419299, 0.6241819017289452, [1]
-30.50983837490032, 0.5433335800438021, 1.2434454644608672, [0]
-29.966617491846286, 0.6539556115268484, 0.7376043054968439, [0]
-30.799907970942147, 0.671194266888381, 1.1915328165265786, [1]
-30.11118181164337, 0.678498412091959, 1.1043973277342842, [1]
-30.940969935778273, 0.5854704195624832, 1.5507229368315916, [1]
-31.25818703527165, 0.5075669150489805, 1.0832174357297637, [1]
-30.407854371813237, 0.6379236240369963, 1.4992428844241763, [1]
-31.331477112839057, 0.723869938544864, 0.6287235315175348, [0]
-30.73838033630554, 0.551561203685949, 1.7136978681078667, [1]
-30.787738775754725, 0.6157213989812313, 1.28511254521499, [0]
-31.66840945175507, 0.668532894914012, 0.9377879812544843, [1]
-31.92546830491837, 0.7323205087067512, 1.1704049730873434, [1]
-30.657341125274552, 0.4305507206230326, 0.5597854700607052, [0]
-30.870581068190376, 0.7702848310985781, 0.7124922740388369, [0]
-31.05771760021213, 0.5861148704167292, 1.1816789702673371, [0]
-29.976525249287175, 0.6501369830977511, 1.4205364506361295, [1]
-29.049879520578653, 0.654837217952458, 0.69128425798652, [1]
-30.619594384925882, 0.4659216902623808, 1.2742519271057438, [1]
-30.603495953667494, 0.48932906690864575, 0.7366080206610157, [1]
-30.579724220399136, 0.4606707503438114, 0.9802712097954523, [0]
-30.176565749579577, 0.4732937531686199, 0.7464620991055149, [1]
-31.2001556900302, 0.9504497512945254, 1.1203173388645111, [1]
-30.20332356380898, 1.0031626671030367, 0.9741832389744741, [1]
-32.04928147908488, 0.8131122120889825, 1.0161850687694338, [1]
-29.757337938419422, 0.9597509157290386, 0.684620738000413, [1]
-30.699947055859123, 0.43255775644628586, 0.9038803573204768, [1]
-30.721579940748473, 0.5365780568902947, 0.9695966491973329, [0]
-30.377284301429597, 0.30029334874290137, 0.8627313997460375, [1]
-29.896762966194068, 0.5741285259968699, 1.0748011256527226, [1]
-31.115881040598875, 0.6458389743889602, 0.9785559433246729, [0]
-31.375086242394442, 0.5493103700528332, 0.6915020467907453, [1]
-30.630132207548122, 0.7441588006807318, 0.9457903275454296, [0]
-29.943674995979922, 0.7663078078029072, 0.837490259721479, [0]
-30.748989424534958, 0.9117110399191636, 0.35530276027590674, [1]
-31.488439675590183, 0.617012673282729, 0.6274047527347161, [0]
-30.43752787856014, 0.626856207237553, 0.643301016941778, [0]
-32.475363854949855, 0.5645646160528311, 1.3191551034091569, [1]
-31.63172731326212, 0.9410438525440064, 1.0960307728279617, [1]
-31.29566640801779, 0.6076378284366074, 0.9076325059182991, [1]
-30.11716144798437, 0.42457558432022424, 0.9916664889104037, [0]
-30.016919198175202, 0.678174121202631, 0.9660465876559287, [0]
-31.573062419370498, 0.554755619003511, 1.2319496135092967, [0]
-29.352027872703918, 0.7716639362573503, 1.0951251832496838, [1]
-31.349879335206058, 0.47106218686299867, 1.1393619960176893, [1]
-30.957422507633282, 0.6096516821094149, 0.7509998464917441, [0]
-31.12013502167309, 0.6512358948407131, 0.9438340787956573, [0]
-30.651847431785622, 0.6056857312149202, 0.3930606130400878, [1]
-30.702678552124667, 0.5344252936367856, 0.5375563735825407, [0]
-30.32092472758918, 0.19786018207926365, 0.06324225061398966, [1]
-33.22723168118523, 0.80600330952936, 1.215163280759911, [0]
-30.261372458352692, 0.7129610188910074, 0.8479355109971356, [1]
-31.807287985355334, 0.5195510513852547, 1.125970273782873, [1]
-32.63358072183828, 0.6634575513986256, 1.2790778828671674, [0]
-30.98357017565742, 0.5980224928028767, 0.6328691323940928, [0]
-31.06677704927165, 0.5748133554197973, 0.20914612557634638, [1]
-29.73853268307841, 0.5814757722737628, 1.4628324130397252, [1]
-30.451993773845565, 0.5259756722418378, 1.0800345006624648, [1]
-30.314529087277354, 0.4399238048730896, 1.1818096058259078, [1]
-31.61794716595184, 0.6170215435668583, 1.1566483051604233, [0]
-30.18903001883267, 0.588074321651881, 1.3770604166303535, [1]
-30.322634144873238, 0.771176406348458, 0.929127865366307, [1]
-31.025011663149073, 0.6979513283622173, 0.7280684324512059, [1]
-31.15103306178573, 0.7183594637305138, 1.138298229669406, [0]
-29.833964130001227, 0.7149408400421635, 0.5991270875898037, [0]
-31.67037330026717, 0.49595152775633616, 0.9987835401505967, [0]
-30.927571931561307, 0.41143198784576507, 1.1819170856389563, [1]
-31.691564201168816, 0.43746258899049245, 0.8018215729434094, [1]
-29.851767429950637, 0.49860271022685565, 1.0545885560607369, [0]
-30.88725357212633, 0.5209884164438918, 0.16707320333057218, [0]
-31.306792682381317, 0.611162982525219, 0.7104453878744341, [0]
-31.21724070354616, 0.8155107532248257, 0.8630272399836678, [1]
-30.83495200819603, 0.4873313965682033, 1.065870114300984, [0]
-30.92607133520579, 0.471562279771062, 0.9644535555333976, [0]
-29.937643368726853, 0.7228504740443438, 1.0313300560441165, [1]
-30.856953036052648, 0.7107333625135048, 1.1334396136670222, [1]
-30.275422375294692, 0.6596639129677073, 1.305648205911762, [0]
-31.400588786259988, 0.5116833580425448, 1.1133818326963618, [0]
-29.3667849196782, 0.7695431012029196, 1.1861007235506444, [0]
-30.182497036464465, 0.7161400036928796, 1.0545135727362578, [1]
-28.922481372345974, 0.37042960037577344, 0.882285299754086, [0]
-33.67017687465633, 0.5772192262756473, 0.6252249262819467, [1]
-31.08111139824297, 0.5057364549677875, 1.5205709420798497, [0]
-32.008880821032896, 0.5533859170326875, 0.3575730631133329, [1]
-31.00528118039592, 0.5958894043762537, 1.4751498257257085, [1]
-31.249469307435177, 0.7863931780497068, 1.1109495168097772, [0]
-30.029719453981144, 0.4310750389819132, 1.1757584349172012, [0]
-31.2622322096523, 0.5640658511011454, 1.661563583270775, [0]
-30.54122118130095, 0.7190146413308784, 1.3571916665748287, [0]
-32.23826740296181, 0.6497711175247762, 1.052125618886677, [1]
-31.04290704127105, 0.5386801191356143, 1.4886935667170635, [0]
-30.493392790755056, 0.3370100402453108, 1.3034143344597047, [1]
-32.06641085750212, 0.3860440400024457, 1.3857161055686764, [0]
-30.733381385453708, 0.7993924066183438, 0.546257106811777, [0]
-30.588638721097787, 0.5512068942365991, 0.896376329748418, [1]
-28.9071186478687, 0.874225198441573, 1.4515715362036652, [1]
-30.276718336994914, 0.6114702644448518, 1.0740357612185631, [1]
-32.587160128434235, 0.5361751974458936, 1.3532875065348746, [1]
-29.91305825603813, 0.794424268230608, 0.7841649941043216, [0]
-30.17416652987831, 0.6092231232736022, 1.3018681183001717, [1]
-31.956221341043875, 0.9578145964200114, 1.1011400759561072, [1]
-29.615316173239698, 0.5473134640297854, 1.1224722238557094, [0]
-31.655484288914955, 0.5966664518321552, 0.8533854021871482, [0]
-31.73919096301995, 0.6399394466650521, 1.4014849015851185, [0]
-30.44112246309845, 0.6787245399318274, 0.799275211582838, [1]
-29.861626175876292, 0.6092695963812166, 0.7375471454128344, [1]
-32.23995093841306, 0.7335532699950141, 1.1926701361782124, [0]
-29.48455142927977, 0.691924204404889, 1.5204398422363743, [0]
-29.833343451889665, 0.6682025766804006, 0.5901260449218755, [1]
-31.341445222991677, 0.49547281730570236, 1.1438283730284553, [0]
-29.810173112802392, 0.5338060364813486, 0.7509267486568142, [1]
-32.763237442384835, 0.6355414666621886, 1.1449759049699455, [0]
-30.047776447912373, 0.5129385296627078, 0.4895036703166519, [0]
-30.10328552851379, 1.1227754537247112, 0.5864715583463194, [1]
-30.020105259462017, 0.8184337688048917, 0.730735064299549, [1]
-30.6269962505775, 0.5476339515271981, 0.9799905193755878, [0]
-30.371645138346288, 0.7379697792264384, 0.9913033724779948, [1]
-30.46822594176126, 0.8730637042246466, 1.0345179434996337, [1]
-31.69019354427004, 0.44895657877927747, 1.101490488762282, [0]
-29.88465098918157, 0.6298311914977447, 1.5748766877900744, [0]
-29.867462400580735, 0.49295345003399255, 1.0929172617451732, [0]
-30.348894021497717, 0.8212206776426012, 1.3852715434859664, [1]
-30.611096130207056, 0.6576208551117636, 1.205728553814206, [0]
-30.77974133084504, 0.4116430083393133, 0.9439150191518904, [0]
-32.02936984556545, 0.7761083594987769, 1.1450050490526542, [0]
-31.484898552086214, 0.5298844404156765, 0.9066863115294161, [0]
-30.48828042638828, 0.6938358622173186, 0.8960166157833371, [1]
-29.93058983506325, 0.6115698445102515, 0.8068769010446317, [0]
-30.667347874562815, 0.6200306504668595, 0.7219769709720302, [1]
-32.53790445561717, 0.5626860710371554, 1.6582708150334833, [1]
-32.629123858917886, 0.583110794465994, 0.7350485499813746, [0]
-31.48995701034199, 0.5927751875483501, 1.3973375012500207, [1]
-30.61098050195289, 0.5483817211370363, 0.5595350030839695, [0]
-29.79612344094454, 0.8222676524214766, 0.9223751581608575, [1]
-29.26533340678241, 0.37391729744771746, 0.8023864410187149, [1]
-31.266755912908554, 0.842126073461611, 0.5442229662956205, [1]
-32.03780847867172, 0.6036641792198281, 0.9430229091828797, [1]
-30.053237004059184, 0.5159757311466895, 1.1544684813858719, [1]
-31.66260573005992, 0.8495708550750094, 0.8370229181525799, [1]
-30.785981622286858, 0.4477472607201295, 0.9283711028830204, [0]
-30.466034459842422, 0.5840171750301277, 1.260346860074901, [1]
-31.591096407515497, 0.4950251074216405, 1.1118565557547146, [0]
-30.226452760222944, 0.6593140625630494, 1.465208282305411, [0]
-30.858621718773865, 0.560437993022412, 1.2075530972466946, [0]
-31.32263018488824, 0.40281045078047406, 0.9243063983576911, [1]
-32.10635381712986, 0.60670949082289, 1.186324854782967, [1]
-28.9194133686298, 0.6341143774410274, 0.9977069156717158, [1]
-30.426441361345574, 0.6308102131151974, 0.6743085548653733, [1]
-29.795473942871983, 0.6053645412164815, 1.3350021747386722, [1]
-31.95433606912931, 0.556260161428132, 1.127425582712833, [0]
-30.2127892956604, 0.8827732958666974, 0.3149767073303389, [0]
-31.396266165055994, 0.6796198419416869, 1.2144253606834696, [1]
-30.861294943527597, 0.6607357955154856, 0.8593032556308441, [1]
-31.702533022113606, 0.5988796301086541, 1.226251064700388, [1]
-30.228322484043876, 0.5481416406367136, 0.8659885228810777, [0]
-30.635526910983604, 0.7005409580268036, 1.2428430279091756, [0]
-30.169703502923962, 0.5538152617202978, 1.3943742824532832, [1]
-31.260865241332333, 0.5911946760268708, 1.334311095572992, [1]
-29.839293139221564, 0.47163603292711676, 0.7980159283318252, [1]
-30.11398766317083, 0.6640339895770353, 1.3756196660526223, [0]
-30.454716094887374, 0.22588712555305757, 0.235719622049896, [1]
-30.00074164773341, 0.6496247264033586, 1.1146534353640407, [0]
-30.85131544324756, 0.7056576933630526, 0.2772189457501253, [1]
-30.29160529986376, 0.3705982615775142, 1.1020815758878924, [0]
-32.604662027610956, 0.6492472703662607, 0.756966652346706, [0]
-30.38219129277382, 0.4595370377353164, 0.6708550857391253, [1]
-31.515004609275856, 0.7989247732368984, 0.9051690319865533, [0]
-31.924771240651086, 0.9388306496283243, 0.6232216262292442, [0]
-30.478703863663885, 0.4485283363580607, 0.80413206973107, [1]
-31.057386182049175, 0.7315334819541159, 1.004703181779414, [1]
-31.465051506276247, 0.7809719165980282, 0.6990870404778716, [1]
-30.1268650302784, 0.6541669587521284, 1.2778654296768703, [0]
-30.85334687007983, 0.6489133213444647, 1.0801962974059236, [1]
-31.617019569217746, 0.5466757946287247, 1.3027616211460193, [1]
-30.029879708705483, 0.7298141171348775, 0.2603681367778179, [1]
-29.825111511448018, 0.6803040721299777, 1.2625278595430927, [0]
-30.715947268609973, 0.6955711272238394, 0.9200726860646506, [0]
-30.7691155761931, 0.5261391113672589, 0.6321427008330303, [1]
-31.89399387541874, 0.847484741538555, 1.294097954509442, [1]
-31.423733274690846, 0.8685931007277704, 1.2885351688027096, [1]
-30.296196092425628, 0.4271058804699464, 0.8511024530728797, [1]
-30.568599783727876, 0.6785570034013404, 1.3910615911150988, [1]
-30.040574350467033, 0.4640510195824502, 1.4499921719104893, [1]
-29.87401382991242, 0.5163636316532382, 0.7093258055077043, [0]
-31.283709468647345, 0.6422734412264954, 1.2064636848904633, [1]
-30.617042972053586, 0.6611799279536329, 1.1024716866467965, [0]
-30.14545188346881, 0.8892431272175534, 1.1117638297936163, [0]
-30.479501752877535, 0.5080214391023216, 0.7564542052154165, [0]
-31.079614147230593, 0.7594458642984732, 1.1504304451922318, [1]
-30.204501256653085, 0.7016400814148941, 1.258959582010786, [1]
-29.858576317186674, 0.6986261581856248, 1.1150823272035104, [0]
-29.83451080719072, 0.656355690865668, 0.9345010099132562, [1]
-32.52316388733709, 0.5282022638795548, 1.218970280373671, [1]
-30.41781364620427, 0.547879085713617, 1.3338807182918906, [1]
-30.5725324082858, 0.5634871791998863, 1.0507521531280914, [1]
-30.411271139742063, 0.5982185267172204, 1.5517547168338686, [0]
-31.16581514740602, 0.5989757509171214, 1.0788846465364919, [1]
-30.14646690615362, 0.5360574153964177, 0.6268633315750217, [0]
-30.328850385432148, 0.6581140906709562, 1.1430534142095359, [0]
-31.958823458476868, 0.8315667950927605, 1.2131848883061842, [0]
-30.378408483288673, 0.1939637759181398, 0.05952074113592987, [1]
-30.72128030295239, 0.31657025846392606, 1.2061279780191647, [1]
-32.466158004234096, 0.6274516632295535, 1.0124173832600367, [0]
-30.69173869783897, 0.7011979026409502, 0.9592488695705811, [0]
-31.29685937626651, 0.5696994778631104, 0.9959267237208853, [0]
-32.455374101870234, 0.794537839521433, 1.1805748718753524, [0]
-30.54934952529289, 0.6502658705921056, 1.5913925437253151, [0]
-30.247684872548195, 0.7241665223617086, 1.2597856117778679, [1]
-32.809977102613864, 0.556375321590173, 1.1206430083937924, [1]
-30.68616514553287, 0.6274609668390821, 1.2006173677148708, [0]
-30.328697137569517, 0.5651682065040622, 1.6714037457653175, [1]
-31.093726993180272, 0.698555190401505, 0.936892681190089, [1]
-29.379008202758214, 0.630526768021038, 1.1665434834776394, [1]
-29.368227977265043, 0.45183680539166104, 1.3379927373449887, [0]
-31.996968773173272, 0.6428582111708538, 1.500951641024323, [0]
-30.857526263255895, 0.6392104241028387, 0.7486194566604794, [1]
-30.511427173435884, 0.6077516876079477, 1.2993773980847483, [1]
-30.536904173205283, 0.6921191693544941, 0.6376542672618581, [0]
-30.894941977951348, 0.6224010021064597, 1.6423752692325242, [1]
-30.32915692872179, 0.736401722289294, 1.0106573939293098, [1]
-32.53488946043574, 0.6627731417209962, 0.9995944460139645, [1]
-31.17919915915599, 0.7735932697795764, 1.5682230013841845, [1]
-29.823013704036295, 1.0866854751555577, 0.5839899753310225, [0]
-31.01667192607194, 0.7004774960952448, 1.354931959097717, [0]
-31.36164121607579, 0.51996265537532, 0.9750540627761735, [1]
-32.12920271138739, 0.6777619125878127, 1.0556707555757219, [1]
-30.08885092125982, 0.6784797289703614, 0.9960177909443121, [0]
-30.718774345496037, 0.5360882583423829, 0.8743672915647446, [0]
-32.176600872008805, 0.7027111778702296, 0.758867674087411, [0]
-30.285291860312956, 0.5992738011220576, 0.834207952512408, [0]
-29.646814960833034, 0.6730068787201962, 0.9703483208573206, [1]
-32.15401071308732, 0.567810963081978, 0.7204345211750786, [1]
-30.89573775058698, 0.7722731386828805, 0.3913825596049675, [1]
-32.128505329149334, 0.28331843833455894, 0.052081201459623166, [1]
-31.12928588444867, 0.5243788687829166, 0.8315581640394178, [1]
-29.90712491680527, 0.36722834188460657, 1.0475306286225643, [1]
-30.42246489659249, 0.9687129892017126, 0.7872249237062193, [0]
-30.669313999823935, 1.0040823243856531, 0.8992483922633676, [1]
-30.62188937036636, 0.5058613090023999, 0.8262037476545263, [0]
-29.849396608635214, 0.6742330645806258, 0.22004573271555544, [1]
-29.46550304197099, 0.5276606041001976, 1.0100307491272562, [0]
-29.37569753758273, 0.6372682981223681, 0.36253520291571417, [0]
-30.813279921776235, 0.6452954898357117, 1.3812883917006245, [1]
-30.07503420721966, 0.6127599564424762, 1.3189113557682264, [1]
-30.135184907541813, 0.5921315171438492, 1.2489383728655787, [0]
-30.460901960085195, 0.6807206272514207, 1.5037060515706797, [1]
-30.952773677857305, 0.8246029807388303, 0.5782367652368869, [1]
-30.723020188238614, 0.5839803313557085, 1.0959117038917228, [0]
-29.17862082848521, 0.6449483135402758, 0.8922689393099671, [1]
-30.108321870804883, 0.7855455103778017, 1.077362929670603, [0]
-29.44601010187255, 0.7949785860180801, 1.047240281990543, [1]
-30.31516103874444, 0.6762513734857387, 1.2755175248390018, [0]
-30.77534734449978, 0.6211818668589214, 1.091499732098474, [1]
-31.134455107914814, 0.625926738788712, 1.311507646533572, [0]
-30.479531154252644, 0.5036076254976561, 1.1054810467745761, [0]
-30.192994259002774, 0.6947681283991852, 1.137664900670106, [0]
-30.45913361076098, 0.6459127010896343, 1.3979639602360925, [1]
-30.268500910452243, 0.5335359372270269, 1.240119423605514, [0]
-31.712566645821276, 0.5144250346313607, 0.84687962711957, [0]
-30.147489656750796, 0.6995005064077361, 0.9749608789180237, [0]
-28.842208732812523, 0.363195926495301, 1.234527920000961, [1]
-30.655739165492854, 0.5816638536302846, 1.3962882684315163, [1]
-30.571856818975792, 0.3351349691457384, 0.8047997541921506, [0]
-32.34807049414349, 0.4422782694160798, 1.0675545122802494, [0]
-30.667482145953183, 0.5320090501412977, 0.4163271524064923, [1]
-32.545082954772504, 0.42036807254885294, 1.295421001947004, [0]
-30.086930042032417, 0.5485128154201186, 0.7879292774280585, [1]
-30.434629394480456, 0.7113725291542713, 1.2469963026929332, [1]
-29.519881888651007, 0.6205361289231726, 1.4053520527799992, [0]
-28.87812772320475, 0.6587613162225965, 1.1848787492822357, [1]
-30.649632702730965, 0.5555798094472786, 0.9891829561899024, [1]
-30.844235677255167, 0.711258092710399, 0.8729189258395014, [1]
-30.800778843767585, 0.6975468624677041, 1.0078558479829647, [1]
-30.28077057102095, 0.8476245701088572, 0.6730798343538968, [0]
-31.692519634590596, 0.38475171424780114, 1.1286713218528495, [0]
-30.27019885247149, 0.7209386154871225, 1.0241622841097147, [0]
-30.717334042101307, 0.4800785938405181, 1.0368697121352426, [1]
-30.66344872959073, 0.7863984854025983, 1.0904652444957483, [0]
-31.18824887765321, 0.8001532662688087, 0.8331293859569868, [1]
-30.9605946414528, 0.8909576894881301, 0.6287277765571011, [1]
-30.439986323327332, 0.6571938040803138, 0.7767527437208952, [0]
-29.576405789087758, 0.6346178742565958, 1.4560462533348388, [1]
-30.128148975608212, 0.48003983158162467, 1.3541181441784906, [0]
-31.802759461092514, 0.5237753225218007, 0.9039309537436299, [1]
-29.797023940725538, 0.7262317842871657, 0.8111717797318625, [1]
-30.53736705775124, 0.5889928320721626, 1.0262977845824022, [1]
-29.487081855666574, 0.7949789602751144, 0.9890463241411381, [1]
-30.403605225748187, 0.6426192344564147, 1.5313506236401357, [0]
-33.52105375468293, 0.9807913144131978, 1.0855850775750273, [0]
-29.410755806202744, 0.5406121255312879, 1.1274165079464886, [0]
-30.89708795917775, 0.6514782768982552, 1.1225733341502442, [1]
-31.686598584592268, 0.6432704470545445, 0.8910262026441269, [0]
-31.4641885544215, 0.672028447759977, 1.1362645616504148, [0]
-31.014389981621555, 0.3548857456281858, 1.2087446783571991, [0]
-32.132653289841784, 0.7497499634520994, 0.9735412938669303, [0]
-30.530148152672403, 0.6702777657885628, 1.3676802222311975, [1]
-31.336124310415638, 0.5757005327214545, 0.4070514693833524, [1]
-30.14837432735069, 0.719240085174099, 0.8065155775850181, [1]
-31.13964052119244, 0.6975829023119312, 0.3966095541143555, [1]
-32.82196110431265, 0.6071593164432156, 1.283225069884335, [0]
-32.53915410841883, 0.33657033280406845, 0.9791482200291516, [1]
-30.76995391185827, 0.2653738121578214, 0.573729408333211, [0]
-30.911477097421635, 0.734969703372604, 1.2546311158039778, [0]
-30.116200286210827, 0.6924126419146126, 1.085149936933446, [1]
-31.593839426642457, 0.49953189255327923, 1.512362120078806, [1]
-30.593186774403073, 0.5437579491057302, 1.2329138486662838, [1]
-30.34633200347826, 0.6169494972604196, 1.3651168483484286, [1]
-30.197024650959744, 0.4878118090564294, 0.5667009503091601, [0]
-31.846598694096507, 0.5297554845099305, 1.3026248756257839, [0]
-30.817656269983356, 0.7024817822555944, 0.34958249815193654, [1]
-31.32936201968631, 0.4122947015090891, 1.1224039631659966, [0]
-30.24552651908801, 0.5883874625110007, 0.9794064778327018, [0]
-29.380532875173206, 0.9341689909605189, 0.9489320047455934, [1]
-30.26836237017977, 0.5051963217859354, 0.5766602692859835, [1]
-32.11158068183204, 0.78409710188169, 1.5110787972869892, [0]
-30.393635868505918, 0.642748532096433, 1.234916994942127, [0]
-29.591343902679792, 0.5404328073542175, 0.6644982111407323, [0]
-31.812088512029057, 0.5383873469116653, 1.7351318244433307, [0]
-30.193413019200392, 0.7005953319462263, 1.4810320316693093, [1]
-31.15562932610253, 0.5682427473276146, 1.2443152903215116, [0]
-30.615261199343024, 0.556401528884108, 0.8705819295956603, [0]
-31.447511880127227, 0.4683942765662046, 1.1505673445317892, [1]
-31.53518006567327, 0.7565592318784528, 1.1001500072905326, [0]
-29.576896410083396, 0.6123569816967174, 1.2280124142979776, [0]
-30.33757159945256, 0.7623990858793789, 0.7964351073486527, [1]
-31.0406258632041, 0.45442442994672544, 1.5189556808944262, [1]
-31.109544332001526, 0.6123515581533946, 1.253923695932229, [1]
-30.970323193074936, 0.6808625171807875, 1.15354628135578, [0]
-31.624100579069015, 0.7676499906742231, 0.9357969244868592, [1]
-29.8283986670786, 0.38488745122932033, 1.3165362770091908, [1]
-30.93097630253939, 0.6195229400326006, 1.1305075546747652, [1]
-31.405001055400437, 0.5970725618632716, 1.2217969915935325, [1]
-30.83201103121493, 0.6667416840126266, 0.9146719586942276, [0]
-31.308077735367075, 0.6103859644243204, 1.4689012013287184, [0]
-30.983599640629578, 0.6286488184154686, 1.1490301622771835, [0]
-30.428861456299778, 0.3150338507389606, 0.3027963931559672, [0]
-31.13808227439086, 0.7707107007209508, 1.062594241137745, [1]
-31.110247642841085, 0.4293030199633949, 1.3082952191002164, [0]
-31.947717871781023, 0.8768356932214951, 1.0662758067547704, [1]
-30.151261512854724, 0.5944542710365068, 1.163977794948547, [1]
-32.32806450214756, 0.8902980026487372, 1.0914099469703762, [1]
-29.90019645226794, 0.5727080869115764, 0.9762811379097882, [0]
-29.90830468702589, 0.7607693978508335, 1.5018472877960551, [0]
-30.359060793945165, 0.5391017809096552, 1.280967618886613, [1]
-29.846219514188988, 0.6669554511787625, 0.7359186442047833, [0]
-30.364992438472374, 0.7307316294039038, 1.5437498647687555, [1]
-29.963402346804177, 0.5414124502136093, 1.3365911267937178, [1]
-29.95674621588176, 0.7751679926648989, 0.9723871364044879, [1]
-30.258479610898547, 0.617613206400846, 0.5580368754499373, [0]
-31.465284600533135, 0.7519657135609252, 1.189862138349376, [1]
-29.540773549487135, 0.8565761436239083, 1.056038387058318, [0]
-31.745975749207634, 0.5594016836523287, 1.2272875114025157, [0]
-32.486609023450534, 0.465183258534263, 0.9124044372254504, [0]
-31.76792693762363, 0.7719918158673699, 1.885799872003415, [1]
-31.65160323542939, 0.6764273530494995, 1.5630823598402543, [0]
-30.364673960189098, 0.7761305186605927, 1.099014260577679, [1]
-30.087144398708606, 0.7476218720212826, 0.9720779834434023, [1]
-32.52741704107547, 0.6771929979119268, 0.27079231213247545, [1]
-31.975391212927843, 0.5890294378843165, 1.1575286227060486, [0]
-31.165814084880303, 0.6728837184662517, 1.2720328783680908, [0]
-30.77472406901134, 0.663103929158292, 0.8258286280570724, [0]
-30.804520054619875, 0.5489458281877853, 1.3748942680353715, [1]
-30.21299141475823, 0.6721203104191266, 1.178614950723137, [0]
-31.12088322502881, 0.5461403322070577, 1.1831499739111369, [0]
-31.19508088242944, 0.7547586706532136, 1.2342676940272523, [1]
-30.136700386805035, 0.2583501121373622, 0.21877828687780626, [1]
-29.96867817785258, 0.4743758701709936, 0.9628583929499952, [0]
-30.53330410847475, 0.8123920365156613, 1.2518027622814127, [1]
-30.158148258253902, 0.6486814064404127, 0.2546764218717707, [1]
-30.884993827271426, 0.6999554301527298, 0.8772653375033964, [0]
-29.231432110367702, 0.6725910074785084, 1.415309301612992, [1]
-31.381352130710365, 0.502171119683434, 0.890696085169554, [0]
-31.153842347287373, 0.7251704971810674, 1.2221079588392176, [0]
-32.66393303267133, 0.6479025540876951, 0.5039416057438668, [1]
-29.60339088211985, 0.540188082415372, 1.0710533966953057, [1]
-31.498641692938982, 0.7054054989770967, 0.48461797037773546, [0]
-32.748410103384565, 0.7011328833160033, 1.0658013808434244, [0]
-32.028851591398194, 0.2986784313024705, 0.5948134430717416, [1]
-31.05921341854715, 0.4900156853982088, 1.5034597726646581, [1]
-31.822185838173343, 0.33222612151737374, -0.06365140109482414, [0]
-31.61763496029999, 0.5157859744677608, 1.194124941250271, [0]
-31.090153314955835, 0.4952240108867999, 1.7847846998431762, [0]
-30.88713425331234, 0.350562777920844, 0.5967404614825619, [1]
-30.699238594643735, 0.6991918059672233, 0.9581753883641105, [1]
-30.74092043410933, 0.6168605982752118, 1.0597574322437397, [1]
-30.660294643478935, 0.5990325889290702, 0.9120953108274322, [0]
-29.46060951558162, 0.5059963445129021, 1.5845978585148375, [0]
-30.882984069155548, 0.4989699493870534, 0.7883433084256057, [0]
-31.020474145458614, 0.6202520518594037, 1.0644165473626694, [0]
-30.67687926967802, 0.6808014701257139, 1.554558309504555, [0]
-29.958476830540352, 0.791110394436568, 1.0777866461155368, [0]
-32.59139517404602, 0.49165937720073943, 0.9245424510036135, [0]
-30.75137665378779, 0.7003310271032064, 1.0898285595145296, [1]
-29.54478063840433, 0.7726623511547659, 1.0870591518028547, [1]
-30.797892623088124, 0.6943446170976854, 0.7733898207552841, [1]
-30.372948858382316, 0.5761993868506226, 0.5257576120286225, [0]
-30.3080194381778, 0.6549393255377863, 0.8898338814928347, [0]
-30.07577828854063, 0.9644425522703823, 0.4297678551231599, [1]
-29.68946890683164, 0.8859084455430855, 1.1342996115180828, [1]
-30.758075598105687, 0.7830080592109104, 0.9610206196843557, [1]
-30.81085476870825, 0.7167479942169002, 1.0924672224274043, [0]
-30.620605100739976, 0.8256866361897641, 0.9905360937613965, [1]
-30.098578357147115, 0.7116557160523456, 1.2385856073611503, [1]
-30.70248184444659, 0.4010782476698366, 0.9627822659564393, [1]
-32.2248337783116, 0.49482342270676893, 1.4055016924477786, [1]
-29.634642422039892, 0.5300193204648467, 1.2661567022003055, [1]
-31.37074561655672, 0.4076516992914132, 1.0416617213362307, [0]
-30.12162037998164, 0.6907636620238935, 1.0534918130640665, [0]
-30.22361256417281, 0.73113508819537, 1.3505185347277493, [0]
-30.8464147440926, 0.6893479445309805, 0.9630358754338151, [1]
-32.08951053718724, 0.8722701560669016, 0.9701833415529668, [0]
-30.409702895144022, 0.6023183189233129, 1.1808540842266342, [0]
-31.243479900628525, 0.7155428588300359, 0.8982824727167218, [1]
-31.071423810690348, 0.372608959938744, 1.4252312880166946, [0]
-31.49025463702554, 0.8167223649219059, 0.8914359473358062, [1]
-29.562097408233733, 0.5700080164175002, 0.9063250307037204, [1]
-29.993769278503706, 0.7557828384285636, 0.9249389089832865, [1]
-31.998886451080132, 0.7511916261663815, 1.020282083702503, [0]
-30.565502795841798, 0.5920733204780705, 1.0158366181153533, [0]
-30.98965004451587, 0.5130576877751507, 0.7740200261421081, [1]
-30.29507214251505, 0.3682276938588699, 0.4142325706481301, [1]
-30.712592755930753, 0.4906564711031706, 0.9223443246613464, [0]
-30.001931541361145, 0.5642613190556002, 0.9706945449466657, [0]
-32.55726175750985, 0.845612885709548, 0.6578142271171958, [1]
-30.738539308073282, 0.6459140392422669, 1.0954417943186099, [1]
-30.46445002812878, 0.8311606442790738, 0.8817184232860681, [1]
-31.918544239880124, 0.37857563519537174, 0.7791549015950945, [1]
-30.438764368187552, 0.406596820508392, 1.1089027564291298, [1]
-30.20471300902517, 0.6217029932988166, 1.0941614477504977, [0]
-31.857799888737627, 0.6847723766476376, 1.0688848796706338, [1]
-31.7200482359297, 0.45008496502569506, 1.44751321290861, [0]
-30.92004043918073, 0.690677819927449, 1.1026155998308278, [1]
-30.541180253005184, 0.8643030213714104, 1.1905134034391842, [1]
-31.867299218440177, 0.715282283889023, 1.4523097817592379, [1]
-30.328399860668966, 0.4732302275635838, 1.4415665977577667, [0]
-31.133226941763745, 0.6681121671257437, 1.3309250077986086, [1]
-31.588730588193727, 0.5653913005524182, 1.3702473645615247, [0]
-31.19728349154505, 0.5842633602458288, 1.0788676286363086, [0]
-29.454167457700063, 0.623993671858369, 1.1991571820830174, [0]
-32.68530816873886, 0.6395104419497004, 0.8037016317449657, [0]
-29.961665481036142, 0.6522781162042515, 1.136909582647382, [1]
-30.635242480825898, 0.6102406800714341, 1.0439832978963992, [1]
-31.587942813334354, 0.6698188278198055, 1.1303110663459828, [0]
-31.63744742794683, 0.6204342449448788, 0.6713139205591334, [1]
-32.443347451973175, 0.7728386585666059, 0.8660034162569183, [1]
-30.82526390726809, 0.4856930678716316, 1.5137065541385542, [1]
-31.921303139095574, 0.7125886434162095, 0.756107124737788, [1]
-30.84530683497094, 0.40050613350885883, 0.6323738085786933, [1]
-31.534745760798444, 0.32679690680701906, 0.37099164735054363, [0]
-31.328347307848357, 0.5303867117271484, 0.8975412621962442, [0]
-30.73819625458488, 0.7434978105647638, 0.9583584332347211, [1]
-30.141211044672648, 0.7408771039235089, 0.9595669559207985, [1]
-31.659871153181548, 0.4466525957544518, 1.3353157753945955, [0]
-31.61481001429095, 0.5595964323644408, 1.3780352860231824, [1]
-31.320020656986276, 0.5555354427790992, 0.8063993372612914, [1]
-30.963052382750742, 0.7207451584491293, 1.0895340276234147, [0]
-32.757129493321614, 0.45999513446937995, 1.351880228562683, [1]
-30.24212067511718, 0.6873568378974917, 0.7841713788091254, [0]
-30.33603960424937, 0.6312291707842694, 0.18956647614322655, [0]
-30.925975041934223, 0.7558194454197131, 1.3067492062366013, [1]
-30.706314800976223, 0.6038043297316418, 0.7134224428411439, [1]
-31.323416334796622, 0.6553809437872969, 0.7637093125959941, [1]
-29.402926553385246, 0.7732493542084526, 0.29091501373338724, [1]
-29.890493226359247, 0.7747719611755417, 1.3530574944810043, [1]
-31.153922532863866, 0.4331843848158732, 0.9083393932298932, [0]
-29.44064356993034, 0.6122318649096201, 1.4411718610806774, [0]
-30.85324057691931, 0.6787446582012024, 1.178685605651132, [1]
-31.10643743830539, 0.7472307744240548, 1.3435895462918366, [1]
-30.63311411005482, 0.5547806171430252, 1.0999341465180952, [1]
-30.6633595631415, 0.7698057118771328, 1.2849614212719884, [1]
-30.935434699562563, 0.7133341163849839, 1.035002113075078, [0]
-31.701612562317894, 0.6876136134862842, 0.8481135372197603, [0]
-30.643003950637134, 0.8945615900409417, 1.1747607198672534, [1]
-30.58505252797429, 0.7734391570805208, 1.301907355075449, [0]
-30.970925732155173, 0.44817413201876016, 1.2870538717447912, [1]
-30.29072021265316, 0.6424542203090667, 1.1347301822805715, [0]
-31.768932688678042, 0.5275674997881341, 0.8773913976014791, [0]
-31.766555065074353, 0.8793858108229129, 0.4653606427572676, [0]
-31.382267708944227, 0.5101687176037412, 1.4711293151145517, [1]
-30.776545212909696, 0.744051417403702, 1.0754891177179284, [0]
-31.607910938591118, 0.554365921879955, 1.7194562112893665, [1]
-30.347665673213037, 0.8853322394592283, 0.7261548138692622, [0]
-31.948267960375382, 0.5125004038973294, 1.179215297529216, [1]
-30.53630978989389, 0.879414538209554, 0.8112766851872744, [0]
-31.514884772267397, 0.6303574040973446, 1.3048941611518965, [0]
-30.630418676342227, 0.5187194394612663, 1.1336073068583243, [0]
-30.497535868686217, 0.8437347616177302, 1.1791129409971846, [0]
-31.612556098864452, 0.5733998159413529, 0.46442152899924055, [0]
-30.160067015731734, 0.5754959357392998, 0.8689610180669952, [1]
-31.573214031416317, 0.5878854733349382, 0.6653229705125723, [1]
-29.835069793142246, 0.8767802690166449, 0.4263051244156436, [0]
-29.93152420040228, 0.5058980951887391, 1.318143225635398, [0]
-30.53395194040794, 0.9368625294281272, 1.0289716863392468, [0]
-30.459908104825416, 0.6197155120402748, 1.1592133981372306, [0]
-31.396122235952664, 0.6746793745962361, 1.0408423236890796, [0]
-30.22147244199565, 0.5358472636787834, 1.2482523318904848, [1]
-30.48031133685058, 0.6144505050470359, 1.2184338018671546, [0]
-30.559732376605965, 0.6750172818741814, 1.2724721696032055, [0]
-29.975099911422266, 0.6706492495976565, 0.876828114404577, [0]
-30.893077981042527, 0.5178253058248167, 1.21057273537852, [1]
-31.89331403386975, 0.7396500701067414, 0.5894270456874374, [0]
-31.180702445055225, 0.5990336471437812, 0.782685980226219, [0]
-31.061476213877604, 0.6382806898227942, 0.8296852176653988, [0]
-31.807965407282317, 0.7084788761335805, 1.1953691657438, [1]
-31.500186026613527, 0.6836681275368748, 0.987091407876249, [0]
-31.832142798894658, 0.8259739949488207, 1.3011896181406062, [1]
-30.513550624216617, 0.7187407273237749, 0.9725334151373768, [1]
-31.715618141370175, 0.8315857095760935, 0.5760105437920928, [1]
-31.157079336726458, 0.740063496298287, -0.20452113035681996, [0]
-31.88430892341412, 0.7285741614828994, 1.321214089449241, [0]
-31.62749369296087, 0.7974721035556995, 0.7151604818850275, [0]
-29.89111758875911, 0.7308944851690238, 1.0950821090791367, [0]
-30.496179558031596, 0.5012156030166688, 0.9603350508144066, [0]
-31.453865392190483, 0.5306229093369698, 0.5205128950396501, [1]
-31.575094584080638, 0.5260702100839425, 1.2093738942269727, [0]
-30.23172362346846, 0.7849097582251735, 0.8707496825048202, [1]
-29.75638134420183, 0.47947245738852295, 1.2979610836615454, [0]
-32.87624293967269, 0.4363744307051953, 1.0538010411566854, [0]
-33.85031556144985, 0.7252356263587693, 1.1162009029563476, [1]
-30.10529063876808, 0.6438717521234184, 1.1344600728590666, [1]
-31.50417720758016, 0.5345561986910043, 1.2524727560922733, [1]
