t=9.832314676704838E-7
logZ_t=-0.011970828107573439
-6.910067470912043, 1.5301068775356852, 2.814573525849714, [0]
-6.99404350464662, 3.998825194118946, 2.267566287333885, [0]
-6.922203360981342, -3.88167610430948, 2.212413101578794, [1]
-6.92961083394703, -3.7201787284654784, 2.2462005148624935, [1]
-6.962375468668259, 6.181075913006439, 2.675656774813653, [1]
-6.909915794672166, -0.3145601455054048, 0.5123984096835754, [1]
-7.001524806242232, -1.2827561392908384, 2.610140313943715, [1]
-6.908432984786717, 2.417529034656767, 0.11687618237871109, [0]
-7.003087687778087, 6.563502124479627, 3.205818680695458, [1]
-6.910243183793792, -1.9952673410441832, 1.599976006844924, [0]
-6.946292406392191, 2.664518181315148, 1.8401615481941418, [1]
-6.987816753568503, -4.417576270710332, 3.2516887737945717, [0]
-6.9080338707071, 0.28894858830840464, 1.2482525677031606, [1]
-6.908894769260818, -1.0065102801113717, 2.9326233769624204, [0]
-6.908279262808214, -0.47995783443903156, 3.094012901194513, [0]
-6.90999065275896, -1.3861789154003699, 1.412167919598348, [1]
-6.975716674068459, -4.597486464211333, 3.018662999350236, [1]
-6.9080866247615225, 0.48068820768187626, 1.9611602417394027, [0]
-6.945541488611159, -4.792931428200766, 0.9128078356639093, [1]
-6.921681233230932, 4.508231603848539, 2.011927185875809, [1]
-6.971576582132484, -4.828927888613801, 2.870056090829295, [1]
-6.908360837294531, 1.0534895016707375, 2.2560458585749927, [0]
-6.92532572701571, 4.067844223431208, 2.481093913380532, [0]
-6.909724388176639, 1.2171157402534982, 1.6629319689215754, [0]
-6.908098076132579, 0.716969245703126, 2.051133727922237, [0]
-6.913387544899659, -0.33209254104364305, 1.3225629630813964, [1]
-6.923796202326594, 3.9103622637482864, 1.2964327272376797, [0]
-6.909360378122259, -0.4746498645115552, 2.1506606046308856, [0]
-6.908426007210042, 1.0167077985020352, 2.4346958860749197, [1]
-6.908021306049796, 0.6309138562312361, 1.6700727248460887, [1]
-6.908149063197527, 1.7135899919952182, 1.6398555741585052, [0]
-6.908020290270954, 1.0123122725219686, 1.7978598618132002, [0]
-6.919779466425456, -1.7485855130055916, 2.8205631560265254, [1]
-6.914094032781575, 2.1870124479709747, 2.9425593329468995, [0]
-6.919860689321101, 3.665986633727265, 2.6788784103699212, [1]
-6.908191758448234, 0.268089169496949, 2.0067888135972627, [0]
-6.9087520157573055, 1.7469337467556811, 1.5817400902190373, [0]
-6.910923979375016, -1.1115836229075846, 2.0571649654927704, [0]
-6.919211652677445, -1.4406734026212789, 3.0327533673736524, [0]
-6.92164921002725, -2.441183120400327, 2.4742621929047277, [0]
-6.9094275761813915, 1.655581649243807, 2.2895885758738457, [0]
-6.923645821904184, -5.826136671424895, 1.1401387434230814, [0]
-6.9125968054202795, 3.503731747520036, 2.4909041944564443, [1]
-6.914905950155806, -1.473618434537039, 2.531484436828443, [0]
-6.908676346331693, 0.42154585643924386, 3.035058026486616, [0]
-6.9090494713422865, 1.7647606688051831, 1.8511964380811547, [1]
-6.915318201895956, -1.0920524359143324, 2.956390190497945, [0]
-6.913331716320932, 2.255470129814705, 2.738513724747232, [1]
-6.909046068161367, 0.17069370244036575, 3.004879583014949, [0]
-6.909473761444374, 3.0805100934730043, 0.7158281098404602, [0]
-6.936002928607091, -4.3903772146169535, 2.2200838665965206, [0]
-6.909628556065784, -0.733583075407705, 1.952917690406229, [1]
-6.910622682849682, -0.5225544064629671, 2.676703059684146, [0]
-6.9116531494852005, -0.521178022614733, 2.9857514429093936, [0]
-6.908560494419498, 1.4812259957474114, 1.775379276374055, [1]
-6.920237983639598, 4.989494174801037, 1.6710874795712751, [1]
-6.912443508028514, 4.437669822701291, 1.5835241197034144, [0]
-6.9248568264179795, -2.8771033885456148, 2.4237552268575118, [1]
-6.914604183419856, -1.8924763518483951, 3.432878186734702, [0]
-6.909727934984373, 1.9037758023204643, 2.4242611188792775, [1]
-6.920701221904526, 2.352276439386457, 3.4751843208082493, [1]
-6.911691539795889, 5.464782583986766, 1.4853369011585558, [1]
-6.913915090108117, 2.713259184500939, 2.3856508365977467, [1]
-6.911111281476256, -0.06253928036746259, 3.5446656163730914, [1]
-6.928707587456025, 3.9609299570042187, 2.71876879423678, [1]
-6.908692047074151, -0.916242876347007, 1.3084475424143416, [1]
-6.93809654656778, 3.733515242871501, 3.7802279436490833, [0]
-6.936339776760581, 2.6461400740017904, 1.2635932737952844, [1]
-6.916411247385181, 2.532733450214322, 3.4449637349272426, [1]
-6.919793845263226, 0.8692021456618613, 2.6414062426003433, [1]
-6.909030198595364, 1.3300616579575664, 2.545527795179982, [1]
-6.910923816137208, 2.3045270621058322, 2.1125353886393134, [0]
-6.911405110453318, -2.9025644266093167, 2.493983110626554, [1]
-6.910672831655339, 2.924065067100958, 2.053477277116823, [0]
-6.916185118355141, 1.9506333188265006, 1.169300088331028, [1]
-6.937063224061257, -4.007015718276829, 3.5990531196661033, [1]
-6.917723335283243, 0.5180802456104683, 3.2520067966094115, [1]
-6.919400237133492, -2.517179970259534, 2.2493150898495013, [0]
-6.909421525190894, -1.7790914285296022, 2.9819300505627915, [1]
-6.909853312074764, 2.2475971315522676, 1.7449979217754146, [0]
-6.913824506106025, 3.0927958326530742, 2.0541127323743833, [0]
-6.915162235933173, 3.851615122342806, 1.736583041758418, [1]
-6.9160506391814005, 2.424604839963196, 2.9582380107957533, [1]
-6.908982743864337, -5.206948852326218, 3.1392860514563647, [0]
-6.940511314732318, -5.325289547487672, 2.0295820292934863, [1]
-6.929859450350306, -2.4567133207487566, 2.929269345244793, [1]
-6.915972891632446, 0.26712210955912963, 1.2166136652903508, [0]
-6.910495709935004, 2.5871313896237225, 1.67163361847582, [1]
-6.908160230724563, -0.12858385528794858, 0.9678141434655064, [0]
-6.9084405787104215, 0.8716956861759576, 2.6822566931305025, [1]
-6.911478245981251, 2.0182594316407125, 1.932824439407836, [1]
-6.922827187041979, -3.375063802591632, 2.0359492395236876, [1]
-6.911948100521499, 1.9834825965255938, 2.7709108367801147, [1]
-6.918083328697293, 3.895259164205145, 2.5418935481651497, [1]
-6.908644870544788, -0.10835742192299735, 2.1226635725420855, [1]
-6.915612412800737, 2.7922267702005326, 2.5610360911693353, [1]
-6.909109859789242, -0.08816679056964039, 2.6030441440572196, [0]
-6.908004754192815, -1.3209606163100411, 1.9068090322588471, [0]
-6.9141452360621445, 2.990518545610113, 2.1872205493697265, [0]
-6.92619195299576, 5.57817211456957, 1.8140531725227258, [0]
-6.90842989087748, -0.17734106771596136, 1.6691905015784234, [1]
-6.913962747122317, 2.9752366786571303, 2.1702242355141195, [0]
-6.908705832879518, 0.7467977399358157, 2.3174374678774425, [1]
-6.909868276621981, -0.20506107445883537, 2.8539872914328788, [0]
-6.912489760913463, -1.4211621106049321, -0.6838932728735603, [0]
-6.911170778151511, 2.4689214187755177, 2.0176225264234895, [0]
-6.925391547001614, -5.123688787856912, 1.475487345938911, [1]
-6.913146746094289, 1.6541996919646875, 3.4656034221640737, [0]
-6.921417776719039, -2.234437695595933, 3.237817474518193, [0]
-6.916308181441685, -0.727736798914279, 3.4940414013937526, [0]
-6.911112397803239, 2.3523379387380374, 2.1205431905892875, [0]
-6.910002313096979, 1.4071569162751247, 2.984892934584184, [1]
-6.91186044451566, -1.3286192987964904, 2.103784711165313, [1]
-6.90807594940475, 0.5535570056959268, 1.9725024197096876, [0]
-6.908675755615508, 4.8722242672599805, 0.35495663982907955, [0]
-6.919224818587456, -2.497619264822806, 2.2461969952577623, [1]
-6.968824575514544, 7.155073011247118, 2.4671541078290633, [0]
-6.911237616044584, -1.467043098912467, 2.104767759618092, [0]
-6.92030491100814, -1.1687523132661588, 3.3820650916730064, [1]
-6.909462581012909, 0.49902004907304165, 1.2170000587423395, [0]
-6.908672651704796, 1.2431158615770939, 2.357570842888046, [0]
-6.919461400083522, 4.381477683905399, 1.9020702999256351, [0]
-6.945370810550153, -4.8087851733655365, 2.3483896132842794, [1]
-6.918466746292362, 2.615079459509435, 3.0295726570141452, [0]
-6.917340723205743, 6.107314049209107, 0.9488618806619187, [1]
-6.912038387972539, -0.807311951917507, 2.7081675860743073, [1]
-6.917793950322894, -3.162872726388726, 2.427589203982723, [0]
-6.917545821704195, -0.2135577588132449, 3.2987773110754515, [0]
-6.90889498614686, 2.268139687398511, 3.5234914605695984, [0]
-7.044568684180933, 9.23723496455776, 1.6882300911715211, [1]
-6.908249734836187, 0.811952300940432, 2.4083883407535147, [1]
-6.913381907405227, 2.394373812408156, 2.60033378690158, [0]
-6.913638204758872, -0.6122644892496224, 3.2709634337468367, [1]
-6.923561662383261, 5.67953109970922, 1.6187371383741163, [0]
-6.914875818051096, 3.8584590002527905, 2.3826544445133155, [0]
-6.9239700620166085, 3.2508673732133446, 2.9233940555355185, [0]
-6.910969700368021, -2.701401218405156, 0.8086940325920118, [0]
-6.922093354603577, 3.618679389344628, 2.5486307672642936, [0]
-6.91249827900718, -2.0536742764296494, 2.025317084615289, [1]
-6.90870946024668, -2.427458913851462, 2.695968241436703, [0]
-6.915668899329109, 0.3048093634803086, 2.3140984460891154, [1]
-6.950276803600312, 5.792071608201892, 2.568666329169142, [0]
-6.908141950532578, 0.13825233921521835, 1.555083807739563, [0]
-6.908068942229957, 0.38602318257766527, 3.2664742360012107, [1]
-6.959541717468508, -0.18965777829840125, 2.959802434743445, [0]
-6.908261994136226, 0.4341069801647921, 2.437322847630155, [1]
-6.9209917190843555, -2.1529469098818894, 2.616395070125458, [1]
-6.912345145996341, -1.188877413169219, 2.2594500280725702, [0]
-6.918361330541229, -2.236933797125869, 2.3365789872758036, [1]
-6.953190383528601, 9.142111236381941, 1.6422448967220558, [1]
-6.911515497407905, 2.6731516690741444, 2.9789584389798844, [1]
-6.907998813123722, 0.655165137349549, 1.439266549725417, [1]
-6.943199993525831, -5.056610801205362, 2.200404962590836, [0]
-6.910973825030751, -2.204933061261749, 2.500381575327074, [1]
-6.912659139760763, -1.2787978313739687, 2.332714738386087, [0]
-6.908293184412165, 0.4167404799251745, 1.6910783479191909, [1]
-6.909663728202334, -1.3026735145651225, 3.2686623686688994, [0]
-6.911850085264606, -6.360785431555854, 1.684300252386868, [1]
-6.90800559818659, 0.36840482493173793, 1.0865540714132689, [1]
-6.914821543582607, 4.409012771219324, 1.3745285127326328, [1]
-6.916746618222123, -1.9271212569475193, 2.3910073764258684, [0]
-6.920225323149816, -1.8265020871097137, 0.5263292101663394, [0]
-6.911285836793395, -0.5551486194888113, 1.346769749440648, [0]
-6.9125379824865725, 2.930785584523533, 1.9413019368650761, [1]
-6.946791219214519, -2.3041562978401036, 3.4508945922949272, [0]
-6.969147949227786, 6.151243112668583, 2.8032178393815737, [0]
-6.9184544223180175, 3.680638870890242, 1.928484910709439, [1]
-6.909250407636207, 1.5153243333852746, 2.395306172574754, [0]
-6.962798020420168, 5.135836056250604, 3.09451168438327, [1]
-6.929462876296361, 0.6825814185584616, 1.2911913415814678, [0]
-6.909491359219568, -1.8945218286869183, 0.6798752635147293, [1]
-6.910018647771226, -0.27215647409381183, 2.81451770554365, [1]
-6.914590912548392, -1.1696328378675673, 2.7753618907213724, [0]
-6.908152598445172, 0.28058004272696946, 1.9046204274717546, [1]
-6.910106188424052, -0.8490974985113416, 2.046155351539327, [1]
-7.006808765219757, 4.312180579528876, 3.8080132653005254, [0]
-6.925624646549896, -1.574662517776868, 3.4307468550232834, [1]
-6.90894113598223, -0.43247448560612434, 1.8888953769917491, [0]
-6.9085447641035955, 2.1338730251652778, 2.800596406223067, [0]
-6.918107195990437, 2.5506413982325657, 3.1886685056760946, [0]
-6.921402064159727, -0.43347775541976863, 1.9029679478369632, [1]
-6.908499260647371, 0.5771517634004059, 2.933766725384999, [0]
-6.916792096397552, 4.10495983658925, 1.7904249550771678, [1]
-6.908029772172603, 0.6405887546032301, 1.7319981094884123, [1]
-6.911138278868234, 1.3719995497476996, 3.445330287222393, [0]
-6.9445530713350765, -4.357989250990611, 2.4978027003288976, [0]
-6.908805649259457, -0.7453745085720489, 2.4285108597429823, [1]
-6.909210792725305, -1.0992485176544404, 0.8868432228892369, [1]
-6.92674567063857, 2.8259251004541897, 2.0835978023515835, [1]
-6.908633798913525, 2.175527585882545, 0.8066758285793071, [1]
-6.90853669573293, 2.615041695643939, 1.810983979349381, [1]
-6.908870228336725, 1.2817821563812268, 2.492561527021596, [1]
-6.910015382843785, 2.5045721421069005, 1.548530981317467, [0]
-6.929648187817236, 4.314753329393668, 2.566283924824171, [0]
-6.909359076560589, -0.1939907351073773, 2.594467561403308, [1]
-6.908895672340985, 0.9464459226168905, 3.085029520114211, [0]
-6.918077818440759, -2.192906721874878, 2.339291064857789, [0]
-6.922646611966179, 4.027255722132183, 2.338247483771538, [0]
-6.922149922487689, -2.191591170796875, 2.5518970012301843, [0]
-6.908214125767366, -0.3857363766657159, 0.6153899862533758, [1]
-6.908046488421036, 0.5854924939766889, 1.8343295619786708, [1]
-6.909673108989604, 1.0517926959761714, 1.709255581543866, [0]
-6.914759256003932, 2.851062059941564, 2.3950566666448085, [0]
-6.918696156114872, -3.0509951428640987, 1.8792809293370651, [0]
-6.908035696183661, 0.37802625855780636, 1.5025011258207819, [0]
-6.926575177005499, 2.5957266300238055, 1.9359041836084665, [1]
-6.908752697039288, 1.3284745614806408, 2.2913400033696747, [1]
-6.908967369632339, 2.606503276302839, 0.7289724866600195, [0]
-6.90851599959626, -0.12169010048060391, 1.9202734735705802, [1]
-6.915107984190756, -2.8012500975560637, 1.6143864972543356, [1]
-6.9102715751449875, 3.6518302144532067, -0.26107362304352755, [0]
-6.915029955495486, 3.3986003154879554, 2.012910387197507, [1]
-6.913649276913378, -1.5327465868840697, 2.2844321211248246, [1]
-6.940529608292636, 5.6608204672197555, 2.3588331715630475, [1]
-6.910387000216175, 2.0115402880857696, 2.2642458939398042, [0]
-6.914854979436044, 2.2868857861233076, 2.945971732779352, [0]
-6.920783341532208, -0.9527218385600982, 2.9563349999722517, [0]
-6.926616075062987, 1.9155535277894642, 1.0876489823045676, [1]
-6.909554861951139, -0.23426949116111395, 2.6448288320251256, [0]
-6.908279313939687, -0.23455772097328287, 1.2008993020884493, [1]
-6.915790474931522, -1.852659752311208, 2.334494621968846, [1]
-6.953426864746728, 4.460695773498269, 3.2257610062611164, [1]
-6.941301881090673, -4.567411399438504, 2.323716282682624, [1]
-6.908560995467394, -2.5438619583495137, 1.4331029367114596, [1]
-6.910572819094115, 7.503009053086489, 1.6260492662421406, [0]
-6.909909857928592, 1.4867372758619406, 2.8131198654953873, [0]
-6.921003192377935, -5.764662479106474, 0.9746675864742053, [0]
-6.922868221244173, 1.2429975976324603, 3.258695104315172, [0]
-6.919306518077121, -2.97868704093438, 1.9731558381698764, [1]
-6.90892428505215, 0.7758230745724732, 3.309033620749384, [1]
-7.017689802314329, -3.907432683929478, 3.778667698379826, [1]
-6.921592590352381, -1.1444907236468405, 3.50373985815129, [0]
-6.917954559288338, 0.7659163731343179, 3.1074279587155376, [0]
-6.908502319853703, 0.5645337979721696, 0.45073931124046074, [1]
-6.919757077758701, -1.1597019274204685, 3.3467914723307723, [0]
-6.908537843528191, -0.2536395634507981, 1.7107013735599386, [1]
-6.9108986921882645, 1.4433946586665458, 3.2573033994076392, [1]
-6.914433840609456, 3.9235831553339224, 1.587657447737229, [0]
-6.908813852951526, 0.4224808966809679, 3.135665568434213, [1]
-6.91952026138315, -2.9109631643491056, 2.2527180600593497, [0]
-6.922618721805904, -2.199035143766626, 2.700832919139837, [1]
-6.941374253977329, 5.681583916447634, 2.3761893253415205, [1]
-6.928072181624926, 3.8822505706351564, 2.7342892846969535, [0]
-6.923073910520765, -3.3015042256179785, 2.088832278401639, [0]
-6.956287021249583, 4.152876488651134, 3.4493993735197543, [1]
-6.909513268268618, 1.3313433108949182, 2.868120774543678, [0]
-6.963754164325753, 6.8526497054062006, 2.4745141529203134, [1]
-6.9084527575277725, 4.14723895009076, 1.5771559660582453, [1]
-6.909528491188309, 1.69915551338668, 2.2846778354766184, [1]
-6.931131597985044, 4.955112449571642, 2.318015072159657, [1]
-6.908457406213373, 0.6376342909897088, 2.8820031516049274, [1]
-6.911612661740777, 0.19425512039429016, 2.357734792125748, [0]
-6.911490065068248, 6.562098447068221, 0.5076812313524041, [0]
-6.9316169892688695, 5.692914809912716, 2.028006570394074, [0]
-6.936409790113644, 4.4693987250891185, 2.755385764528145, [0]
-6.908352692308503, 0.26244725583880074, 2.3683973117239914, [1]
-6.908323593860544, 1.0133440565200287, 2.257471481257773, [1]
-6.928613197025085, 4.304235761750415, 2.523355153223696, [1]
-6.91845291244257, 3.0151782958691213, 2.686014342276126, [1]
-6.9079912199029225, 4.602228949464922, 2.5032900595207876, [1]
-6.925801482651892, 1.6278452264468486, 1.3617024581549861, [1]
-6.90928637868812, 1.2280097369919816, 2.9087255268735217, [1]
-6.9652519661863606, -5.6149610105080106, 2.498758699839721, [1]
-6.949335305391736, -8.709951436565362, 1.974720040100791, [0]
-6.908278895850701, 1.4398266094356842, 1.2820621733513646, [1]
-6.9244795027031545, 3.0189391635520963, 3.129640209952177, [1]
-6.912902059854742, 0.4220917442180143, 1.4665684306589586, [1]
-6.918087757989937, -2.195596677610104, 2.839296963560998, [0]
-6.924418430632632, 3.489159295765344, 2.7843509761904874, [0]
-6.909866056054747, 1.718266309771574, 2.436019648152817, [0]
-6.908886336865357, -0.68231535838579, 1.4639498507007924, [1]
-6.916962455094353, 2.3460140962332785, 3.142635385746877, [0]
-6.929317034235718, -4.899856115152617, 2.6553750832879888, [1]
-6.915813966427028, -2.311863459760053, 2.009370871010483, [0]
-6.910309751345573, 2.651415238514457, 1.5356521744529144, [0]
-6.908216393346055, 0.21712847304195915, 1.979293559377455, [0]
-6.919662024639996, 3.0924818186625997, 2.732901643211686, [1]
-6.913583232278104, 2.548154147555079, 2.482997955460617, [1]
-6.919015854149895, -1.932758885517214, 2.6127384915074976, [1]
-6.995786649678243, 5.641824237400617, 3.354469260910136, [1]
-6.909813226307518, -0.6667574183126347, 2.13988164664756, [0]
-6.9079995626249024, 0.7681976669668877, 1.3091324328834115, [1]
-6.909371640326884, 0.016838099435370513, 0.7080367110232224, [1]
-6.927258254814883, 3.5011978734170435, 2.9336315078862882, [1]
-6.908209745589268, 2.907567086788438, 3.9780277792107586, [0]
-6.908015932926734, 0.5370684994149247, 1.5873789832701308, [1]
-6.90837682337907, 1.0284745686184023, 2.330762330019244, [1]
-6.913917493712308, -2.088930414307442, 1.0930253700812114, [1]
-6.909200003806472, 1.3800551602027644, 2.586923366340149, [0]
-6.910407662769572, -1.4063513849717726, 1.5761539605317971, [0]
-6.911341397367182, 0.5353564547175598, 0.9284020482352224, [1]
-6.918095049726061, 2.5724789636856005, 3.034105492907364, [0]
-6.908193178027954, -0.09007261817642376, 1.22008087638905, [0]
-6.917063459640421, 4.264458491863624, 1.7323565436186363, [1]
-6.909274804381426, -0.5015614051711588, 0.6109320592483632, [0]
-6.916756447566341, 2.7342640047663838, 2.7479884911082704, [1]
-6.90805270677, 0.8328169338518343, 1.6896703708055143, [0]
-6.932677414698189, -2.8651153970328482, 2.8075410094877764, [1]
-6.912645963022321, -1.0028177214694498, 2.6061914204098007, [1]
-6.936195552918268, 3.952322370493917, 3.0292896666620006, [0]
-6.908540402585103, 0.22838180137395603, 2.601907345966638, [0]
-6.910333444435758, 3.7490405556221313, 0.6901516758311191, [0]
-6.922448986842874, -3.522228848127979, 2.7824499566197636, [1]
-6.909439743126941, -1.2360588354002604, 1.250437560453072, [0]
-6.908117349554556, 0.9564897825107259, 1.7838530365391239, [1]
-6.930384391743874, 4.183691522924189, 2.6699987680427193, [1]
-7.0681565960052835, -3.319679746369924, -1.022630056132804, [1]
-6.908068705960759, 0.5085214993581112, 1.905057078043843, [0]
-6.908267900592049, 1.1985737298204273, 1.7645826380156637, [1]
-6.908185083232105, 0.7981133865977414, 2.262974383901006, [1]
-6.9094829629942, 2.080403745550832, 3.2494549417583136, [0]
-6.908989342811194, 0.046863626461648544, 2.7460647608589643, [1]
-6.920323781121407, -0.7836465833636014, 1.695928807085777, [0]
-6.983302491244674, -3.4819408727593415, 3.5974966939296147, [1]
-7.00282701308395, -3.5405308251223886, 0.34877214476983776, [0]
-6.908064810590909, 0.18069127988547912, 1.2123315136588604, [0]
-6.908553639480573, -0.1904132480481755, 1.8493743376247944, [1]
-6.908049422852302, 0.6024390979065641, 1.8554240455575317, [0]
-6.924408996655998, 3.201822675082516, 2.4805556920280765, [0]
-6.911604050821161, -1.4170877081022766, 2.5016729216180487, [1]
-6.921394766787217, 4.792762808813048, 1.8517174185159235, [1]
-6.908132493361964, -0.4570318956355893, 0.7056350983633228, [0]
-6.9107944922307025, -0.31184861928026875, 3.404893257908472, [0]
-6.918454812608342, 3.6182035859450843, 2.2549643135946105, [0]
-6.90992578579726, -0.40663561230676437, 2.5640710374507076, [0]
-6.920010366257864, 3.7396114704222034, 2.3143838528027905, [1]
-6.908330461669937, 1.0040385347512455, 2.2877582102463996, [1]
-6.928657180325473, -3.204167432962712, 2.4501243910201125, [1]
-6.910314475816823, 1.518256165865576, 2.9345797821694886, [1]
-6.910993217275957, 2.1056486335021862, 2.4403365482148156, [1]
-6.920572492631967, -1.2536515160828192, 3.319175306159332, [0]
-6.909000900407912, -0.5469906803018262, 1.7691531543604044, [1]
-6.9243870990831295, -3.503083806307521, 2.072939882638567, [1]
-6.928793180782088, 4.132938171560767, 2.6250152918362186, [0]
-6.915473569724138, -3.268645859955241, 1.8377423731805849, [1]
-6.908368661204322, -0.3112408460453362, 1.5943507465141422, [1]
-6.909247081743382, -2.205227564471132, 0.9957274770577551, [0]
-6.920167720416441, -1.529379171444025, 2.477031555752421, [1]
-6.936927459446408, -1.9854813155372577, 3.524678547136367, [0]
-6.908036463626327, 0.4946913441480015, 1.7041088042807255, [0]
-6.908224441605038, -0.8769936214714018, 1.2088088064879938, [1]
-6.92384573698148, 6.528946163446345, 1.4632156140639778, [0]
-6.913931321447646, -1.1712642813373628, 1.904106136810251, [0]
-6.915341754866028, 1.7983090816026635, 3.6006150463894575, [1]
-6.909610444325037, 1.0234947598876663, 3.438601880399832, [1]
-6.909605994812211, -0.7068629254826687, 1.975126103078476, [0]
-6.909738571767816, 0.7710999671609512, 2.22998630182414, [1]
-6.90826755629332, 1.5208696310773968, 3.6586829097589963, [1]
-6.908503911716413, 1.172737893771166, 2.2685979156864886, [1]
-6.9104457888542346, -0.7107228615256157, 2.3585516373951845, [1]
-6.914114029556123, -1.6052414189561501, 2.29866954359568, [0]
-6.910453248386915, 0.1383723207041213, 1.5517178439931498, [1]
-6.909033601452721, 1.2512416550821914, 2.6870296641817606, [0]
-7.029780680896192, 8.555829745128497, 2.773404291597725, [1]
-6.919969282041137, 6.870999543219521, 0.9356804284723903, [0]
-6.9100645669189635, -3.5423899315430267, 3.1549270464235137, [0]
-6.909888329502263, 2.1615730977859484, 1.8625244838249289, [1]
-6.9236669157570425, -1.186236377787639, 1.0976520243374392, [1]
-6.908760865506303, 0.17033417351039903, 1.886688644270649, [0]
-6.949513653822579, 0.28615538952669617, 2.9408907178255874, [0]
-6.913358766264977, 3.742300575911411, 1.518683197159172, [0]
-6.929962366195828, 3.770185269788932, 2.4970335828155648, [0]
-6.9087521943088195, -0.41759960077375025, 1.7165505299877084, [0]
-6.944082014334532, -3.6187358839107375, 3.0089076884903134, [0]
-6.91186647290319, -0.5052825565687807, 3.096525567631177, [1]
-6.924410360301204, 5.9714933326673965, 2.223437177334882, [0]
-6.9131759832519215, -1.4317166709771612, 2.289987487836792, [0]
-6.90884335786946, 1.3695952044482427, 2.310538733159625, [1]
-6.9178009696020135, -3.636533412470891, 2.1470309288765126, [0]
-6.908056168163686, 0.3821258785149488, 1.6577510558516948, [0]
-6.908797953271412, -0.10334630216873542, 2.3039011146975286, [0]
-6.910799501873332, 1.7332324456174635, 2.7847214184515057, [1]
-6.908680021910008, 0.6928511294944965, 3.1364729485363507, [1]
-6.94529286063192, 3.74667075018684, 3.4298189609152168, [0]
-6.908897705497457, 1.56457686219422, 2.0287416436848735, [0]
-6.909156633011182, -0.9326445388675803, 1.3840748230753062, [1]
-6.916411293197053, 3.4130270192073042, 2.178713161112362, [0]
-6.918145828312971, 3.5282092331498416, 2.896158137941759, [1]
-6.910452407679763, -2.88962170410463, 2.6633064942595124, [0]
-6.909312480575532, 3.5830581791270637, 1.412137911094746, [0]
-6.911953028007314, 2.2429039789630316, 1.847298533417723, [0]
-6.938089826641475, -3.717089464059288, 2.5760978949614914, [1]
-6.908670061542926, -0.291796222433816, 1.8274893486294495, [0]
-6.9130248562250864, -3.9115240752492926, 3.2666136895240374, [0]
-6.908323131026322, 0.9276943100405548, 2.4019548158077857, [0]
-6.9278818275732865, 4.879156641896404, 2.2026938118925523, [0]
-6.914078206106994, -2.941733389762434, 1.38046351220839, [1]
-6.90883748811398, 1.8469852626886891, 1.5270082142564139, [0]
-6.91035975127786, 1.3494699086872184, 3.2261860545475214, [1]
-6.917167334192886, -3.6125488954562237, 1.0452093130412758, [0]
-6.908516117856644, 2.1632283026609977, 0.6137889439438429, [1]
-6.909941297333776, 2.068721391506832, 2.0006557350613994, [0]
-6.909865984595989, 2.2925585782414895, 3.250905858867825, [0]
-6.908168910125311, 0.02348329863804255, 1.3931124075100911, [0]
-6.919343646512001, 4.626211024796473, 1.767577556037531, [0]
-6.92942252138851, 3.9097945685410282, 2.7823283319391736, [1]
-6.908017729930711, 0.33152747404611094, 0.6132072375167316, [0]
-6.909204441799702, 0.9755292837585126, 3.274162456380229, [0]
-6.914440262003024, 2.8444675847599346, 2.3536595473222155, [0]
-6.920207577173044, -4.2383436972936455, 1.4563242283103148, [1]
-6.91882140193469, -2.3354627207831, 2.3137508918307375, [0]
-6.910263266839334, 2.106735519441181, 2.097484642249078, [0]
-6.910365353539056, -0.055136387762150074, 1.552591585575065, [0]
-6.916849123290749, -0.9779046917731156, 2.8267202680131662, [0]
-6.911300173546647, 1.0737683247634413, 2.790447007279088, [1]
-6.953513919444481, -5.59709384416965, 2.2758648022197625, [0]
-6.908474601085035, 2.4194434203110946, 1.6718710648712662, [1]
-6.918278519204311, -2.2423258360092473, 2.3250551418656493, [0]
-6.911592455894497, -1.088015872665405, 2.3960115838691176, [1]
-6.912823262189089, 2.3025749498798085, 2.5915377911789217, [1]
-6.909964980933398, 3.0146277927045264, 1.056511573217924, [0]
-6.908131529357919, 1.9331509102856392, 1.544459673664617, [0]
-6.920839668462448, -3.559872123366956, 1.8547447916200266, [1]
-6.910821918463626, 1.773408613039995, 2.735317628855361, [1]
-6.917380543790683, 3.144854364227699, 2.4796702377835276, [0]
-6.9183311461386525, 2.6096947976199107, 2.8518602434845843, [0]
-6.911833779560352, -1.0358591505049701, 2.3963408122172742, [0]
-6.908311914193539, 0.6525447971941335, 2.644333932011735, [1]
-6.921433215857168, 2.4035200426144976, 3.477506634053984, [0]
-6.916144081189042, 3.5046288244252004, 1.239391055796391, [0]
-6.917961379317754, -1.4991837361725757, 2.055507838577171, [0]
-6.9367435973131935, 4.919528037887786, 2.5498206958139913, [0]
-6.995062459215701, -6.512833096787508, 2.6817715940327993, [1]
-6.90994156098741, -0.32771645963776486, 2.6922754861434672, [1]
-6.909117564413807, 0.039478042711140526, 2.8323393354060156, [0]
-6.934162615184237, -4.268311077536822, 2.862872535292814, [1]
-6.910312300536067, 1.4940024852603568, 2.972212960566043, [0]
-6.920470956617568, -3.3099955148021123, 1.8969775448837511, [0]
-6.938359126040241, -4.728769888299884, 1.9906212040370748, [0]
-6.912570118140743, 0.1746090194140446, 2.764862298683095, [1]
-6.9489547917904115, -3.578116033718693, 2.9462929557983455, [1]
-6.908196861619331, 0.7747255682369611, 2.319451488804623, [0]
-6.909904366242413, 1.8240730279135628, 2.30361945773811, [1]
-6.90815692142644, -0.061175831878797604, 1.1264551666666782, [1]
-6.910737752189197, 1.2326603608615652, 3.5539305209780254, [0]
-6.916194441271544, 4.092020053365156, 1.7282884882269292, [0]
-6.922676953482179, 3.6253809869157396, 2.584294463671998, [0]
-6.908547903857706, 2.32884845021911, 3.001778721683378, [1]
-6.926349525877321, -3.5792935551529763, 2.148968118398935, [0]
-6.9352252070468605, -3.5158249757808933, 2.570171274079821, [1]
-6.9108095277654575, 2.031482162296004, 2.391561820745457, [1]
-6.925560657567563, -7.608736629364611, 1.4444463603600295, [0]
-6.910246445972085, -0.733664992781114, 2.250154501503306, [0]
-6.913540421445333, -1.430558286609489, 2.3568316510058502, [1]
-6.915782431407534, -0.9444278077547722, 3.1756648164992582, [0]
-6.910904815726715, 2.1007914086811015, 2.338607216825929, [0]
-6.9118233614038305, -2.448075448619682, 1.4784789051771914, [1]
-6.913398999232884, -2.119584749680872, 2.2890187649585427, [0]
-6.916327861612806, -1.7438560799625038, 2.485230571438382, [0]
-6.908747678914698, 1.1922389221102028, 2.532993188033296, [1]
-6.921102467470749, -2.523577548266359, 2.064273137514423, [0]
-6.912832248562114, -1.1610963754993144, 2.4853446870528466, [1]
-6.910024604651357, -1.1227251594786005, 1.7741091237466984, [1]
-6.9219733545885545, -2.8831370083177443, 3.310852325107076, [0]
-6.910113803603791, 0.5086584897645725, 3.4064455147930093, [1]
-6.908889698799554, 0.46781476422514834, 3.2796662764755946, [0]
-6.9152382532019825, 2.5103408121698907, 2.7704516555131757, [1]
-6.908661518574594, 1.558848586629396, 1.7778679879119477, [1]
-6.933890591080311, 3.9347213942098525, 2.955116907928609, [1]
-6.917497433803938, -5.341534609589836, 1.4868807322285158, [0]
-6.928910139285529, 3.24395745129647, 2.9228068728848804, [0]
-6.909338277057596, 0.5198628246777192, 3.6314397153687623, [1]
-6.908409599654901, -0.3165446643994473, 1.3665221814412174, [0]
-6.910880984102278, 2.8449052565422783, 1.573728670677919, [0]
-6.918509631659293, -1.3107394158232253, 1.9925371648804349, [0]
-6.925148910047948, 3.518330231720927, 2.807779684711963, [1]
-6.90827224476828, 1.0554093225722443, 2.0673763835093273, [0]
-6.908588969540427, -0.0780710180340205, 2.1063402071708843, [1]
-6.908530752983518, 0.931975170650866, 2.7236722419833423, [0]
-6.921054046036705, -2.3881733976485746, 2.4641493387968527, [0]
-6.915497279814005, -5.80035503630734, 1.01245885817482, [0]
-6.916182399458749, 2.8051099084210636, 2.6202097793872423, [1]
-6.954393726671757, 8.45234375162082, 1.836781460663619, [1]
-6.911358550077434, -0.5758349079552475, 2.832126393312508, [0]
-6.91881207470081, -3.92235270957413, 1.6039595542809395, [0]
-6.911565969217721, 2.075741385641467, 2.5617598237757573, [0]
-6.910654440429799, 4.225455424814153, 0.12022907626788037, [1]
-6.938692104829272, 3.9005474957018946, 2.4289498817974833, [0]
-6.908521147483539, 1.4011871503659745, 1.862741552455858, [1]
-6.931620596551573, -2.1501135252034334, 3.2076003738140324, [1]
-6.910688361659391, -0.46008142348594194, 2.7886278809977414, [0]
-6.929615776907749, 4.601423556895868, 2.4182797637447293, [0]
-6.909022402208808, -0.1674532046521996, 2.396832920090318, [1]
-6.910012173948281, 0.32989743818213246, 1.2898758229910665, [1]
-6.943802331062439, -3.089475711325593, 3.054888946659399, [1]
-6.908792714004167, 1.5126498092752945, 2.0099477404821613, [1]
-6.972278379664721, 4.739153888823993, 3.4338923661801712, [1]
-6.908012194398157, 0.5600320627158686, 1.5710546064707105, [0]
-6.909633314131831, 3.6066651500920397, 1.554917629062328, [1]
-6.911792053861526, 2.3852363121885953, 2.274268329914151, [0]
-6.915159980622837, -1.4974617499813543, 2.545398410979718, [1]
-6.909785650402522, 4.6961910597393475, -0.13122373680023586, [1]
-6.908440669133373, 0.4074058052727625, 2.725529761260464, [0]
-6.909609586917228, -0.6113042447989926, 2.1062765418515528, [0]
-6.91811213859593, -1.4333128909950261, 2.947658439092319, [0]
-6.9082361644894945, 2.258228439309414, 2.264689839845456, [1]
-6.90848697286985, 1.6116476133913773, 1.4241686001705758, [1]
-6.917720729611716, 2.649883364186415, 2.9255213736617205, [1]
-6.95891292807392, 2.8128139584150307, 2.5164399787680987, [1]
-6.9108554739287475, 1.3046456638456885, 3.471319662577521, [0]
-6.930474348917398, 0.13591837448348087, 2.4791130580989624, [1]
-6.926724381194379, -2.1990924797355267, 2.944725876394734, [1]
-6.914509327799975, -1.361369248211282, 2.5766508524734895, [1]
-6.936303508037196, -6.762183985069324, 1.4607939123798253, [1]
-6.908008339241533, 0.8681699006041189, 1.1768137907998617, [1]
-6.90833968629927, -0.5749738203082747, 1.5298666249859796, [1]
-6.922391840835777, 3.253247279684892, 2.819296074192493, [0]
-6.910085622296731, 2.5523306647988244, 1.5335021161407443, [1]
-6.9080060377893355, 0.7528357162209223, 1.4285480066664473, [1]
-6.930531798458995, -2.1131500537913714, 3.186671341234942, [0]
-6.91964192177449, 4.1049755141401425, 2.0674625444122054, [1]
-6.908316747338095, -2.0807607016078458, 1.2121337756297985, [0]
-6.922918642246536, 3.739095206645171, 1.2718832220997414, [0]
-6.909062398567091, 1.4238585397108707, 2.4088012415898374, [1]
-6.918884177719486, -1.1821017146976787, 3.249101738746808, [0]
-6.931850173903519, 3.7601496235063667, 1.5662039938202597, [0]
-6.9089622332201355, 0.108530691526598, 2.831981468468867, [1]
-6.968064833527955, -4.656760082997789, 0.7116968543149551, [1]
-6.915153892629474, 0.25808865055715247, 3.403599473602919, [1]
-6.910692007064781, -0.2026748295402918, 3.184226356496805, [0]
-6.918827613678692, 3.80230617948802, 2.173536320376865, [0]
-6.909042119834582, 1.6779361362860028, 1.9769939333563997, [0]
-6.909058015476663, 1.7293021555190822, 2.6185167622710788, [1]
-6.911330005564805, 2.2596641748167117, 2.2851276315003206, [1]
-6.928150213706842, 3.593266214030567, 2.9177169577697355, [0]
-6.909868813071576, 1.1991766337167884, 2.7454717822076367, [0]
-6.911755614351191, -1.6309347022662384, 1.8042751145838927, [1]
-6.908431829657423, 3.367253491375973, 2.6985176588677433, [0]
-6.9209243646285366, -4.166582892915121, 1.5425441762349252, [1]
-6.913530928716984, -2.0858932351792356, 1.826371956758897, [0]
-6.910286481583202, -1.0442008445825481, 2.5641440274423166, [1]
-6.911227334536851, 2.607314922567337, 1.8990617588403897, [1]
-6.9272128998307, -2.5537017703697455, 2.6725364038388584, [0]
-6.908324437405987, 0.35858090975860346, 2.856541145816636, [0]
-6.908155056974908, 0.7974828372244653, 2.175554917866575, [1]
-6.916922777311562, -1.9086458955420014, 1.2909577093331168, [1]
-6.9083791754344785, 0.7467821567838865, 2.7171480527792644, [1]
-6.908456721484072, 1.4848922919286336, 1.62814586372258, [1]
-6.910055396609911, 1.255883173108957, 3.26168576085544, [0]
-6.913537275876204, -0.32872261393045266, 1.589960292189411, [1]
-6.911023271972327, -0.7374974850953572, 2.522009613126756, [1]
-6.908969405487346, 1.3264105689354713, 2.501580419107795, [1]
-6.908342214938533, -1.3308109991292838, -0.03342433137693899, [0]
-6.9137692301436635, -1.835779276311, 2.0545604972434894, [0]
-6.911576637422984, -4.381861602826112, 2.8218251475209453, [0]
-6.911863500229956, 2.42492326034865, 2.2512079318002987, [1]
-6.917135928538319, 2.8194758626994454, 2.7153352004913804, [1]
-6.912105208033087, -1.648776962512263, 2.4185366920689617, [0]
-6.90818242392479, 0.6733562529507168, 2.349420276294997, [0]
-6.909452667366397, 2.5528383870469016, 1.2975165695379725, [0]
-6.9177934768674945, 3.5744780168354997, 2.2192248146953437, [1]
-6.913077890976372, -1.1731066558218886, 2.5206951212867086, [0]
-6.90895783138504, -1.1166257796208676, 0.6690049031960192, [0]
-6.909629193809569, 0.7460460715723677, 3.4313825057406855, [1]
-7.001874176223526, 7.47457505749463, 2.805013558858179, [1]
-6.950158713311538, -2.1908045941194594, 2.3724969483058533, [0]
-6.9155388636521185, -3.1439156589263035, 1.484264778943195, [0]
-6.908663375220441, -0.40148285383626714, 0.9751351609449082, [0]
-6.9116970283184065, 1.9949544811726643, 2.6946486326930845, [1]
-6.908838205487267, 0.03250146335628523, 2.587555025150395, [0]
-6.941108797340017, -5.023078929807792, 2.8362521105865914, [1]
-6.909814671548045, 1.6680357224655755, 2.4852054003403787, [0]
-6.923406179551354, 6.467183901371504, 1.3207794032475, [1]
-6.9119478272088815, 2.2354742118650006, 2.4736411300566545, [1]
-6.91608180658846, -1.1551300527485808, 2.9872467304592183, [0]
-6.909754930446956, 2.0243434268763556, 1.962499687411763, [0]
-6.958099884975141, 4.536344033102736, 3.284920202401555, [0]
-6.91987304318812, -2.8864079376744165, 2.072335790597477, [0]
-6.9125232575064635, 1.6727644649379179, 3.049365410584972, [1]
-6.908890050568486, 3.493720235859662, 1.1548390361191196, [0]
-6.924371936541175, 3.430370373657245, 3.4303226146838526, [1]
-6.909859389401361, 2.349618080269079, 3.136573258904419, [0]
-6.911034402282906, 4.041827060111406, 2.5558662553763947, [0]
-6.908315039717959, 0.964722548334747, 2.3254637378206726, [1]
-6.939341554819316, 0.3929978919464818, 2.0352638058019528, [1]
-6.916941990352239, 4.051624950539108, 1.837402152229777, [1]
-6.93211087889713, -4.497187205994372, 2.0296135786985814, [1]
-6.933447054440156, -3.6612164591798853, 2.435248237184975, [0]
-6.952954941176689, -3.4318338149188894, 3.108424998955239, [1]
-6.9093932744125, 2.0047308224918226, 1.7744283154609901, [1]
-6.9108673395345, -2.032958390736469, 3.3742843848061312, [0]
-6.908297593333874, 0.4315080639502642, 2.4618678781671215, [0]
-6.9615882124114234, 5.005973916428974, 3.1296993716623502, [0]
-6.917668831416501, -2.5716167482090486, 1.5764472714643796, [1]
-6.9091037945874, -0.6094651680932334, 1.7666297700285731, [1]
-6.934841024978977, 6.661882925185106, -0.21618840582132415, [0]
-6.9262304045740315, 3.526692170519033, 2.8625488351398833, [0]
-6.930637514231838, -2.8343406984778663, 2.7393853266905435, [1]
-6.911473166676844, 2.7583794654381046, 1.830637960429593, [0]
-6.937217443245163, -2.869125994719078, 3.5389796045523925, [1]
-6.90963552375327, 1.6547188452069133, 2.4120809591126813, [0]
-6.90798177002146, 0.6369861905454268, 1.0125233766791282, [0]
-6.9195052152673995, -0.993620543735346, 1.5766391998389884, [1]
-6.922032181163809, 3.3481580827592965, 2.726578985576611, [1]
-6.969603638834996, -5.837114221414265, 2.5022931547169134, [0]
-6.912744418767824, -2.3021595036710587, 1.526164280916629, [1]
-6.92783975045361, -2.3959383771343568, 2.8719914855926456, [1]
-6.908528773365353, -2.493892420800693, 2.6322121764431383, [0]
-6.909823106942536, 0.30298566792419357, 1.6981971484622174, [0]
-6.907987287080526, 0.6984200066335293, 1.1862119703031353, [0]
-6.909824611276509, 0.9514195011732504, 3.309935609323322, [1]
-6.910402556403111, 1.7188794788010935, 3.0372367525740995, [0]
-6.925421974480236, -1.543179018996781, 3.3745178467379007, [0]
-6.921640932558395, 4.273307592918089, 2.8098619610010958, [0]
-6.934618462538385, 6.155741616156329, 1.973809198476606, [0]
-6.923916318883526, -2.8056371979105226, 2.407293211161931, [1]
-6.925734901550515, 3.822274706836564, 2.648007035980467, [0]
-6.924655055612196, 3.3394320748828163, 2.9014063880865586, [1]
-6.908230037224248, 2.176559176098857, -0.6561286235301462, [1]
-6.912462279454234, 1.7207250128201603, 3.2360366168873904, [0]
-6.912795599109013, -1.3559010502034607, 2.2866175729104334, [1]
-6.9121607767783555, 1.8696689337654675, 2.966646561900823, [0]
-6.911103712177455, 0.11469012485375951, 0.7484040502891076, [1]
-6.909981260763404, 0.492685911222956, 2.7290203994236157, [1]
-6.912466904102381, 0.2971697816814314, 1.2431438464249398, [1]
-6.909524406934887, 0.001329011349584519, 3.0256161635948695, [1]
-6.909742099200638, 0.36151645039451097, 3.1521748666548883, [1]
-6.90811992682318, 3.7329790576060065, 2.505114471385163, [1]
-6.909682981038125, 2.142741632824813, 3.0516098281762174, [0]
-6.910593309396104, -0.35358853549589064, 2.913803731247295, [1]
-6.9090314615705255, 1.7103704783074272, 1.917952058718852, [0]
-6.910092387142133, -1.294530476285626, 1.9887046026178012, [0]
-6.914911938489107, 3.0970057540475273, 2.217795754512123, [0]
-6.919706192588192, -1.89193370595112, 2.2007274819014753, [1]
-6.909340802292586, 1.215822971340753, 3.254600477409016, [1]
-6.912097663596087, -0.5428911227425343, 3.063107054866292, [1]
-6.93452196152279, -1.4370044054514493, 3.881264735785216, [1]
-6.913415721708852, 1.794422422171042, 3.316327181566116, [1]
-6.908145333138236, 0.5763876272343446, 2.24324520075868, [0]
-6.910478732392066, 1.8638556704401927, 2.3042334966716362, [0]
-6.90857939710243, 0.6125283811455091, 3.0394802048084357, [1]
-6.909013685136263, 2.025014104321564, 1.4538715869362133, [1]
-6.909554357140353, 1.3976170529781287, 2.7790426523687852, [1]
-6.914579559418656, 2.3916427214495055, 2.7966268207032297, [0]
-6.910085931380509, -1.5249295053764715, 1.32773980558677, [0]
-6.966122310425884, -4.208427622246063, 3.0194079972861037, [1]
-6.914790981058052, -2.4896737352464426, 1.756774788609438, [1]
-6.912729314875917, -1.244177326451863, 2.3810670164056, [1]
-6.909574968546742, 1.462640084122425, 2.682511766292051, [0]
-6.910519529741821, -0.6588960369059551, 1.6230515152188365, [1]
-6.914579373864484, -2.0709255760499654, 2.0069098987532428, [0]
-6.912959324881205, 2.9171044656025478, 2.0388420460511676, [1]
-6.9407718303814985, 3.820336965134184, 3.2566774307562345, [0]
-6.911135903248637, -1.3844254715324449, 1.8509755056517756, [0]
-6.9413562422781805, 6.113951826958713, 2.213309588385957, [1]
-6.908612576194933, -1.1969256236250727, 0.9679587087357477, [0]
-6.908242735621513, 1.0509454063517727, 2.00343592155338, [0]
-6.9407952706890175, -3.6292638901516017, 2.701802737627228, [1]
-6.908862291870255, 1.0469617211561077, 2.897919964102826, [1]
-6.953726207849586, -2.450650267982033, 3.664128427225137, [1]
-6.93560099678921, 3.630728334439107, 2.9065047706575697, [0]
-6.959116147437366, 5.893586258009753, 1.7128916392014575, [1]
-6.90914438816392, 2.1385325878211714, 2.569332404693482, [1]
-6.9095602015385005, 1.1401440560277378, 1.993238933090956, [1]
-6.917340701018785, 3.8158168532401677, 1.2515511347630248, [0]
-6.908314114009453, -2.2797666859003898, 3.0911783941427062, [0]
-6.91179944129551, 2.1099371289802566, 2.58100631177388, [1]
-6.922929820343031, -2.144516470172846, 2.759054080086031, [1]
-6.918871738625425, -4.4613336659067375, 0.6759439035182939, [1]
-6.910909215538947, 2.8504124387146605, 1.5783980452527127, [1]
-6.910426497626342, -1.3126923350325796, 1.6738477507300715, [1]
-6.91562585382533, 5.193642372617331, 1.1106858148887335, [1]
-6.928193298067943, -2.2929727463240592, 2.956337229719762, [0]
-6.908259372426955, 0.7794260776067882, 2.464131347346867, [1]
-6.912975749818158, -0.9748302580083567, 2.7122539438604303, [0]
-6.908643129258336, 1.7832039114779876, 1.3852154294681112, [0]
-6.912291600801786, 1.9323569416998934, 2.714597958847608, [0]
-6.908914588748467, 0.004231959743811076, 2.606927773874975, [1]
-6.913002038714839, 1.7689943407665567, 2.6550836331448338, [1]
-6.938737663016715, -3.516762179786483, 2.690154515766747, [0]
-6.9654537073436, 6.283473471564901, 2.6943582166455045, [1]
-6.908779897938653, 1.3248803965384761, 2.3265107902778013, [1]
-6.9241673568722195, -0.9650832601209189, 3.9099189597184396, [1]
-6.909339663748082, 0.13007234796345468, 3.137543045639868, [1]
-6.91541756071589, 3.2883094758911993, 2.1437799147368093, [0]
-6.91420076674304, -1.6696635142996912, 3.0971037721279306, [1]
-6.907995126321572, -1.2858831184201343, 2.8802504396261233, [0]
-6.915741198148689, 4.063513808837643, 2.7334970469979005, [0]
-6.9686430472276335, -5.690058127521478, 2.532347738168674, [0]
-6.911764458884765, 2.412909032935906, 2.238680818938678, [1]
-6.911994475057102, -1.205220199766932, 2.2579356816295664, [1]
-6.910243346630516, 1.3581839886005196, 3.166738857494382, [0]
-6.908314044133813, 0.7491568900393739, 2.694625251441563, [0]
-6.959325075895608, 7.12365783742359, 0.576334779333179, [0]
-6.913134301993753, 6.49468269481707, 2.9953106595053893, [0]
-6.911052198194478, 1.4722167492051053, 3.2581380064977905, [0]
-6.9492844121139346, -4.266335058650256, 2.9555344923965072, [1]
-6.908611012721938, 4.882547346303167, 2.5852692060060085, [1]
-6.911064572520897, -0.9162966402628062, 2.318397742657835, [0]
-6.914509725968947, 0.71176176787651, 2.8662945141491085, [1]
-6.934643059208077, -4.873472933462926, 1.9883129875472942, [1]
-6.908167953231648, 0.6147258101822098, 2.318026108249228, [1]
-6.9081254358805, -0.19811448704643675, 0.49513886838919796, [0]
-6.923812945568364, -2.257336811419763, 3.4277224031688442, [0]
-6.9129795683097495, -0.8810058752253975, 3.148999188489468, [1]
-6.912009726988832, 2.357393625004341, 2.359395158805368, [1]
-6.925528469256311, 5.347739684685609, 2.5570659249641863, [0]
-6.9452241269044155, -4.071085138465538, 2.6330135149562865, [1]
-6.909131491139672, 2.521737182533855, 0.9733228756893695, [1]
-6.933123055857496, 3.9892365664082496, 2.8936171683764003, [1]
-6.940696458346587, -3.1500922467988897, 3.3710745729349045, [1]
-6.911114013570467, -0.5640589520624445, 2.7778634558006168, [0]
-6.911855217140843, 1.9913818397274095, 2.7385884965182634, [0]
-6.914152452334026, 2.854616178114904, 2.89107309000598, [1]
-6.9081085704414225, 1.6293043372198324, 3.0882437783383283, [1]
-6.908290299038247, 1.292372673652599, 1.6244737887251255, [0]
-6.9397861343114, -3.0519125587557565, 2.9566905152828475, [0]
-7.0094218378910185, -7.033932234003797, 2.6616587035357835, [0]
-6.908236752104001, 0.5782999975442616, 2.4863056297440185, [0]
-6.920977401671251, 4.325721612543378, 2.054232969320211, [1]
-6.908317501277686, 0.5725709239163081, 1.475319147395574, [1]
-6.923922429486083, -3.317192748296451, 2.1351961684388368, [1]
-6.91010591587585, -0.8753121983047655, 2.0143635562609075, [1]
-7.028918552996957, -7.548703596093298, 2.707639602750654, [1]
-6.910465354289163, 1.4237377444466506, 3.142995808520768, [1]
-6.913266306229048, 5.167189128368935, 0.7529338773500819, [0]
-6.961277361088367, 5.599392159611944, 2.8738518264391, [1]
-6.923288109839994, 4.365481253260159, 2.1953088540823904, [0]
-6.912380072334714, 2.0808912706199685, 2.7502246976826745, [1]
-6.9080840625881486, 1.3157809359128991, 0.41773094377445835, [0]
-6.925416045065382, 3.3918378554316932, 2.8633805891345596, [0]
-6.935055780304462, -4.529442951985622, 2.13172069166264, [1]
-6.908133687007469, 0.8663297822131032, 2.0101640689188947, [1]
-6.908454810256316, 3.0853496030527876, 2.6951445553876274, [0]
-6.9922320118646555, -5.236540948186728, 3.0076599636709496, [1]
-6.94955029284598, -2.518995533298751, 3.5266724150747355, [1]
-6.916422642639369, -0.7278645556127131, 3.5070538277752568, [0]
-6.914534073210358, 2.7295341122353607, 2.4676070299988986, [1]
-6.909045319184508, -0.09068957739134909, 2.5486536840119514, [0]
-6.908867292328607, 2.8217054463055176, 2.806159026863833, [1]
-6.914063641713278, -1.1520014947506079, 2.7129220884055134, [0]
-6.929952552744173, 5.649904098303495, 2.5496062224886917, [1]
-6.917984790576431, -2.393433426328073, 2.1969841031321615, [0]
-6.911958624530163, 0.18191057746442807, 2.8297007629683906, [0]
-6.919327523694242, 2.7893308275023023, 2.9511608243444822, [0]
-6.911873288024518, -0.627425845615008, 2.896362478282191, [1]
-6.908944676350399, -0.41230236178206325, 1.9239257343043068, [0]
-6.913004219709616, 4.007198819105645, 2.514281071541765, [0]
-6.908327726022104, 1.6452218095296263, 1.0099539789644612, [0]
-6.909378462951598, 1.6790359663077572, 2.2227525176158447, [1]
-6.908890263305185, 1.9460429079234012, 1.4411128219106815, [1]
-6.9308152460495664, 4.5030608144530335, 2.1873473072562817, [0]
-6.9080680022160825, 0.6221431100522142, 1.9541148764862222, [0]
-6.911429003608925, 2.3272395899637948, 2.239490210952913, [1]
-6.912634474508109, -0.7818230584334466, 2.869609311339445, [0]
-6.90825327944106, 1.103886932269882, 1.9240556051595317, [1]
-6.913509745487658, 2.193776995809597, 2.838356273114715, [1]
-6.984928549385834, 7.713097410874724, 2.5384699852113357, [0]
-6.908504751896217, -1.5584728276243012, -0.2058167255531729, [1]
-6.908972801232188, 0.5010353951892447, 3.3718156968782242, [1]
-6.930772085906466, 1.7469337832528107, 2.2891509681985687, [1]
-6.91254110990243, -0.6744812743791965, 2.9848712290205652, [1]
-6.908707070483166, 1.5970073585863327, 1.7700990723680163, [0]
-6.910341766449288, -0.7461363933097869, 2.864764711513332, [0]
-6.956876045954766, -5.529851739601459, 2.3684375394833097, [0]
-6.911028822342035, 1.4537337765316245, 1.8119806699442629, [1]
-6.915206611911173, 2.8123674442428097, 3.095488547496391, [0]
-6.913877137681902, 6.106771968439171, 3.3161080573022756, [1]
-6.908083352148944, 0.8257550714594557, 1.866552725623172, [1]
-6.908666785033185, -0.34290446468486324, 1.7359859322834046, [0]
-6.938297339185382, 3.817266006700665, 2.845587343096458, [1]
-6.909767249255449, -0.8905014949567497, 1.8322537137528072, [0]
-6.909702246605861, 0.15854832577251993, 3.385090613349058, [1]
-6.908136935171949, 1.4193482886909692, 0.682074511071761, [1]
-6.908583080102569, 3.666499749467979, 1.671111088557168, [1]
-6.9086446956789445, 1.2503121651596085, 2.6021187525414127, [1]
-6.911428531541213, -2.161305615535175, 1.3041939134563125, [0]
-6.916150325635626, -1.8704532576943167, 1.7926059551676654, [0]
-6.9129629421953265, 1.5378207782182889, 3.2063539478753365, [0]
-6.908138645510983, 1.5388649843753637, 0.29485138810753975, [1]
-6.908712482858865, -0.3561181600948352, 1.77060150846406, [0]
-6.915028741113929, -2.2171914073364936, 1.9691706475989341, [0]
-6.946825422380409, -4.918793424647978, 2.3466651334176536, [0]
-6.910672809301285, -0.3346418307821579, 2.9702236361624452, [0]
-6.914762419497963, 2.2634049784444423, 2.958201515184157, [1]
-6.915502969240779, 2.7980345061761565, 2.5419288018708697, [1]
-6.918963548674287, 4.415900269438671, 1.3767190060515286, [1]
-6.90825596980844, 3.060399515853897, -0.9498773131893299, [1]
-6.9121391636322835, -6.688274256396889, 1.795230738288415, [0]
-6.909672924298912, 1.434739818422188, 2.7812612988832566, [1]
-6.908954832044479, -0.054302023023938384, 1.8733312086007785, [0]
-6.908880497479344, 0.3869268753254247, 0.49827114679779905, [0]
-6.908314014231025, 0.7174954177591684, 2.6226529167686197, [1]
-6.914406273624523, 3.312274718890114, 1.9830939559228404, [1]
-6.921203315891736, 3.4099054945353537, 2.623678471266709, [1]
-7.021422894142822, 4.785288529685345, 3.599140952159215, [1]
-6.911086276558331, 1.1846724870450391, 2.1412079003933027, [0]
-6.924825333794652, 3.416442407737811, 2.857854562215322, [0]
-6.9183738255022735, 1.3986494058643824, 0.39431229209985297, [1]
-6.967779327789458, -6.807239022065185, 2.929266674611434, [0]
-6.913887467376365, 2.129945571819067, 2.9746144485865305, [0]
-6.908010376564941, 0.6563239045768108, 1.5533625196300904, [1]
-6.922031472307641, 3.907809073191164, 2.3655083069917624, [1]
-6.909471904701344, 1.043803924318897, 2.319858601801465, [0]
-6.908538502909873, -0.30722763148313526, 2.0523358983416276, [0]
-6.921721399359578, -2.7944802458493716, 2.2671034853595384, [0]
-6.931322296950191, -2.5796603423157958, 2.9175585218241338, [0]
-6.908425312018152, 0.8901574940159354, 2.6340078756030088, [1]
-6.9347987052180935, 5.955436826452147, 2.053637406945249, [0]
-6.909401423127696, 1.0696360788437524, 3.1933446891991766, [0]
-6.908972402721002, 0.8617857695546768, 3.2605017205964395, [1]
-6.910148998489795, -0.41173195262116813, 2.65548403710256, [0]
-6.9099990007283845, -6.510912328406379, 2.842711452007429, [0]
-6.912323419559768, 2.1612631348603406, 2.6438893785882684, [1]
-6.9205889714002975, -6.017963515563162, 0.37733113555070963, [1]
-6.9200486891367925, 2.697621469520348, 3.091961044985696, [1]
-6.90808933564249, 1.810653638102749, 1.1797245901781852, [0]
-6.912826217400305, 1.3625597529730205, 3.1214947231902404, [1]
-6.909570298128567, 3.0955064203665277, 1.6377070577827126, [1]
-6.908294534502129, 0.33796940020479904, 2.3775647758115444, [1]
-6.925580846162039, -3.3100024729985766, 2.2368895580593033, [1]
-7.029683174899455, -8.016960130921417, 2.053310766609724, [0]
-6.915450555419299, 1.5154311478420097, 3.2622589441231034, [0]
-6.908220682729699, 1.1506495875183425, 1.7352200286176862, [0]
-6.912176968192762, -1.5556923130487128, 1.97204603212472, [0]
-6.91680980013999, -1.1671018376130986, 3.0587022237381087, [1]
-6.91096546194758, 2.6777145550347816, 2.2884932916553122, [0]
-6.922370437558776, 3.1410669484140854, 2.9008705209559698, [1]
-6.908747293242536, 0.4861933736344224, 2.532452939776509, [1]
-6.930031654441437, -2.481162548289814, 2.9217374916918746, [1]
-6.908832302152724, 1.0397371122988401, 2.8826331788673794, [0]
-6.914412094951976, 2.552047769477719, 2.612981317199752, [0]
-6.915767919009584, -1.6666031773693706, 2.480223096038181, [1]
-6.908128614059623, -0.11014059381496932, 0.8154077033933887, [0]
-6.920109788755784, -1.7577629390472946, 2.84035982063896, [1]
-6.961628405074066, 6.516326445177023, 2.7588007565016737, [1]
-6.9258916130318555, 4.583123608895993, 2.239995601712893, [1]
-6.91604237214338, 2.709340505231233, 2.6873398403028146, [0]
-6.922587652869439, 2.426390061554801, 0.675186374411286, [1]
-6.910356518047068, 1.4786216227550744, 2.47540232315664, [0]
-6.908181762353978, 0.8069586228212432, 2.2435065934480805, [0]
-6.925057944626532, 3.909612006574722, 1.397257212165611, [0]
-6.924652304648459, -3.8326846507055676, 0.8293955292687598, [1]
-6.913007110730583, -1.15338445223848, 2.5273758144086744, [0]
-6.909335901698114, 1.2137021046607925, 2.965110793753329, [1]
-6.922495912840503, 6.526067715379144, 1.240126221939292, [1]
-6.9178133285209205, -1.3524265667451418, 2.98361549401792, [1]
-6.909348393360705, 2.9889460991892474, 1.146985960779066, [0]
-6.956434751352149, -4.5410940505975645, 2.706459719165502, [0]
-6.909473562745051, 1.811859287344797, 2.0876668688450564, [0]
-6.920400882077687, 1.1370301986746418, 3.3772634206241205, [1]
-6.914337660709609, 0.1717018915844537, 2.189177953068093, [0]
-6.916153970483173, -2.0201258771513726, 2.2536019572744115, [0]
-6.908344576518124, -0.23738935050242294, 1.3719082386000354, [1]
-6.921126768355583, -3.861666613033407, 1.6884130263153336, [1]
-6.920798247921677, -2.590535854216165, 2.972657485103739, [0]
-6.959580312319412, 5.728983905659431, 2.7908740584114344, [1]
-6.910696685002517, -2.476271101994837, 1.48096831686626, [1]
-6.908632453362779, -0.05035923561060707, 2.2138430649526457, [0]
-6.908607215879683, 0.14031176895532282, 2.5329864531375774, [1]
-6.9106893777166, 1.8982082418520934, 2.521109735033085, [0]
-6.908172846492083, 0.16576370971041576, 1.7370794473893256, [0]
-6.91771154656533, -3.4874663856995864, 2.198640200160443, [1]
-6.918449955667632, -1.6030573695118089, 2.8227009321097025, [1]
-6.936937602228251, 2.7282201627300644, 3.925896655012065, [0]
-7.081324812650635, -5.131754179876583, 1.5955281643452484, [0]
-6.97331292583722, -4.061856566090808, 3.8645503953582336, [1]
-6.909702907179182, 1.1934356608888077, 3.2051797091573686, [1]
-6.908133117666483, 0.777725091107027, 2.1260524714014273, [0]
-6.9103983129174225, -0.798440668640099, 2.2294890530280713, [0]
-6.9080300430824675, 0.6824284516231234, 1.7181964444126532, [0]
-6.908480522356748, 0.25233825395935217, 2.559434604087706, [1]
-6.9096876822301105, 2.648264376314899, 2.1607274241445182, [1]
-6.9101868934636395, -0.3842441883618998, 2.712617638980909, [1]
-6.928604922064279, 0.07512992650489325, 2.3881357977336, [0]
-6.911568869693981, 5.870170565825491, 1.2091809144933103, [0]
-6.929478348189868, -4.839386616852389, 1.786348151292173, [0]
-6.919977819094715, 0.1276061225875158, 1.2036286687661932, [0]
-6.914927744311255, 1.6443097111506986, 2.0259289780378213, [0]
-6.9128708151622495, 2.064318127996499, 2.870927802760278, [0]
-6.918926703370232, -2.331865844814457, 3.0174835094510066, [0]
-6.917598189448058, -1.9487427661236314, 1.3427726302879976, [1]
-6.915655207221905, 3.062405919223937, 2.3443874658905903, [1]
-6.908200675103302, 0.2758768832692847, 2.0472201518987516, [1]
-6.916983702096292, 3.402646653209042, 2.250481854509998, [0]
-6.908737866620201, 0.2903613589839334, 2.9275590756744214, [0]
-6.9080676150462965, 1.5110743384249412, 2.7898675634560046, [1]
-6.921794354387717, -3.477196016196473, 2.313274903721594, [1]
-6.908660281459399, -0.036962124342831415, 2.2724746243693374, [1]
-6.910843485413288, -2.4736463718996324, 2.3746783569894485, [0]
-6.911836487150802, -2.673508743033377, 1.0803909703076957, [1]
-6.90830669525674, -0.03083404816545232, 1.7008248242650639, [1]
-6.936420202235103, -2.932352056176693, 2.9102335601988205, [1]
-6.966397178646737, 5.926000645488305, 2.839645027615758, [1]
-6.918155535120649, -2.043858129865524, 1.2694046301714887, [1]
-6.908564762031634, -0.12559407284309887, 1.9848247572800577, [0]
-6.9091648764203475, -0.32325225898466514, 2.248640654923711, [0]
-6.929993640514088, -2.999564526695496, 2.6197392439577962, [0]
-6.95906280370335, -3.3223797652465468, 3.9772918634029453, [1]
-6.908012428207884, 1.0861175463963433, 2.9505428857706484, [0]
-6.928111792904753, 5.963047457855488, 1.7653993233506335, [0]
-6.911955452022892, -1.0454787813233408, 2.415651968254816, [1]
-6.916172248473211, 2.4064111739918084, 2.9911433228640547, [0]
-6.9190769390014735, 3.2780129519823937, 2.5441878445295716, [1]
-6.910953700669373, -0.5556172506909057, 2.740433802339079, [1]
-6.918668094443829, 2.8054907903596873, 2.0507278631425137, [1]
-6.911443448435306, 0.6238004469733451, 3.624883646638546, [0]
-6.91252068522759, 0.6168976403665991, 1.5005994434528673, [0]
-6.923239048991878, -3.192582183078744, 2.1549382447219347, [1]
-6.9246952222739475, 8.194231479108867, 0.6608883816836529, [1]
-6.914609945644446, 1.3468537682085917, 2.889692362324452, [0]
-6.92232537429325, 1.9076825014308936, 1.605618444179316, [0]
-6.908809296078583, 0.42980894535637926, 3.1741375920625496, [1]
-6.908015858738343, 0.6659283407718952, 1.6151569232479595, [1]
-6.924065145620199, 1.937065614050465, 3.589814723834504, [1]
-6.9211003854242445, 6.400647264114123, 1.3398269185425606, [1]
-6.912160960912743, -0.4676515729017877, 3.1826923172462616, [1]
-6.908221063609599, 0.5850683785184786, 2.451622788394502, [0]
-6.96198747157889, 5.015752609690108, 3.2293469304206015, [1]
-6.9085217961058065, -1.3047496690007674, 2.5116224968310745, [0]
-6.929591911663699, -6.508628764732782, 1.9381282603967374, [1]
-6.912525640404373, -2.522042703254807, 2.8916524104680406, [1]
-6.9086839062293395, 1.2003346977595553, 0.15682927064998697, [1]
-6.915397119144858, -0.33665746046433576, 2.6427538786128655, [0]
-6.95403228404411, 3.715748921811201, 3.6578788174010173, [1]
-6.909301412960509, -0.4816769220208469, 2.1006216756002805, [0]
-6.917450607392021, 5.828156955741034, 2.343721367218752, [0]
-6.917752668357594, 0.7684971432490308, 2.8889870103872797, [0]
-6.912391567431331, 0.2685310360739077, 3.8903910755856534, [0]
-6.921727057533748, -2.5351576933867745, 1.52846435915468, [1]
-6.90856573555818, 0.3494773176560872, 2.820988633294529, [1]
-6.91588215831349, -0.9396720459367263, 1.9764981408261932, [0]
-6.91010401573109, -0.5509479441305535, 2.4346633738460497, [1]
-6.908926590970158, -0.3110706494320339, 2.070788098077108, [1]
-6.912379850334021, 1.936254596906299, 2.928574902091921, [1]
-6.915577013958665, -0.8364040703333088, 3.274009731911865, [1]
-6.909521394153087, 2.288213231040601, 1.512540543824601, [1]
-6.917260118686528, 3.108630424027211, 3.1568818086214256, [0]
-6.917447302320655, 0.3314857270141154, 2.0561533205830926, [0]
-6.919863399125144, 3.840734979178759, 2.240154223153844, [1]
-6.915038830904522, -2.6211818268279137, 1.7109426751489563, [1]
-6.921219784519823, 2.5349328263751922, 3.3328366848575546, [0]
-6.9179095474799865, 3.416928715446232, 1.632122323690302, [1]
-6.92082620000049, 4.53324148110985, 1.9354470592711577, [1]
-6.908362750298488, 0.8370546232806823, 2.600936286976846, [0]
-6.91786636575724, -2.1509001833665504, 1.3010747471359683, [1]
-6.908535710597558, 0.23852345431285776, 2.612745856249321, [0]
-6.922861413146551, -3.766462000670051, 1.6079327595368353, [0]
-6.908319342315849, 1.1252557294978447, 2.035648345967329, [1]
-6.908632340561639, 0.25717267526280946, 2.7625505672173567, [1]
-6.942115025326157, -3.115321600838623, 2.993431377061622, [1]
-6.916373643307492, 3.5667557719257843, 2.855362143226159, [1]
-6.910407296259291, 2.13613155730559, 2.120179628041175, [1]
-6.908145578125698, 1.4827942758322454, 0.5574504922109256, [0]
-6.911775695365212, -1.4678392961992106, 2.54352204039723, [0]
-6.919133544330032, 3.6735329828405403, 2.281345095580252, [1]
-6.919606322647258, 1.3943017960321402, 2.8419367979735, [1]
-6.9100392211153965, 0.2544936618623147, 1.3039539039817705, [1]
-6.941033065470407, 5.5037115372155, 2.4367083077845653, [1]
-6.975675268871563, 4.713460274358427, 3.4974038632691444, [0]
-6.914444475220815, 0.04317283720834553, 3.319689636111238, [0]
-6.9080001737267365, 0.7023073704725187, 1.4217416986409324, [1]
-6.931047511877157, 2.7728961398767584, 3.6625760204158637, [0]
-6.941475125245216, -4.0216902045344245, 2.54836717435749, [1]
-6.947210410665563, -5.183602928779153, 2.263940663202376, [0]
-6.947482308395552, 4.752915682823945, 2.9427502057225454, [0]
-6.910568487195782, 2.3190260630533395, 2.036298013050475, [0]
-6.9203062594875595, 3.774747408638268, 2.3165806582499147, [1]
-6.909308438177955, 1.0376807449405534, 3.2446618695003484, [0]
-6.9086131749198785, 0.344375481921073, 2.8707901846120816, [1]
-6.908946039994067, -0.4587473366937439, 1.8525542251353473, [0]
-6.923422652864907, 3.221014671554635, 2.910860837308689, [1]
-6.926405091169678, 4.0503539495292475, 2.5507599223330835, [0]
-6.912198689426425, 3.193147554636844, 1.658100577730994, [0]
-6.927050432964063, 6.332719330374235, 1.5784805600881127, [0]
-6.934985137312215, 3.573733180287008, 3.2191076528852567, [0]
-6.908380454464968, 1.353016922476871, 1.706623948791789, [0]
-6.923865420920298, 2.299704237067454, 0.7811288597837467, [1]
-6.90803323330904, 3.4889009667592132, 2.5378995373659965, [1]
-6.922518669649189, 3.7628526748774758, 2.486899305056885, [0]
-6.908340246431448, 0.6470712966907963, 2.6966896573192973, [0]
-6.921143432261241, 3.997086438977451, 2.775273421886079, [0]
-6.917999992779743, 2.5413213386267732, 3.0544386648448363, [0]
-7.009005476025473, -5.346626183521257, 3.1518473341882887, [0]
-6.963692287407364, -1.7220160216324234, 0.25702241920005875, [1]
-6.910075804965745, -2.235011809084007, 2.555936226653474, [0]
-6.911143378800378, -0.8210279875196059, 2.4552364524837675, [0]
-6.968141201599731, 5.139292280144375, 3.1855926182563086, [0]
-6.919911568207836, -0.9457452801588486, 2.059820489881944, [1]
-6.982441337974772, -5.743520713631386, 2.7199478125074945, [0]
-6.9081717900987964, -1.0567210199451549, 1.3849975714721796, [0]
-6.908788787483396, 0.8134470476238386, 3.156478486315325, [0]
-6.932111762223705, 5.040077484408737, 2.967389919989217, [1]
-6.947581032643698, -0.864901992391069, -0.7394860713193903, [0]
-6.912684307179217, 1.9680072987299266, 2.9519595883208223, [1]
-6.909396843939312, 1.9999449818286035, 1.7830159936842322, [1]
-6.908786917796949, 0.9468219280979568, 1.820321998594876, [1]
-6.908282947966585, 2.667120663084533, -1.2835503112072446, [0]
-6.919996038556098, 2.9806223095069755, 2.848378807223337, [0]
-6.9096586265093025, -1.2130621150882752, 2.367356849420734, [0]
-6.9084009887467985, 1.2227897675814807, 2.0039908547504877, [0]
-6.918072317529029, 3.8653594885469635, 2.0640262725534093, [0]
-6.924073324837002, 2.873068671666286, 3.104878950073208, [1]
-6.9292697153294, -2.7167833698094803, 2.7450498618829298, [0]
-6.909142300786533, 2.1063885038759045, 1.4600497321419699, [1]
-6.908563582582557, 0.0951152434487833, 2.39524001548282, [0]
-6.950381959526965, 4.07785475986536, 2.7911948964028195, [0]
-6.911037899258569, -0.8024431794668722, 2.445798051966343, [1]
-6.9088094026436595, 0.6444715905322912, 3.274663956070791, [1]
-6.908496524552976, 1.1554119494899433, 2.290280680088605, [1]
