t=0.34164759689306495
logZ_t=-85.40852629751049
-42.823662430692046, 0.6192025242893214, 0.8967642413518888, [0]
-42.847712287370975, 0.6097833058861386, 1.1007947423246374, [0]
-42.70803759575234, 0.6530496499700276, 1.0832083802930748, [1]
-42.97408525225744, 0.5348995694566792, 1.250257119980217, [1]
-42.526855006350594, 0.6501471463428352, 1.077616678123606, [1]
-42.66162171508349, 0.5851432021377828, 0.8286949102447093, [0]
-43.121237662228324, 0.41121171819611063, 0.5386829391108843, [1]
-42.98650526644402, 0.5757820175424568, 1.1427515328603526, [0]
-43.96899790592603, 0.544948804075108, 1.0155005167353988, [1]
-43.01292141367315, 0.6012954845288708, 1.1433896829269408, [1]
-42.64684431164937, 0.6120402592825441, 0.9222888014490475, [1]
-42.638493614538625, 0.6213644120635533, 1.0186858697152725, [1]
-42.7830059339923, 0.6974244712716889, 0.9800490217852262, [0]
-43.51320036993603, 0.6949157065247656, 0.852939720928879, [1]
-42.87450922714651, 0.6259633748538971, 0.6905080063378095, [1]
-43.00238886333168, 0.5798343805314276, 0.6806435590573763, [0]
-42.66811150608745, 0.5883884027067255, 1.051307384586085, [0]
-42.78704600765529, 0.6065202964783754, 0.8138158085579577, [0]
-42.67924225850072, 0.6292115920367943, 1.0568615297872506, [1]
-42.90836439867315, 0.5750236522746988, 0.7873950291608256, [1]
-42.774935255190286, 0.6445117040660482, 1.1001617540852362, [1]
-42.49502261612114, 0.5772217830183901, 1.0162915635788896, [0]
-43.0547497291882, 0.6581041433450563, 0.6775715506802024, [0]
-42.8956577712733, 0.6755230798349083, 0.8663255379372966, [1]
-42.875043756494826, 0.6771582640056089, 0.9394045028323106, [1]
-42.40792294346328, 0.6891744338587746, 1.3007843514199644, [0]
-42.829878941396295, 0.629101220750967, 0.8871765167765, [1]
-42.81465640625966, 0.672024654613725, 1.0127594980304713, [0]
-43.2458520431692, 0.6362307918419253, 0.8261470013987581, [0]
-43.00266611182485, 0.6259832230927165, 0.6923189093131918, [0]
-42.69598287649329, 0.5804326636448208, 0.9151642151438715, [0]
-42.992857246358916, 0.6752934306807294, 1.0621541086804371, [0]
-42.83954316987718, 0.5874442744825311, 1.0665672138877929, [0]
-43.60088447593126, 0.759583339807923, 0.9818423571320144, [0]
-42.943285210514276, 0.6323909148195942, 1.1367073642555372, [0]
-42.699746465623114, 0.6136183389107305, 0.9281144455360264, [1]
-42.47404071595784, 0.6235349532387585, 1.0170643248488218, [0]
-42.792614587678216, 0.6790951207512966, 1.226942887657582, [0]
-42.80318996696969, 0.5642808068832945, 0.8890670734613252, [0]
-42.62405181140898, 0.6963768369444677, 0.996546406014275, [1]
-42.748887627879135, 0.6596160608168048, 0.9638573794298748, [0]
-42.668221786836796, 0.6531480957988806, 0.7018322458909528, [0]
-42.98069767740362, 0.6033949242178153, 1.2014062290693421, [1]
-42.737807869487355, 0.6630947355446482, 1.0306769443938384, [0]
-42.48703183727144, 0.6355287731361794, 0.9566097987328989, [0]
-43.968643822170385, 0.6550823737139249, 1.360646926169562, [1]
-42.745091229142744, 0.6257171295739447, 0.7155941373830005, [1]
-42.75740652298575, 0.6642528801234291, 0.9721820643606703, [1]
-42.71179275758587, 0.5916453930234191, 0.9883704444950705, [1]
-42.748136458244524, 0.6183360748688584, 0.8035706119970444, [1]
-43.4517304623925, 0.569076618246792, 0.9230020712210869, [1]
-43.167078760058324, 0.5294384304394244, 0.8609653030029991, [1]
-42.72851173254182, 0.6644458422111675, 0.8684387976478523, [1]
-42.676552980440164, 0.6636065814824492, 1.024755084709718, [1]
-42.59849810685576, 0.6812520163872235, 0.9058409972673195, [1]
-43.0594961319204, 0.6533310226070589, 0.9154317665525293, [1]
-42.8774872639795, 0.5896822966305619, 1.191530813551045, [0]
-43.47509283432476, 0.5203579312847324, 0.8428324503602103, [1]
-44.58581295214604, 0.5191110424948965, 1.274665110520159, [1]
-43.58043327482011, 0.70234024703045, 0.8109907905756102, [1]
-43.11132931189118, 0.7107641849260181, 1.2811349106989005, [1]
-42.80129759329712, 0.6050295674780036, 0.9142619513751639, [1]
-43.344752091840306, 0.5391574210562926, 1.1097487692581713, [1]
-42.44469918950124, 0.5912048372415613, 1.0086196507732714, [1]
-43.64483175254384, 0.7126155435002032, 0.9297727259420809, [0]
-42.782897770962265, 0.4308225469509898, 1.0047349511871688, [1]
-43.44305041843006, 0.5704751888660131, 0.561516487880903, [1]
-42.796327525870694, 0.5742558581935492, 1.0528253290579614, [0]
-43.07008519494411, 0.7334383713505724, 0.7086052426494902, [0]
-42.89439702195457, 0.5144322151432302, 0.9846903219206381, [0]
-42.9808113682846, 0.760974553513591, 0.8173289530736176, [1]
-43.273874975989834, 0.7001639954665652, 1.0431206444622407, [1]
-42.73362851164593, 0.7121046129628934, 1.1546024423303765, [1]
-42.619451669118455, 0.6161175249188097, 1.273616848651989, [0]
-42.54385927257956, 0.6087169543661985, 0.9616867112780634, [0]
-42.95244959034163, 0.6685853031965262, 1.1058252058413058, [1]
-43.27764670868238, 0.7418147098567943, 1.1241312283855835, [1]
-43.006607537089, 0.6030726345881785, 1.1262118978480977, [1]
-42.86762940156238, 0.7029925274270388, 1.1731180443299523, [1]
-43.699932547511644, 0.6678212000817143, 1.4458022214143151, [1]
-42.95346985624351, 0.6552233195739848, 0.6515246853965977, [1]
-42.899915133347676, 0.6350975244674071, 1.0361542919163051, [1]
-42.74520956151691, 0.5031960382449503, 0.895857143329888, [0]
-42.64981792083062, 0.6798671358481945, 0.9256277753901977, [1]
-42.65483168093913, 0.7008599966266884, 0.9449861185455213, [1]
-43.06825981860882, 0.7032387602592368, 0.9100644554770873, [1]
-42.992029897657225, 0.583709083253349, 0.8676105510612939, [0]
-42.68495058569385, 0.6327865043844455, 1.1163252952959022, [0]
-42.67926148787192, 0.6186105079711812, 1.1339643732777827, [0]
-42.711926144259415, 0.6731571320380263, 1.1489334046515394, [1]
-42.752200580064304, 0.5774114614068784, 1.0679629313838985, [1]
-42.88155875257422, 0.6941431811704974, 1.2122867572731064, [1]
-43.15132748471015, 0.728569968852521, 1.1373833079842122, [1]
-42.83276474146213, 0.6756851598666731, 1.1570025986792176, [1]
-42.493130599556544, 0.6335703358718144, 1.0427769047590945, [0]
-42.4708237437512, 0.6060502581179159, 1.1535827351477688, [0]
-42.69901332278156, 0.5557292932741922, 1.0016182335167774, [0]
-42.784811448405, 0.5631929840538149, 0.6489119652577351, [1]
-43.04578535763811, 0.6862342007860702, 0.9104199511457848, [1]
-43.31020715060896, 0.5764645369260833, 0.7879365213125348, [0]
-43.273687394626165, 0.5838906914957075, 0.8966128589264243, [0]
-43.23489143630277, 0.8150808353830288, 0.6893678438335008, [1]
-42.74713054999472, 0.6107859864477431, 1.209912404033277, [1]
-42.959914583780886, 0.5766976018002639, 1.0345398217537818, [1]
-42.9069660036872, 0.6971965320312923, 0.703526881550883, [1]
-43.31852733434925, 0.6365349304143089, 1.3628355144824456, [0]
-43.033065680658545, 0.7288757827723525, 0.8128814378439889, [1]
-42.95424601442191, 0.6093423094818984, 1.1674698040635316, [0]
-42.79424591485358, 0.7431666298732493, 0.7719259595598708, [0]
-42.53079583380752, 0.5004334050922726, 0.8670052987669887, [1]
-43.26093616810115, 0.7427645545925933, 1.1496574732092883, [0]
-42.921480726159956, 0.6334979323610063, 0.731647356628363, [0]
-42.82096040909214, 0.6268607689810648, 0.7927216830578558, [0]
-42.63683380659217, 0.6674513190890587, 1.0144020677824606, [1]
-42.91688671543287, 0.5777503069261255, 0.7767034663383694, [1]
-42.91971699157131, 0.46941300825244814, 0.8455065119004608, [0]
-43.03427355965774, 0.6082115503770872, 0.7886063682746627, [0]
-43.25397334467639, 0.6200622169385288, 0.6967548178672982, [0]
-42.94924917532112, 0.6795742107249663, 1.1326392327713215, [1]
-42.92785923028578, 0.7055400001124619, 1.0249157628027712, [1]
-43.02237037591368, 0.635236571512883, 1.1864116322358, [0]
-42.873022279660255, 0.5651969008205311, 0.8760292671151013, [0]
-42.863349931244954, 0.5659862809296135, 1.0182313149547768, [0]
-43.05198561843155, 0.5200939948191652, 0.8065716372184553, [0]
-43.01115632150172, 0.7328020943818145, 0.7508294070387964, [0]
-42.91775279940634, 0.6901974448019716, 1.0303488217287509, [0]
-42.93729584250173, 0.6501601446384003, 0.6779138086791066, [0]
-42.764014919091736, 0.733875161819457, 1.0969217597688055, [0]
-42.767493308230705, 0.533351881655114, 0.9279118696036927, [1]
-42.734343770128156, 0.5638059555716176, 0.8682510393608708, [0]
-42.75369233488134, 0.5921978271130015, 0.9639896346022823, [1]
-43.11646209526314, 0.5557879307050022, 0.9799763116993534, [1]
-43.01058595925709, 0.5899329020927048, 1.1084576082962607, [1]
-43.029477280534735, 0.6290796247782756, 1.2041438382835956, [0]
-42.6213466113621, 0.6026251865236818, 0.8011861438534806, [0]
-42.59627185426304, 0.6523187608665235, 1.1489474998064206, [1]
-43.422937102793185, 0.7864474780581807, 0.690802336250038, [0]
-43.161161656771796, 0.6493307605011184, 1.0410931024488776, [1]
-42.659292902711, 0.6605434198237363, 0.9805939983370411, [1]
-42.60397297296917, 0.5502424728250344, 1.3667066816193763, [1]
-42.630181443483025, 0.7450083037120433, 1.00252493856647, [1]
-42.5597239290524, 0.5764333980753545, 1.1124025770786847, [1]
-42.85165315641281, 0.5492067061122603, 1.1665308190845098, [0]
-42.48587265173234, 0.5537431460914235, 0.984109723966479, [1]
-42.83155020104596, 0.5529998936071888, 0.860093570602719, [1]
-42.967062612604956, 0.6155211720312639, 1.0056718070970976, [1]
-43.351919640245306, 0.5597209706264796, 1.1597700356794736, [1]
-42.550863250623436, 0.6354935101508852, 0.9149263530912096, [0]
-43.13540284640023, 0.737281807672757, 1.194069977791997, [1]
-42.60410472929839, 0.6156089316782549, 0.9758370876849781, [1]
-42.8940092289984, 0.5656851075365896, 1.1440457045820063, [0]
-43.46727202742682, 0.6177480933358761, 1.3834542866319, [0]
-42.98422413987504, 0.6049571712953993, 0.9849129584412587, [0]
-42.76776710864284, 0.6533367948466663, 0.8604826371752642, [0]
-42.71411679453805, 0.7166198989093795, 0.7398766159383672, [0]
-43.15636041975867, 0.6477842331618561, 0.8135690540210229, [0]
-42.75050529371713, 0.6478854889293758, 1.0654235943417785, [0]
-43.12579758024297, 0.5613567367942547, 1.0271423615701862, [0]
-42.82353759036578, 0.6769221406738636, 0.8261762621752342, [1]
-43.0166947558425, 0.5630416422035425, 0.9030224559109112, [0]
-43.382411060219184, 0.6229018491278302, 1.3167019580656396, [1]
-42.79055817794622, 0.7230078174570425, 0.6991794511263582, [0]
-42.98595145960142, 0.5438372759096057, 0.9088881849364283, [1]
-42.87175632227018, 0.7040106724961864, 0.8115202725265167, [0]
-42.650922702704555, 0.6244406151683984, 0.7679211433422819, [0]
-43.121151941674675, 0.6566874095630543, 0.7817777350769959, [0]
-43.01131951161825, 0.528357701041701, 0.4906536773757044, [0]
-42.82531337132522, 0.601147274875913, 0.6439241169809682, [0]
-43.160138136552156, 0.6751277513569812, 0.967983049790369, [0]
-42.97048129771438, 0.5413704289339346, 0.8290982537674108, [1]
-42.905725639108745, 0.7600089555810725, 1.1498914739009778, [1]
-42.679881021627196, 0.5098224229541514, 1.060608866196087, [1]
-42.62309525426543, 0.7509259374567369, 1.0347386296195116, [0]
-42.54820470552347, 0.6252042103499149, 0.7341556588037602, [0]
-42.83257611064756, 0.5032500381045928, 0.8880582890710615, [1]
-42.85831332049008, 0.6229889012253812, 1.2683118782213432, [0]
-42.6630989055644, 0.5450698646908083, 1.0479375501278976, [0]
-42.73782271449568, 0.6454488447566686, 0.8011347619287634, [0]
-42.89517384523812, 0.593341454134636, 0.9735495698982899, [0]
-42.69977912749606, 0.7124277650007833, 0.7428459529109643, [0]
-42.688236409733754, 0.5766463991922944, 0.9886004154192293, [1]
-43.01637870278275, 0.6562177665020106, 0.7828915964342148, [1]
-42.72225038274243, 0.5906897886289766, 0.8729339832686746, [0]
-42.55193374888761, 0.6784841340068073, 1.1573171821896697, [0]
-42.683743242255034, 0.7519404497402498, 1.3373474261893525, [0]
-42.740475116488184, 0.7088510731897695, 0.8768572611477172, [1]
-42.89158975425463, 0.5847986247441614, 0.8951149034203303, [1]
-43.1362957520323, 0.7165117847460896, 0.7085029599533195, [0]
-43.115741688861156, 0.6409450520050738, 1.073179961930641, [1]
-42.84881150515238, 0.6788832247655918, 0.8572547166112472, [1]
-44.11850824067604, 0.7135551679138241, 1.0553627133998826, [1]
-42.636307772131346, 0.5753669968208333, 1.0321443524422085, [1]
-43.103983845673795, 0.5447683835410397, 1.0869964935009582, [1]
-42.90391037673437, 0.6574294334792856, 1.0567133416437078, [0]
-42.80172939913621, 0.546046441798957, 1.1658418923500158, [1]
-42.990717787493175, 0.6920234016864633, 0.820910648911968, [1]
-43.69064811497567, 0.7200203717049476, 0.8676106454418343, [0]
-43.0613179449308, 0.6419688642250584, 0.8721327949074895, [1]
-42.957926391599344, 0.546918863367219, 0.9382782587242018, [1]
-42.56868437260844, 0.6303981516536904, 0.9751348166115205, [1]
-43.0800985898209, 0.5988041902962722, 1.2185903920055823, [1]
-42.715196789310504, 0.6696357290975905, 0.8112578163597464, [1]
-42.634627532735834, 0.6168313529025053, 1.1012978078644222, [1]
-43.10620370137227, 0.5968812727132902, 1.1535147092584115, [1]
-42.8106899263661, 0.7211565901070097, 0.6196595117551319, [1]
-43.27818368356745, 0.4906759292376402, 0.8145833284718604, [1]
-42.849562989331936, 0.6665459611239744, 0.8806343321362596, [1]
-42.78322390039468, 0.6715896237826048, 0.9211677979161433, [1]
-42.81911549085406, 0.5298297288378562, 0.826145627088941, [1]
-42.760360049966344, 0.5646664323750488, 0.8297866224699583, [0]
-42.69645083590946, 0.5204379880709868, 0.8704134402235041, [0]
-43.22003082944834, 0.6224253935496297, 1.1132219042725433, [0]
-42.66445833838975, 0.6635791968180347, 0.8167309990700992, [0]
-42.954181160880786, 0.47765619479162025, 0.7507690937718661, [0]
-42.476426509035655, 0.6848730759506344, 0.8548735489778401, [0]
-43.291289154481014, 0.583613746738728, 1.1973889254873764, [0]
-42.87448636977573, 0.6361550456444456, 1.0957117104704552, [0]
-43.3427639572228, 0.6733018670065098, 0.8253049909488226, [0]
-43.28199176898544, 0.5321979821464904, 0.7407372961486356, [0]
-42.69280487907379, 0.6246462520302039, 1.194688605963095, [0]
-43.17724334218992, 0.5199726027425603, 1.0057478278966165, [0]
-42.77076283620335, 0.5810913785907281, 0.8889161278354134, [0]
-42.85587396903798, 0.6402918533236059, 1.2404904996721926, [1]
-42.582993778048184, 0.6193128859270198, 0.8237574261915077, [0]
-43.34828848130384, 0.7742991708583828, 0.7141112160856719, [0]
-42.889963040376465, 0.7208052186194005, 1.1737879811008354, [0]
-43.25631458386576, 0.5832615083895393, 1.1336822803965452, [0]
-42.92641812436835, 0.6181521948611995, 0.824208715936042, [1]
-43.472671826147696, 0.6603736784192937, 1.1095845851582888, [1]
-43.11447702708879, 0.5524471363539567, 1.1408442868571091, [1]
-42.92899459814988, 0.5805087889293483, 0.9696794973828015, [1]
-42.79381076895722, 0.5505172890696072, 0.9963970914318507, [1]
-42.82700421251663, 0.7018986240615044, 1.0535618350517015, [1]
-42.69381832690751, 0.6780965361217024, 1.0276883867911846, [1]
-43.21000500248137, 0.6793949571547001, 0.826524866382185, [1]
-42.97643662726084, 0.63808002131449, 0.9075352081754491, [1]
-42.60392563491895, 0.5673970661449068, 0.8756044336007307, [0]
-42.67227034540118, 0.695545810715882, 0.7907469069526717, [0]
-43.50257388242486, 0.6328015874386519, 0.9351462006432014, [1]
-42.90426308649441, 0.6712753598856764, 0.984684010100078, [1]
-43.1007683002255, 0.5612173437484813, 1.2429929353200193, [1]
-43.251947844899206, 0.6816301797820881, 1.1128197286255344, [1]
-42.79198961259637, 0.6476604209776275, 1.1364093937877517, [1]
-43.3815578695844, 0.6499107410853634, 0.630392470764867, [1]
-42.658953491729285, 0.672075572358666, 1.0880129568247574, [1]
-43.018863559294445, 0.4981966882963451, 0.945139118911942, [1]
-42.86678350641138, 0.674590986274087, 1.1052793206791818, [0]
-42.448659446970034, 0.5669709153444951, 0.875408790365342, [0]
-42.8966476780431, 0.6370013209920385, 0.9811426902915348, [1]
-43.03932524636584, 0.6243276376301454, 1.0768754037488586, [0]
-42.74136600742822, 0.5204745822436375, 0.8977980351151208, [0]
-42.66436915761736, 0.6201697272390637, 1.0139325514045958, [0]
-43.46023046524198, 0.5999128709829156, 1.102291919288978, [0]
-42.64358860287289, 0.6427549896635489, 0.9998522740548302, [0]
-42.74545680567324, 0.5913997189927376, 1.0618593660889455, [1]
-42.924767304228695, 0.6683140104999639, 0.8689362722307075, [1]
-42.72560305730834, 0.6412697365106765, 1.0038571537617957, [1]
-42.85836297040162, 0.6250626259064838, 1.0444879192321126, [0]
-42.87731488526792, 0.6810155256773573, 1.2630242191410928, [0]
-42.68641148718034, 0.6001046817675265, 0.9337916394676923, [0]
-42.686048963674054, 0.6894976840269886, 1.2819128115537897, [0]
-42.97977301666709, 0.4958335911311067, 1.1213833003505778, [1]
-42.752237310467414, 0.5282308417717494, 0.909367041334436, [1]
-42.565441958469826, 0.6413671810901223, 0.874744167997452, [1]
-42.47197183794204, 0.6983632757275916, 0.9244417168703519, [1]
-43.18155735121433, 0.5188498322820442, 1.0202048409719235, [0]
-42.90655902985852, 0.5096042199828476, 0.7748731072306339, [1]
-42.70314784804404, 0.5453403421964815, 1.0739755859365423, [1]
-42.781688040925324, 0.4828487311988149, 0.6225215011099768, [0]
-42.62300016836603, 0.6751214627226317, 0.8269376843204423, [1]
-42.92294798204144, 0.6385955338113217, 0.6472795071562697, [0]
-43.14732301185145, 0.7103673339723823, 0.9198270383010155, [0]
-42.48976548029316, 0.6377622969831855, 0.7791038101543963, [0]
-42.551605448981235, 0.612890094872983, 0.8165867621487493, [0]
-43.32225075740638, 0.49452262813480463, 1.293246333448849, [0]
-42.67922477321187, 0.5029854891598101, 0.7912516963557475, [0]
-42.88087072648752, 0.5918768042705803, 1.1458616692526995, [0]
-42.3982841889798, 0.5463050132782121, 0.8770080132612116, [0]
-42.905613628810045, 0.6699405462195018, 0.4999698433748899, [0]
-42.61156657623237, 0.5884442856729135, 1.1593645599423095, [1]
-42.76125496512401, 0.6346775192080214, 0.8918237831606617, [1]
-43.06471712819581, 0.7036400046879119, 1.2121789654392714, [1]
-42.607379934395766, 0.5853269977522303, 1.0933905775794035, [1]
-42.792981816967796, 0.4785944979099242, 0.7449745057314618, [0]
-43.82674511493356, 0.6334496854009581, 1.3127822114474859, [0]
-43.505910227797635, 0.691111720461931, 1.144361709299837, [0]
-42.865855532924, 0.6062347075823823, 0.9756117223570612, [0]
-42.93158121328806, 0.6853177638955011, 1.1454731427899134, [1]
-42.80277590439263, 0.5288988531766126, 0.9425129208970303, [1]
-42.61283345180918, 0.5568547013775915, 0.7914392394738617, [1]
-43.234353837038, 0.6619786608470276, 0.8712492758418093, [1]
-43.07266209206191, 0.6297907803982704, 1.3975156727072933, [1]
-43.52570432124072, 0.6267480268564326, 0.7994550668682856, [1]
-42.67798206521193, 0.6265041113414497, 1.212807518067756, [1]
-42.67238750082415, 0.6352324627631617, 1.0528132303623972, [1]
-43.101069709573565, 0.6414452620968132, 0.7078738864958068, [1]
-43.701064015650566, 0.5155393549988304, 0.9480623889341577, [1]
-42.594107717254744, 0.6213045728447869, 0.8428040629146883, [1]
-43.11615115279998, 0.6429138467100469, 1.1156789375233132, [1]
-43.040915267367104, 0.5802931624396271, 0.9013918467834514, [1]
-43.00322715350215, 0.5010472712879349, 1.1401300822757814, [1]
-42.86712931543971, 0.5002425344111341, 0.9877776998781427, [1]
-43.29364628640715, 0.5917341233409728, 0.9499076212960809, [1]
-42.99000774586539, 0.5814020364156626, 1.1592252161041023, [1]
-43.068001795036515, 0.6153208324959006, 0.8594420214285896, [1]
-43.366488079756515, 0.6958307101668496, 1.1236538915317804, [0]
-42.783622545792234, 0.7134275407249498, 0.9210227533198129, [1]
-42.73343652195082, 0.6069427846650425, 0.9689541310240899, [0]
-43.0093701049932, 0.5699223508717397, 1.0994699948822457, [1]
-43.186634315531464, 0.5243434367620418, 1.2230170238990414, [0]
-43.82247586820553, 0.5335957884056457, 0.9162009325010841, [0]
-42.813907273151806, 0.688524881451984, 0.9013594793994076, [0]
-42.79401580065961, 0.6549945811592573, 0.8256135947328088, [0]
-42.87095244479141, 0.6039217971510102, 1.1154698780556023, [0]
-43.00187431309394, 0.6237912633530133, 0.9626492648307367, [0]
-42.78276638501161, 0.5781107878892557, 1.0325170241149, [1]
-43.07595564296019, 0.6462172878578516, 1.0876879758766036, [1]
-42.71282840925881, 0.6038944631245177, 1.0016478189253686, [1]
-42.87992045820625, 0.5764712357066963, 0.8360271877761785, [1]
-42.611174108540006, 0.625188068254493, 1.0808575102217288, [0]
-42.86777408960525, 0.7150229776741731, 1.1601790964878878, [0]
-44.10365887613892, 0.5194795595390043, 1.0641157546452666, [0]
-42.53728861794845, 0.6701478448040888, 0.9698351700071477, [0]
-43.05708121926359, 0.6714191520961302, 0.8700227881222904, [1]
-42.44997926396016, 0.5982636623991378, 0.7726319301849661, [1]
-42.60891673087373, 0.599934742310499, 1.0774870520403228, [1]
-42.55977121155574, 0.654014282988688, 0.8373322281524269, [1]
-42.69694279847137, 0.6686036704897806, 0.6905983163753844, [0]
-42.621212199751966, 0.5935864413913848, 0.7920958430003286, [0]
-42.52983073425645, 0.6869934254473123, 1.1011107592037992, [1]
-42.83377802255683, 0.6040008617979145, 1.195064103629684, [1]
-42.91494489964029, 0.6977454601314803, 0.9791611453595838, [0]
-42.834792710102775, 0.6085090914905168, 0.9338017553000958, [0]
-42.87122869955317, 0.6939146471252685, 1.0944788866903146, [0]
-42.985769110651866, 0.677186528848077, 1.0284964731012967, [1]
-42.55684416876076, 0.6486438926872868, 0.9581006165093762, [1]
-43.87619732174092, 0.6933909851295261, 0.9741303203638767, [0]
-42.58512875781229, 0.6031108697942661, 0.8442661731869127, [0]
-42.72737054936433, 0.6858121895349386, 0.9557259824552609, [1]
-42.911240508909216, 0.6409530026679511, 1.0080730274708736, [0]
-43.111437989643015, 0.6377062092904864, 0.9807448787273294, [0]
-43.18688198292384, 0.7368674793416683, 1.2670259457912034, [0]
-43.1147137267279, 0.5352248810883478, 1.1249284360676464, [1]
-42.76234303242019, 0.5873860800616697, 0.6434639842079888, [1]
-43.38403955257208, 0.7352743610005767, 0.8130757738462849, [0]
-42.547014063845424, 0.7162673138587373, 1.263465204853842, [0]
-42.898271459819455, 0.6128978006495468, 0.9893562330143431, [1]
-42.70013382806587, 0.7583588653798763, 0.8685620585675715, [1]
-42.90163143910363, 0.6474914035247874, 1.089409911472175, [1]
-43.04975678744324, 0.6609245977229308, 0.8020108257959582, [1]
-42.733607605779085, 0.6526796945567481, 1.0553479891941497, [1]
-42.64468252411454, 0.6332008842343352, 1.0435166147696453, [1]
-42.68432502934756, 0.5251183616334758, 0.9541819316682327, [0]
-42.838209498024035, 0.6376561801976356, 1.1620117016519946, [0]
-43.05766970286883, 0.6263183676232669, 0.7238087514973028, [1]
-42.8837650762608, 0.6476834390966346, 1.042183731613306, [1]
-42.929747546128894, 0.6088446120966867, 0.7739091074941669, [0]
-42.82800730198085, 0.7240976245990343, 1.070475743019279, [0]
-43.05905628746688, 0.5497371722666288, 0.8922897005842789, [0]
-43.32249254785155, 0.7250939208687611, 0.8976117469341466, [0]
-42.53900377485615, 0.5866520666066732, 0.8837603437750485, [1]
-42.70648035148138, 0.6654797204550695, 1.1361884555264716, [1]
-42.96397819059319, 0.655328253694666, 1.1513930147248403, [0]
-43.35538436508778, 0.5571659382824588, 0.7295290259069137, [0]
-43.01614137076018, 0.7149049598349605, 1.4526230791976322, [0]
-42.61275772057191, 0.6061152411644571, 0.9446710561575775, [0]
-42.824591531553075, 0.6269246380977518, 1.014945706614184, [0]
-42.67814918913388, 0.694337385979155, 1.098819804881676, [0]
-42.69242400676246, 0.5641267808260704, 0.7621595474258144, [1]
-42.899967727495216, 0.6000188687755584, 0.5054332273104001, [1]
-42.61771987925604, 0.5969066969710147, 1.124245687225012, [0]
-43.005568796364955, 0.5905503949207378, 1.0474442837830724, [0]
-43.365822052353856, 0.5800960308922938, 1.2220805252501514, [0]
-42.636499484152516, 0.697273330609501, 1.0052764753324723, [0]
-42.709562414246996, 0.6400933753908772, 1.199063475093173, [0]
-43.004628493009434, 0.6906830687294276, 0.9683113779332183, [0]
-43.31403684816896, 0.4931037818024206, 0.9974985033153715, [0]
-43.20231378150511, 0.7583343058637299, 0.9400444465826762, [0]
-43.05832163302227, 0.4959285504058083, 0.7076045477537826, [0]
-43.131312432119834, 0.7717554159485289, 1.009265713964348, [1]
-42.67693649672985, 0.6083486210176475, 1.1441312886798116, [0]
-42.846615636703405, 0.6152463228353188, 0.5429965665189518, [0]
-42.92249831452127, 0.6318202615491241, 0.9750934564471936, [0]
-42.61614810494383, 0.5906275177783268, 1.04156679980738, [0]
-42.83018465517674, 0.49377090024815595, 0.9625781963040038, [0]
-42.832304167249276, 0.5734789764327508, 0.9775452466556486, [0]
-43.71628525033297, 0.7553042442799641, 0.858406746658165, [0]
-43.252738314607655, 0.6259418053046462, 1.0861333121853889, [1]
-42.60789365380396, 0.5470372660985431, 0.7070597902281563, [0]
-42.91105103906752, 0.7189957030729447, 0.9922270205207712, [0]
-42.81516986416913, 0.47380467052841846, 0.8539698176844723, [0]
-42.44599694713895, 0.6099687225705672, 1.169128389202767, [0]
-43.0137157937731, 0.6095717586610818, 1.1717139509270913, [1]
-43.014858130307424, 0.758622751854058, 1.0143312811151721, [0]
-42.86262371001177, 0.6549495217115986, 0.6827739091489494, [0]
-43.15327602897633, 0.5896417164868893, 1.0819542172127656, [0]
-42.80065608594417, 0.6222265753944544, 0.7052337614341873, [0]
-43.06549906946009, 0.6917928242507794, 0.8244307712526189, [0]
-42.8421621037376, 0.8248341929530298, 1.003154432292398, [0]
-42.96245556887981, 0.5088932463520662, 0.7540049523535262, [0]
-43.42788948906121, 0.7027243834427563, 1.1298555980636753, [1]
-42.87855559443295, 0.6758355028749183, 1.224988925942904, [1]
-42.79249759260137, 0.5929209087005864, 0.6807866643422871, [0]
-42.909222226526396, 0.7530121097874426, 1.119450013818606, [0]
-42.67562665168111, 0.663551748811033, 1.1398754767247894, [1]
-42.80577932586546, 0.6507820971738381, 0.8819338303608886, [1]
-43.36251843507716, 0.49959880765372444, 0.9612546427871027, [1]
-42.91128080772844, 0.5572067642550251, 1.0055103924240991, [1]
-42.586393644826096, 0.5455823789737049, 1.0040720065456512, [0]
-42.73017314699256, 0.5760033999377157, 1.1464891461933586, [1]
-42.87497163214249, 0.6554738524536063, 0.7996184282657114, [1]
-42.61932254135851, 0.6558195600697916, 0.9698774895718637, [1]
-42.82148772392817, 0.6792318995028148, 1.1100332692341097, [1]
-43.39144051251563, 0.5226495343282783, 0.7085720883214679, [1]
-43.02082028927347, 0.6548984073683841, 0.9944033970646611, [0]
-42.72216990878057, 0.5938675132086708, 0.9412487412281922, [0]
-43.140767902947154, 0.5992272372648484, 0.878824238460203, [0]
-43.13718638334333, 0.5971187861183244, 1.2231459104385909, [0]
-43.06318578255397, 0.6103596318016313, 0.9860568691709943, [0]
-42.731623074562314, 0.7106875067089755, 0.7185378898185596, [0]
-42.84910325134321, 0.7481599607586972, 0.966307416139632, [0]
-42.67437954213442, 0.6088014797055664, 1.1960319556523182, [0]
-42.53741219570021, 0.5842589709919486, 1.1912004831520768, [0]
-43.20972388090006, 0.6112517846078172, 1.0021769510948155, [0]
-42.592925851817114, 0.6030942411465898, 1.186218194202838, [0]
-43.16323961332562, 0.5213068519667149, 0.6645359421078658, [0]
-42.57795464788398, 0.6035820984758297, 0.9275019684186689, [0]
-43.19317615430377, 0.5732211364686577, 0.7607825877951295, [0]
-42.91736735655803, 0.6714484940143507, 0.7973080185108012, [1]
-42.94033777541015, 0.537097729567056, 1.0831594938280857, [1]
-42.637452468688096, 0.6053353571574354, 0.9423650589518783, [1]
-42.75864655154929, 0.5888710130800119, 0.8514319396827812, [1]
-43.10325285948343, 0.5595771977644829, 1.159449405834692, [1]
-43.157954279241025, 0.624550101075415, 1.0586932023230644, [0]
-42.828332677593934, 0.5468082213783996, 1.0584749168818834, [1]
-42.568131114612505, 0.5666165175374753, 0.9440890810016394, [1]
-42.9157690297517, 0.6477803438854727, 1.339583054271762, [1]
-42.67424852771763, 0.723268694105137, 1.0362615085527307, [1]
-42.70900129855252, 0.5486350717163284, 1.1226538892347264, [0]
-43.08930366975443, 0.5956356835677254, 1.133390096207209, [0]
-42.86710077668858, 0.5895527694456906, 1.0577487037304063, [0]
-43.00738892977558, 0.5226484721966158, 0.9764281927086054, [0]
-43.24087526750023, 0.7203096099381908, 0.8633861712969612, [1]
-43.341779674143545, 0.6630895581052905, 0.8407131166263629, [1]
-43.236514694452744, 0.641037489071869, 0.8352252727433989, [1]
-42.80676374674352, 0.6598695805052822, 0.9876542961608844, [1]
-42.67858328884397, 0.6266877349016404, 0.9988469119021601, [1]
-42.675726663006245, 0.5757163263830885, 1.0072965592484633, [1]
-42.73908467509639, 0.6035505468689623, 0.9294054610380064, [0]
-42.583202851868705, 0.5223311263478801, 0.8923904031299287, [1]
-43.03540819552425, 0.6944235772045197, 0.9744771092056354, [0]
-43.039846249111996, 0.5937561046465325, 1.144557469634585, [0]
-42.77410987110955, 0.5575895647495481, 1.1133792185475888, [0]
-43.07821014315041, 0.6785344819470492, 1.2074920591829743, [0]
-43.77275677587447, 0.614942679366444, 0.7110913663226207, [0]
-43.062701044959724, 0.6412777454274747, 1.2155550615964725, [0]
-42.3573299964002, 0.6128735052700919, 0.9374526098113283, [0]
-42.92595967396357, 0.6132886478683788, 1.010734613411905, [0]
-42.864787910250186, 0.5335656107877683, 0.9060025645207705, [0]
-42.78440281369263, 0.5953106828214654, 0.8337814318459507, [1]
-42.53185905866538, 0.6125826787787214, 0.959733413670874, [0]
-43.00484785310862, 0.6230314103629341, 1.0953577481149719, [1]
-43.15066816113181, 0.7434917495212935, 0.5446864200392423, [0]
-42.962665304920655, 0.6736499035446478, 0.8181952428713547, [0]
-42.625694335176476, 0.6663815216706475, 1.0260934804057673, [0]
-43.245025967950596, 0.6012474042404948, 0.913014818707129, [1]
-43.1764043234141, 0.633396376560475, 0.8825196976510886, [1]
-42.56052130032923, 0.6210790240988016, 0.9018854236365048, [1]
-42.78893787555916, 0.5938908701579568, 1.041379056823076, [0]
-43.25355897616033, 0.6043758300401215, 1.0953587454959588, [0]
-42.992996409575355, 0.6601197113165396, 1.0306487951960206, [1]
-42.86049560869572, 0.6074057181679603, 0.6524628575445955, [0]
-43.08004466059015, 0.6863216757896209, 1.1724127051640643, [0]
-42.726671135994145, 0.5681364774576797, 1.1486216703629097, [0]
-42.84086097428098, 0.6482828156807416, 0.8482277379302327, [0]
-43.189113677986995, 0.6172784304007592, 1.030147484150295, [0]
-42.701214852294676, 0.5700650205269231, 0.9419041766394707, [0]
-42.71074732043081, 0.5503625482417358, 1.0444530778405337, [0]
-42.659542456631605, 0.664543473697368, 0.9462642450712171, [1]
-42.605266386052, 0.5507103621726704, 0.9720865859519063, [0]
-42.54413098976662, 0.6157046536140032, 0.9225750274172815, [0]
-42.82536364033018, 0.5641934072012411, 0.9450684410886402, [0]
-42.95315395768309, 0.5604910596576346, 1.0150743632599497, [0]
-42.98372455038505, 0.5909471604994901, 1.0577872587635426, [1]
-43.22452411692552, 0.5781376389403369, 1.1269371344168022, [1]
-43.43804113733659, 0.6361968184600271, 0.7942546784683657, [1]
-42.71069372206023, 0.6408744916473791, 0.8662906189064807, [1]
-42.838696699715626, 0.5160444947126308, 0.7664592719986575, [1]
-42.74047464814545, 0.5324207357751298, 0.8884792129912169, [0]
-42.68130143393858, 0.540982465180264, 0.8286062615129826, [0]
-42.66990358593653, 0.6412283139873454, 0.8349475819633803, [0]
-43.27132358998787, 0.606562930092568, 1.0222072377431832, [1]
-42.568798962454316, 0.5427513786765032, 1.1024280136538047, [1]
-42.96292221479011, 0.5579091336837227, 0.98420128395126, [1]
-42.57665297628518, 0.4764466964624729, 1.0045796366554751, [0]
-42.856707865159166, 0.5603743146550955, 1.0234146023071364, [0]
-43.122069697493494, 0.5685525426559436, 0.8813281641684788, [1]
-42.90895194722526, 0.5987932702172472, 0.5966005832315162, [0]
-43.227632580016405, 0.5618704736360957, 0.9597982882371354, [0]
-42.77235702142803, 0.5987794436953616, 0.8102071903026808, [1]
-42.64414053879601, 0.5473291028403291, 1.0146960852348683, [1]
-42.887263608807544, 0.711008067746792, 0.7193883834669266, [1]
-43.20216774254303, 0.6192975416794214, 1.1437746089937335, [1]
-42.94340321938711, 0.675568864145661, 0.926371585987037, [1]
-43.435223625136324, 0.5834645404282469, 0.8784072304766495, [1]
-43.00226696591283, 0.6531697579433171, 1.1837718671674875, [1]
-43.01258838920943, 0.7188521894030072, 1.106101130296376, [1]
-42.56743376853804, 0.649936821463541, 0.816822268299689, [1]
-42.88373281674548, 0.620784689313758, 0.9047206903492392, [0]
-42.57950353538654, 0.5895600500380825, 1.0125726308233234, [1]
-42.618071806237246, 0.5776729253387226, 0.7516748330276728, [1]
-42.695323622721794, 0.5182682639857485, 1.0324010273003466, [1]
-42.62348960340124, 0.6137829059362745, 0.9288115876077205, [1]
-42.67846689077173, 0.6013681197672879, 1.2052507372087953, [0]
-42.80277707411456, 0.5176964580334203, 1.1965009560052455, [1]
-43.08757475807242, 0.6606261229703545, 0.8009294923654221, [1]
-43.08009539673444, 0.7192621734153577, 0.8199991950668044, [1]
-43.01836120167142, 0.5911802822182242, 1.0121283032937265, [0]
-43.39293542435246, 0.5675738423214275, 0.7917848962575923, [0]
-43.08035577671784, 0.5835926213392377, 1.123258116063659, [0]
-42.93731515870708, 0.664397074737236, 0.83859908044708, [0]
-42.86877531521997, 0.6361974578157457, 0.7680697888338144, [1]
-43.50237102829066, 0.5045712489224878, 0.7576383258825072, [0]
-43.14614980299807, 0.6664519362232124, 0.6374522337133531, [1]
-42.4894366305578, 0.6780753783644599, 1.0459550791114198, [0]
-43.13410935214522, 0.5540831397938926, 0.9347146812710911, [0]
-42.59869272738296, 0.5964392017538992, 1.0381075445724575, [1]
-42.560422986773204, 0.5812707151510044, 0.9615586885316205, [1]
-42.83893936493717, 0.6397793591006663, 0.9327693482181175, [1]
-42.84775489111981, 0.6425261435099924, 0.9508349203899621, [1]
-42.831069333021816, 0.5552961517693277, 0.8202004583893151, [0]
-42.65895685254586, 0.5710657738923443, 1.012871103253145, [0]
-42.43707861722238, 0.6183277123998021, 0.8431531323176973, [1]
-42.85013281237256, 0.6526843391850737, 0.9526707046018338, [0]
-42.67322845050813, 0.6801966653312347, 0.8617447006858255, [1]
-43.145279427371705, 0.617490331719998, 0.6795145209549454, [1]
-42.607292055931495, 0.6317932139684437, 1.0205993622848837, [1]
-42.65918142454811, 0.6352568658356008, 1.1419633365075224, [1]
-42.68849958965296, 0.6335851185287276, 1.153097713573742, [1]
-43.06926060545346, 0.6483536201607892, 1.2835710221675196, [1]
-43.25047601329286, 0.5245190743283786, 1.238214448447686, [1]
-42.88635875717789, 0.653993651182952, 0.6766319653721399, [1]
-42.966855341384075, 0.61172691580133, 1.0086316128614519, [1]
-43.0419385462466, 0.6424526140996365, 1.0568248098423567, [1]
-42.632579890094604, 0.7052061565563699, 0.9781275493279208, [1]
-42.615764051588776, 0.6910599274894583, 0.953215037347021, [1]
-42.694725934091174, 0.5777892581200071, 0.9366276635972318, [1]
-42.68222749602975, 0.5889922297794297, 0.8099363757560746, [0]
-42.968891810894924, 0.6199223315793319, 1.07554030868076, [0]
-42.875731747291105, 0.7105466112311761, 0.794937393419577, [1]
-42.86091771890536, 0.6917133880283699, 0.8510946495655353, [0]
-42.81708298755768, 0.6879407839807604, 0.8356447253886232, [0]
-42.8771053605075, 0.5744177241593186, 0.8369486315413017, [0]
-43.22314957721657, 0.6243094422686909, 0.9781734264583387, [0]
-42.86208783914071, 0.6016880677620366, 1.1393088668666371, [0]
-42.71526203547393, 0.5222594563525128, 1.0075071207468147, [1]
-42.96417572692427, 0.565495838289295, 1.3202486006686192, [1]
-42.84310974857414, 0.779857883318718, 0.972059978268963, [1]
-42.86206389573952, 0.6230966632499403, 0.83485430174421, [0]
-43.21758690325771, 0.6016965374142603, 1.259744369051219, [0]
-42.892042780625225, 0.5917398841421538, 0.9493098646756658, [0]
-42.65571297979606, 0.6591158648855927, 1.0545569663657546, [0]
-42.80897295854798, 0.5332404535506541, 0.8567456840165852, [0]
-43.12589083506318, 0.6014903428289704, 1.0047247365188785, [1]
-42.651605462473725, 0.6679819665956757, 1.0527520925764522, [1]
-42.67394275135573, 0.6009870193093891, 1.003872307552947, [0]
-42.74585749014967, 0.5620918017775705, 1.144077679032102, [0]
-42.63019155738447, 0.6736557289370757, 1.0791223200406639, [0]
-43.070736983730555, 0.6784966912652586, 0.9196588302439639, [0]
-43.00752661913332, 0.5855032876862752, 1.1530307695754347, [0]
-42.64520754755763, 0.5985485942336098, 1.1866766685845664, [0]
-42.61878868131668, 0.6499096588724016, 0.9557645380177343, [0]
-43.177868266435766, 0.5372861153545956, 0.839459211167083, [0]
-42.89911059570194, 0.5591113830819273, 0.826296911724997, [0]
-42.91892099794994, 0.6921076108453257, 0.7266466483809231, [0]
-42.87598097571455, 0.7046457891546898, 1.0037499721215126, [0]
-42.52118420991913, 0.6524731958774661, 0.7418675699737114, [0]
-43.12285926752418, 0.6178012207472126, 1.0924296819875987, [0]
-43.22194475952226, 0.5793040477043623, 0.8495523761471522, [0]
-43.10672780816057, 0.7008767709737592, 0.5702053360330529, [1]
-42.912360391162935, 0.6784773742456086, 0.9571030776327591, [1]
-42.662263951829246, 0.5637956039326244, 1.073905087969014, [1]
-42.64147476122672, 0.6519479102990533, 0.9378112006584205, [1]
-42.661499537207455, 0.6565775538057272, 1.1967135406315035, [1]
-42.634640566007164, 0.5669679998043201, 0.9209607271446466, [1]
-42.78498336113866, 0.5428360295928157, 0.6139917302532119, [1]
-42.710308355489936, 0.73498599212143, 1.0765022223740917, [1]
-43.07973629214923, 0.4925851632385018, 0.8334142084224779, [1]
-42.732435015207535, 0.6424579250853948, 1.2187009371429158, [0]
-43.3234846658916, 0.6989879122499695, 0.8135889994381393, [0]
-42.92750876329436, 0.7011889529023191, 0.9515944621517681, [1]
-42.90724878478463, 0.587041599881344, 0.8344843672406004, [0]
-42.7281884962932, 0.650402638138487, 0.9993286735718905, [0]
-43.56149906167417, 0.5764338796832007, 1.150441265150624, [0]
-42.6645007055188, 0.5315199516847602, 1.0043891793371977, [1]
-44.14931783495629, 0.6172354433038234, 1.0083529875354875, [1]
-42.65002644934079, 0.6220820042583681, 1.0145561762769373, [1]
-42.96512150540639, 0.6518873489115078, 0.6203436154026208, [0]
-43.32335632961422, 0.5873552481310356, 0.5757319362304438, [0]
-42.81706507712636, 0.6916625950478339, 0.7897096327069676, [1]
-42.42274188393902, 0.6271800724131902, 0.8264949744500949, [1]
-42.82173459596036, 0.6001925196320327, 1.141337064077652, [1]
-42.95470768062986, 0.6390845670879312, 0.5857112470662361, [1]
-42.828287661568446, 0.588100568269463, 0.7963951093460729, [1]
-42.460309469896785, 0.6033557359828438, 0.7908726470042643, [1]
-42.74085915309088, 0.5748665485656991, 0.6636064752425108, [0]
-42.73958769539903, 0.6236285807629979, 1.046656859642966, [0]
-42.95650521374165, 0.6054197305503664, 0.9561077424007677, [1]
-42.75521210789388, 0.5896656164782996, 1.0328459871248494, [1]
-42.64889323440773, 0.598083390719641, 0.8708188381326751, [1]
-42.91470077952043, 0.6831676416999893, 1.318642763992361, [1]
-42.907592831193284, 0.5900105731948774, 0.9592517389875045, [0]
-44.199712336794335, 0.5455323822408821, 0.88244355313727, [0]
-42.55093476495117, 0.5245300330051452, 0.9267041083009511, [0]
-42.97626533443211, 0.5955204083293375, 0.9741984401742646, [0]
-42.70479289175792, 0.6632322428180083, 1.0420107217878298, [1]
-43.049855220569114, 0.6218075937296721, 1.0645580207628216, [0]
-42.705085741033386, 0.6292573054823652, 1.1899048646123305, [0]
-42.902108246795216, 0.6973675085396144, 0.7622279362779465, [1]
-43.40362617669158, 0.6670028210590487, 0.5417503773542355, [0]
-42.61686999020056, 0.7000385976991318, 0.7941305939496819, [0]
-42.74002789107241, 0.6039934503895853, 0.7507193771441576, [1]
-43.19829902204362, 0.6553767898808247, 1.11646702509915, [1]
-43.04932729004974, 0.5739605510541677, 0.7924293863244471, [1]
-42.682930442806914, 0.5504816423011328, 1.0731782157508056, [1]
-42.876963827520285, 0.7304199902111086, 0.8631720177672461, [1]
-42.711284480082625, 0.5728625075075137, 0.9797967518354588, [1]
-43.2101110888385, 0.5924069763983026, 0.8999167620906308, [1]
-43.05139768440693, 0.6924954817983981, 0.6106234183709708, [1]
-43.34913224823619, 0.6246572192047489, 0.8231977975490132, [1]
-42.91370980590246, 0.6206933337068862, 0.9865827592174201, [1]
-43.02237944728463, 0.5757611056351902, 0.8517777759203635, [0]
-42.85988864339887, 0.6770771728509248, 0.6665067804683659, [1]
-42.97849915200252, 0.6831910389095128, 1.2157479961036048, [0]
-43.263474102930175, 0.6416051767140106, 0.8701461630283528, [1]
-43.03479261775181, 0.6481929645960461, 0.9197121299259654, [1]
-43.195306832964455, 0.6067274300621687, 0.8695720526504477, [1]
-42.834921967290356, 0.6576358715998671, 0.8595913106882438, [1]
-43.57569335177086, 0.6507074798093992, 0.9258516739203615, [1]
-42.59188795830736, 0.6325131444013414, 1.093740035569338, [1]
-42.79546651835215, 0.7138833273090003, 0.9179744783063502, [1]
-42.406835496095, 0.6898397166340919, 1.1430380301335514, [1]
-42.85911400599681, 0.6221754958643925, 0.9672399081062104, [0]
-42.93589739776998, 0.5746607152872834, 1.0158240684546052, [1]
-42.795745296610576, 0.5755742356515212, 0.8022221267643161, [0]
-43.498720013373244, 0.45530144886821866, 1.0566921349730696, [0]
-43.09442854992701, 0.5929306169247595, 1.0818369126308172, [1]
-43.03294371210684, 0.8108608238319188, 0.7931512779290784, [1]
-43.404106826820446, 0.6739103441758755, 0.7795391803131348, [1]
-42.59062534316598, 0.6766388020844393, 0.9579346464581628, [0]
-43.55439901908722, 0.549199394277665, 0.767332709226574, [1]
-42.737071880437036, 0.44264404894751175, 1.0926520961313981, [0]
-42.668734973527314, 0.6331034672975373, 1.0196225723690389, [0]
-42.7405742888747, 0.7143419174883063, 0.9470061255753608, [1]
-43.25106663142562, 0.5249667222530452, 0.9648400748815035, [0]
-42.56085266709169, 0.6834821075460698, 0.9138597958064678, [1]
-43.38352070082585, 0.6343857685125861, 0.8383099078133334, [1]
-42.69092299238617, 0.6840950703512026, 1.1160211441597863, [1]
-42.60235611980004, 0.6327754103914751, 1.2380634121209013, [1]
-42.998516353137035, 0.5272822828885857, 1.2025001138493465, [0]
-42.88305964419524, 0.5186447257953037, 0.9585139545559596, [1]
-43.303870147586345, 0.6267229463930495, 1.0158154662128582, [1]
-43.19670335543123, 0.6340641524817732, 1.0502514299669454, [0]
-43.43297475465597, 0.5416534132933977, 1.0979112648792169, [0]
-42.561247795019, 0.6303716998885107, 1.0143680674599762, [0]
-42.64010444278934, 0.5812934593760786, 1.1216690411890313, [1]
-43.05829300378335, 0.7381416894357788, 0.7606845414033996, [1]
-42.89109217597523, 0.7146241774252722, 1.0732855391562408, [1]
-42.793389837994155, 0.5942419219611996, 0.9503983880211483, [1]
-43.45754491837213, 0.5731159531422471, 1.1894020111052124, [1]
-42.68600571605411, 0.6506921496072514, 0.955154594224014, [1]
-42.46276506717783, 0.6799336224840974, 1.006193584504778, [0]
-42.90263849379769, 0.6973547168494877, 0.9789421239544782, [0]
-42.60377376072444, 0.6769520547486603, 0.9242097135661701, [0]
-42.77800224298557, 0.7324746936463438, 0.6801108702844642, [0]
-43.42994145838, 0.5434622940281351, 1.0152342821541165, [0]
-43.64212239792417, 0.5296174353671682, 0.7045898659871981, [1]
-43.65212294071177, 0.6802044432928465, 0.8163078911494597, [1]
-42.824255805743235, 0.6549010600476179, 0.9216980888064134, [0]
-42.853635851896264, 0.6988431913115357, 0.9271422563560133, [0]
-43.434434889214515, 0.6085531205943342, 0.9988647600609306, [1]
-43.34569125555866, 0.6862533600212483, 1.0410150917239436, [1]
-42.93119516126893, 0.5340629744390611, 0.8710347554947583, [1]
-43.53811018026251, 0.5515990982379833, 0.987466658620715, [1]
-42.80229037439583, 0.5352746252048992, 0.8804773450129014, [0]
-42.83978421836378, 0.45779047788941146, 1.1941952226400367, [0]
-43.35716982514708, 0.606506349175082, 1.0662215964450066, [0]
-42.98053168385391, 0.7154906362216841, 0.9095193737678994, [0]
-42.79778334861502, 0.657841320440914, 1.019276186461914, [1]
-42.96886433915898, 0.6046613609924494, 0.9541713985238796, [1]
-42.85821925503567, 0.6070413955134986, 0.9891747184233279, [0]
-42.830222725389056, 0.5455159050361816, 0.8386729190257768, [0]
-42.59863984103692, 0.6745209002434281, 1.1286402585435102, [0]
-42.967952377037946, 0.6390997042445359, 0.8354558571266819, [0]
-42.73519165017124, 0.6614089022060773, 1.035957536000668, [1]
-42.87323701767697, 0.6661020897365764, 0.9256710998787906, [1]
-42.78232396764507, 0.5870214877985834, 1.0265874030455708, [1]
-43.218473442633474, 0.7621125863615021, 0.9523453127675586, [1]
-42.61597697075147, 0.7620846971416875, 0.9458011292216353, [1]
-43.3164855611495, 0.45105225929062837, 0.9847222470665785, [0]
-42.8257233387472, 0.6847806248333067, 1.0560621672687187, [0]
-43.15924102241685, 0.476829401969155, 0.9625932709794591, [0]
-43.375745679019, 0.6349784708177278, 0.7593200950584693, [1]
-42.78792418421181, 0.7059687359375135, 0.9182715103915626, [1]
-42.976417242334385, 0.6156621392313761, 0.8998492060043567, [0]
-42.86926978993863, 0.6528128008656247, 0.9443351001908731, [1]
-43.228819985436324, 0.7327257675071975, 1.1301861287351562, [1]
-42.77476678808931, 0.677411664053885, 0.8062841995694571, [1]
-43.371877513381826, 0.5357522457872097, 0.9472553197680937, [0]
-43.19018750811703, 0.6250207061179391, 0.9780207743917011, [0]
-42.689051218297934, 0.6055032353034617, 0.8030409359486125, [1]
-43.11763128308758, 0.6236888231064229, 0.8651514672740771, [0]
-42.80025567310533, 0.6175662868750709, 1.2079315422143586, [0]
-42.83833566053338, 0.4999695461574942, 0.8599220662262904, [0]
-42.50374849741443, 0.6021846289943898, 0.9519108956743688, [0]
-42.98683722610061, 0.6515628639368183, 1.1239082043208484, [1]
-42.71166521228153, 0.5275391244581424, 0.7986870597595147, [1]
-43.09812908086335, 0.7593960052057729, 0.8968916303417235, [1]
-42.89027041909349, 0.6256505425205285, 1.065879617504333, [1]
-42.73611876841685, 0.6285897207388205, 0.9920557760252227, [1]
-42.70620361615338, 0.6804953899511543, 0.9697429871519159, [1]
-42.900265100020604, 0.6979934781447193, 0.9110941777351811, [0]
-42.98345610764371, 0.5529484215216144, 1.189018265242085, [1]
-42.688774762056916, 0.6039276071397339, 0.8143804302101358, [0]
-42.796373348961076, 0.5791501046520277, 0.9285094868534027, [1]
-42.87127301791923, 0.5059062775663844, 0.927059038671535, [1]
-42.73690491117732, 0.6483198130881793, 0.7631495384283096, [0]
-42.6235684501354, 0.5835434261890995, 1.0702001223600046, [0]
-43.036776667704984, 0.6727451065041541, 0.903944908790736, [0]
-43.06101481857688, 0.5300726622188947, 0.8744975296755586, [0]
-42.805051933254475, 0.6508223337472996, 1.1958084946976457, [0]
-42.56629112233342, 0.6559896550383418, 1.0692229055915248, [0]
-42.83802665551205, 0.6023823493529722, 0.9320415355211762, [0]
-42.7279905156295, 0.6266725533627092, 0.9556894404298935, [1]
-42.93741869561976, 0.5779674992814395, 1.0090341235543137, [1]
-43.029390507122535, 0.5752284180300239, 1.0227991922573831, [0]
-43.318882795553115, 0.6254212746243933, 0.9919088900318402, [1]
-42.839745298830714, 0.6687610346060505, 0.7541617055433042, [0]
-43.18160825742049, 0.6528328975367533, 1.1886636008791227, [1]
-42.872878615493136, 0.7411416100823286, 1.2464900468094746, [1]
-43.20967424903764, 0.7334659226658846, 0.9336795078006418, [1]
-42.93406591885377, 0.6617473790104694, 0.9531645177822176, [0]
-42.9114826691689, 0.5638586528716225, 0.98380192783864, [1]
-42.95407841260166, 0.5560792023222328, 0.9734000909866714, [1]
-42.7373398123168, 0.5247699746416107, 0.899300498626347, [0]
-43.17148614733411, 0.5625364439592211, 0.7351990710079711, [1]
-42.94054978243016, 0.6897206411142207, 0.8938123478325278, [0]
-42.72177048603913, 0.5804801743182486, 1.2631645647036975, [0]
-42.62248317444356, 0.562822730232944, 1.1332521663659787, [0]
-42.99242486951866, 0.5802879683344072, 0.9138294079334152, [1]
-43.11838846783114, 0.6882523801202797, 1.1437892031578194, [0]
-42.61943881408998, 0.5278975708854248, 1.0099284812512699, [0]
-42.999935635707025, 0.6300683819514401, 1.2200398586327066, [0]
-42.652125240222816, 0.6029795016594884, 1.0475183475388783, [1]
-42.61853076968052, 0.5477417529125639, 0.7556758711383199, [1]
-42.57918281714376, 0.6278246291137607, 1.2088225304910059, [1]
-42.6954752141281, 0.6328029567562845, 1.0364825340209378, [1]
-43.414084567652814, 0.6577014230699888, 1.117948373975413, [1]
-42.907994189882814, 0.6321092331073943, 1.022969266011135, [1]
-43.00728668286688, 0.6534002851395402, 0.9009510764218903, [1]
-42.811461175987404, 0.665520380777227, 0.7531121708876676, [1]
-43.369667638336686, 0.6804830758962033, 1.1318814860339992, [1]
-43.45801783897194, 0.6391700514033575, 0.9273957865755071, [0]
-42.565497271646144, 0.6406004731165934, 1.1425365135503573, [0]
-43.23115715163405, 0.7100571573351621, 1.1631347545155941, [0]
-43.14343040779058, 0.6509474260182886, 1.1848209204691105, [1]
-42.70134929517109, 0.7544612602505713, 1.0544955412232009, [1]
-42.59481886447585, 0.6460261101780251, 1.0426011437171436, [1]
-43.201331946088175, 0.6670149511885198, 1.008798653467713, [1]
-43.0409270482133, 0.6415341513198239, 0.8221473180095551, [1]
-43.12078225219556, 0.597555694968314, 0.9290162414941086, [1]
-42.617279722280294, 0.6495716121889017, 0.7168334562954806, [1]
-43.1125579427035, 0.7152354599871962, 0.7984035355583106, [1]
-42.878461040678346, 0.5997594565435864, 1.2120603898785645, [1]
-43.03873542410976, 0.6711405651408512, 0.9472881147896237, [0]
-42.63851461495856, 0.5586214463696851, 0.8543424762870857, [0]
-43.09438150521612, 0.5825278365563051, 1.0399289987058609, [0]
-42.671451100334146, 0.6212566594315176, 1.062506385601484, [1]
-42.79376959288109, 0.6684614643991247, 1.040300772367918, [0]
-42.65409247888659, 0.6443395369160728, 0.7276475108593139, [1]
-42.641453810603885, 0.6333702468616349, 0.7629771055167189, [0]
-43.005547099093256, 0.5677059346427615, 1.003390214735404, [1]
-42.837515127348524, 0.6891593146494951, 0.8075323561698161, [1]
-42.822482095690944, 0.5160628904688763, 0.7665795054140849, [0]
-43.19953856516483, 0.5381482959104789, 0.9648043042226989, [0]
-42.91503541154615, 0.5963132314754633, 0.7418375769031955, [1]
-43.380245329917194, 0.5449103538197748, 1.078921469151602, [1]
-42.86559627269015, 0.619107916742713, 0.9909093613960898, [1]
-42.633728703185824, 0.5138194177695842, 0.9999154108898777, [1]
-42.98910747317675, 0.5631757701528617, 1.0805798681165044, [1]
-42.93294493331243, 0.5974283826170239, 1.0338963514814572, [1]
-42.820174058897926, 0.6488600597586485, 1.1546694429599518, [0]
-42.666250779874275, 0.6277679770874205, 0.9876571666861375, [0]
-43.18461448785166, 0.6206006789017955, 1.0412850329811976, [0]
-43.476524032637585, 0.6455793830563017, 0.9871483118521828, [0]
-42.44287909874012, 0.5946673376930266, 0.8845176004243858, [1]
-42.622756964630405, 0.5640176728823545, 0.9501665866366927, [0]
-42.91089410770891, 0.6950410901075128, 1.1765557427444842, [0]
-42.815551312266514, 0.5549080415787397, 0.6613266863533379, [1]
-42.75762306671839, 0.521754788295504, 0.9336077488240941, [1]
-42.61271324089122, 0.6551582393208385, 0.9592232982692132, [1]
-42.59963738931783, 0.5640683391608675, 0.9208098852687596, [1]
-43.01432575618273, 0.6592767129941937, 1.2168533197220257, [1]
-42.947946712083265, 0.564918049190014, 1.1453741648345535, [1]
-43.02035718528069, 0.5349022902894847, 1.0303904501917343, [1]
-42.77478897991146, 0.7356486600641305, 1.1843423506564896, [1]
-42.85595244821, 0.5961029836378836, 0.9478918335717771, [0]
-42.84809946934981, 0.5579567877923576, 1.1242716167796938, [0]
-43.014698941722564, 0.651026213773212, 0.9891652665590761, [1]
-43.038143597099754, 0.6461309229460004, 1.055725612824999, [0]
-42.94513716540264, 0.6247122422294189, 1.0134938631186123, [0]
-42.8357984803661, 0.5543890391222659, 0.9315631106262063, [1]
-43.02031951423651, 0.5808329051468206, 1.1098024516806977, [1]
-43.334176102736066, 0.5156436199959469, 0.9500838050859656, [1]
-42.76432860560724, 0.5685611722171269, 1.1219552824188337, [1]
-42.8902860332072, 0.6090272104003694, 0.7672645347570358, [0]
-42.62461518279994, 0.6715308905083618, 0.9179564442249062, [0]
-42.88380773313305, 0.6890126452152717, 0.7249847218568779, [0]
-42.903048559713795, 0.6506689363431644, 0.9483956861890289, [0]
-43.08238368656323, 0.667298129820547, 1.0042109194286217, [0]
-42.51874494277418, 0.5890099225610713, 0.9019908556770304, [1]
-42.66377273055002, 0.7090698792989532, 0.638379427147675, [0]
-42.898156652418635, 0.697021671313495, 1.0828570080095339, [0]
-43.66931476889408, 0.6404706374764656, 0.5328790741173375, [0]
-42.930279226189285, 0.5427083257013355, 0.884573178740065, [0]
-42.80505421121807, 0.5181837859539968, 0.9085221327646756, [0]
-42.97185001584834, 0.748203377758434, 1.0326677965317057, [1]
-42.61823046396302, 0.5972871137202002, 1.0327691045773726, [1]
-42.56487682929853, 0.7019232757684841, 0.939062446000539, [1]
-42.8974266442264, 0.6092882726810501, 0.9122419167366916, [0]
-42.73012908368241, 0.535506470498355, 0.8676913964685716, [1]
-43.19119371398633, 0.7276035207499594, 0.8345762529105667, [1]
-43.008543157545674, 0.6483838077879536, 0.8483093253501329, [1]
-42.60362288042155, 0.6717325201916076, 1.0934021175060151, [0]
-42.68297988017203, 0.5876109003453855, 0.9160062137484655, [0]
-43.3131632272566, 0.8212844786463209, 0.8877641251782766, [1]
-42.66030339743057, 0.6851350386426929, 0.8841241339412566, [0]
-43.050214630793405, 0.5558827761960823, 1.1749268860339612, [1]
-43.14627684154969, 0.523094344451978, 0.8361753474485785, [0]
-42.927415765078756, 0.6584126863964177, 1.1122107475551062, [0]
-43.01682835180274, 0.6552850698447404, 1.1673346823690065, [0]
-42.59154309258776, 0.6158044602840969, 0.7300335624038891, [1]
-42.611091351840926, 0.6700605858781419, 0.8368529706573955, [1]
-43.009776443447656, 0.5584680776982952, 0.8287551234897781, [0]
-43.04085304243744, 0.5117907159921176, 1.1222179716857648, [1]
-42.97094050634636, 0.747493358266156, 0.6883006302055696, [1]
-43.05229846153773, 0.6353220521697662, 0.8058569549651038, [1]
-42.789754993425944, 0.7297782715426318, 1.0204841501566313, [1]
-42.81652000767721, 0.6414779849985354, 1.1784874198713347, [1]
-43.33200668694052, 0.5295955351418005, 0.9143950686182999, [0]
-42.74668552855628, 0.6751352533126449, 0.8256575602766424, [0]
-43.22236133860796, 0.6441321973931333, 0.8118585623119883, [0]
-43.6372597316446, 0.618248676739568, 1.1634655458633107, [0]
-42.742422594509726, 0.6540570185310696, 1.1581870344050658, [0]
-42.68192699252218, 0.5722758981369475, 1.0367618587513325, [0]
-42.53008484783139, 0.6725370637540784, 0.9392599856063683, [1]
-42.69719900012471, 0.6209145592806692, 0.8227130275340482, [1]
-43.48683676911135, 0.5632966420774745, 1.178658189639906, [1]
-42.52049156848078, 0.6517868351475865, 0.7358501612741686, [1]
-43.29665234248698, 0.5107776595717094, 0.9031582103150612, [0]
-43.26055760342192, 0.5729222173479691, 0.8688813930502999, [0]
-42.78365690858403, 0.6234743200398366, 0.9820837791343215, [0]
-42.825169195409934, 0.6569677265867616, 1.0859709486279954, [1]
-43.15166882711958, 0.6206864302815998, 0.9488841072202826, [0]
-43.22572047148598, 0.5448916195628164, 0.8759687869630409, [1]
-44.01968998944832, 0.5962406369617298, 0.7295923666011586, [1]
-43.25722368769214, 0.6385824416433118, 0.8976901308618486, [1]
-42.956873994205445, 0.691346953225494, 0.8394465531287632, [1]
-42.97847279213105, 0.7048064262790129, 0.9083484966394705, [1]
-42.751586958924804, 0.6212290631488846, 0.8049873426558524, [1]
-42.55584332812256, 0.6157187336792321, 0.7520170739590437, [1]
-42.7579837788682, 0.7111590442761307, 0.9628322919160199, [0]
-43.10012946327904, 0.6132612365119916, 0.7912978106378972, [1]
-43.16069255117086, 0.660622801996871, 1.0121299332679108, [1]
-42.683100650254524, 0.5862017572755812, 1.261174682485549, [1]
-42.59966422277463, 0.628000166790752, 1.0702365219042989, [1]
-42.564929624482026, 0.6196158997048474, 0.8914527983510805, [0]
-42.68755302386522, 0.485852808001898, 0.8483565243165218, [1]
-42.92833924060792, 0.7838762119116379, 1.0318073325871189, [1]
-42.787994598603504, 0.6914608710766643, 1.118315642901011, [0]
-42.8718995124527, 0.7215764091526269, 0.6769828601388337, [0]
-43.056087506759795, 0.5663271445267132, 0.8901770632179228, [0]
-42.72426408255992, 0.6153732121687169, 1.0713335014211955, [0]
-42.56349509732929, 0.6209771562732507, 1.0921101157854072, [0]
-42.997956823574654, 0.5321704566842227, 1.1066172817016497, [0]
-42.427552906709074, 0.5875114051671327, 1.0213184702953355, [0]
-42.66302480242935, 0.6072111323152974, 1.055586123556589, [0]
-42.547294686971014, 0.7106211684930215, 0.9467892378272545, [1]
-42.51090658623117, 0.6369845717319064, 0.9903637648710872, [1]
-43.172689347649666, 0.5272149968225228, 1.1015444267110879, [1]
-42.61751034517285, 0.5879990883442096, 1.0000494755254903, [1]
-42.816111953670564, 0.6811173758618885, 1.0098655949073856, [0]
-43.0183111116027, 0.5543613677241646, 1.1099200858126355, [1]
-42.785495912180586, 0.5807445829470854, 1.0301262861136071, [1]
-42.736597964902266, 0.6763732924191874, 1.0641621653809428, [1]
-43.06346967860658, 0.5713354778664327, 1.0496019888127746, [1]
-42.5961831486436, 0.7165503819665178, 0.9973161593643218, [0]
-42.592036470195616, 0.6395706117317002, 1.1197121828818957, [1]
-43.529907284222986, 0.6535098426632323, 1.1055319632185237, [1]
-42.63750290142703, 0.6454153063875832, 0.853165235519743, [1]
-42.73604365501132, 0.7942916131839102, 0.8420543701298436, [1]
-42.83879682441386, 0.6448423959481986, 1.2187297516244076, [1]
-42.43606376407612, 0.6234459078696749, 0.9133907864036843, [0]
-42.855326160718356, 0.5413934308544059, 1.1583143342346875, [0]
-42.815890087483595, 0.6306628287385232, 0.8807402369927384, [0]
-42.733351589593646, 0.6325854489996102, 1.1388131311913727, [0]
-43.199081775246356, 0.6290713830570259, 0.9493300472471513, [1]
-43.31110753572103, 0.6234969802977748, 0.8607491176584766, [0]
-42.5776142312303, 0.6020284769637383, 1.1469832619044116, [0]
-42.82976091431185, 0.7672433108206106, 0.9219333438176043, [1]
-43.19530666151826, 0.6115281302701243, 1.0765486356256748, [1]
-43.24091757051426, 0.5424127157201898, 0.9016430180987004, [1]
-42.7299755783052, 0.6984754995765535, 0.8281851648648706, [1]
-42.543658725598206, 0.7188677451807852, 0.8661945366929142, [1]
-42.648149842741795, 0.6250722306553689, 0.9769511720457564, [0]
-42.68833483340351, 0.6353899702958004, 1.1677824426198324, [1]
-42.78692253427386, 0.7071015055653294, 0.9592726018854791, [1]
-43.669618770901444, 0.7610046057351003, 0.5292819056739171, [0]
-42.87710725745584, 0.647153808129792, 1.0783514418923767, [0]
-42.68438334033712, 0.6668710500340533, 0.8773802808868534, [0]
-42.837057663365364, 0.6076897212505408, 0.7693494665340357, [1]
-43.12640390243736, 0.6572283685952425, 1.1402426944916664, [1]
-43.097270412341494, 0.6503391275405199, 0.8608376735544919, [1]
-43.32424961010959, 0.5681320806449107, 0.9121066567651231, [0]
-42.76946631997175, 0.5794477135294663, 0.8527368565082465, [1]
-43.24158323504289, 0.5534462007052966, 0.9573858745343498, [1]
-42.7100541724399, 0.5600448338077861, 0.770913133444101, [0]
-42.84632909304366, 0.6133899024066374, 0.9925603659244595, [0]
-42.81767825750205, 0.6150996039076227, 0.9895824887759614, [0]
-43.6799632967919, 0.40894322898737306, 1.2046419706092604, [0]
-42.81432196969297, 0.6295119487742289, 1.0133591797475372, [0]
-42.83338511594682, 0.6417304225380293, 1.1647747791801044, [0]
-42.94417512595675, 0.7170316554474577, 0.9149943397730378, [0]
-43.12246602300275, 0.6884681616704152, 0.9746081325538728, [1]
-42.77247131067211, 0.572408401495037, 0.9326388844313492, [1]
-42.78644349297915, 0.6331405566423275, 0.8263563830603278, [1]
-43.24952970444502, 0.6536261853384012, 1.094599734278869, [1]
-42.612316580293204, 0.6255269435840919, 0.9261344904194244, [1]
-42.49311550803426, 0.6276655204887246, 1.2046171187049377, [1]
-42.51345767143617, 0.5497904440627018, 1.0396526776448567, [1]
-42.94845921236653, 0.3948326875364257, 0.875578272265242, [1]
-43.27752064798983, 0.6614991446436338, 0.7199231690482218, [1]
-43.00805675593686, 0.5757794553312877, 0.8765886737561398, [1]
-43.00829522199292, 0.6461592783163047, 0.7007053203629522, [1]
-43.04923266722894, 0.6941640604226629, 0.8714684311996561, [0]
-42.69033906739374, 0.6097376379917676, 1.0069286593317017, [0]
-43.10173727093891, 0.625658640260228, 0.9152644465693003, [0]
-43.067065426828904, 0.6117914880795974, 0.8070428917994426, [1]
-42.66998504521579, 0.5464971251170054, 1.1048720112153003, [1]
-42.752389696748885, 0.6634040749391759, 1.0067949580208186, [1]
-42.99316587018999, 0.6530320692239062, 0.8903431360156958, [1]
-42.67678996221116, 0.6185080970115536, 1.0875474608671838, [1]
-42.65507304729948, 0.6165000746861526, 0.7180635625824535, [1]
-42.63656728046721, 0.6599730960054068, 1.0067243105708639, [1]
-43.068621259902315, 0.4851837817317701, 0.8716356709796829, [0]
-42.82346672627454, 0.5947184277641095, 0.9996120612733732, [0]
-43.2404846179359, 0.7202178254480793, 1.0428999986081564, [0]
-43.28331502622856, 0.6851210176185892, 0.9866666869754004, [1]
-42.82821373330346, 0.6311518610814957, 1.0060464456649656, [1]
-42.8346412397648, 0.7091092575982163, 0.985066577594454, [0]
-42.7830618198621, 0.7489356279611318, 0.7910900801493372, [1]
-42.89103356019816, 0.6329406092524323, 0.8005356872901301, [1]
-43.48097777012421, 0.5482695695110786, 0.8143008584527267, [0]
-43.6720013564021, 0.5811559038667709, 0.856612242165995, [0]
-42.997740745100515, 0.6041030564988585, 1.1956090511530157, [0]
-43.058918337367906, 0.5671042766638715, 0.9201620299201627, [1]
-42.971962096986324, 0.6473787032168979, 0.8208637199213024, [0]
-43.03401154713626, 0.7288546599092037, 0.8359152220722416, [0]
-42.716655200893456, 0.5465725164236245, 1.1319688171427842, [1]
-43.10992984987365, 0.656973269570806, 1.1006902747945628, [0]
-42.852524856962916, 0.5574028618244296, 0.6283193977817091, [0]
-42.687929343168676, 0.7494860652371453, 1.0344506835141922, [1]
-42.83368951546767, 0.57123197391717, 1.0682659866160051, [1]
-42.63340845765811, 0.653414131570679, 1.060085801937463, [1]
-42.91503642510054, 0.606099006427735, 0.9312114351647617, [0]
-43.253884795615875, 0.5561048876757807, 1.1815855167745966, [0]
-42.900103133269354, 0.6940035821981644, 0.6918037344293015, [0]
-42.55598731378475, 0.44387905638624825, 0.9467017193142914, [0]
-42.62830591151992, 0.6940609634159405, 0.8395214276098594, [0]
-42.95049786627406, 0.7052313997022501, 0.8900939406560573, [0]
-42.656919952743635, 0.6501086010487263, 0.8868589686163982, [0]
-42.74881259061782, 0.6242561508796368, 1.1369676177540793, [0]
-42.8349823629376, 0.6874965267997584, 0.9847850031654023, [1]
-43.15179744558654, 0.7089440731419289, 1.1061636132540644, [0]
-42.70619497626596, 0.6452221790925743, 1.1108125325646845, [0]
-42.762680348397666, 0.417247727194377, 0.7824172338454239, [0]
-43.44145329833174, 0.6226909717889543, 1.104065943188321, [1]
-42.71791138525969, 0.635532193270302, 0.9891141952979301, [0]
-42.88849688544872, 0.6785428631427137, 1.1677866045211778, [0]
-42.63162675758024, 0.5960611363811403, 1.0023983089859032, [1]
-42.94856975113101, 0.703391368632491, 0.9066585355515517, [0]
-42.71625754485023, 0.6110100710119163, 0.7918180405428015, [0]
-42.89910758413601, 0.5811624556592668, 0.9580119634710402, [0]
-42.982040941655484, 0.4974281345803244, 0.9214199976494573, [0]
-43.00048775309063, 0.5586636240444809, 1.0457987312972865, [1]
-43.188934033614316, 0.5622991639230286, 1.0244646094298908, [1]
-42.883144186190755, 0.5958366115051055, 1.1057155807460668, [0]
-42.592477704141935, 0.5525459727551119, 0.9815960316628186, [1]
-43.18505091552375, 0.4954774452308864, 1.0249571109510498, [1]
-42.605013623006215, 0.5788766361502397, 0.8119445818189812, [1]
