t=0.5367456488644157
logZ_t=-130.75187674261832
-88.17513585562034, 0.5867858081543575, 0.8534080015457864, [0]
-87.93174953692947, 0.655452697139239, 1.0036910559361822, [0]
-87.97772202815423, 0.5833678867174205, 1.0091209870000852, [1]
-88.32167911656335, 0.5714267734027038, 0.8980429835406077, [1]
-87.91655124098133, 0.504215395178541, 0.8489838647826097, [1]
-88.03573964831698, 0.5323227852353036, 1.0948594459878676, [0]
-88.70144247384324, 0.6446232449824196, 0.9368285775198564, [1]
-88.52797822156352, 0.6194030902042689, 0.8730499222596778, [0]
-89.06554853297114, 0.5455726912724526, 0.9995897582674044, [1]
-88.34272938539296, 0.5933742318099136, 0.9211066992900593, [1]
-87.82629786375608, 0.5858929998302167, 1.1130021174336489, [1]
-88.04014768461447, 0.5718548372221182, 1.0280919523288636, [1]
-87.91669995239245, 0.6707796329708546, 0.902776803800049, [0]
-88.67133244716868, 0.577272144573588, 0.7815605228085716, [1]
-88.00099712599956, 0.5597583739078094, 0.951852830254079, [1]
-88.21856195245591, 0.6363546191427836, 0.8765078422113846, [0]
-87.71803652409514, 0.6735235357105249, 1.0091162158542002, [0]
-87.87283172636185, 0.5540574474628911, 0.9479921110464429, [0]
-88.08847717462318, 0.5433796445230881, 0.8684382470356086, [1]
-88.18837355829407, 0.5885331791873085, 1.360849810206986, [1]
-87.93950431921265, 0.6138991144551057, 1.0114955057720223, [1]
-87.65308154049072, 0.5519082430042518, 0.707127963080796, [0]
-88.21609228823215, 0.6131607761868263, 0.9821190270084701, [0]
-87.99427598766087, 0.6773762544644958, 0.8902197905290901, [1]
-88.07068037979266, 0.6146447019422359, 0.8179965157890463, [1]
-87.96394257109269, 0.6476972870207137, 0.8243396236628222, [0]
-88.1684758445268, 0.6573786677582151, 1.0669268497125726, [1]
-88.41676810249625, 0.6301390265582826, 1.1077561342458884, [0]
-88.60111861488708, 0.6479856796936732, 0.842633773424556, [0]
-88.28996610152814, 0.688319058231811, 1.063731831425503, [0]
-88.14635273413286, 0.5926154149151884, 0.9854836142176776, [0]
-88.08352297261608, 0.6012151812047835, 0.9014926937601319, [0]
-87.90703494757966, 0.6203585949918231, 0.9805628292639568, [0]
-88.9601960185861, 0.6030575723056592, 0.9996947440753037, [0]
-88.09638482292694, 0.5897739020188936, 1.08147476639603, [0]
-87.80510906752664, 0.6521045551696835, 1.0479470290696014, [1]
-88.06842664900803, 0.6698511115398015, 0.7870238234420881, [0]
-88.08457365045214, 0.623590651469885, 1.1356948470251473, [0]
-87.91632399508853, 0.6879658228069933, 1.102529105669328, [0]
-87.90155605955583, 0.5964481144252024, 1.1421799489392328, [1]
-88.12045519200582, 0.5898253673343699, 0.877586322420629, [0]
-87.80850121240795, 0.646151545898836, 0.8605676896532969, [0]
-88.27771642392226, 0.7156631786331072, 0.9716543453058798, [1]
-88.00792456498826, 0.5913989049576215, 1.031876358334937, [0]
-87.79353588595991, 0.5369444044418206, 1.0391248825616226, [0]
-89.32779904038648, 0.7421052177600334, 0.9164113492245499, [1]
-88.05106183504617, 0.6348730626298396, 1.07204033960971, [1]
-88.30969149364465, 0.6367905897285417, 0.8556845961965405, [1]
-87.86256723995068, 0.6104864427441686, 0.8723761931004077, [1]
-88.27977944317153, 0.5787367034190076, 0.8775456426598963, [1]
-88.69981235995189, 0.5668277083244433, 1.2107539288319946, [1]
-88.36439493153344, 0.5635152936420281, 1.286568241658715, [1]
-87.76793548045303, 0.6396596208240402, 0.9983704371754033, [1]
-87.77873692275831, 0.7330656558032391, 1.0971313784353818, [1]
-87.90149022581329, 0.6566186372345174, 0.8977104451003085, [1]
-88.4561308811707, 0.6885962050052593, 0.9023926174914073, [1]
-88.08786016644515, 0.6090571544452159, 0.7855275771576822, [0]
-88.96493353906324, 0.6819410152714903, 0.8448718107722982, [1]
-90.18340943404972, 0.5053763777471326, 0.9178204638089348, [1]
-88.71942316004905, 0.5690655278595537, 0.8784332827698152, [1]
-88.76896259498544, 0.5751854983678177, 0.9962080558351973, [1]
-88.19310564417341, 0.6858947315009798, 1.2134053987220343, [1]
-88.67226082770375, 0.5312994464313447, 1.1025410509177282, [1]
-87.54898620211108, 0.6082838988053482, 1.0197720655128248, [1]
-89.36638577265609, 0.6635996545800681, 0.5647472303645453, [0]
-87.92879493297043, 0.5657621762378717, 0.8557647095047752, [1]
-88.87186361854624, 0.6679582665351222, 1.0032182338584839, [1]
-88.70041030410738, 0.7322303277287464, 0.8272834422175049, [0]
-88.59854998495612, 0.6733978166650941, 1.220641432606881, [0]
-88.083456833421, 0.5805749821316493, 0.7750202628217413, [0]
-88.80111057658328, 0.6005435220818229, 1.1940608409278703, [1]
-88.47244586219668, 0.6566675168691583, 0.735723452957987, [1]
-88.17531158987943, 0.6277079325238525, 0.9361685026888356, [1]
-87.92897700208516, 0.6532639884645629, 0.8721618642050778, [0]
-87.66439152119143, 0.6858006576515487, 0.7383856403239217, [0]
-88.22069707830224, 0.6814070621210647, 0.8270035308291628, [1]
-89.03622319313301, 0.5674212681289937, 1.0434253005147778, [1]
-88.33069350871077, 0.6949893544131854, 0.8497817739364081, [1]
-88.33113783747771, 0.5987190359365189, 1.00576006912626, [1]
-89.51432460810673, 0.6788917896926868, 1.2221370414312083, [1]
-88.14750954853784, 0.5857682701844636, 1.0595137727270703, [1]
-88.13282340632136, 0.636084509112826, 1.2378562580406425, [1]
-88.42882045742157, 0.5099744012727598, 0.9578592220255147, [0]
-88.24025583816638, 0.6820337846832618, 1.060436837126632, [1]
-88.10898559810144, 0.6555419097391347, 1.0187842946898404, [1]
-88.36594725844179, 0.6244930531709793, 0.8246308528840621, [1]
-88.54828046831265, 0.7347085907551759, 0.8638399605498142, [0]
-87.83961256345411, 0.675057456390835, 1.0023402601048224, [0]
-88.29669080318475, 0.5746019781946163, 0.8041462965804675, [0]
-87.96600027993867, 0.6012921743510016, 0.8194594966735378, [1]
-87.85941022630688, 0.46717396424469537, 1.0300473356917517, [1]
-88.22549586854036, 0.5958260626986654, 0.8007742672980254, [1]
-88.72788902960436, 0.548091138360422, 1.1296744437817743, [1]
-88.0630208548649, 0.5886376682305581, 1.0619485815434386, [1]
-87.53294514138456, 0.5894547024368946, 0.978379956232847, [0]
-88.24629184773252, 0.5028032637626377, 1.0418352787911727, [0]
-87.8751144102961, 0.6647012488326044, 0.9461289469968612, [0]
-88.1856193001621, 0.627072507823141, 0.8638584115265736, [1]
-88.17033394127544, 0.6285660811646566, 0.948288458688461, [1]
-88.93367418942235, 0.7318434388257389, 0.8227162021968135, [0]
-89.65314075791198, 0.6804039306455769, 1.0456993066065858, [0]
-88.89514233466562, 0.6384373877908437, 0.6988825767735573, [1]
-88.56777443618118, 0.6889580190760618, 1.1286681820034603, [1]
-88.01792227801262, 0.5813648479808434, 0.7677558037932604, [1]
-88.23170636385278, 0.6326721407405712, 0.7519539181659605, [1]
-88.7025322084839, 0.6588347693456194, 0.739555776353638, [0]
-88.6666122873503, 0.6195379610541449, 0.9130750172163066, [1]
-88.18449717881528, 0.674213784524519, 0.9198344327156002, [0]
-87.97362195020139, 0.6289146275138934, 1.1859046425517288, [0]
-87.59932281930365, 0.5531525252708643, 0.855249445646393, [1]
-89.02863675102826, 0.7002620684564227, 1.1270121431040134, [0]
-88.42355107603063, 0.7070852513280481, 1.0153173063163574, [0]
-87.97689789924286, 0.5883033489258521, 1.0147631331555653, [0]
-87.74000929297021, 0.6856493147752178, 0.9263736382283794, [1]
-88.06795986719155, 0.6687559821478414, 0.8086515936537598, [1]
-88.04716152060092, 0.5921677504462405, 0.8635833145563496, [0]
-89.0768391891668, 0.6270725866699846, 0.8733776314430787, [0]
-88.85439470364075, 0.6274397908885354, 0.9667400529101018, [0]
-88.32431479819448, 0.6428370892638314, 0.9227520255051797, [1]
-88.08565221518931, 0.6302512727376985, 0.8955061147460334, [1]
-88.26880459299674, 0.630767500498808, 1.091609592635152, [0]
-88.05647815194197, 0.5919939402753069, 0.8633195808935326, [0]
-88.1262222879646, 0.647031891704416, 0.976934626074458, [0]
-88.45741983904423, 0.5849779831539412, 0.7529471078789038, [0]
-88.69937499895828, 0.6905759804485392, 0.8940239404368824, [0]
-88.29645098907174, 0.5868305018741892, 0.8660733145936147, [0]
-88.68844931452954, 0.5731219849875472, 1.081947809747068, [0]
-87.90625393551974, 0.5295950292777347, 0.9460574082096437, [0]
-87.94548244728766, 0.6058970454037688, 1.036614273612959, [1]
-88.165153436298, 0.764119652673396, 0.9519372260770145, [0]
-88.57987067904358, 0.5722837662748399, 1.0622269102870114, [1]
-88.20163765331853, 0.5752627807271453, 0.9895827955687132, [1]
-88.24852898037463, 0.6921337931261317, 0.9707862788917728, [1]
-88.63765585893992, 0.623452503421519, 0.9671242916373529, [0]
-87.82978387783572, 0.6142713454818497, 1.0662430697813923, [0]
-88.0921336905101, 0.6007609623007105, 0.9724803744019985, [1]
-88.64784987070857, 0.7012500329987592, 0.9298842434845785, [0]
-88.41270024167042, 0.5245167964738942, 0.7693493043432782, [1]
-87.7850836525867, 0.5585103069639423, 0.915122922409017, [1]
-88.63870472633177, 0.5943772181642989, 0.6966749716822782, [1]
-87.8886514103432, 0.6782521261202379, 0.8401057975050165, [1]
-87.88464651193277, 0.6366714259688919, 0.8194280978033283, [1]
-88.60889231455455, 0.6631852427525833, 1.1301873548584938, [0]
-87.86140961748487, 0.6138828393170216, 1.0925775814220653, [1]
-87.95933589274509, 0.6595974378417627, 0.7847856241468822, [1]
-88.59317848742694, 0.7163842918099859, 0.9573670129656084, [1]
-89.55397287275852, 0.7005798257878133, 0.8066091924849774, [1]
-88.32668371787194, 0.6257550525292793, 0.9835152240775061, [0]
-88.77602025855053, 0.6746583565506545, 0.6712523695591168, [1]
-87.83871202660866, 0.6954882223892196, 0.9910858404088545, [1]
-88.5932869969583, 0.693468381959591, 1.0198754556860656, [0]
-89.09769672236537, 0.6529268124028443, 0.9864413774043106, [0]
-87.90137137610628, 0.6337072191071875, 0.9700999250063597, [0]
-89.07023698524691, 0.7113768981158526, 0.7846356413866569, [0]
-88.10151335540284, 0.6544463725757416, 1.0567593491254843, [0]
-88.45493631879631, 0.5247061960894863, 0.6981639622357995, [0]
-87.97771510778986, 0.6616505477472353, 0.8510517518939226, [0]
-88.36078619133272, 0.6269977111949703, 0.8704246395232997, [0]
-87.94847806791121, 0.6812349584931768, 0.7930956323878018, [1]
-88.81822950946666, 0.699488649585346, 0.9700203044246927, [0]
-89.07446745194491, 0.5804582265046746, 0.8857877223028929, [1]
-88.62939530171954, 0.5709643688694699, 1.2094325792214513, [0]
-88.26449144197703, 0.6244743249201281, 1.038524094386268, [1]
-88.09800103669204, 0.6429062755565309, 1.2106117506877843, [0]
-87.96761005747959, 0.5390889140580251, 1.0856699073721847, [0]
-88.44734506232943, 0.6585889643494209, 0.926586424232969, [0]
-88.33247238641982, 0.47748664287247067, 1.0246617096803412, [0]
-88.49131717492354, 0.6926401837310507, 1.1210206708407777, [0]
-88.92839630285604, 0.6453638325580882, 1.0275939042335593, [0]
-88.14331674803853, 0.6868939632180081, 1.0270867591928163, [1]
-88.10355795278728, 0.7592462041515089, 0.9815077733454101, [1]
-88.16665533908318, 0.5177301234613051, 0.9801186925464, [1]
-88.4251490542112, 0.6758747116454596, 1.0974938246064225, [0]
-87.60635200026108, 0.6377660961363318, 1.0627063776998245, [0]
-89.49980717708574, 0.6354855268755656, 1.343393113302039, [1]
-88.21093114769525, 0.5602397744289713, 1.1095889917901658, [0]
-87.86591909281042, 0.5855898928554173, 1.0398648131252526, [0]
-88.05610734870741, 0.7086950532616081, 1.178377309257384, [0]
-88.28238620803273, 0.6030663931132214, 0.7628384172471245, [0]
-88.61209004847954, 0.6649699469340021, 0.9476027954497717, [0]
-88.05135770013628, 0.6610189090974469, 0.8834086276883869, [1]
-88.63124565129603, 0.6194237517667212, 0.8467959363400719, [1]
-87.82986555553302, 0.5595456658535869, 0.8282472040210925, [0]
-87.96696431064295, 0.5794594366378962, 0.8715259337497514, [0]
-87.95176161463908, 0.6286585939702433, 0.9222718801919028, [0]
-88.02675109599168, 0.6663293053414723, 1.0906755310569825, [1]
-88.31951666597801, 0.6903877376546882, 0.990719848891102, [1]
-88.68940737765955, 0.5189246225126558, 0.9434915573927305, [0]
-88.25162665992147, 0.5996283613060859, 1.0653642093407099, [1]
-88.12287474849437, 0.559150072100864, 1.0168023857880366, [1]
-89.38716124477072, 0.5645425548912867, 1.0290726107325638, [1]
-88.00034044829856, 0.6768522961628556, 0.9846273465884393, [1]
-88.36252967184626, 0.6983007683403608, 0.6003835138824329, [1]
-88.21442322101403, 0.673796895324476, 0.9669272536509835, [0]
-88.03844642902834, 0.5891696431676992, 0.7957092249583781, [1]
-88.05220586460885, 0.6264656888194768, 0.9773329769506828, [1]
-89.12083598867942, 0.5396641284289969, 0.9201568679971597, [0]
-88.61840933666653, 0.5882799032370969, 0.9775780594363009, [1]
-88.06381488409448, 0.5829859571759547, 0.9204723806469235, [1]
-87.90257525303507, 0.6030626346858344, 0.9588871215394088, [1]
-88.2033585765787, 0.6553707513092067, 0.9987663557957718, [1]
-88.21222524644743, 0.5442179554567705, 1.112980756016463, [1]
-87.98409846428666, 0.603288167811947, 1.039059136754186, [1]
-88.83874291175056, 0.7097134155466776, 1.0882579760946092, [1]
-88.1734975777147, 0.5899396224273463, 0.7694936920482424, [1]
-89.19884040145718, 0.5302211832237893, 0.8034106025398132, [1]
-88.47819087809022, 0.5561010480966864, 0.8633210946792624, [1]
-87.8884994985132, 0.6000829444415321, 0.8428207773568057, [1]
-87.99357996032917, 0.5232779646826479, 0.9447142462312211, [1]
-88.19787959722555, 0.592329605527069, 0.7084251364880071, [0]
-88.20183298646424, 0.5481549605739378, 0.989846016548499, [0]
-88.31985928225494, 0.6626968128702508, 1.0762308598684152, [0]
-88.24016287696118, 0.5339950168138844, 1.226952933138955, [0]
-88.28461102579651, 0.7123904116572469, 1.0871981042119723, [0]
-88.38251996454713, 0.5819606658720202, 1.0615170915896859, [0]
-89.11486586987616, 0.5470778060081598, 1.1229782815656872, [0]
-88.18104885757387, 0.6655248369798022, 0.8295102852383222, [0]
-88.35165088410179, 0.580092030005867, 1.0332920787547861, [0]
-88.33203595292909, 0.5612206362338641, 0.927373966310313, [0]
-88.76952614523347, 0.8130964221915682, 1.157001987953143, [0]
-88.62785308360776, 0.5810398064518019, 0.8774231821516896, [0]
-87.74574781827299, 0.6549846558887857, 0.9911324708653019, [0]
-88.00515125438422, 0.6501344836678937, 1.100371042335349, [1]
-88.22537441196718, 0.5876614329136501, 1.305493100600034, [0]
-88.5290101326754, 0.5676469159236499, 0.8950122266722195, [0]
-88.00028630996381, 0.5925163305932816, 0.9603393078642906, [0]
-88.65037687609006, 0.5886189671181694, 0.9768899534976877, [0]
-88.14002854516241, 0.6300225907853443, 1.0736294264360082, [1]
-88.58705595384856, 0.6364634314216447, 1.030975255250231, [1]
-88.53550288114833, 0.693658203895404, 0.7458782138276565, [1]
-88.22803808063972, 0.6608215970351916, 1.1392734118751064, [1]
-87.9533930324929, 0.6425202403899131, 1.1657346427669242, [1]
-88.05107291732492, 0.5812547132358752, 1.0674102389375055, [1]
-87.72301923569246, 0.64355004227778, 0.7939442525738744, [1]
-88.57715731539426, 0.6720883156087316, 1.0362538964955301, [1]
-88.20864257620975, 0.621228545858065, 1.0401845174343414, [1]
-88.03311454396975, 0.565509395098472, 0.9829785364182019, [0]
-88.05641294713557, 0.6043673816115434, 1.0117706982966557, [0]
-88.71700641191144, 0.7373345180333368, 0.8879658569081341, [1]
-88.50847306528102, 0.5677999357999742, 0.8714260625501077, [1]
-88.4584521358845, 0.580221018120163, 0.770335592036223, [1]
-88.27956645320562, 0.6028691150241666, 0.849880010153446, [1]
-87.96588455914875, 0.6207729500352006, 0.8743473989592164, [1]
-88.6906455032205, 0.6607944334789357, 0.8640331072119611, [1]
-88.06647450491997, 0.6101612729143401, 0.9473583780138829, [1]
-89.0566830714602, 0.5782042055479087, 1.000763690714457, [1]
-88.13605837984755, 0.6394585003884625, 0.7761228766185114, [0]
-87.88366819483039, 0.6521716411651229, 0.955033422688072, [0]
-88.03871327054608, 0.6153391564812514, 0.8422774925664716, [1]
-88.0688925553712, 0.612685749129233, 0.8011194272433008, [0]
-88.03422695837797, 0.6114457856125044, 0.8654860942852761, [0]
-87.84724465818589, 0.6474479124844655, 1.0380251623698216, [0]
-88.51132202124624, 0.5931583182519796, 1.0001783958132688, [0]
-88.06604790646944, 0.7372868243910136, 0.719399983415042, [0]
-88.66395662257464, 0.6470737522863055, 0.8336852415630723, [1]
-88.25616964012647, 0.5758806372249329, 1.009661922681533, [1]
-87.7622690732515, 0.5621692490867516, 0.9875508116199154, [1]
-88.1825834091931, 0.5908540434938772, 0.9418603724455112, [0]
-88.79346610711059, 0.6222955996985972, 1.041509546116082, [0]
-88.12143759605382, 0.5778867303363893, 0.7644853757435147, [0]
-88.54077393936383, 0.7375319286562044, 0.9102127871362069, [0]
-88.10246878820847, 0.5809912658622234, 1.0297236433717538, [1]
-88.11042646088048, 0.5503041892684349, 0.9385237067215436, [1]
-87.55964644027844, 0.6630685546764672, 1.0346238609152205, [1]
-87.9498974263963, 0.552469787763854, 0.8513829931930873, [1]
-88.58893677989457, 0.6382720408189438, 1.0580553338882004, [0]
-88.53850919297048, 0.6508056859280845, 0.9186075791800609, [1]
-87.71225963796482, 0.6278541188545304, 0.9028286567587775, [1]
-88.04895479797788, 0.5800664536203515, 0.9389507696691486, [0]
-87.92621870427575, 0.5381081452525759, 1.031235720637591, [1]
-88.97801703914179, 0.5510229073147023, 1.0014348882876045, [0]
-88.23450261467596, 0.6455563497670133, 0.9048078563441593, [0]
-88.23876689408259, 0.5546236013533686, 1.1553629241021248, [0]
-88.2680331527823, 0.6160847667418825, 1.054265765677303, [0]
-88.6865648537882, 0.7029923414213085, 0.9004735346922041, [0]
-88.20027664257864, 0.597888710689358, 1.1823816306946582, [0]
-88.32930070650988, 0.6420884257102332, 0.9275251988502846, [0]
-87.78968883427102, 0.67529382592879, 0.9154188690673686, [0]
-88.3264865369766, 0.6059526981378213, 0.8782350207736308, [0]
-88.08779063894212, 0.629097513569254, 0.967780612132418, [1]
-88.05536944588181, 0.5317543946912734, 0.7900265784757675, [1]
-88.29736899328255, 0.6448006979811034, 1.155880131465378, [1]
-87.67969254436437, 0.6628400612936616, 1.012192509085163, [1]
-88.3820189810767, 0.6744315569759415, 1.058106451280154, [0]
-89.56381197553205, 0.5485436437792107, 0.9124480687847649, [0]
-89.12539009162128, 0.6932752229357021, 0.9471339410309045, [0]
-88.49080077256787, 0.6864525713597346, 0.9891908794961237, [0]
-88.18639270047368, 0.5906280202030657, 0.9267715470727151, [1]
-88.29658967604202, 0.6453535007510394, 0.7393431836145239, [1]
-88.20233624732245, 0.6279541368469117, 1.14819514698634, [1]
-88.36575669831069, 0.6177041197471416, 0.8969127093741438, [1]
-88.83922596881472, 0.647079282691343, 0.9959851544698097, [1]
-88.68597370125322, 0.6976737419835082, 1.0458877937016113, [1]
-87.75577058098573, 0.6446967021705635, 1.1152578693434645, [1]
-88.19725688958437, 0.5545626348755536, 0.8120735749236674, [1]
-88.11119877651095, 0.6932126675055685, 0.9586163971619435, [1]
-89.26425437573633, 0.6896366925507776, 0.9806595262624068, [1]
-87.84462851665702, 0.6108645412845375, 0.932548522724437, [1]
-88.29960796956787, 0.640854419879364, 0.896104040719967, [1]
-88.20438164913217, 0.606031880095658, 1.03935656916898, [1]
-88.87199247945193, 0.6820380539989389, 1.2776575213724937, [1]
-88.2345346733972, 0.7067764197533968, 0.9211682532003409, [1]
-88.44777706483147, 0.7041647111391532, 0.9700974364548856, [1]
-88.2153982597134, 0.6389597583450182, 0.8886261202433391, [1]
-88.32438309788019, 0.6144539622304233, 0.9258579491348512, [1]
-88.67928095249107, 0.6934759867039124, 0.9713717405719325, [0]
-88.04024002739769, 0.6246345618204939, 0.8781719118985418, [1]
-87.93430964821695, 0.5983591043075264, 0.9811717475701637, [0]
-88.83049246235637, 0.6513806973802341, 0.9761052831255836, [1]
-89.08439782210614, 0.6928845184092065, 1.0235184332893437, [0]
-89.28364696325862, 0.6143192025209343, 0.9824461459154175, [0]
-88.04704578729336, 0.6928716269033451, 0.8328166582754433, [0]
-88.00933570266098, 0.6411883620513809, 1.080601102054374, [0]
-88.41174251183133, 0.7207317012361896, 1.0153974501312164, [0]
-88.07124845143878, 0.5829248300136229, 1.166837659425562, [0]
-88.21924152503408, 0.6283366106840732, 1.0443996550728534, [1]
-88.18033268397194, 0.6199892237205076, 1.0058957758190616, [1]
-87.92614622286875, 0.6258864702178859, 0.7186976781761085, [1]
-88.19225933354475, 0.6956015625296212, 0.9023190906680857, [1]
-87.96525235436407, 0.660244065538134, 0.8686615923730221, [0]
-88.31977112618856, 0.6639799877897267, 0.7626764976051469, [0]
-89.54445027318425, 0.5469904747580584, 1.1423014168947545, [0]
-87.95691955061328, 0.6457156084930751, 1.0473549843577556, [0]
-88.28368824702073, 0.5567567682331858, 0.8593039572086363, [1]
-87.58443181368835, 0.594945915734546, 0.9202134595200675, [1]
-87.7744862866493, 0.6422930916785119, 0.6916674102304716, [1]
-88.05739150758247, 0.6341855140120717, 0.7587309884979505, [1]
-87.78944036665706, 0.6695474967342985, 0.9327862733845974, [0]
-87.70798615453181, 0.702177188562632, 0.882849070123536, [0]
-87.83724414300902, 0.5939015474570799, 0.7819824905537465, [1]
-88.2123153849192, 0.6949779842754494, 1.2209244491366198, [1]
-87.98377757657622, 0.5887921318983598, 1.0100419008010915, [0]
-88.14894452789254, 0.5651567546574678, 0.7502441333055744, [0]
-88.06265125277972, 0.6576585813225388, 0.9797071601376318, [0]
-88.1589212427672, 0.5935679997801457, 1.0009695028830543, [1]
-87.9388511245173, 0.608787331833814, 1.0769133547146312, [1]
-89.13002873494649, 0.6581783745376746, 0.9733497188988312, [0]
-87.67648305344854, 0.6436171543930521, 0.9602907748876474, [0]
-88.07937455047747, 0.7778418509876094, 1.0855333439512471, [1]
-88.47919178757647, 0.6819092249857597, 0.9969249460534004, [0]
-88.2657856061448, 0.6108538464856009, 0.9762351547375288, [0]
-88.70758617213758, 0.6476875780558149, 0.8338826289682247, [0]
-88.55667546307885, 0.61315703066529, 0.8985286465673408, [1]
-88.72638937200297, 0.6780080468928944, 0.9281809557773606, [1]
-88.6122137141929, 0.6115074380470666, 0.8575005978657957, [0]
-88.82452755671683, 0.6647237311430122, 0.8935364521285005, [0]
-88.01164318836776, 0.6418797060663658, 0.9045774780455577, [1]
-87.91653641428238, 0.6401113422560344, 0.9801350751686843, [1]
-88.07594307614754, 0.6320831834618321, 0.9509642321568301, [1]
-88.40202818830164, 0.6847795725455008, 0.7119677930808173, [1]
-88.14155825698128, 0.7066858396372541, 1.0035412483385666, [1]
-87.67925476555685, 0.6448557604249476, 0.9294092305356233, [1]
-87.93216463595734, 0.6783493754872076, 1.1264623977669275, [0]
-87.99396960292826, 0.6401515121190126, 1.1506651342256216, [0]
-88.40445274555256, 0.627443618059045, 0.8092300431279266, [1]
-88.32718963041172, 0.7062102661398533, 0.9689796352295692, [1]
-88.21514723536448, 0.7422738792213668, 0.928142983534875, [0]
-88.27633818420662, 0.6446096469386873, 0.8574488377969121, [0]
-88.78543490192375, 0.6020094593657261, 0.6813263007393353, [0]
-88.72073730500368, 0.6588904849473537, 0.9205737901772055, [0]
-87.89435970076885, 0.6021915389118538, 1.2037648565101353, [1]
-89.02479833151098, 0.6296504982484491, 0.5529122183087033, [1]
-88.19141288811838, 0.7057645904184051, 0.9593435117606997, [0]
-88.54322929163993, 0.602008785496794, 1.1635601899168242, [0]
-88.42967777435874, 0.6507598769734297, 1.1794767132322466, [0]
-88.12495958623485, 0.5885371156672938, 0.906768502918472, [0]
-88.15657428022236, 0.4961445443414231, 0.7377120568442173, [0]
-87.86984808199264, 0.6693136551956497, 0.8842223398488451, [0]
-87.86713824622917, 0.5523966835554968, 0.8983620152419993, [1]
-88.27138355367595, 0.7091003241826556, 0.8532829496403183, [1]
-87.75167799933547, 0.7247223398438053, 0.9893825689761017, [0]
-88.75048840512613, 0.5325034777534462, 0.9926452201788908, [0]
-88.49604175673163, 0.5868721667895443, 0.8628430915684723, [0]
-87.95701875806817, 0.560295907963465, 0.9770962421881958, [0]
-88.93426895145788, 0.4795186236097589, 1.2041865946194106, [0]
-88.6550233566117, 0.6825291394185015, 1.140101179009495, [0]
-88.50666119288141, 0.655519871512986, 0.9410625990091843, [0]
-89.21029740211517, 0.697509472795252, 1.0520101432301427, [0]
-88.82851264600635, 0.6840076818479272, 1.1908637637528567, [0]
-89.15696163620153, 0.5688633891734726, 1.101240363221395, [1]
-88.04618492548262, 0.5955036303105469, 1.2481534293538468, [0]
-88.31434046961039, 0.6287534174194221, 1.0206343160993334, [0]
-88.22933101719265, 0.627243192626222, 1.06956998505518, [0]
-87.8952904161027, 0.6544243384733426, 1.0598126951543614, [0]
-88.35419593132258, 0.5330220994653538, 0.9419555354929925, [0]
-88.18845468926907, 0.7004215043482119, 1.1419825828837875, [0]
-89.2758842657905, 0.6460176283333985, 1.0230157561162956, [0]
-88.70183015586552, 0.5442561182483002, 0.8215234361553342, [1]
-87.99569963036183, 0.5251867435296198, 1.0055777945218651, [0]
-88.19553458220285, 0.5628372649022051, 1.0671087511709476, [0]
-88.55185310326303, 0.5237363442395544, 0.7198810871559463, [0]
-87.71791079928322, 0.6255425257929247, 1.0816702935447613, [0]
-88.47866964161823, 0.6192242424664276, 0.8928067954180994, [1]
-88.58299142328984, 0.6664189685690796, 0.9305333566837442, [0]
-87.94215658550254, 0.5764515282683706, 0.951601447829008, [0]
-88.64969904081592, 0.5336711018053816, 0.8334261802703442, [0]
-88.28856277118443, 0.7313674560128359, 1.1482732949878067, [0]
-88.02983200233689, 0.6494711254401805, 0.9498946388625266, [0]
-88.2862152095354, 0.6764652875376185, 1.0542810378641663, [0]
-88.28335658856622, 0.641130401952622, 0.9341932504530148, [0]
-88.8878596131475, 0.6504823679165662, 1.1806519426541864, [1]
-88.07526755153604, 0.6609865155242368, 0.8477538663622329, [1]
-87.79956902716971, 0.6356693608877894, 1.0327042025101338, [0]
-88.3439510516668, 0.5946232920860409, 0.826133072414461, [0]
-88.22395281583775, 0.6390755148133828, 0.9485442570164493, [1]
-88.33106586955317, 0.6254720788130614, 1.0060818980510313, [1]
-88.90554937295148, 0.6701041716934324, 0.8473026342654584, [1]
-88.01403926754578, 0.6583238287307768, 0.998302761792452, [1]
-87.67044208137865, 0.608988557803951, 0.9246949847192246, [0]
-88.3179079199644, 0.6081912380213901, 0.6670909525576666, [1]
-87.93039337379817, 0.6432718093379145, 1.0291237204821637, [1]
-88.16696605795718, 0.5669176362737771, 0.8963874297248555, [1]
-87.90158395143641, 0.5981276167849138, 0.8776493777679368, [1]
-88.97098695586077, 0.6873619963967836, 0.7549975473220562, [1]
-88.14021640087928, 0.712060562736724, 1.1434444802230472, [0]
-87.97026348674513, 0.73189787378737, 1.1668866666656694, [0]
-88.48313691648197, 0.6849119353589079, 1.2292313723248134, [0]
-88.56861050078979, 0.6785281252786111, 0.8860967332158802, [0]
-88.53794912625354, 0.5434239380567676, 0.8553616227781217, [0]
-88.19908156490817, 0.6939055084149853, 0.7186887973785396, [0]
-88.79249459197749, 0.5738970095961338, 0.9840132284981656, [0]
-87.96372768001156, 0.5770003349952731, 0.6908454049008259, [0]
-88.38512636493789, 0.6932903861080417, 0.9357291528757948, [0]
-88.19524280988904, 0.6320637299912003, 1.0138960598381086, [0]
-87.75590526504229, 0.5830933989443121, 0.7988366518817547, [0]
-88.84495081026641, 0.6254406719170241, 0.7530680455243429, [0]
-87.8015937070843, 0.7184111306969014, 0.8401434282167277, [0]
-88.37653202909799, 0.6489115458958261, 0.8210610283665002, [0]
-88.24187141571159, 0.618284992702115, 1.1848947334572877, [1]
-88.2188623372232, 0.6328326822676844, 0.9729497665988917, [1]
-87.62546328331678, 0.6068996351124814, 1.0006886681565228, [1]
-87.93386134118597, 0.7052904252090884, 0.9848693607382012, [1]
-88.44896221722723, 0.6047878427115059, 1.1160188384014529, [1]
-88.37792462825314, 0.6251335717195033, 0.8712126391790133, [0]
-87.86953370782568, 0.6358852864344451, 0.9346217567408713, [1]
-88.2279014763684, 0.6175943411926685, 1.04083905176088, [1]
-88.46779162058967, 0.681235695872302, 0.7960853415988989, [1]
-88.14088969261877, 0.6434316372072415, 1.0346053302353841, [1]
-87.82718356706386, 0.6459268235613108, 0.8763959775720893, [0]
-88.32475270181885, 0.5849841099078045, 0.8343717608996355, [0]
-88.58773072725515, 0.6672918686096162, 0.9271635684215644, [0]
-88.63246160804086, 0.683400562518232, 1.1065924742423157, [0]
-88.4551143432406, 0.648728674292049, 1.0060859692696533, [1]
-88.44896703365653, 0.6213026266635445, 1.090592746251828, [1]
-88.40734476883007, 0.6461364255483671, 1.0341400446007472, [1]
-88.08741240673301, 0.6871647941595005, 1.0326074798904765, [1]
-87.85510874590477, 0.6786420136689159, 1.0114825351574679, [1]
-87.59343458338336, 0.6220896584354489, 0.9307943950759668, [1]
-87.96384100043261, 0.6008870318957565, 0.7517632183941142, [0]
-87.71268430649162, 0.7382968534426022, 1.0453917303963165, [1]
-88.89154948761767, 0.5866064576837977, 0.968035516557955, [0]
-88.19068313984496, 0.5810231777609385, 1.1314428778913703, [0]
-88.10800472880142, 0.6254430486735477, 0.8804958311068241, [0]
-88.47304585514519, 0.5926998695721126, 1.0762380117770778, [0]
-88.99455198703309, 0.5956315730040237, 1.0027685141996205, [0]
-89.11044741295433, 0.5618381513810516, 0.8353282573961762, [0]
-87.42633933545764, 0.5717841168965769, 1.0108602257028034, [0]
-87.8706842599708, 0.6800008846909604, 1.109199153459271, [0]
-88.13587705408823, 0.6079072652758275, 0.9942626725403493, [0]
-87.9165705993621, 0.635400565687907, 1.168877734518323, [1]
-87.68393621824893, 0.6009543189243725, 1.1290635726520912, [0]
-88.24963774476866, 0.6658367254312793, 0.7007929623137898, [1]
-88.76635043517177, 0.5423372698645159, 0.7619077351715708, [0]
-88.28679761781753, 0.66759338082633, 0.9881007279292879, [0]
-88.24237976330987, 0.6368417148231729, 1.1428434189831782, [0]
-88.7202857278481, 0.5669546090432156, 1.1335237464208503, [1]
-88.28304101526884, 0.5956080263943815, 1.072065758938099, [1]
-87.8664566151931, 0.6316258191026876, 0.9530511167173565, [1]
-87.9636113625515, 0.588366487045916, 1.1054819247243757, [0]
-88.54678177225254, 0.625524529971536, 1.0798147115027075, [0]
-88.1365006745792, 0.6165979875216567, 1.1018703497624598, [1]
-88.19542265974698, 0.6464446129130648, 0.8742017636681731, [0]
-88.36939891811102, 0.7427534765651039, 1.0147801953589768, [0]
-88.24204617652714, 0.6182560213783759, 0.8087965418699021, [0]
-88.14893528241068, 0.5710848681560784, 1.068260406575192, [0]
-88.45038890751758, 0.6629647083490293, 1.0124701112458463, [0]
-88.26371507538501, 0.5844258962940944, 0.9299797961998589, [0]
-88.06545315823818, 0.6263541104151411, 0.9954694810612028, [0]
-87.87496757885326, 0.6630579767415825, 1.0787822117739003, [1]
-87.78121965959755, 0.6017139552810714, 0.8924238099667365, [0]
-87.8976861024131, 0.67674064945945, 0.9403064126482754, [0]
-88.07067127580142, 0.6140155157154968, 1.0861381333416338, [0]
-88.15381337239684, 0.6611896944557845, 1.20039500321422, [0]
-88.65404204473177, 0.5782128801692968, 0.9545709941408463, [1]
-88.42708247996818, 0.6340362709305399, 1.056713515995116, [1]
-88.77804852959643, 0.6536088936204847, 0.6676551547474887, [1]
-88.17444080501784, 0.5522181528513033, 0.9449479279812504, [1]
-88.11896342690497, 0.6117995733181263, 0.9890549799133104, [1]
-88.52860936687438, 0.6079607012439407, 1.1954353307623047, [0]
-87.7406273444372, 0.6022526863817551, 0.8651561420635798, [0]
-87.82654697340635, 0.5946132429095513, 1.1359799903599017, [0]
-88.51680703729167, 0.5682763118031713, 1.1619387228512412, [1]
-87.66746446644532, 0.6634913552292453, 1.0450235353106492, [1]
-88.01158692160888, 0.670446915701724, 0.9035479434445117, [1]
-87.88658151142754, 0.6148569352940754, 0.9676800830819424, [0]
-88.20769253230684, 0.6173420388351467, 1.228076150509222, [0]
-88.69690691825934, 0.7094320894543447, 0.967712255164758, [1]
-88.52067334662908, 0.6294121250954726, 0.8413668551803574, [0]
-88.46097792479082, 0.5374364346967199, 0.8644371574403531, [0]
-88.301701254562, 0.639583818846877, 1.2230798159171443, [1]
-88.51244270831319, 0.6372527776471368, 1.0759795052810348, [1]
-88.02879354907428, 0.7236722342800518, 1.1256932411400373, [1]
-88.5316686919145, 0.638864459083114, 0.7804366699308415, [1]
-88.69820721474709, 0.6678223770318792, 0.9545070792196297, [1]
-88.79508857954171, 0.6022772060989093, 1.1440802712610085, [1]
-88.70256889401672, 0.5265222545144208, 1.0298591010226599, [1]
-88.73879563552597, 0.6746235488965995, 1.1151424909338878, [1]
-87.82623916230932, 0.5926170299648482, 0.8355921417707978, [1]
-88.19077806366568, 0.5856748570353632, 1.0608665640718316, [0]
-87.69048123794921, 0.513632420805866, 0.936120198656484, [1]
-87.88164559261125, 0.6364997875257192, 0.8602078179220363, [1]
-88.18707594691541, 0.6333033224998811, 0.7531090343905331, [1]
-87.6041619606636, 0.5733320672884097, 0.9718214726552096, [1]
-88.0517523067932, 0.6843717678289626, 0.8846376473498893, [0]
-88.0583408460865, 0.5536434035444031, 1.0918299237762872, [1]
-88.52153315326731, 0.7128830652191911, 0.8350463940674826, [1]
-88.16156127435407, 0.6093117805224978, 0.8902226438824774, [1]
-88.27304572186932, 0.6303926000046344, 0.9187462354996102, [0]
-88.80905614363465, 0.5252946512759348, 0.8696558761868745, [0]
-88.62061533541342, 0.6902718637214333, 0.9154056118235031, [0]
-88.08379991303617, 0.6222717522414049, 0.8348248256620859, [0]
-88.39668712481462, 0.6062456068399419, 0.8530031204922036, [1]
-89.04082193966357, 0.6431276054211226, 1.1227742684929927, [0]
-88.70780940742557, 0.6279434372820552, 1.1925816475201727, [1]
-87.63015485226789, 0.5873268665511583, 0.9113733689429179, [0]
-88.63896917404439, 0.6044643226156726, 0.7876528652501267, [0]
-87.66968090399286, 0.6016637799258048, 0.8956423374649636, [1]
-87.83413535498656, 0.607008664596709, 1.0975658545930227, [1]
-87.97649279773283, 0.7265265189469121, 0.9796678439849218, [1]
-88.19478755777203, 0.5870875838696085, 0.9100337827978415, [1]
-88.05322114303895, 0.5471250393247546, 0.9200551937479902, [0]
-87.68902358303292, 0.5998257866845915, 0.9538786404902143, [0]
-87.59624854928893, 0.6416903589371694, 1.043807454204991, [1]
-88.71584385757986, 0.6720503468537832, 1.1602541429668014, [0]
-87.9015679890767, 0.6645344786930457, 1.1974782782041116, [1]
-89.22412578052834, 0.65181871927964, 1.0014359553278935, [1]
-88.05879421842215, 0.7065785159680135, 0.7445852041482725, [1]
-88.10426204260992, 0.6640488856028406, 1.006350851493517, [1]
-89.48054806414275, 0.5564749786816896, 1.097309222119131, [1]
-88.76252169423688, 0.6209021806657926, 1.0938106810673895, [1]
-89.0262725331104, 0.5282639560398694, 0.8500739048447497, [1]
-88.31215878321055, 0.5925992911023659, 0.8032317199035095, [1]
-88.47343714829466, 0.5374314052004684, 0.7308536044498519, [1]
-88.08409008480982, 0.616972862344882, 1.0360165928659648, [1]
-87.718918060854, 0.6345897715984986, 1.0146924721876052, [1]
-88.09735480054425, 0.6511360002224794, 0.9589195953200659, [1]
-87.70447446518148, 0.5991467624800614, 0.9219917753181859, [1]
-88.01378072148921, 0.6515698659926829, 1.0717908126752338, [0]
-88.16102008487688, 0.6543309033339061, 1.01343743496633, [0]
-88.34546385948975, 0.5917346568538263, 1.0914707128520373, [1]
-88.28601947645508, 0.5996168981809262, 1.1751383664338348, [0]
-87.82933371340586, 0.6306664560048538, 1.0747160646398746, [0]
-87.8841123255409, 0.5476119753477251, 0.9857433861891889, [0]
-88.62655921994008, 0.5183959039033257, 0.7098482417626965, [0]
-88.20474566675627, 0.6142367099589979, 0.9392880237927991, [0]
-88.25310729953353, 0.5692022166466522, 1.0532268708504464, [1]
-88.47608640553669, 0.6858207034876269, 0.9384734712565197, [1]
-88.41497917015211, 0.5306766048407496, 0.7381907543094557, [1]
-88.14023621669874, 0.640205141545719, 1.0593681013692946, [0]
-88.59408562192513, 0.5817313810405036, 0.9285913467875049, [0]
-88.08849690984303, 0.5657948909207738, 0.8441421216173179, [0]
-88.0160033751865, 0.5411541036056663, 1.0585719467470054, [0]
-88.04870645087497, 0.5093966106067498, 1.0018069381858716, [0]
-88.0571928992665, 0.6311557110348711, 0.9597295135552039, [1]
-87.86347037001815, 0.5553423657289946, 1.0066249829403755, [1]
-87.8937441465997, 0.6245232882522271, 0.8900065923690111, [0]
-88.6119829267527, 0.6162511493074957, 0.9675887513415435, [0]
-88.10632712822802, 0.5091827391225365, 1.0764719983156454, [0]
-88.45251054127567, 0.5987952024932295, 1.0501106071923363, [0]
-88.28983306274982, 0.6870994360132768, 1.13384736047353, [0]
-88.27983619221122, 0.6227682783809093, 1.122774978284844, [0]
-87.99388406509779, 0.6361511725429587, 1.0111182934606273, [0]
-88.61348500768251, 0.5781116491660931, 1.1322995531363016, [0]
-88.39346982521927, 0.5574613657900378, 1.0305940320504297, [0]
-88.32567760025492, 0.5891058706318413, 0.9413974744415043, [0]
-88.02908116419071, 0.6195392935293005, 0.7379043173677904, [0]
-87.87292577296645, 0.6056407283610813, 1.0065759660833018, [0]
-88.55567303074294, 0.6068102615305997, 1.1256606691169921, [0]
-88.82292305508284, 0.5561566023846565, 0.7840188774606782, [0]
-88.52640801288885, 0.63229729692452, 0.7442525591846989, [1]
-88.00881044381879, 0.5983510755578411, 1.011064464233197, [1]
-88.67298996286591, 0.5821230865499208, 1.1589639481461136, [1]
-87.75555372583372, 0.568397301598737, 0.6758092457035716, [1]
-88.08233811829454, 0.6233445315206442, 1.265871015174594, [1]
-87.79138714591946, 0.7232303898829441, 0.8555942955560947, [1]
-88.71562767314772, 0.5529204748436389, 0.8293540140503766, [1]
-88.62815221975254, 0.6702393170095722, 0.8243616766249264, [1]
-88.7429279700091, 0.4786879542374657, 0.8469988775809603, [1]
-88.05337467516162, 0.6231933099123769, 1.0769712033938874, [0]
-88.53825984676364, 0.6005583588557496, 0.9499712320590267, [0]
-88.26261277309533, 0.6226112962840419, 1.0372676964041685, [1]
-88.73912158101713, 0.6882192856825065, 0.8324619727187411, [0]
-87.79726850501349, 0.6487289975259015, 0.80248473583177, [0]
-88.89280833107554, 0.6593224822347356, 1.024186166380188, [0]
-87.85109579261741, 0.5834374322785562, 1.0713726433070823, [1]
-89.58752946923325, 0.6493046191059653, 0.721129013624044, [1]
-88.00454142479123, 0.6024682254097212, 0.9592008443002291, [1]
-88.916913395896, 0.6850184237202126, 0.6644830523443703, [0]
-88.64875279094643, 0.6301090075359156, 0.924001044439204, [0]
-88.30681687329036, 0.6313533441798699, 1.0674326649181254, [1]
-87.63174163381557, 0.6075759759283477, 1.0290619042730598, [1]
-87.9883726562064, 0.6137465240072868, 0.8587914502349615, [1]
-88.39800989786269, 0.7209496505211951, 1.0999873891218588, [1]
-87.88797452420229, 0.5591962019175466, 1.0032389109311377, [1]
-87.92262258671798, 0.6554625706190594, 0.7073335068029039, [1]
-88.2516981427023, 0.7074917653609963, 0.9368504328793218, [0]
-87.9673762029698, 0.6689929193626509, 0.793877310773666, [0]
-88.41115227264109, 0.6152574592474513, 0.9539853379072614, [1]
-88.56786354472735, 0.585676470493889, 0.5112556332567101, [1]
-88.0406288110562, 0.6526929671219746, 0.8324474165928974, [1]
-88.50634151614611, 0.6976530953474106, 0.7562432992471365, [1]
-88.04707932822896, 0.6016062842761533, 0.9263734011282403, [0]
-89.29993118328349, 0.6527582441414792, 1.0360179198954058, [0]
-87.94063295794365, 0.7069667870037815, 1.1801894526967245, [0]
-88.27117635920624, 0.5096550992458301, 1.07718712332762, [0]
-87.7746785722462, 0.6033477399461148, 0.9539545373263186, [1]
-88.54160793762084, 0.6219015656490344, 0.7664374130669829, [0]
-88.04446819466415, 0.6214551103077439, 1.1537630864870405, [0]
-88.2145537051367, 0.7285132030801855, 0.9177560414563769, [1]
-88.83236160056289, 0.6189684864398705, 1.1774687119292908, [0]
-88.26122164647487, 0.6313907996137588, 1.091732203584539, [0]
-87.78399422127931, 0.6736956965856236, 0.8691189847054392, [1]
-89.77807711176237, 0.6257154023434292, 1.2006041960124336, [1]
-88.56600204584394, 0.5829236301711191, 0.8832310494022041, [1]
-87.93039684358547, 0.719179751237796, 1.1213982417281358, [1]
-88.83302188670659, 0.6921120636995266, 1.1043261947472447, [1]
-87.90204990373952, 0.6560636514220336, 1.1333432210430687, [1]
-88.53868192884691, 0.6137717495410423, 0.9139648245973722, [1]
-89.66340578080495, 0.6315696937146187, 1.1757578942015554, [1]
-88.7624810864768, 0.6057316612407452, 0.8254625395862007, [1]
-88.06802632537729, 0.6954697415048324, 1.1121265749352143, [1]
-88.16890995593225, 0.6250826439919083, 0.8518945715952558, [0]
-88.07050619368502, 0.6031740911480887, 1.0771091431414777, [1]
-88.08682881428969, 0.5909383366416215, 1.133522698058371, [0]
-88.9354337249903, 0.615240710468169, 1.1456223091941782, [1]
-88.49504477725642, 0.6276278247686515, 0.8409829721995965, [1]
-88.33926550895457, 0.7136270872183154, 0.7983594817012621, [1]
-88.3925838303475, 0.6835569143551409, 0.8925030656089037, [1]
-89.01496421167647, 0.6494403903885831, 0.9572350422104642, [1]
-88.09688443708583, 0.7393190267311438, 0.8685296733003894, [1]
-88.21672304438997, 0.5680651370876513, 1.034157073860947, [1]
-87.78135967553894, 0.5925475300189914, 0.6804864467597291, [1]
-88.76486536914722, 0.5325980561546072, 0.7796969455169803, [0]
-89.02785640848202, 0.5634332103699504, 1.0657312827742231, [1]
-88.25284307100476, 0.5814222776456004, 1.0383601316642996, [0]
-88.94437310027504, 0.734326383222658, 1.1135246904048077, [0]
-88.59709218334712, 0.694861450643345, 1.030117779495909, [1]
-88.28715088604086, 0.6282105313202241, 1.0564421897446643, [1]
-88.82910760257293, 0.5481081027465944, 0.8462041677348386, [1]
-87.89002138100705, 0.6502991041003581, 0.9967254733295925, [0]
-89.15194917136041, 0.6772169598291531, 1.151973934373988, [1]
-88.40723795737891, 0.637021256495169, 1.0378446780850856, [0]
-88.26676284724842, 0.7436363662885506, 0.9497256920580193, [0]
-87.9118240819212, 0.6121653486257209, 0.9086932258745024, [1]
-88.96973404963902, 0.6121387361916331, 0.9788174187989267, [0]
-88.06796322050963, 0.651903508132678, 0.99373272509082, [1]
-88.6796449159314, 0.5479986634568025, 1.0202807882491027, [1]
-88.14347816488211, 0.6862722902573936, 0.728564804260688, [1]
-87.95855343932901, 0.6092286478750442, 0.9078718712500834, [1]
-88.42740504795381, 0.5636024405452837, 0.7809829311418536, [0]
-87.94181491689184, 0.5989122657178633, 0.8416228574022072, [1]
-88.74712561166236, 0.6033867430737562, 0.7622282485029049, [1]
-88.48156193597988, 0.6796868385363083, 0.9030174618792967, [0]
-88.84597182559351, 0.6791540591171906, 0.9980571868339558, [0]
-87.80453022217316, 0.5948833632212112, 0.8300816453228205, [0]
-87.83463418919852, 0.5978455726444653, 0.8772791255938593, [1]
-88.58011223836134, 0.585238545418211, 1.1372563639557274, [1]
-88.48484257091819, 0.7213589590935775, 1.039448554397622, [1]
-87.99792906910852, 0.541356795480284, 1.1203561306408265, [1]
-88.89690804478425, 0.6541248329717777, 1.084442488608889, [1]
-88.2388724951622, 0.7582325859548864, 0.8885790224733412, [1]
-87.98989815686173, 0.572669777060086, 0.9720395407062354, [0]
-88.26981194561947, 0.6110007920658113, 1.0211775447119238, [0]
-87.8482720902955, 0.5604338963426821, 1.0743038585222446, [0]
-88.02933821108729, 0.6297252141699221, 0.9761221553067289, [0]
-88.68974694473134, 0.6740841137069653, 0.9450170920726129, [0]
-88.93998838498227, 0.6315940233126198, 0.9341433932518821, [1]
-89.4590631339533, 0.5357113012173328, 1.0371435719140312, [1]
-88.00500173559986, 0.6875979655928848, 0.9310651006257546, [0]
-88.19246706985861, 0.6317184703915149, 0.8415491555825299, [0]
-88.61225563144465, 0.662967055240362, 0.998746946432701, [1]
-88.62887353943053, 0.669554404570757, 1.0438781135003616, [1]
-88.08743208473989, 0.6386325901888545, 0.8172408252562642, [1]
-88.80848138320415, 0.5894923985237933, 0.8048173786710833, [1]
-88.1311260722198, 0.5231988206028887, 1.1588929491078044, [0]
-89.17191442092636, 0.7795479847424653, 0.853146156256827, [0]
-88.62722424359744, 0.5600082539315393, 0.8891415569158553, [0]
-88.19148280978149, 0.7119742262579786, 0.9412577252216404, [0]
-88.11790061069345, 0.6596908230970677, 1.0970063930178586, [1]
-88.39961578273622, 0.6186980233547187, 0.9630008159147441, [1]
-88.0204281114591, 0.5777645809927932, 0.8198833246997417, [0]
-88.05565181735051, 0.669491561227104, 1.0699091281753035, [0]
-87.81796589049547, 0.6180879601912203, 1.0072744127844842, [0]
-88.29087924714732, 0.580075515700424, 0.9582324658213914, [0]
-87.75191414403771, 0.6322950373752382, 1.0386788176724302, [1]
-88.00978138779112, 0.6090651071258821, 0.9642455235254535, [1]
-87.93073218282332, 0.6661441611317096, 1.0747977158378594, [1]
-88.39794405861086, 0.559619623198241, 0.948920522832779, [1]
-87.68752551571791, 0.5940798281131419, 0.9506606521408055, [1]
-88.6318836633449, 0.6687783873723006, 1.0379822747974752, [0]
-88.399721000584, 0.5503447274611308, 0.8514866302353155, [0]
-88.6077848627574, 0.633215570740395, 0.988302098667273, [0]
-88.49795009195624, 0.5832603083934513, 0.9713295585956403, [1]
-88.0879856097751, 0.5831896532003749, 1.134373991467654, [1]
-88.07250813746604, 0.7050928071279785, 1.195453030941177, [0]
-87.88643835825239, 0.5568817450858083, 0.9973333784356708, [1]
-88.65447365458517, 0.5703370010649197, 1.1315577705282904, [1]
-88.26031800997826, 0.5058518689168693, 0.9414686464635625, [1]
-88.80226522107662, 0.697368292211006, 0.6883699941650179, [0]
-88.23231410874894, 0.5646624490648743, 0.7079553397476834, [0]
-88.28553040341212, 0.710228296130183, 0.873380253323147, [1]
-88.36475438393694, 0.6802218889988493, 1.0739176706086015, [0]
-87.99115058395157, 0.5809294364278468, 1.0458036672344908, [0]
-88.25067447647403, 0.5998604738466439, 0.8855798210558607, [0]
-87.49973366571709, 0.5871669334344096, 0.9387641552952318, [0]
-88.30561912449872, 0.5534191976864766, 0.7415397341604427, [1]
-88.19768455436976, 0.6037979033390595, 0.8986367071801404, [1]
-88.88039075590655, 0.5058492732762603, 0.8000785174117874, [1]
-88.06871882760973, 0.6816163748492572, 0.9327798581364164, [1]
-87.81732234328534, 0.6290382145208944, 1.0709660631354763, [1]
-87.97794763131627, 0.5544018231364423, 0.932900030315107, [1]
-88.22363199441334, 0.5820329656423833, 1.0247566297067827, [0]
-88.3264918791293, 0.6750009748674739, 1.0306484449594946, [1]
-88.10762939961253, 0.6488132666166582, 1.1414018815578018, [0]
-87.90427035219085, 0.5954346024545982, 1.0273856590625887, [1]
-88.21707497391353, 0.6362851436011171, 0.9318741054601059, [1]
-88.2998902641782, 0.5670934563850254, 1.0614185218953363, [0]
-87.92080450211688, 0.6349370834545519, 0.7854674394354307, [0]
-88.12240879104904, 0.5807973994245368, 1.0801456397886053, [0]
-88.5554285526045, 0.6215483059135535, 0.947277710445126, [0]
-88.41044700671539, 0.5797828470015509, 0.9915304924903053, [0]
-87.71812006317796, 0.5986039637829158, 1.0607113680818798, [0]
-88.32793667042303, 0.6941331352453386, 0.8057331639814926, [0]
-87.97454887906275, 0.6968189154969484, 1.001843829575907, [1]
-88.1523674548664, 0.5993070826488383, 0.8957124707844059, [1]
-88.28383995669367, 0.6093272990365182, 0.9955936315905803, [0]
-88.80583522854141, 0.7790466188514135, 1.0462054279335655, [1]
-88.2619651976588, 0.6298856839780381, 1.1365130243716937, [0]
-89.02098567826337, 0.5006218161193681, 0.9298154757129956, [1]
-88.03106346597548, 0.6060459547986679, 1.0032274465069297, [1]
-88.34469711164012, 0.6939301110953277, 0.9688567693220672, [1]
-89.69195423617839, 0.6139945009876671, 1.3679428835992233, [0]
-88.3696350506587, 0.6132635791922524, 0.978189295682991, [1]
-88.34938652529858, 0.6079009479991836, 1.1688880599701428, [1]
-88.22204656878458, 0.6476293961629156, 1.247895309583822, [0]
-88.36238960332051, 0.6319922626804688, 1.1666016149914644, [1]
-88.48921969132718, 0.5686839034038883, 1.0174803066262024, [0]
-88.19093092059028, 0.597932778267557, 0.996664256851773, [0]
-88.74867714534294, 0.6191650842033773, 0.9933677761049292, [0]
-88.03047585134614, 0.5773097583100163, 1.010076773882023, [1]
-88.59461147822333, 0.6515104969680299, 0.9477590086526577, [0]
-87.69353264657184, 0.5614885739085266, 0.937343323233547, [0]
-88.32450223214782, 0.6486851856227976, 0.88480663513911, [0]
-87.75377346528734, 0.5653675248671753, 1.1284670847598084, [1]
-88.13478429074563, 0.6606509141118116, 1.124779472115217, [1]
-87.75370838916237, 0.641215928622452, 0.882357318229944, [1]
-87.9507008539787, 0.650948883895951, 1.0714719496287084, [1]
-88.64020714112563, 0.5464239102779709, 0.9070344329189785, [1]
-87.92103073401768, 0.6192274743519963, 0.7840271564994946, [1]
-88.42231007993085, 0.6201988174037183, 0.7437676257699392, [1]
-88.25511953497312, 0.5843531016554093, 1.0989343629107555, [1]
-88.91794381792874, 0.5898947025738454, 1.0617267173376075, [1]
-88.7451187577834, 0.6394493657852017, 1.1562429792338642, [0]
-87.80118079746599, 0.6693182447282326, 1.0496180177410148, [0]
-88.66963204935664, 0.6454978738170821, 1.0774336774753461, [0]
-88.62101228329588, 0.6555524614019735, 0.7500648346072705, [1]
-87.83604290251712, 0.6019908427657379, 0.9372458905173094, [1]
-87.86655585562909, 0.6474547987636038, 0.8785924701453285, [1]
-89.01283671095293, 0.5275880384530336, 0.7954440185688262, [1]
-88.23651809471025, 0.6080968538120058, 0.9538741585378047, [1]
-88.81781301001035, 0.5492005107382306, 0.7841237121873751, [1]
-88.07439219430488, 0.6516346053190519, 0.9800869579278106, [1]
-88.47993437349936, 0.7033859204139362, 0.9840511741820777, [1]
-88.07356843960616, 0.6353471294422868, 1.0869801852124905, [1]
-88.23009751371245, 0.6774128789143711, 1.1469645950006986, [0]
-88.04137301990686, 0.7674527075713291, 0.8776200817234858, [0]
-88.25804611192531, 0.5798263715469641, 1.0334217475787455, [0]
-88.78544683665451, 0.6238590174255125, 0.9292359804271191, [1]
-87.85827914472753, 0.627298919819221, 1.0670544324299773, [0]
-87.81836204754235, 0.6244222556453012, 0.8579935957391496, [1]
-88.19987049925528, 0.6742398407112746, 1.025404642431094, [0]
-88.04246240202508, 0.5956182838881464, 0.9640140849457731, [1]
-88.10336033772255, 0.7089548043598065, 0.9292956474181996, [1]
-88.25335830694333, 0.6724495306753944, 0.8547171794443934, [0]
-88.93339655454199, 0.6870799352892953, 0.9095070225410203, [0]
-88.52904647102784, 0.6289625145165474, 1.1345263587005363, [1]
-88.41488549988904, 0.6112412051319348, 0.9510841698693858, [1]
-87.98800594585927, 0.6083229366511268, 1.063758264774436, [1]
-87.79435927056866, 0.5823047251732036, 0.9916790136256138, [1]
-88.16777496555488, 0.6379807524778326, 1.1426796431591637, [1]
-88.2856077547411, 0.6961902191928385, 0.8427824310005038, [1]
-88.28821794128942, 0.6919812013799599, 0.9980966956664619, [0]
-88.20051232792531, 0.494703278320165, 0.8873972331272476, [0]
-88.46701771887852, 0.6404322224676728, 0.8453537346423783, [0]
-88.60404547832093, 0.6346170246528517, 1.0762845861099277, [0]
-87.5668349533182, 0.5755636338509125, 0.9082092640816877, [1]
-87.77120231154885, 0.5851367511708955, 0.9939665731419408, [0]
-88.17619504307694, 0.7413171073551381, 0.8152116031243977, [0]
-88.76652994960031, 0.6317341907725391, 1.0256931318092406, [1]
-88.2395369916534, 0.6266635229540134, 1.0984442038700373, [1]
-87.65346951633879, 0.5566701639549616, 0.9188151856841987, [1]
-87.83209036311106, 0.6338180544696633, 0.8727848325320284, [1]
-88.43041786363834, 0.5585293697184562, 0.7721681261199617, [1]
-88.38649621085965, 0.5804748485380782, 0.7884471853728692, [1]
-88.01195845533024, 0.57232104314891, 0.897607782444275, [1]
-88.21805855933503, 0.6342423561675024, 0.9790125735362302, [1]
-88.25201475763747, 0.6244211422965837, 0.999166833832144, [0]
-88.17907504380945, 0.6271126673446045, 0.830716918546162, [0]
-88.09216258084649, 0.6446658044929487, 1.0018847616689626, [1]
-88.24775547658805, 0.6396465892815942, 1.1176463203730838, [0]
-87.97543041892258, 0.6928103104306081, 0.9510200593823257, [0]
-88.34721321311235, 0.5685566973272459, 0.833828132423063, [1]
-88.22586747650945, 0.5990263764978966, 0.9822151422730427, [1]
-88.79657040250193, 0.6288079402644146, 0.9585407536861673, [1]
-88.16294019188456, 0.5463705775332822, 0.932316189172852, [1]
-88.37924731747775, 0.5785595017589042, 0.7186403616697331, [0]
-88.02740631271678, 0.634830687226335, 0.8298342936911153, [0]
-88.18391431263375, 0.593892417188455, 0.7891041481154958, [0]
-88.12928226563791, 0.5537543892067571, 1.2027340611287842, [0]
-88.89813251392248, 0.660617977684602, 0.7701052217258804, [0]
-87.61882369773423, 0.6751257673100927, 1.1674784816464236, [1]
-87.96576833249327, 0.5998920658795822, 1.1327197601525905, [0]
-88.09126710132247, 0.610596274081168, 1.0658138754960416, [0]
-89.04275623933559, 0.6259679069988175, 0.9663537477981007, [0]
-88.2278689744634, 0.6320593001926696, 1.2403891135014578, [0]
-87.86831171763313, 0.6336275890394293, 0.9657274621706706, [0]
-88.3295664931568, 0.7270803154513965, 1.041666442285148, [1]
-87.89862441627503, 0.6686010971965705, 0.7592056743735253, [1]
-87.67703230624129, 0.6271655707701645, 0.7940709474601132, [1]
-88.01597795884325, 0.5658310072491275, 0.9136002073413111, [0]
-88.3961973738101, 0.6163808353820835, 0.9002631880595713, [1]
-88.52476943205463, 0.5797342793429773, 0.7680075313582484, [1]
-88.23986501374402, 0.6794521112843138, 0.8475947431925666, [1]
-88.32051849937076, 0.5632130297929081, 1.0763852471672246, [0]
-87.92599414082594, 0.6638900398427173, 0.7843373094070981, [0]
-89.83904815413203, 0.6445196378881325, 0.9875153681701063, [1]
-87.99616993907718, 0.6269989552915108, 0.9169449721117963, [0]
-88.374635384091, 0.5967327513381354, 1.1807541504381005, [1]
-88.56030858967489, 0.6391662673733219, 0.9392075890790076, [0]
-88.13675499361419, 0.7256370411373536, 0.9381393522609844, [0]
-88.6997998410032, 0.6238465093547881, 0.5608008803830273, [0]
-87.96776740716969, 0.6263647379337087, 0.9681491179427657, [1]
-87.90339024382703, 0.5131830481284342, 0.7780279169735963, [1]
-88.76363661056955, 0.637757356754892, 0.9218919010059553, [0]
-88.58642092746169, 0.5612090722097791, 0.9332195839376428, [1]
-88.47853702137395, 0.5888514733414503, 1.1063077883298271, [1]
-88.33650483528827, 0.5792087813143972, 0.8888140110985544, [1]
-88.48341817647898, 0.5908997573566683, 0.9796237051103931, [1]
-88.30213347255321, 0.5785816606281053, 1.0500679831863726, [1]
-88.89351860333673, 0.5916479869157749, 0.6771582071487912, [0]
-88.96362023290388, 0.7320742173900807, 1.1476942679445383, [0]
-88.90720405066106, 0.5499116408114344, 0.8557523282031583, [0]
-89.24205442678533, 0.5384774683822268, 1.1399527035592791, [0]
-88.15219029227185, 0.5377231121771938, 0.9509025013311735, [0]
-87.87159623238325, 0.6055832592807158, 1.1026394519921396, [0]
-87.58774745596102, 0.6719614705059797, 0.8639618511416043, [1]
-87.94676445956598, 0.6675257595183199, 1.181034740448086, [1]
-89.47559805002409, 0.6292293477408752, 0.9709185979540693, [1]
-87.60498466685223, 0.6012173749699491, 0.9992917603162585, [1]
-88.36804437407532, 0.6775577876004042, 1.0104283953981497, [0]
-88.56091890728831, 0.6195977863998058, 1.0582466629925065, [0]
-88.07944681913969, 0.6097222730769871, 0.9061216605491745, [0]
-88.11390758656387, 0.6049379393104717, 0.8337830787497335, [1]
-88.41477237565543, 0.5820172988164051, 0.8022427918226329, [0]
-88.6057758248551, 0.6190147016733988, 0.8293943154083139, [1]
-89.51822014449122, 0.6957286812413397, 1.1295786858126224, [1]
-88.49689345316087, 0.7314536136271969, 0.9157691161043795, [1]
-88.1406444440682, 0.6336328200365382, 1.0642054976176398, [1]
-88.3282224736864, 0.6522642559670228, 1.044391836238231, [1]
-88.14031869127018, 0.681276382567122, 0.9592817914997878, [1]
-88.49033471226814, 0.5969369570892334, 0.6377206663811774, [1]
-88.15064617278145, 0.6992850778217823, 0.959172498200437, [0]
-88.28760274219573, 0.6585226258129855, 0.7701578471169934, [1]
-88.30157325658611, 0.7241762298812544, 0.9621170288529096, [1]
-88.0271459392321, 0.6834355541326023, 0.9908444236415594, [1]
-88.03737470403696, 0.5345417783406179, 1.0735029137082925, [1]
-88.10940136863528, 0.5748752529711076, 1.0291824732000112, [0]
-88.38319204068259, 0.7015740008526626, 0.7554892652347267, [1]
-88.45067354217285, 0.5817655345608496, 1.042135659550334, [1]
-88.79491133808932, 0.6284035845549129, 0.9454608292776538, [0]
-88.60571175676068, 0.4432543290989855, 0.8451069002712135, [0]
-88.48938385764373, 0.737164625364612, 1.093776678646541, [0]
-87.8946048368727, 0.5750007447818393, 0.744925814211252, [0]
-87.98255872221004, 0.6796618791267043, 0.770877412692244, [0]
-88.63297795832987, 0.5796349094084055, 0.7801766455924103, [0]
-87.61732947648468, 0.6997390036968507, 0.9039522455738942, [0]
-88.00846009062757, 0.7658703591170836, 0.591389525951262, [0]
-87.73184440613115, 0.6399844638043157, 1.0088817596826856, [1]
-87.80117730178159, 0.5730485583563906, 1.0226760221126872, [1]
-88.58159577853057, 0.6810369501138758, 1.0426457487210519, [1]
-87.95149730694398, 0.5735944327716834, 0.8639278493371904, [1]
-88.31201772444928, 0.7832752632232747, 0.9594502499943168, [0]
-88.40608176735569, 0.6339988629228527, 1.0450151634059346, [1]
-88.64238317412295, 0.6407150611611666, 0.9754367286111689, [1]
-87.89492076709523, 0.6366753884733766, 1.1913992239835542, [1]
-88.18549007878497, 0.5535210533891324, 0.9251957760865165, [1]
-87.87103055453086, 0.5398288425608478, 1.0856062064473737, [0]
-87.99038889109879, 0.5872617988426835, 0.7903718282834815, [1]
-88.84880198224664, 0.681516109275513, 1.0218398329467817, [1]
-87.83191576861812, 0.5274368960804997, 0.9209800159291294, [1]
-88.16315293106547, 0.5706090799893955, 0.9814248329022567, [1]
-88.20245107484503, 0.62728839465193, 1.008972795057888, [1]
-87.92771417526947, 0.7027010273627367, 1.0592428089424353, [0]
-88.42411038967558, 0.5857130193036624, 0.9552931849087286, [0]
-87.83099733046983, 0.5007465899113971, 1.0090310911653817, [0]
-87.94746079686786, 0.6559185322375295, 0.9044883100980917, [0]
-88.36203207338504, 0.5885887052056102, 0.8110283244823503, [1]
-88.63729325011676, 0.559351402544242, 0.9414543553620698, [0]
-87.73024782770905, 0.5704729517682935, 1.0347064055657018, [0]
-88.41049201776387, 0.7242853143981556, 1.1030151002039905, [1]
-88.46670115413488, 0.6637847858936401, 0.8045352472111, [1]
-88.49702679023356, 0.559159282759344, 0.840908151378848, [1]
-88.11096481748442, 0.7081025472003494, 0.9095349252760494, [1]
-87.97434376248988, 0.5759887656335131, 0.8832831931917962, [1]
-88.31322905428162, 0.6086586796436343, 1.254597983294134, [0]
-88.45108520514471, 0.6030917912253838, 1.0320544845470683, [1]
-88.4725423548544, 0.5911596726301116, 0.9523558754508079, [1]
-89.32264969256937, 0.6081195066069066, 1.1226465725187909, [0]
-88.2350575099202, 0.685365220673161, 0.6323213859422384, [0]
-87.93203361008572, 0.5579125036905037, 1.006045557080815, [0]
-88.23115115516104, 0.6258299743206567, 1.1363075971972068, [1]
-88.58289148184242, 0.6183761499472079, 0.9893204640169376, [1]
-88.40975316824553, 0.6197095417152444, 0.8557458368987529, [1]
-88.51357536629894, 0.6347299687397217, 1.1054980597561652, [0]
-88.45354229482278, 0.8201338099202309, 0.8351999289808867, [1]
-88.31422536542384, 0.6328311348610735, 0.9643604036162913, [1]
-88.42022067417831, 0.7085191436249105, 1.3107970530230442, [0]
-88.38355487373865, 0.6862667448147264, 0.8115599467776712, [0]
-87.95126725289418, 0.5300355775750621, 0.9237349692518996, [0]
-89.22054540948362, 0.6066323950096224, 0.8425661408097852, [0]
-88.77785929857238, 0.6491371181559372, 1.0276468694114391, [0]
-88.12761875273539, 0.5376872651340269, 0.93927211349942, [0]
-88.09203531783874, 0.6572106500514864, 1.1158986871634613, [0]
-88.24678090412053, 0.6692474704770625, 0.9827949441037578, [1]
-87.92225621440122, 0.5908321063442133, 0.9214671125237567, [1]
-87.87515668460128, 0.5979536413525058, 1.0328570352489295, [1]
-88.5745517105128, 0.5885770447835008, 0.9655884355313168, [1]
-87.88784392079094, 0.6074955754085357, 1.098560369158647, [1]
-88.41333692829929, 0.6106166240200395, 0.781839789580324, [1]
-87.5163030840414, 0.6444090172417116, 0.9668378039206521, [1]
-88.55450556041615, 0.6812321458678737, 1.039022382756932, [1]
-88.69408706876476, 0.5666844516076539, 0.9006953577365536, [1]
-88.12900711168527, 0.5953432530863796, 1.030541957635168, [1]
-88.50834523457964, 0.6060696566020973, 1.0005659281149093, [1]
-88.30867326618645, 0.60798878854242, 1.1357274901907093, [0]
-87.80514387973967, 0.6460219080715667, 1.1096850207396582, [0]
-88.17129781443947, 0.5796901713887692, 0.9606078903728579, [0]
-88.66986001966055, 0.6670926299791611, 1.11058299102034, [1]
-88.60851147464913, 0.6367166149836244, 1.0180807702792318, [1]
-87.8698674406027, 0.5791526867909301, 1.101595818610417, [1]
-88.2299809410603, 0.6577473775228737, 0.9875946225765092, [1]
-87.81551564891538, 0.5985904861729842, 1.0344877847748433, [1]
-88.7587554023003, 0.6620785405748457, 0.8836671273565132, [1]
-87.97396852038638, 0.6791279308517137, 1.1077226541234122, [1]
-89.04160531157451, 0.7050393090364413, 1.0405196174148466, [0]
-88.09920737281321, 0.5868348692186112, 0.6838923518337805, [0]
-88.75352785748647, 0.6003967164518228, 0.6843954412407594, [0]
-88.45685037979216, 0.6050652228372314, 1.054160214504806, [1]
-88.00011958979255, 0.5916331373506589, 0.8083526687368738, [1]
-87.9350642096223, 0.6099969160747699, 0.8339165067050212, [0]
-88.4938578721037, 0.585850144564835, 0.7274333731008873, [1]
-88.41995189178415, 0.7461949607642635, 0.7853469517175086, [1]
-88.55994469525068, 0.5838707206698485, 0.9207772288434682, [0]
-89.03776345422725, 0.6465537615233813, 0.9757838412941567, [0]
-88.27840935540831, 0.6404395987839384, 0.7524986624426602, [0]
-88.35480131263205, 0.6040136606928204, 0.9278021316446483, [1]
-88.2355889713338, 0.6104410859081868, 0.9044460067178742, [0]
-88.49780330084349, 0.6618760727659467, 0.9301121939077921, [0]
-88.47639096254349, 0.5965792745914142, 0.8422478618872249, [1]
-88.19938402540664, 0.6349991277039531, 1.0882983666848747, [0]
-88.19538453775958, 0.5423128566740255, 0.8025296856951808, [0]
-88.00734714030092, 0.7050726134539748, 0.8068001462369362, [1]
-87.82690346889603, 0.6653744818428411, 0.8641903360444421, [1]
-87.64748683859288, 0.688185220692564, 0.9575184744903185, [1]
-88.38523169553882, 0.6079618039431288, 1.019680582772661, [0]
-88.51504515144477, 0.6128686825609093, 0.8000447150490116, [0]
-88.43560605808187, 0.6025074131516792, 1.0281237659409996, [0]
-87.73480231849315, 0.6180292471184902, 0.8046013712431799, [0]
-87.7815126898964, 0.5738848165480974, 0.876081839827716, [0]
-88.32441130229334, 0.6151094840882037, 0.9332243763713038, [0]
-87.8291587622359, 0.7248784925693488, 1.0840857300020557, [0]
-88.00768366858078, 0.5619987961478252, 1.1211482773508625, [0]
-88.08070043511525, 0.7386430583673631, 0.925595239038016, [1]
-88.61658633802969, 0.6883476296876491, 0.9788285170731706, [0]
-88.4623286919604, 0.651559213170483, 0.9744743482663344, [0]
-88.51851355815646, 0.6373505792201207, 0.931942706701145, [0]
-88.89600194357452, 0.6821106557771369, 0.7955869277065633, [1]
-88.01553791508077, 0.6272285906199525, 0.8915758996680769, [0]
-88.86552554198589, 0.5868125108192186, 1.1946075158862954, [0]
-87.85266370800548, 0.7500258774543141, 0.8321390483476929, [1]
-88.48528535939253, 0.6886348633823913, 1.1557700559710715, [0]
-87.76033013718666, 0.6621124107046626, 0.9572049017605779, [0]
-88.04603090952789, 0.6394844336062921, 1.0907736671336568, [0]
-88.35323775160857, 0.598474056514468, 0.9284719725443252, [0]
-88.89908508749124, 0.5655771583975108, 0.7753847843204037, [1]
-88.4116406259163, 0.7102156919597347, 0.8608586703050914, [1]
-88.55771854229219, 0.5639936222542506, 0.9474254229352561, [0]
-88.42181798286687, 0.5910267503932838, 0.8133344639480818, [1]
-88.56416012116418, 0.6500553538364771, 1.0097405919560634, [1]
-87.97261753475418, 0.64910035167977, 1.0802237846507292, [1]
