t=0.03485601582602738
logZ_t=-12.590726619362531
-19.377727149866402, 0.7168426021438838, 1.0972836243214843, [0]
-19.895531727542224, 0.47782268283633844, 1.5918559982218732, [0]
-20.437348364628356, 0.5321619924539266, 1.0197804248748998, [1]
-19.68459659066045, 0.7893367795193112, 0.5009291043879429, [1]
-20.213876219758387, 0.6985965015154014, 1.4944822287299238, [1]
-19.570019516928177, 0.5771850711078832, 1.8593656848033382, [1]
-19.952191653481613, 1.072942020150162, 0.39005932233421914, [1]
-20.399909536702747, 0.7918056034960643, 1.0752251002551285, [0]
-19.359244049053103, 0.6506036087386977, 1.3385408386203306, [1]
-19.68280743417625, 0.21403284025841954, 0.48046977817382786, [0]
-18.889237300203067, 0.2581297680748698, 1.0469668370486702, [1]
-19.85307403343575, 0.673036611847612, 0.8086092082026597, [0]
-18.994410700226418, 0.3840448360882081, 1.4429000849951779, [1]
-19.728927117370393, 0.4181787904158245, 0.8808030110652958, [0]
-19.558368791778545, 1.1769885375710067, 1.1459439160480027, [0]
-19.747838246849312, 0.3831364232750392, 1.2733259129464973, [1]
-19.868486702227578, 0.7028601675611276, 0.3820272738370074, [1]
-18.472217082716835, 0.9176143204492289, 1.0151283602704826, [0]
-19.948171596024903, 0.6935088792859135, 1.127033707687088, [1]
-19.366950886143954, -0.028516000856253776, 1.1179068099379368, [1]
-19.06924655769678, 0.7425544950543783, 1.7481354759056007, [1]
-21.345142995478806, 0.5308747164313942, 0.8948473315999157, [0]
-18.790070441041827, 0.3557245146671549, 1.5320563427776368, [0]
-19.04083411132485, 0.3537723324146467, 0.4020601749959033, [0]
-20.767602312216557, 0.5572452573239012, 0.7572477269627174, [0]
-18.419277772955, 0.46951228691859526, 1.6431448013629162, [1]
-20.83552843328803, 0.419678131248864, 1.4519239327874303, [0]
-19.6780054086401, 0.6574038372993675, 0.9537899453895065, [0]
-19.874828589321965, 0.6390565120539572, 0.7549591604719911, [1]
-20.694829330312412, 0.6525835312534967, 1.4560250052317447, [1]
-18.736195297630967, 0.7875229047330353, 0.6277446028560154, [0]
-20.56269462485016, 0.42824284185790457, 1.731404026114661, [0]
-20.12604896951592, 0.5398746706640158, 1.4139282481196374, [1]
-19.586098807216114, 0.6087845099775342, 1.5274081342154546, [0]
-19.98467758552492, 0.8549171366198516, 1.50872116949778, [1]
-19.89410592069283, 0.6049269830307582, 1.3368846842471762, [0]
-21.389669111353133, 1.072575849017877, 1.419108162721669, [0]
-20.937302569485848, 0.6386974246378915, 1.423931043224357, [0]
-21.527172124187913, 0.8133751894253624, 1.2772773355415794, [0]
-20.243766330113342, 0.7882361429624685, 0.8551343217285476, [0]
-20.729389446568344, 0.6548051830345127, 1.1022206124556286, [0]
-19.797028558759322, 0.7358099603287792, 1.274118515446745, [0]
-19.241721563363924, 0.9182784101939108, 1.2283324610236726, [1]
-19.52267171690898, 0.5604602840144246, 1.6538994927166812, [0]
-18.678810567146378, 0.25320477980886524, 0.9079365271580895, [0]
-19.407711246289725, 0.6692785767942359, 1.0569616361559702, [1]
-18.177056462321254, 0.5437112598629013, 0.7979235481037684, [0]
-19.665406598200835, 0.8826329706766747, 0.3297541218855286, [1]
-19.330793916624238, 0.7772269218330339, 0.9654515274432018, [0]
-19.933459900115725, 0.7448409102472143, 1.1025445957593014, [0]
-21.129117605759497, 0.654260996997124, 0.12418849739650617, [0]
-19.509499049233785, 0.5610115159373374, 1.4205325089967547, [1]
-19.032249539475277, 0.35225331297211393, 1.0997101097981572, [0]
-19.36672846922392, 0.6331638298012766, 2.3826180350070976, [0]
-18.669946845881, 0.6749245206578726, 1.6305110728944014, [1]
-18.413628638285978, 0.28656573102781235, 0.3995377375539414, [1]
-21.20593316335688, 0.6245884328918688, 1.6364912853146951, [0]
-20.20619338597738, 0.5391512009713884, 1.0520179774580642, [1]
-21.346977277056506, 0.20285493775800623, 0.8276229933432767, [0]
-19.882305794580688, 0.03518232841569975, 0.39728814373174337, [1]
-19.479939515212365, 0.6822917785913459, 1.1375591189781957, [1]
-20.86261411576832, 0.4081168788722004, 1.2190212381916645, [1]
-19.013920281500123, 0.7141051408225693, 1.146620849721896, [1]
-19.206523505153708, 0.45187795584274815, 0.521255772088414, [1]
-19.93067171171455, 0.6595349589918176, 1.593781808425746, [1]
-19.135562710112627, 0.35670501520357634, 0.7704288916719838, [1]
-19.37826479097207, 0.09114532615863746, 0.8545478709003334, [0]
-19.414056236481702, 0.7912020354531595, 0.8632484137378702, [1]
-19.423824779382723, 0.5497892049384914, 1.7515861400601582, [1]
-20.37026960076102, 0.5525485636166858, 0.6848617500789282, [1]
-18.123451774329016, 0.7132680531095877, 0.6043540127083957, [1]
-20.91766078825309, 0.5404757172496019, 0.7230466715441205, [0]
-19.234970982996938, 0.6165215631028704, 1.3884486853973692, [1]
-21.072679604015903, 0.2563684565867649, 0.6873714516730891, [0]
-19.573277298670966, 0.7671676581075929, 0.8036905236064372, [1]
-19.559120127695657, 0.8352992134896924, 1.559090862971283, [1]
-19.19404877980727, 0.6148074356743128, 1.855112090008531, [1]
-20.280860939803283, 0.61819994539138, 1.3055595677633178, [0]
-21.14653202404082, 0.6797019017423133, 2.0662069300775943, [1]
-19.709094722550834, 0.5491748633177991, 0.9058191988042189, [0]
-20.476620309081767, 0.6545544137357059, 1.2753600724138423, [0]
-19.075678518604384, 0.6934981373874501, 1.0909015765506478, [1]
-19.392131751502966, 0.5331659051782047, 1.456814802255534, [1]
-21.63927992137993, 0.3280116702363177, 1.952420883565652, [0]
-21.076745220089787, 0.5543497608187233, 1.4396718788775016, [1]
-20.109636719878885, 0.6171058972931044, 1.6384645500442716, [1]
-19.02244636026899, 0.5301462737616898, 1.4922379140514144, [0]
-19.466069486496174, 0.362393839508913, 0.8083450817330526, [1]
-20.754045274925865, 0.5070787848708403, 0.38390037277030514, [0]
-20.025697132273258, 0.754249748209173, 0.7165472494651806, [1]
-19.38266460881964, 0.5206639349372391, 0.4471691830101976, [1]
-20.664359161924548, 0.22026564361175882, 1.7088557053484603, [1]
-19.638995183686582, 0.9081523184326621, 0.7428522498821806, [1]
-19.213071901762167, 0.5827406073696872, 1.3968100762183848, [1]
-20.194948289212455, 0.8825002955561689, 1.388944139727241, [1]
-19.97321459848066, 0.5829450283891564, 1.1166533452625025, [1]
-21.65894823148202, 0.6401355421160629, 1.1082528682428643, [0]
-20.59807343812929, 0.9038313665769023, 0.7287280098997232, [0]
-18.869002922901952, 0.9291851726399084, 1.1011750312570332, [0]
-20.869396599519916, 0.8971369162715539, 0.8662498726075345, [0]
-19.300660147838254, 0.5317423157703282, 1.0784490053159737, [1]
-18.600993730555466, 0.6103013165119489, 1.130961453863485, [0]
-18.07299186886666, 0.8598841009251741, 0.9667513678341676, [1]
-19.1147932201024, 0.7055378751975697, 1.278807807345204, [0]
-19.509360028616964, 0.35358509420860773, 1.0066937148021406, [0]
-20.150945749879014, 0.9396374092682548, 1.5184891967174554, [0]
-19.28822915719636, 0.6613028018452134, 1.5136986172790925, [1]
-19.827857068448104, 0.8675683842245586, 0.19100001945232442, [0]
-19.100926890689564, 0.4626465528709316, 1.2720116565882478, [0]
-20.17942073891446, 0.6839069886912266, 0.8259165618499915, [0]
-20.25607866692307, 0.5335347719023098, 1.103942624815601, [0]
-19.345602763432456, 0.7630759438343471, 1.3626965148010786, [1]
-19.809216830720715, 0.9427103545484576, 1.1382338829625827, [1]
-19.383934938744734, 0.2853326188586812, 1.3708441017710773, [0]
-20.739874339230955, 0.7592961615828258, 1.712568435984256, [0]
-19.815141469894513, 1.038436993918783, 0.5806079701030831, [1]
-19.52995886483565, 0.5966045294502188, 0.3342947771304706, [0]
-19.553133696303746, 0.5531668882346875, 1.4375021593142834, [0]
-19.927048510215197, 1.0559843736935206, 0.7995363285489432, [1]
-19.495832489289405, 0.4151433882654384, 0.7408830731527355, [0]
-19.02101113384277, 0.5775213014315799, 1.2574388875452112, [0]
-19.79682374159111, 0.6481564434822793, 0.6629732208722879, [0]
-20.146028288118323, 0.41025223904836994, 1.0242652506002905, [1]
-20.034710019624637, 0.6796790941411183, 1.1661474983066813, [0]
-20.121122429828155, 0.6075282026151592, 1.6243754644988608, [1]
-19.60431058673342, 0.6315962707758797, 0.29816024801505014, [1]
-18.644917604360796, 0.6350389010836374, 1.5079757387116821, [0]
-20.375378567339133, 0.1416066149182823, 0.8663799804050792, [0]
-20.828877386587227, 0.2784323456921972, 0.6854689005577247, [0]
-20.46735635911758, 0.6133801815804377, 0.62543118722758, [1]
-19.340536649411728, 0.8771599743223829, 0.7950550640982984, [1]
-19.781070221184077, 1.014895313231985, 0.518801164473865, [0]
-20.258809261495987, 0.40527364856815506, 1.9752081191356134, [1]
-18.290045578045834, 0.4495513282292668, 0.6437511623839072, [0]
-19.765009176897212, 0.4499727484142439, 1.3395554981679667, [0]
-19.841439246787143, 0.5505659729828126, 0.7785028920850697, [0]
-19.82091234199438, 0.9240376652507116, 0.749185779112486, [0]
-19.12113705189202, 0.6935736502812413, 1.236257056238927, [0]
-19.794840576134384, 0.7638239129628169, 0.947654965774009, [1]
-19.209624502066756, 0.5114498797666651, 0.5678093442946538, [0]
-18.70082800403932, 0.28575648469009024, 1.3343298876675134, [1]
-19.386828182911056, 0.47161712459990784, 1.0411481194055496, [0]
-19.168445001589106, 0.5626806332130717, -0.2551829679697166, [0]
-19.296853702336943, 0.5862843952988892, 1.0204886751122189, [1]
-21.193864923459262, 0.10434478562878724, 0.4342405303986978, [0]
-19.094442887528245, 0.9980848356366266, 1.0002093631034819, [1]
-19.053153555067365, 0.3555398110717587, 1.0365969769219596, [1]
-20.44190048484159, 0.6036469139529775, 1.3294573181604934, [0]
-19.968677495870185, 0.41032971975573507, 1.5006641449144689, [1]
-19.13376067505175, 0.44299690317463825, 1.3983188243748808, [1]
-20.204772605006145, 0.8917528574125786, 0.9626168025832951, [1]
-18.99580258231263, 0.5973072857181475, 1.719765991459504, [1]
-20.45744045700779, 0.16749336708463874, 0.9684408220083243, [0]
-18.806144083951672, 0.6053989806216316, 0.661424121695129, [1]
-20.858808771240316, 0.7129821169414376, 1.4973141243748433, [0]
-19.695916897251056, 1.1097199836842395, 0.19680521638082485, [1]
-18.85540929277795, 0.4235651452423915, 1.0342207737173417, [0]
-21.32378684559497, 0.3948898967772753, 1.7444619820895844, [1]
-18.94620182695904, 0.640803205186292, 1.2936778572555354, [1]
-19.79402865277041, 0.8923895394323327, 0.2880498974344209, [1]
-18.862305986248153, 0.7396688705082292, 1.3413783810451148, [0]
-18.458221992523328, 1.4068041330019094, 0.48204839629602364, [0]
-19.633823868794504, 0.9229186369219924, 0.9589161293597137, [0]
-20.309200596406917, 0.5010509098394829, 0.5600400121656284, [1]
-19.498981730787527, 0.4946675067503632, 1.9065115695653192, [0]
-20.0925698726703, 0.5647519258474758, 1.5706048591901218, [0]
-19.89310236156324, 0.6572306112366517, 1.82239423178377, [1]
-18.9745573642725, 1.246889153744062, 0.8643919803765042, [0]
-19.47365747026482, 0.8223551766999458, 0.7328240599172415, [1]
-21.00010101845046, 1.1678473481893752, 0.07270148949201966, [0]
-20.74039508494281, 0.578539521084138, 1.296587817366171, [1]
-20.210604923196506, 0.39558848630181176, 1.3524807653376822, [1]
-20.148852630833442, 0.7054236876897535, 1.0457453432003956, [0]
-21.07137675931129, 0.304069271394965, 0.9219161566435423, [1]
-19.866288408605364, 0.26771460713104656, 1.0563393361340372, [1]
-20.921463253632034, 0.5073216867647674, 0.9481736598110404, [0]
-22.152839889729876, 0.5254057506971728, 0.8754507509315965, [1]
-19.992599578065327, 0.5301671209979542, 0.7214393118535395, [0]
-20.479842501349662, 0.9841031670129856, 1.2492810604941167, [0]
-19.11476610145344, 0.8222705628314186, 0.4016959860158671, [0]
-20.941704217052116, 0.2161151738569745, 0.5777488159241122, [1]
-19.25426376874806, 0.9571144068295572, 1.4633909573077382, [0]
-20.034252331773057, 0.6830418471474632, 1.3482734892826405, [1]
-20.203611514411364, 0.6070271189593169, 1.471883965302709, [1]
-20.513118195771685, 0.3638769147617704, 1.0208191739243309, [0]
-20.106658684385675, 0.7731953358937947, 0.8948592498852762, [0]
-21.617944408645272, 0.7723947175221859, 0.7943486190122343, [1]
-19.506274837786464, 0.8450334464013992, 1.1310136248946607, [1]
-20.948354445008192, 0.7900677371005855, 0.7767170183986559, [1]
-20.047498762747693, 0.5420156463636467, 1.3532545172889257, [1]
-19.79921000745139, 0.6399558541564444, 1.4087040961472155, [1]
-19.55271705905105, 0.5606268021693778, 1.493392712515091, [1]
-19.028815097699603, 0.7573873975916915, 1.0998590483462218, [0]
-21.092934089579707, 0.5213920880292079, 0.4347067801791127, [0]
-19.04240580916224, 0.7143060316758235, 0.2905691877579039, [1]
-19.018071328228316, 0.6188487903602421, 1.6442535269508096, [0]
-20.370193594930498, 0.6580189965356913, 1.1791072608700541, [0]
-20.49420185227156, 0.5270637423205533, 1.5209555650209285, [0]
-21.479811357736743, 0.7505478526900703, 1.783499089220352, [0]
-21.05046629255748, 0.306987034788251, 0.9144393995066354, [1]
-19.803406036126677, 0.5613712620165063, 0.8322626917518714, [1]
-20.207386914269307, 0.8890321224644919, 0.6905574401193337, [0]
-20.09435287574286, 0.9160162750252792, 0.9203764455063247, [0]
-19.815074475426716, 0.42874802011584934, 1.7042984317290368, [0]
-19.464321304153337, 0.9946571151290686, 1.3946083463800183, [0]
-19.030723057272272, 0.9081448695480802, 0.8220896237451538, [1]
-19.72500261738406, 0.7443330969646386, 1.5949959343208735, [1]
-19.510842312279323, 0.695471778191914, 1.5012776525435303, [0]
-18.522719167878176, 0.7359826786462138, 1.4087431414619744, [1]
-20.059523746101398, 0.518112469314615, 1.0720957195724599, [1]
-19.288932717368876, 0.5449700150465026, 1.1147187107364749, [0]
-20.14372791199949, 0.8005176593609568, 0.30309638097679525, [1]
-20.51823693437084, 0.40779498380291646, 0.9460869881719789, [1]
-18.92579769149306, 0.01833261321293314, 1.0216689167657562, [1]
-20.48551511934481, 0.7305134346544909, 1.6881485867927346, [0]
-22.334955352453093, 0.3176126015000436, 1.0303688797693622, [0]
-19.97660365814324, 1.0189340975287347, 1.4942751860152392, [0]
-18.725002033074404, 0.8606298705926274, 1.3104143962401935, [1]
-20.023040418254833, -0.2888020447975253, 0.3428254998346572, [0]
-19.808657542290025, 0.9008653542281694, 0.8111208575238711, [1]
-18.123451285036655, 0.24540794301027674, 1.0120861436459205, [1]
-18.43500281222392, 0.5657863367501774, 1.4263259651282003, [1]
-18.666880462993266, 0.6457769360446534, 0.9420508574546524, [1]
-19.74871902432083, 0.9960434600714008, 0.470116409560275, [1]
-19.271862772203864, 0.5680564371011773, 1.389518226668431, [0]
-18.567531604711885, 0.7179653709507934, 1.231249662151852, [0]
-18.68435798235633, 0.49279559435673104, 0.8826755902413634, [0]
-18.21693790565385, 0.7882974263352276, 1.3077181971328966, [0]
-20.220618047456632, 0.37374351261698124, 1.2609076355488913, [1]
-20.50626438145115, 0.89969106523416, 1.2710865772840283, [1]
-20.47196938355649, 0.5186972506838755, 1.6970241307255554, [1]
-19.0441288316497, 0.6017227188952052, 1.710767196816252, [0]
-19.42398179376478, 0.6353684725778515, 0.9541703770100574, [0]
-20.418976773617448, 0.9429046336525997, -0.060621603399774404, [1]
-19.37111507581542, 0.4963978330122978, 1.6431021789581004, [0]
-19.3213632054497, 0.640371820794575, 1.8762967506011352, [1]
-19.066732707944, 0.6398707322610254, 0.9729008342540691, [1]
-19.991115362283033, 0.812549810913752, 0.9797561642868641, [0]
-20.998990187078178, 0.28014219222793874, 0.5208125314978365, [1]
-20.721328019415648, 0.5985563936971197, 1.135673663129813, [0]
-19.50469952504912, 0.528367865134209, 0.8757638352831234, [1]
-21.269298320108025, 0.5327302497376126, 1.7661774154191483, [1]
-20.70214842207309, 0.9615095116650003, 1.3383855377029035, [0]
-21.31957824384384, 0.5513816323295865, 1.465672607610532, [0]
-18.849697543905727, 0.6814904797801133, 0.9679861117040909, [1]
-20.482970542908966, 0.6038550053882052, 1.151151649985939, [0]
-21.83296087720199, 0.674974884650099, 0.744066162558628, [1]
-19.94571416481167, 0.8383076651623041, 1.6027441578682446, [1]
-20.589095175124367, 1.0484937009390085, 0.8044334189041445, [1]
-20.164783642194273, 0.3387401903140018, 0.8091221612105761, [1]
-22.602525660021513, 0.3449797093103196, 0.8893582636406155, [1]
-19.63303244754955, 0.7579656374939974, 1.1208854156015122, [0]
-20.6575269929365, 0.7287052700522585, 0.8583634534752671, [0]
-20.81204216544076, 0.3259164157518911, 0.7671670522066782, [0]
-20.468395120408694, 0.7469724838694543, 1.2312770514877116, [0]
-19.464611135716055, 0.6769958079395322, 0.9990543989796791, [1]
-20.47391511122957, 0.7408575633248031, 1.8341399179911224, [1]
-20.20451129125207, 0.9738675154628036, 0.6305437550049222, [1]
-20.65259628717212, 0.6529314814234679, 1.0341585273835245, [1]
-18.57706239929181, 0.7517578230558566, 1.6479613060884093, [1]
-19.83630545196101, 1.0562403307200579, 0.9566684376823064, [1]
-19.742504844920134, 0.565636396028408, 1.0421449826383897, [1]
-23.554556749085183, 0.30726842917355013, 1.2213672197824104, [1]
-19.338097891514785, 0.375154116164714, 1.1434084307613648, [0]
-19.750351598124688, 0.5204973605728525, 0.4309483460511252, [1]
-19.71068891889415, 0.7567639306389506, 0.6639988745650646, [1]
-19.538671780640094, 0.5442572810076055, 0.14905466856909333, [1]
-18.373241038125624, 0.575955241316477, 0.7830190906333678, [0]
-19.643774871773786, 0.711114858038732, 1.4535238660596521, [0]
-19.939332003750245, 0.37869897151322796, 0.5903126515318041, [0]
-19.961714430175036, 0.8469820033683025, 0.9648648663287078, [1]
-20.285662498841372, 0.42178480352568776, 0.41711304533336435, [0]
-18.763423690997307, 0.31563760766733867, 0.623654706477773, [1]
-18.679042321453974, 0.6119328356099804, 0.8813080250487133, [0]
-19.025950736388804, 0.4165233761516662, 1.4836383358247143, [0]
-19.329863775502485, 0.6902245687099257, 1.5358874733315506, [0]
-19.114900125656874, 0.5678205855548227, 1.1974121858854094, [1]
-18.677568467444438, 0.7853869898911809, 1.058423646384834, [1]
-21.409354543595192, 0.8353888058643326, 1.4989963072712498, [1]
-19.341018201624752, 0.947719737853403, 0.7309239090629626, [1]
-19.07564002147405, 1.0937090097497746, 1.0123233416088038, [0]
-19.06031019454956, 0.6402276847482549, 1.2014277748551092, [1]
-20.458344605878782, 0.7195986589084025, 1.1122965517605183, [1]
-20.633476676878836, 0.7536142370375148, -0.08274087263548467, [1]
-18.17599670255704, 0.8999402810555748, 1.841137262233778, [0]
-20.099496413253938, 0.7022841119243952, 1.288508844466827, [1]
-20.654959287175974, 0.814250226564583, 0.41053368806387913, [1]
-20.68169856094042, 0.5999765610305291, 1.7642243490390614, [1]
-18.27001769177453, 0.5059518212671424, 1.3678162805800949, [0]
-19.81118217705171, 0.7897376862052152, 0.5235989613941483, [0]
-20.882751520508027, 0.6847682505369332, 1.2058427317528364, [1]
-19.891112660094894, 0.3770522775018778, 1.403091081328744, [0]
-19.308754173415235, 0.3138485957927153, 1.1795636488160812, [0]
-18.601227599727725, 0.5324081964546994, 1.4649766825351664, [1]
-20.97508217835134, 0.562505912477762, 1.1408756267127702, [0]
-19.78656025188409, 0.3469261731443671, 1.1692311348406548, [1]
-19.21054140964097, 0.9077209247013909, 1.3476294756541898, [0]
-20.575124245527668, 0.4557792580919808, 1.274815225304835, [1]
-20.530071787504287, 0.5345035435072598, 1.8198476982039407, [1]
-21.373045794302914, 0.4087426682430448, 0.9591999820762727, [0]
-19.718612252062037, 0.5992484573690148, 1.4430393913202713, [0]
-21.81923837128293, 0.9220573054528409, 0.9872152266703774, [0]
-19.393155902954305, 0.25316812058433563, 0.8266926718038796, [1]
-19.846871440389066, 0.6205245032237786, 0.8607180877966861, [0]
-18.553211561274203, 0.7226702882242461, 1.0012304839512731, [1]
-19.633144972436643, 0.7221365780832436, 1.5225048531425733, [1]
-18.889653508981095, 0.6810637280701742, 1.5664269440284884, [1]
-19.492722772512188, 0.7980985519898717, -0.11004389900684974, [0]
-19.432494510564315, 0.47395302620240654, 1.2317594798585128, [1]
-17.837181520618792, 0.45000647272717664, 1.0255160094022293, [1]
-20.524604434031563, 0.9116133045076684, 0.43565872085895474, [0]
-19.37981278135811, 0.9095898348508664, 0.904746207451615, [1]
-19.103135908473057, 0.38926901345003084, 1.5173634269118248, [0]
-20.407459463822743, 0.7841434462726549, 0.009732516290334989, [1]
-19.424657263110078, 1.0387201991965838, 0.9130375763792106, [0]
-20.171325547987696, 0.47022467551890657, 1.1315028976056052, [0]
-20.86724418509858, 0.6706204427757995, 1.5297998311751362, [1]
-19.135774322546162, 0.9119541111755609, 1.2519317363862932, [0]
-18.8870203593067, 0.717675591402861, 1.0718307129016156, [0]
-19.34988067573259, 0.4534339532267509, 1.1349011772691528, [1]
-18.58883559332225, 0.4192474252120602, 1.7049048450508475, [1]
-19.64116824949239, 0.660108012475098, 1.7178049993587028, [0]
-19.54742060541122, 0.40200839490637436, 1.1854784245181929, [0]
-19.697032122294964, 0.6400326724427419, 0.9372958353229134, [0]
-19.063751913168044, 0.990101089214042, 0.9820929149045805, [0]
-19.814632621593734, 0.7572465988953027, 1.2999672295776934, [1]
-21.18717893916775, 0.8133186140785411, 1.0691918884257419, [1]
-20.91645306009403, 0.9078730032727655, 1.6933131485332364, [1]
-19.365162293201816, 0.377551334412102, 0.7229911070324139, [1]
-18.938012062209168, 0.9586701819428495, 1.286979554090156, [1]
-19.487326492130876, 0.7198164756754984, 1.5430998889685834, [0]
-20.280644012002185, 0.642098995052502, 1.4230128447945276, [1]
-18.760144690685138, 0.49752025259549487, 0.6824178568768582, [1]
-18.73940978313378, 0.37510503960509956, 0.7737932341534159, [0]
-19.371652908012564, 0.41440431784524895, 0.9225313555426461, [1]
-19.888364873775327, 0.5722886170032618, 1.60508501449843, [1]
-18.959592616250674, 0.8094692787081136, 1.0088729978695903, [0]
-20.30020883544177, 0.3178481720932146, 1.129489226372546, [1]
-19.41328417268817, 0.3703909754047878, 0.9594419465212696, [0]
-18.58802527393686, 0.7804191221613932, 0.3522123834746969, [0]
-18.795037744746637, 0.6079076404627726, 1.355083823674613, [1]
-19.329938032109563, 0.9733725390344122, 0.3593617456546359, [0]
-20.692526772658297, 0.4630627973875283, 0.5185621941826285, [0]
-20.543380694245407, 0.6227349693147887, 1.3022255630264818, [1]
-19.557172396834563, 0.6199195694407439, 1.1562774256817945, [1]
-19.753511377977354, 0.5096332304819575, 1.6472598279088424, [0]
-18.73816062700479, -0.10365315143353389, 0.5925723994742885, [1]
-21.007988977352174, 0.5108975443648485, 1.0878175322022074, [1]
-19.411208207929388, 0.39357242296181083, 0.41370563404163396, [1]
-18.048900733640433, 0.6485978792983725, 1.3843582688637943, [1]
-20.248804656572233, 0.8349075291519996, 1.1619584768283868, [0]
-19.68344150512653, 0.8858205643849222, 0.8814908849639753, [1]
-20.006993135964535, 0.7693414128259337, 0.6701245808476156, [0]
-20.436549039883396, 0.42537261276846744, 1.3253938605301887, [1]
-20.8836979100665, 0.41863915739127505, 0.5111418049186762, [0]
-20.535556441174922, 1.1788957290678885, 0.3931884339511189, [0]
-19.129419212915128, 0.929086390102237, 1.1890226119887406, [1]
-19.884073489939876, 0.46884138827287736, 0.9923728376274898, [1]
-20.06893519117991, 0.403307916321373, 1.2339381976627302, [0]
-20.22588804433649, 0.44382432683830353, 0.3709576741659284, [0]
-20.652929362200503, 0.44535919832349563, 0.5110075552119261, [0]
-19.688865550747227, 0.7114774090267509, 1.1939362719949447, [0]
-19.583567999003606, 0.6655999025188222, 0.8371793510278326, [0]
-19.80967807773079, 0.6085773540280193, 0.9051182136742622, [0]
-18.8918981629419, 0.8714505780602324, 0.9725388261292736, [1]
-20.047611643901718, 0.6311983555080355, 1.1781438729817313, [0]
-19.89741034509056, 0.45848333743341557, 1.0270221220917823, [0]
-20.120596813146438, 0.708162367378542, 0.9901698229735963, [1]
-20.1080394700807, 0.8107825883739509, 0.9148561561392787, [0]
-18.692402642912615, 0.5027907805288978, 0.6652978437737885, [0]
-19.327569145860213, 0.6656673967945773, 1.3022740442845389, [0]
-20.310221887041813, 0.9302326095093371, 1.5170043099738857, [1]
-20.17081495724017, 0.41036689872240395, 0.5397453352857337, [1]
-20.259854596660244, 0.6434336014735915, 1.3222831819239649, [0]
-19.022802380137314, 0.3969552280863148, 0.817492620068027, [0]
-19.79026931420943, 0.622034477768031, 1.3046521025546967, [1]
-22.011836020893888, 0.40950413429057564, 1.387055774776991, [0]
-20.64558215394887, 1.1683081539649076, 0.3249559895693328, [1]
-19.61144877140124, 0.7991611120702883, 1.243417742931489, [0]
-20.231679910774254, 0.6965578771504533, 1.4583030627442408, [0]
-19.808072811123537, 0.7730540222309696, 1.7137175351255551, [0]
-20.48087468013887, 0.5162105116178988, 0.30154081583753767, [1]
-19.826502255387936, 0.6202219345176517, 1.2961577463284923, [0]
-19.0339689684527, 0.5143992226877159, 0.7577081396540088, [0]
-20.159316357827734, 0.49716929169220725, 1.811272090973169, [0]
-18.931840350581233, 0.41688904179214537, 0.5110145743549988, [0]
-19.39645677614888, 0.6470980687726942, 1.382946684129025, [1]
-19.460076077427853, 0.7101086316558015, 0.7183740269471222, [0]
-20.32015961535599, 0.7863455071575653, 0.39203265578055213, [1]
-20.992088296569317, 0.6775481263531871, 0.9562900069064131, [0]
-19.467141264681057, 0.43505519120172126, 1.5217917392865226, [1]
-19.9276515713128, 0.5245560676179544, 1.1898959239021174, [0]
-18.54818457476618, 0.6175972632044725, 1.102547937905329, [0]
-19.67239342441975, 0.5015027460694285, 0.5838640585757996, [0]
-19.485173202701194, 0.8400635972528574, 1.8786105798659307, [0]
-19.654502530636986, 0.5886219403963427, 0.006752581017002379, [1]
-19.494360622098405, 0.5671586088655303, 1.2572622782692884, [0]
-19.18994583287428, 0.6786281842872282, 0.7294453393946245, [0]
-19.06138474697948, 0.4914567093850505, 1.2421185054189308, [0]
-19.773679897836427, 0.5785430636914305, 1.6537362510963212, [1]
-20.28042540938749, 0.4994842572422504, 1.6052197554273153, [0]
-19.245748350653358, 0.5911758397325467, 0.6593754999680457, [0]
-19.98759308166891, 0.6474121026547144, 1.3938699451461039, [0]
-18.24353392855569, 0.6300854257218814, 0.7439895676521144, [0]
-18.47295602989833, 0.5578964146161849, 0.7445921209198667, [1]
-19.668668982825853, 0.5769133539073756, 1.4253523320087038, [0]
-20.140042670154642, 0.3709662044953511, 1.314882473762335, [1]
-19.592896149441078, 0.48732756135772565, 0.8678521856592226, [0]
-18.658322954955736, 0.7726073080284042, 0.7535642197391901, [1]
-19.159574346339944, 0.70919705400929, 1.3102500901671723, [1]
-20.11749421036193, 0.7643500568673985, 1.591101449290757, [0]
-19.724614245952647, 0.5935581142342959, 1.5547922437744677, [0]
-18.608692129424263, 0.3387397248192528, 1.3132784238074529, [1]
-20.12061564894765, 0.8659917260721671, 1.680354216067684, [1]
-19.9819249957314, 0.680342301278937, 1.3335059896895545, [0]
-19.762383777845006, 0.5676771594607112, 1.3751582120295, [0]
-19.06689984881415, 0.5273570268512928, 0.7149773162314715, [0]
-20.114873792792515, 0.5760802947934325, 0.7143257178767161, [1]
-21.055421416521124, 0.423070436162965, 1.4986621422280733, [0]
-20.922355239095072, 0.742404376053294, 0.9316345782473501, [0]
-20.621859645067204, 0.5739989234550207, 0.30522451804244244, [0]
-18.32516412362641, 0.617261532746978, 1.3513920957758283, [0]
-19.751372496470832, 0.8567328522197395, 1.2582081061891996, [1]
-19.53727413489272, 0.592484355352259, 1.0025075074408198, [1]
-20.267884813233707, 0.7980171903936928, 1.2696644197567788, [0]
-19.062708125700524, 0.7150630870944282, 0.8947067133462746, [1]
-18.697045422003924, 0.4555758824629678, 0.9886068319274961, [0]
-19.864856837705858, 0.5095113315369687, 0.8082653462024441, [0]
-20.138869856422403, 0.4973152859542452, 0.9309376247832364, [0]
-19.306319311682238, 0.47333234748004427, 1.4441367641732101, [1]
-20.443275335180385, 0.11681892889337253, 1.104055953202369, [1]
-19.429881275382268, 0.6192629652234402, 1.1694896345173684, [0]
-19.29008878228236, 0.6447636565096806, 1.0267605650177734, [1]
-20.189404379942406, 0.5364955143262748, 0.8821410466159257, [1]
-18.955035696289045, 0.49812470668560827, 1.14397070125797, [0]
-19.683761204417422, 0.6797862160546686, 1.9600684726792204, [0]
-19.89971026337736, 0.4273894401897908, 0.645048107741848, [0]
-17.862773906298806, 0.6446735735169846, 0.917350202846179, [1]
-20.471276064519625, 0.8149701263039681, 0.7292085765082853, [0]
-20.189408971443253, 0.8619494377028714, 1.0223687179686114, [1]
-19.30502847361493, 0.6103776066870882, 0.30871309497554933, [1]
-20.020938945656095, 0.6946773642164424, 0.6081011275478361, [0]
-19.296073984003236, 0.7015817643187563, 1.7823227246507423, [0]
-20.33081252260958, 0.4852809929941342, 1.5433153431554754, [1]
-20.83883184425579, 1.330641392482472, -0.1336989361135837, [0]
-19.091682673627844, 0.9717336162111636, 0.977623621234855, [0]
-20.354832744414644, 0.9973019552656093, 0.6326696262853435, [1]
-18.04691325600698, 0.6438930561657943, 1.2636858231679697, [0]
-19.67481535987202, 0.4577769980977059, 1.4246484240681938, [0]
-20.152541228987005, 0.7591955256349878, 1.21917133703465, [1]
-19.70832263870624, 0.7191921806994339, 1.618097403444008, [0]
-21.326026329204037, 0.6702279648417196, 0.83968417980536, [1]
-19.655012491398214, 0.31109693139808864, 0.8672431328633777, [1]
-18.829968249910763, 1.103340000968542, 0.6567402568615435, [0]
-19.758076481141828, 0.6219790716367082, 0.8302914455413049, [1]
-19.77506764839117, 0.6450081487773098, 1.9172956279626274, [0]
-18.930121683713985, 0.28770438244638985, 1.0314346409241288, [1]
-20.644393126887127, 0.4892640316078741, 0.9624512628636893, [1]
-20.409052481735838, 0.865591095645276, 1.0657695967259295, [1]
-18.773718115458788, 0.43131591302325994, 1.385835945776074, [0]
-21.009044366159223, 0.21187387183911466, 1.129653648354469, [0]
-19.574192942192557, 0.5519481202929769, 0.7443822219986505, [1]
-19.310196003662035, 0.6185467528205253, 1.9169348571897902, [0]
-18.928567805126438, 0.7188769050483581, 1.1805360767760893, [0]
-19.42950115202925, 0.8535224092709804, 1.5950784337697774, [0]
-21.825129682323702, 0.9827143129826842, 1.1727985952103164, [1]
-18.813802850959473, 0.40565418344814486, 1.4759757641510767, [0]
-19.17615376175356, 0.6209335957208221, 0.9463692823296408, [1]
-19.541608440482605, 0.4616154997240905, 0.7835916958388623, [0]
-18.822757691624663, 0.6643375640423098, 0.6545397965784283, [0]
-19.764585128368513, 0.7421052165965132, 0.7982076966317933, [0]
-18.544435879884443, 0.5057723343934358, 1.8804715586395644, [1]
-19.57623742969504, 0.6465078705901566, 1.7628770198663433, [1]
-20.406965949819075, 0.5179898281911821, 1.6188302449774277, [0]
-20.023449124358212, 0.8402540317376783, 0.6286225032323292, [0]
-23.09618510644116, 0.715547286851447, 0.8562164396431837, [0]
-20.947594622554643, 0.5918294437830248, 0.7268100738464589, [1]
-19.97663931677182, 0.9111573283091372, 0.5597267504981023, [0]
-20.188841197472826, 1.0115786308985086, 0.8086527609792211, [1]
-21.08364907651765, 0.5684187533916367, 0.5369395834693277, [1]
-19.43218325178018, 0.7861782301474121, 1.3569489584759924, [0]
-18.529795157170412, 0.7774353139783841, 1.2052985940930148, [0]
-19.61109532273472, 0.7298443836948805, 1.8734560746617892, [1]
-19.10655936211792, 0.7065422800229952, 1.2479609696066234, [1]
-19.285454434507127, 0.8352646581888283, 1.716334629398469, [1]
-19.59374413506528, 1.044121078535491, 1.2115531144277134, [1]
-19.458630404858994, 0.8628949317159058, 0.9854720260770138, [1]
-19.83079196023313, 0.44190834940937895, 1.2295950502975863, [0]
-19.471295477323775, 0.4918586411022611, 1.4293015392912953, [1]
-20.04082244745601, 0.7114170971441073, 1.3910845727527132, [0]
-20.20105767859759, 0.5561584320330218, 0.5507350021426872, [1]
-20.643375093441573, 0.7914134622906006, 1.3218455329278849, [1]
-19.850113845309775, 0.955923240519814, 0.7232229185420914, [0]
-20.3507441818607, 0.7927592739861353, 0.8948180346811259, [0]
-20.30235264898242, 0.4993691902768628, 0.7910643191920339, [0]
-18.509824068866436, 0.3182132723274479, 1.4407593636883733, [1]
-18.08545602618964, 0.7605870310776702, 1.6305213443071318, [1]
-19.551372678266162, 0.7159690298610877, 0.6011215768985916, [1]
-19.746457734794046, 0.3256522361395592, 0.8566282165780574, [1]
-19.44720722153198, 0.807873994755743, 1.1653876412586648, [0]
-19.45091295195801, 0.37580250783712804, 0.6310976295997095, [1]
-20.010023162402803, 0.6300692994975363, 1.499986548077098, [1]
-19.020779356523658, 0.7963032953471201, 0.29307902468422814, [1]
-21.15533468723694, 0.5959950533780014, 1.2038645387402596, [1]
-18.846504247988996, 0.5849159513106313, 1.5762249407546935, [1]
-20.0561931658608, 0.6382608514325955, 1.527346831224097, [1]
-20.074145158687948, 0.6649714599872251, 0.6073628528903126, [0]
-19.45314611208627, 0.5507072213931182, 1.6019327066159168, [1]
-19.420404289382656, 0.6571869121180335, 0.9227233863028986, [1]
-20.4812777662907, 0.5879314316958795, 1.4936553132690338, [0]
-20.242088072369842, 0.6075161707445189, 1.2247637356711882, [1]
-19.872694324476857, 0.6264518659216144, 1.5742296700480471, [0]
-19.18283776750496, 0.952967375004333, 0.9409986151286791, [0]
-19.920020899690083, 0.5067175858726091, 1.104363277825648, [1]
-20.424986108733545, 0.8969991109507248, 0.5035716092290043, [0]
-18.993185470697792, 0.40197664799828925, 0.5457052731553027, [0]
-21.211077415861276, 0.7207248752198099, 1.615930835723297, [1]
-20.49614945447527, 0.4824131547643216, 1.129984087571474, [1]
-20.369256116888785, 0.5519892447819386, 1.8616071630205278, [1]
-18.70787047928421, 0.5675115470728108, 1.1919846705605612, [0]
-18.830843406740286, 0.8149147472772862, 0.8469813823442118, [0]
-20.277245329547046, 1.0364238147524794, 0.650001154090454, [0]
-18.669092908308677, 0.24966066995785585, 0.10498929964221282, [1]
-20.321013386462212, 0.4003468452375428, 1.2235706157362336, [1]
-20.229486450078838, 0.7601032367273293, 0.9840941703995947, [0]
-19.52837386692438, 0.6951712062197852, 0.9340017553659254, [0]
-19.57092802145391, 0.6178701449249419, 0.9786196620508896, [1]
-19.20469074264705, 0.5450607694812039, 0.8671834219266643, [0]
-19.063009557266277, 0.6039019772910671, 1.0799035448253944, [1]
-22.051434230029738, 0.6898695408167778, 1.602525214022745, [0]
-19.124172784145063, -0.12964601895747177, -0.17346756157911303, [1]
-20.815946553979547, 0.8541192418817477, 0.21046858616534786, [1]
-20.268170781355856, 0.5318917039499137, 2.026133577354669, [0]
-19.938937205634932, 0.6714995218540614, 1.1574240908640414, [0]
-19.919679762915845, 0.6939004498193642, 0.9880225426438697, [1]
-18.5871723329224, 0.5697193349202747, 1.6582896626359012, [1]
-19.713070313645407, 0.5996549359492389, 1.4147306580417576, [1]
-19.091630840567532, 0.5425366297758452, 1.1781411799150938, [1]
-20.243608601357202, 0.9718284779792448, 1.0113774911500506, [0]
-19.553610299756645, 0.6643861659239272, 0.8475912423522185, [1]
-19.616828093973727, 0.7336630746696763, 1.0155659241641852, [1]
-20.15845364712859, 0.4470469738661824, 0.8045922774530294, [1]
-19.699145317276137, 0.4149726096426649, 0.817334902463396, [0]
-19.105731952644856, 0.5691432387335938, 0.9256658597463738, [0]
-20.228054540952794, 0.825460480778243, 0.815063004999645, [0]
-19.709808829952873, 0.7422572071498222, 1.4218075380565305, [1]
-20.6311309710023, 0.39598945065815616, 1.1423535944598149, [1]
-18.857427153951296, 0.6024102359161485, 1.0926581756486513, [0]
-19.66703400272838, 0.3443228826621182, 1.1004369930439057, [0]
-19.598530083422503, -0.21868131587441808, -0.14604035520230252, [0]
-20.342442772512914, 0.3254656881253161, 0.9047548102054421, [1]
-19.684720861570433, 0.727971634791547, 1.3901493059160912, [0]
-20.098764388469736, 0.7092618933797076, 0.6255976875837468, [0]
-19.379357391773947, 0.3460430297545505, 0.5379409359585959, [1]
-20.000116270321552, 0.9089560929931365, 1.455924526559142, [1]
-19.428490652328346, 0.5810986601759289, 1.233795244097609, [0]
-20.6577353981018, 0.502065784302065, 1.343249841089451, [0]
-18.553126611216214, 0.615757823214824, 1.3069938936297434, [0]
-19.14399816833472, 0.8323741664064069, 1.3573739709183448, [1]
-18.09575816873725, 0.43525072070856363, 1.2010656659154215, [0]
-21.807526929597245, 0.3916573959596391, 1.6468982310677573, [1]
-19.870411616367058, 0.502890823050367, 1.2477291382921452, [0]
-20.708757683233177, 1.4792629541814228, 0.21258913024910486, [1]
-19.606835795911728, 0.7364785688632014, 1.720253058293156, [1]
-20.486210600127013, 0.44682582253195, 1.1043528219936243, [0]
-19.133957538103125, 0.6223042678976058, 1.2507396416124412, [0]
-19.753623675879126, 0.4691714915709612, 1.7428627959856777, [0]
-19.40526933335664, 0.7436569388069569, 0.6467463966457347, [0]
-21.159985877585907, 0.8524940987403479, 1.0491830663626174, [1]
-19.628391014113696, 0.8364415353277309, 0.9949564949982155, [0]
-19.281724937036085, 0.6242251061537442, 1.0232035850323575, [1]
-20.778457503409655, 0.1079975195645978, 0.0683068080773428, [0]
-19.517191738689895, 0.11319071549561655, 0.5614827246427424, [0]
-19.701474397516577, 0.6919837151485513, 1.581111785112033, [1]
-18.083712618392017, 0.7296600579885228, 1.2267694838066585, [1]
-19.491030899114715, 0.6957596634336392, 1.1000542935238746, [1]
-20.76601922275536, 0.7487306286877855, 0.9949792709229328, [1]
-19.03364162074665, 0.6488411366203113, 1.247856484424033, [0]
-18.829182280925213, 0.9414146054342605, 0.21470337260015054, [1]
-21.01216361665428, 1.0104153442401518, 1.4080032126350766, [1]
-18.77639468173509, 0.5210549113505554, 0.814425273322166, [0]
-20.76246410060021, 0.29053007853475404, 0.5423351643156584, [0]
-19.993278033589093, 0.9028292811126652, 0.7641894801970563, [0]
-19.708535289717474, 0.8738700943310225, 0.0680246703768777, [1]
-19.240520545652377, 0.5157877454965444, 0.9931220181305608, [1]
-21.23540005986645, 0.7584950219588917, 1.3831892618420634, [0]
-18.647626018900517, 0.4918021597333551, 1.354200539423208, [0]
-19.221453694642125, 0.7122908709859544, 0.7868137903855676, [1]
-20.069772020792396, 0.5890187675267043, 1.07954680565883, [0]
-19.119436584785518, 0.8731830950902639, 1.122092254755496, [1]
-21.77570450919714, 0.5771165715840342, 0.16854145888559768, [0]
-18.919448328491907, 0.5545725865290372, 0.6838138950190245, [0]
-18.778296664345813, 0.5974281789243667, -0.03542595824662806, [1]
-19.02036033865019, 0.6882025701962652, 1.1236921636429709, [1]
-19.649502961073715, 0.5331518539590487, 1.870932204895023, [0]
-19.743119084825167, 0.4553666576281615, 1.0558693330713484, [1]
-18.964101818328857, 0.6328666029859233, 1.2930125674921857, [1]
-20.909691560326902, 0.5599736275701441, 1.019768729152978, [0]
-19.064846177081883, 0.6943669605512826, 0.9705435092323573, [0]
-18.769653996326046, 0.5648838917859109, 1.1345792547221814, [0]
-19.476970168933082, 0.625334331432554, 0.2684452903962655, [1]
-19.87446150496623, 0.46288839588630915, 1.6578258875809941, [0]
-20.152433171625802, 0.6580969623996585, 1.4282019162574473, [0]
-20.710226966227594, 0.6639157863518688, 1.3824606480903645, [0]
-20.542100234841755, 0.46596893064088984, 1.3900815089105458, [0]
-19.949013923199384, 0.6488606254991369, 0.8890834406693457, [1]
-19.141184902971826, 0.669213193406447, 1.275622835081231, [0]
-19.980039692316588, 0.7016274251882426, 1.4405559304287283, [1]
-20.89531204569948, 0.6943408197666032, 0.7781820265299196, [1]
-21.267376780818864, 0.2030057577088869, 0.04603693250706459, [0]
-20.196110201835353, 0.9116014886144375, 1.4447757566471615, [1]
-19.508593175627556, 0.5087678140498119, 0.9139083570477416, [0]
-18.777114110630986, 0.8163516909388011, 0.777512456701924, [1]
-18.676995526796834, 0.6211300829610806, 0.8141768314368156, [1]
-20.29524117474101, 0.37794005488488414, 1.1239602626804024, [1]
-21.273418723825237, 0.6085239640427167, 0.9419417602478655, [1]
-18.556085471886547, 1.0014188893849927, 1.0665655643561354, [1]
-19.209957271894165, 1.6010000558244177, 0.7100622610329757, [1]
-19.907134502140604, 0.47062586545398455, 0.640677922254756, [0]
-19.795380005945525, 0.6608113966575789, 1.2456768785802659, [1]
-20.448884649130147, 0.533468537252497, 1.16713257637382, [0]
-19.549192025669374, 0.682210517473262, 0.4050056123606543, [0]
-19.670548848656388, 0.6909300660092761, 1.9156713516302313, [0]
-19.448229232852334, 0.33132834113522835, 1.5453530224476062, [1]
-21.296507074591958, 0.3125740073215121, 0.8814851769899692, [1]
-18.334569609930384, 0.5909900762353649, 1.0948049040073737, [1]
-19.737584102823487, 0.8425086062549293, 1.9872252333793587, [1]
-18.753458617305405, 0.6714335303812689, 1.7576137988183869, [1]
-20.91680434310009, 0.49147056068917905, 1.388892150618143, [0]
-19.2962800992021, 0.8686599073665512, 0.8078246934175655, [0]
-20.505272533591498, 0.6662435841023515, 0.011470569881275927, [1]
-19.596551258091733, 0.720485081068552, 1.0063479191137192, [1]
-20.631094048852376, 0.5966562616575086, 1.2077085372627894, [1]
-19.348901833358756, 0.8357953293791165, 0.5252236200471925, [0]
-19.55054711425648, 0.6767543433243687, 0.7547178581300709, [0]
-19.182932329481133, 0.7941863776835857, 1.0546356264946002, [1]
-19.96906179289357, 1.112108328023775, 1.517549428350394, [1]
-19.273262153681774, 0.5704398809212732, 1.4896132026293913, [1]
-18.902478693662403, 0.7733827360903901, 1.0978606665432997, [0]
-19.278217313657148, 0.37633747837355397, 1.1972744631770054, [1]
-18.836599336471075, 0.3924881074520388, 1.1131268948381439, [0]
-19.987501637950714, 0.4881480037951386, 1.4575386059126139, [1]
-19.28031986600533, 0.772037876013191, 1.2700296956796886, [0]
-21.67392942932344, 0.13099917902720004, 0.35220485636730525, [0]
-19.282792452220615, 0.7543417619582518, 1.6640374775629245, [1]
-20.304044099331115, 0.7712499044758809, 0.8840661121646324, [0]
-21.147875235867765, 0.6991708552066176, 1.1816007588550954, [0]
-19.631489357124465, 0.9441230622238952, 0.6103681110380396, [1]
-19.2321319025175, 0.6550225003683605, 1.8461894711883093, [1]
-20.77150218221175, 0.6504768655705123, 0.9431804304769885, [1]
-19.153394782625018, 0.758419652514012, 1.742345181754437, [0]
-20.043812253441722, 0.6695148408637516, 1.0442026769304138, [1]
-20.36959010329257, 0.5517217204309642, 1.3811672864069189, [1]
-18.66557290538326, 0.5935793872925055, 1.3781722780976247, [1]
-19.03150900975911, 0.6494643368684619, 1.0690509283528054, [0]
-19.67866219048088, 0.25466976401645036, 1.6370304721774442, [0]
-19.78120620256729, 0.41400868047394496, 0.7483976768825263, [1]
-19.87550187385797, 0.6876321039850377, 1.7830246894637698, [1]
-19.706239480229655, 0.6330175133464574, 1.2997813644265444, [1]
-19.306693181240398, 0.5790717796847225, 1.465218948239622, [1]
-19.5466673151748, 0.3684197285797581, 0.9790247088377542, [1]
-19.232159550260974, 0.6489951176078831, 1.5332334268900438, [1]
-18.701976524784268, 0.5214890323327998, 1.0241501807920124, [0]
-20.084667076944918, 0.8212767376848945, 1.1333484700106875, [1]
-19.126036350124124, 0.47675003471431293, 0.7238654429164888, [0]
-18.973861951100933, 0.8519201132067451, 0.911642199826522, [0]
-18.88478476629501, 0.29094749213314053, 0.9953017176412917, [0]
-19.790644690739104, 0.4123753621049612, 1.5265114545296372, [1]
-19.144860460787392, 1.0240930870367215, 1.1307479652815076, [1]
-19.050671014377105, 0.34790498422599436, 1.48381574444246, [0]
-18.80029002484235, 0.601946280745494, 0.511097462713999, [1]
-21.068931765119718, 0.8148262104237431, 0.7463823054760788, [1]
-19.631755286349165, 0.9226639188928178, 1.0421343948955029, [1]
-19.702348431103566, 0.2988642005503114, 0.8096670937161128, [1]
-19.867180205067516, 0.5052567381462444, 0.9110624576522691, [0]
-20.017485069800596, 0.6875178141369687, 2.084052371071573, [1]
-19.108822798561118, 0.6487353033371492, 1.854169061290682, [0]
-19.372413684332077, 0.6144504462173652, 0.3048798802577367, [0]
-21.081128847650724, 0.3732044870953387, 0.46527151336553696, [0]
-19.316551301752888, 0.5163849822826305, 1.16411429968009, [1]
-19.6479858095306, 0.6329542637850288, 1.6821353602366442, [1]
-21.099928444245165, 0.4931625030866841, 1.6103149255822538, [0]
-19.842954561127247, 0.5083090156402943, 1.0327726445677639, [0]
-20.19610026108666, 0.5849899835342391, 1.5600435016895267, [0]
-20.29469130422257, 0.15531922465535597, 0.5594848610448554, [0]
-19.372434041534905, 0.5290499071742905, 1.6024776355090928, [0]
-19.44185559244148, 0.7007179042487244, 1.6118465453819064, [1]
-21.794831726749734, 0.729210875779229, 1.4489184422595867, [1]
-19.4189732166734, 0.7536773967948845, 1.1506002753634563, [0]
-19.671918097036766, 0.6925632642624975, 1.4621223362273266, [1]
-20.17521733212055, 0.6838297863694892, 1.2777009126676344, [1]
-18.266407633583825, 0.6600113977892774, 1.1536552956488038, [1]
-18.512634595738202, 0.49585550587194993, 0.9231345703599071, [0]
-20.694476448944318, 0.5226310009885787, 1.4352032090907743, [0]
-19.34548189564535, 0.9159657584386349, 1.2640403961750901, [1]
-19.39808817309378, 0.5276620695445621, 2.0373633174163768, [1]
-19.85527028429566, 0.6867913403131152, 1.3225768908483906, [0]
-19.536492014942652, 0.33603391845351405, 1.1754302420764282, [1]
-19.431733532680173, 0.4579372045379592, 1.4421912029586197, [1]
-21.16261653605366, 0.6338416624880876, 1.1213630230297793, [1]
-20.315170558270026, 0.6471756563418752, 0.9836456862002694, [1]
-18.920638830843952, 0.7793291545755117, 1.0666029448532428, [0]
-19.578469100460726, 0.6734338899616882, 1.026326625954474, [0]
-20.222732406321086, 0.5233268654558114, 1.66118302645021, [1]
-20.76082665970417, 0.7079024091708752, 1.345989587768255, [1]
-19.363420715562775, 0.737740965630686, 0.5251379392578838, [0]
-19.54431813215829, 0.41641684132751394, 1.6709726191787424, [0]
-20.5176286238715, 0.5908623965409405, 1.8024640949839037, [0]
-18.839278206915615, 0.7587712019356907, 1.4985885145548048, [0]
-18.9068140139794, 0.4103315835974328, 0.9086384499040898, [1]
-21.306871038386195, 0.9028961800245927, 1.5835778969857934, [1]
-19.513593141305613, 0.4903383910172258, 1.2798178182751863, [1]
-19.93368399731396, 0.8186765396414413, 1.6181614944683353, [1]
-19.76176745690185, 0.9047572340135182, 1.579144587493909, [1]
-19.055487013094456, 0.5043240043287806, 0.6170111847322596, [1]
-19.654659732836677, 0.7367930851332923, 1.1536304767807821, [0]
-19.463608568796737, 0.4545819141290012, -0.25326552180556394, [1]
-19.831189461176784, 0.4868292958615686, 1.2354604884127738, [0]
-18.890534076403483, 0.8548135276612294, 1.2433206387842723, [1]
-18.74967155019966, 0.45625759518983083, 0.8124738143747426, [0]
-18.690292498438932, 0.6976409786410537, 1.06970219308613, [0]
-19.85161553393003, 0.9632625666297027, 0.9641683385233784, [1]
-19.28403600028165, 1.0349586851204111, 1.2665656931182974, [1]
-19.235583737115007, 0.6062139614670577, 1.3988075837075098, [0]
-19.622755370898094, 0.7047856969868639, 1.138870648098373, [1]
-20.16487544759503, 0.7622116870329708, 1.2291868068696852, [1]
-19.811284579298412, 0.7507649464326689, 0.8695761879136433, [0]
-18.77191683845461, 0.548481824991382, 1.2624973581944823, [1]
-19.15439908959317, 0.4380105773019024, 1.4545180124393076, [0]
-18.17838411534858, 0.677468043684455, 1.523720158004778, [1]
-18.955290631798945, 0.5167333268063914, 1.2157619125931742, [0]
-19.63729991091221, 0.6424902314756982, 1.0332254375857746, [1]
-19.831307017024983, 0.5522597707646485, 1.3550580305318936, [0]
-19.665104202710662, 0.648404079763879, 0.728955323086129, [0]
-19.10262863864117, 0.7757631994650444, -0.23710226845108962, [0]
-19.289214818083767, 0.7372931250228706, 1.7494555393984506, [1]
-19.301023898881667, 0.42066910551932185, 1.4159761227820078, [0]
-21.161284549143232, 0.3815562135452071, 1.0440984308169554, [0]
-19.344485646534164, 0.5748783550931302, 1.1421264389091044, [0]
-17.974559442026486, 0.56510837144752, 0.5246273873946217, [1]
-19.87879609801419, 0.6949047054716394, 1.2969688739560539, [1]
-19.669971263654432, 0.5906928257352873, 0.8589639102373938, [0]
-20.85861106075991, 0.8939142456221101, 1.6977057957200339, [0]
-19.45258326249647, 0.7431218302687367, 0.33297596735857315, [1]
-21.36533056506627, 0.8033970699800956, 0.8188599689481184, [0]
-19.345357578888592, 0.868953152854886, 0.8712048436475559, [1]
-19.640064804355617, 0.9081735923857459, 1.1202293069579736, [1]
-18.843290778099444, 0.4502611306239078, 1.2083627709756408, [0]
-18.35698989828404, 0.009700353845083373, 0.36955934587416217, [1]
-19.487633075057968, 0.6191454983375527, 0.9552834834682911, [1]
-19.46105465493065, 0.47512722250640715, 0.794512677716178, [1]
-20.14016913115457, 0.9636955506012583, 0.5760659918495448, [1]
-19.564348053838575, 0.6287790133342449, 0.9913650797682225, [0]
-21.0606365930975, 0.6327748147098906, 1.4213349529547155, [0]
-19.43777074070712, 0.47632920007952106, 1.6619195826436526, [0]
-19.6839863827226, 0.6881634713674532, 1.383343288284972, [1]
-19.68202629281541, 0.7289838688916018, 1.569523857020784, [0]
-20.40615212253545, 0.5849345186475816, 1.0855001380072196, [1]
-19.75063919808074, 0.8908864170344398, 1.2794800063292477, [1]
-19.574372573436236, 0.5083473441060562, 0.6612139022828096, [0]
-18.55980761223636, 0.7261499971613468, 1.5474894467368678, [1]
-19.176609366416848, 0.6214573413055707, 0.6856247956229875, [0]
-20.821237321691573, 0.5934836090919057, 0.8810968721306578, [1]
-18.545983029343414, 0.5617268644661045, 1.1007377193004406, [1]
-19.881369925165032, 0.7583102166243196, 1.3104071467428486, [1]
-18.367451401334556, 0.37491238764828994, 0.41194491469669237, [1]
-19.547024676253187, 0.3201276327019383, 1.1748869714548698, [0]
-21.39031304739468, 0.6824319319583261, 1.7294565165610305, [0]
-18.26534243267326, 0.820988825768169, 1.3104626405707336, [0]
-20.07416461486605, 0.6946463339629071, 1.466530822774818, [1]
-20.6854606747372, 0.21822059851106773, 0.1400404903626361, [0]
-19.355278100008007, 1.0669390623644033, 0.7481886601292582, [0]
-19.627075523556, 0.7568979269835046, 1.9118618116962818, [0]
-20.86445113969379, 0.6506481365707975, 1.151863806512511, [0]
-19.368579991011455, 0.5553245364221108, 1.6228087519840988, [1]
-20.126935151309542, 1.0292465947734237, 1.0716107441330383, [1]
-19.484612718504554, 0.07282571206715471, 0.6237584659887739, [1]
-19.890757173929263, 0.936351595040633, 1.0599426844665034, [1]
-21.90996765114824, 0.7523714346041771, 0.2415186508114488, [0]
-21.067535302500172, 0.9166228012052725, 1.2487486791725149, [1]
-19.868970287671043, 0.7023876505485733, 1.3318729107852314, [0]
-19.89871458851743, 0.44922103904365934, 0.2743618714861908, [0]
-19.36849097256235, 0.9136783719173456, 1.1926239486879449, [1]
-19.803936054381953, 0.9166791919860153, 0.9490638712825606, [1]
-19.220077328776284, 0.3597107741700695, 1.2804872059573809, [1]
-19.23848938385538, 0.35484251081829404, 0.7694544788873436, [1]
-19.49024287670519, 0.9428297729822325, 0.11220617755085274, [0]
-20.504973342008956, 0.29993476655683216, 1.3124908590683289, [0]
-18.563480092230595, 0.34596785248369694, 1.1014413824549956, [1]
-20.331467645204206, 0.6027952154439217, 0.7516776415539436, [0]
-19.15435645779832, 0.4850735014955876, 1.4448426386323474, [0]
-18.58837758245817, 0.5004413501337979, 0.9434264839120022, [1]
-19.363536956468362, 0.8189778615915562, 1.4103280048381466, [1]
-20.501854344577485, 0.20846038804456246, 1.0536577706222592, [0]
-19.801539820548093, 0.7143588438999882, 0.9671513351239749, [0]
-19.00459520368415, 0.5719968031076892, 0.6412029474812797, [0]
-19.92073213479707, 1.3675363493726422, 0.7521136548869884, [0]
-19.33824727746227, 1.1857647351026281, 1.024990835497567, [1]
-19.770064780536043, 0.9331988533705261, 1.1131557197195268, [0]
-19.79207603838088, 0.6614446649192558, 0.9625239204403971, [0]
-20.06826792887078, 0.6385311870637829, 1.651540339789707, [1]
-20.369318084430326, 0.5521145903055851, 1.6109642905734343, [0]
-18.72487018061545, 0.48913858619457395, 1.5694413144719044, [0]
-18.9641292011791, 0.8263060914984892, 0.17633185953262698, [1]
-20.277011024515794, 0.3444189188898738, 0.507210620218377, [1]
-19.915798574597453, 0.45439527635813054, 1.0499119449776702, [1]
-20.241062478033925, 0.542823704415313, 1.3211572007086105, [0]
-20.661938969913074, 0.5953194718235044, 1.4416531069837843, [1]
-19.16682270197246, 0.5445404633086325, 1.0972953490812216, [1]
-19.985778511463508, 0.8594249507022624, 0.5008632569715631, [1]
-20.76651301643937, 0.5174636744161241, 0.6774830571027655, [1]
-19.455388035941837, 0.7251744950847437, 0.7618907665405514, [0]
-19.34126349632204, 0.9419493563087185, 1.35771700306104, [0]
-20.098501703233012, 0.5707499471487791, 1.2570560734268805, [0]
-19.352537304780974, 0.6587019176956987, 0.8296611403875147, [0]
-20.060066377525864, 0.7270008212869001, 0.8307207711587916, [1]
-20.387523042276158, 0.6572539551376146, 1.7216469030279145, [0]
-20.324509035443988, 0.2511034660254079, 0.7268135048599732, [1]
-19.188147245648814, 0.9973414202805557, 0.4436810699920978, [1]
-21.20772755475039, 0.7531793015376713, 0.6257034544139742, [1]
-18.98591563327032, 0.5167861449356802, 1.7879917581100504, [0]
-18.342211296614675, 0.5134367668143645, 0.1994860337644132, [0]
-19.488563292892934, 0.6658917603645015, 1.2188651826660521, [1]
-19.248982566541503, 0.6191780176136293, 0.4050853448120726, [0]
-19.00662446344209, 0.34721135648027573, 1.519100808829203, [1]
-19.14563820288863, 0.519419129946812, 1.1204862303966727, [1]
-19.087096307702403, 0.4443399094196717, 0.47463118124970016, [1]
-19.259264583002686, 0.5721394209679471, 0.9371204374664595, [0]
-20.556508512615036, 0.6535353993562194, 1.3721215253865826, [1]
-18.530576612338322, 0.5111573411382287, 0.46502011014452455, [0]
-20.305766638095893, 0.3682901129881173, 0.819877475898326, [0]
-21.745770011203238, 0.8491692726137325, 0.2670348677139691, [0]
-19.844278544256866, 0.4549145309266391, 0.5429077128478537, [1]
-20.296339366764073, 0.23826329023947468, 1.0040330718342094, [0]
-19.37738274930984, 0.7720945386906275, 1.092462648454508, [1]
-19.245655036675934, 0.7788057875264947, 0.9644888162959876, [1]
-21.627280622411554, 0.6357243326204048, 1.2437582595579844, [1]
-21.26021609884797, 0.6688608107316457, 1.3635413837888857, [0]
-19.986787668056728, 0.14705502226907108, 0.6878388954091833, [0]
-19.38287006684189, 0.5989438715615414, 0.29722708774436724, [0]
-20.007639938986355, 0.6700257837157314, 1.0389587735097647, [1]
-18.706364055953316, 0.628789489763844, 0.8289710230361282, [0]
-20.250140650162997, 0.47078275883940807, 1.0915057565755586, [0]
-19.374336501203494, 0.5612968050012122, 1.1828902659686502, [1]
-19.23561905165688, 1.1948134452145733, -0.14859720608545746, [1]
-19.390079974420647, 0.6860705599455977, 0.8647783417702553, [0]
-19.954109818632794, 0.5225219888912429, 0.5864411601613172, [1]
-18.654668749977347, 0.5208749900129588, 0.26870143895083765, [1]
-19.551399452873444, 0.870636568447346, 0.9108370267057929, [0]
-18.636541446009886, 0.4317469724152538, 1.1259304647059, [1]
-19.950922548508867, 0.49442571356042897, 0.923662146547535, [0]
-20.318585840386902, 0.35778618578787313, 1.062514970011656, [0]
-21.843048449285053, 0.09637673339503439, 0.6781704502299228, [1]
-19.008659438482166, 0.8293441609818335, 1.2799846124723127, [1]
-20.368972001008764, 0.8111558757586487, 1.705568205353553, [0]
-21.63517254864029, 0.608915705519488, 1.5205112951446909, [0]
-20.734266575689755, 0.2698308162992209, 0.4104539997187328, [1]
-19.769730364714, 0.8500559269376629, 0.8496704103627656, [1]
-20.28840365593963, 0.5298898621000093, 1.3856750931497666, [0]
-21.013855238322655, 0.5522724494663572, 1.1975641672066204, [0]
-19.318529736635853, 0.30616461317600746, 0.8577733214408554, [0]
-18.982029351275905, -0.010067578505281505, 0.850047129756428, [1]
-20.12667772926243, 0.5909327551928892, 0.81206211988946, [1]
-19.77898502095826, 0.5089783749165822, 1.2283508762144568, [1]
-20.0645940730792, 0.5526661831377131, 1.5017181069251453, [0]
-18.39112124258776, -0.07074115843958595, 0.49933846773756685, [0]
-19.969388111772723, 0.6989640398416624, 1.8186438611871358, [0]
-20.263859633665497, 0.423303132578843, 0.8359213579916946, [0]
-19.744028383161933, 0.6382013409623214, 0.7149680531115973, [0]
-18.942778154182367, 0.7126609463381628, 1.7128487847287248, [0]
-21.35211548992302, 0.7834636155951342, 0.7762023913155311, [0]
-20.012935422733385, 0.35606610416170437, 0.6474149050684317, [1]
-18.753753112202414, 0.8550270320303976, 1.0456209375435392, [1]
-19.95362541074976, 0.5048244186150233, 1.086418486456563, [1]
-19.11541586690379, 0.12872477837125473, 0.5816378353477623, [0]
-19.274074691832606, 0.5654262126606587, 2.0895324178688126, [0]
-18.9245451290076, 0.6609670366843995, 1.226790747723057, [1]
-18.719605510340728, 0.718140559707594, 0.8038934993538525, [1]
-20.1669799438993, 0.7095849917187591, 0.6574438473073453, [1]
-19.840584838018287, 0.7461197658044498, 0.8104366536805281, [0]
-19.669229662608483, 0.7159782370616478, 1.6583323894534403, [1]
-19.430454959165168, 0.7131070438412166, 1.1314640240787748, [1]
-19.12554207751958, 0.7681891948526646, -0.2744814981254535, [1]
-20.1927216338369, 0.3957858597649868, 1.8565865095725196, [1]
-18.43907550586891, 0.5417091786233662, 1.4208161394598253, [1]
-20.161014838133983, 0.22673181998027225, 1.114214963463275, [0]
-18.995643429262064, 0.7813363811335211, 1.5672107688007428, [0]
-19.328891603273433, 0.7181739036045046, 1.4170012831969876, [0]
-19.98192626362758, 0.24488275257527947, 1.0686510945675016, [1]
-20.88368576793225, 0.6193278012676648, 1.269812717940407, [0]
-19.611648934475387, 0.2206009632985464, 0.8332399134156077, [0]
-20.19167797434199, 0.5823531987025412, 1.3964753506404841, [1]
-20.13301813356903, 0.6116097622426245, 0.895629541579211, [0]
-20.563630413946424, 0.3795637156107299, 0.7108594435260545, [1]
-18.76327187823695, 0.5510291941863914, 1.3896803378611264, [1]
-19.084002570945184, 0.9898096966304688, 0.3319647640796919, [1]
-20.20438772144399, 0.4900680135113123, 1.7781839567155138, [0]
-19.45388123062426, 0.8435932969314273, 0.8299420925599982, [0]
-19.780241192619158, 0.8318746427155811, 1.194907668611077, [1]
-19.185860395011137, 0.3667530501652775, 0.7370114730981261, [1]
-19.100483585400493, 0.6270045704523843, 1.246733282870529, [0]
-19.248268072290934, 0.6600739365541637, 1.5227520313260223, [0]
-21.507449494729755, 0.30945353220293625, 1.5387659150805684, [1]
-19.426111482026823, 0.46092835663199805, 1.5243243196586325, [1]
-19.55931013072779, 0.5468210334896898, 1.487497487765298, [1]
-20.8478998902604, 0.8702604882006544, 0.7495857114573911, [1]
-19.14806709481715, 0.33452616481341296, 0.707466217426563, [1]
-19.267607292838324, 1.0603114910840992, 0.9013980042565751, [0]
-20.939114883410916, 0.9126344362166737, 1.2488429788632596, [1]
-20.71146598259181, 0.4677515875879873, 1.2950560229557107, [0]
-20.00609082774946, 0.8587484405492288, 1.1406662926121487, [1]
-19.59283918675182, 0.7352601249373455, 1.3261731461600044, [1]
-20.978368513698857, 0.821776004462, 0.941052890480465, [1]
-19.419523555057683, 0.7996205524958133, 1.667540698732642, [0]
-20.416168672829997, 0.5673426167570288, 1.1071654684622612, [1]
-20.703454570114577, 0.7545180925618283, 1.6821713493673007, [0]
-20.583499933145912, 0.6316784405738878, 1.1342919027032452, [0]
-18.79415798217791, 0.342319817391719, 0.3830046861673059, [0]
-22.049698716060902, 0.44866877900190627, 1.549274363146632, [0]
-19.097264778479804, 0.5343033975935602, 0.9710431407948878, [1]
-19.376332700606614, 0.6131818179847708, 1.8287975534986396, [1]
-20.919130075178767, 0.8876929619863597, 1.347127786219656, [0]
-20.65876463704814, 0.8632925869576294, 1.386839564414794, [1]
-20.872229694809693, 0.17565312242109607, 1.1863897232347413, [1]
-19.895702532353475, 0.7235992823022777, 0.7848536863007036, [1]
-21.278823297527552, 0.4202155551499468, 1.387812567323902, [1]
-19.96793188596815, 0.20310686340816683, 1.404873948146714, [1]
-20.14299600885612, 0.3425396298133023, 1.3627918960046081, [0]
-20.544463294679606, 0.5071959112227975, 0.503815341589947, [0]
-19.818493969236055, 0.4772513255700632, 0.3945092116928515, [1]
-19.382318341391805, 0.700385692505398, 0.763004481187533, [1]
-20.758159374856206, 0.5596091304622669, 1.596241532099507, [0]
-20.367853288847332, 0.7301439504231347, 1.893749243291502, [1]
-20.048604610499332, 0.6113928790691363, 1.822836184536469, [1]
-20.184238756180555, 0.7399472793532149, 1.0211221237336567, [0]
-21.720705072054102, 0.6059872492407309, 0.8940864468618732, [1]
-19.75640201295452, 0.8329670802101126, 0.4655823964498277, [0]
-19.20593240724925, 0.6718842079079717, 0.42416034936137925, [0]
-19.336994258820017, 0.47284247612254693, 1.225610429984513, [1]
-19.314423030643674, 0.6581353212962993, 0.29601902799628876, [1]
-20.116823744278, 0.41501143277930713, 1.0801938519211012, [1]
-18.496936252446794, 0.9148842606967587, 0.4333771461675333, [1]
-19.02299780560115, 0.4439890789459472, 0.13168008758033056, [1]
-20.604049504407904, 0.4873036427493147, 0.953061698785967, [0]
-18.760436379019602, 0.8574863811405907, 0.9119881002193314, [0]
-19.787728785351767, 0.8408686189874046, 0.398642575005673, [1]
-20.109584085657733, 0.5184633315726626, 1.0364269078805957, [1]
-20.14154311744469, 0.7229543378447546, 0.5059189286269521, [1]
-19.768020989142936, 0.7024295236384723, 0.7525236966778798, [1]
-20.02150965847859, 0.48579205858069485, 1.1714654690203774, [0]
-20.82913534785314, 0.6071772686237534, 1.4824740244040098, [0]
-19.76852195560742, 0.38414632093494866, 0.6701428225306572, [1]
-19.494228042480692, 0.856594103897991, 0.9963780822236423, [0]
-20.106821831413132, 0.7224194288042795, 1.4211350281226491, [1]
-19.71723940277493, 0.5316165326478366, 1.7058993415513686, [0]
-20.294694675698377, 0.5854586177705847, 1.510502015914269, [0]
-20.699975387445143, 0.6245704442558301, 0.033357068614976226, [0]
-19.556164304984815, 0.798176903566899, 1.4156073113026433, [1]
-19.79736841628413, 0.608040941306941, 0.8527242179870334, [0]
-20.208638547141472, 0.3747625829420343, 0.4978216609116714, [1]
-19.244572300620252, 0.5985075324630171, 0.2246967011140274, [0]
-20.45159237062064, 0.8486035936163704, -0.3755830535279171, [1]
-19.337962402616963, 0.9054905350583694, 0.863324886266048, [0]
-20.176206110420456, 1.1252809300174218, -0.008188107953391761, [0]
-19.3404234655849, 0.22008694483823438, 0.6521637814494191, [0]
-19.5151571887557, 0.5797317515767945, 1.157267088323481, [0]
-20.492366702718368, 0.9123681423651475, 0.9214657868964176, [0]
-18.831411149364246, 0.5592686612218376, 1.3653571884961835, [1]
-20.741622631310864, 0.5839042430849645, 1.804459184688373, [1]
-19.22909406815136, 0.9140550468669418, 0.9168370470289499, [0]
-18.860392486982462, 0.48414795627519025, 1.240258258856098, [0]
-19.6517152912369, 0.8810229574978228, 1.0403488747102059, [0]
-19.358655771064406, 0.792595911704583, 1.4443502165282451, [0]
-20.686276393399385, 0.9948060064529919, 1.2028120893956715, [0]
-19.12658822220103, 1.0839791270867267, 0.5328590292199232, [1]
-19.46402691389422, 0.8261888526801268, 0.9053389685320952, [0]
-19.69751959922442, 0.7658888984730098, 0.6165131233428582, [0]
-18.815904303620496, 0.7413410806815801, 1.5363560897908728, [0]
-19.348815153852378, 0.7673712528991655, 1.66322349564, [1]
-21.077901587322163, 0.5609593087238866, 1.0023996121373018, [0]
-19.942798607943438, 0.5290801603961865, 1.4851110627373916, [0]
-20.156080204182835, 0.4872023752560989, 0.4867240931702922, [0]
-19.817532348730207, 0.965410571112858, 1.397276832802206, [1]
-20.19979256737738, 0.7691933646926898, 1.4562527770636615, [0]
-20.787289817341666, 0.41039374297735337, 0.5683035747350709, [1]
-19.412437643306284, 0.48610600527465686, 1.0461678102821272, [1]
-20.870962452825456, 0.6599993783941482, 0.4943377358244785, [1]
-19.463903582999183, 0.49023721352282745, 0.9055243977545253, [0]
-20.863003327307872, 0.45180939265328296, 1.3748851486011657, [0]
-20.591345017789106, 0.8320547501866333, 1.4531943128323692, [0]
-18.89943870936612, 0.6533259972624241, 1.7428948506160986, [0]
-19.977738245430373, 0.4687859222525505, 1.0907890936723483, [0]
-20.39600795682395, 0.6821390609048605, 1.2538679811607367, [1]
-20.299693460920043, 0.5114148940988174, 0.9518835228124787, [0]
-19.04035350936776, 0.9243022238040854, -0.3453193410249518, [1]
-18.834113181554468, 0.9218571326080476, 1.2497856074097786, [0]
-21.00270473567113, 0.9076374134870744, 1.2629020243895601, [0]
-22.33616358343137, 0.6366874393915118, 1.2700452830715607, [1]
-19.383856155040537, 0.7125867500395836, 1.5061748325507416, [1]
-20.16227236005825, 0.7848863210430849, 1.5118975973432407, [1]
