t=0.4912112503173787
logZ_t=-120.1860187914871
-77.60169475981348, 0.5912972881929978, 1.1536409002450694, [0]
-77.41368727779805, 0.5801852239206599, 0.9783365284152592, [0]
-77.47000673457086, 0.5833678867174205, 1.0091209870000852, [1]
-77.739421499502, 0.682875170220096, 1.007336283329713, [1]
-77.28786579892173, 0.6569592111624473, 1.1551497219257088, [1]
-77.44516977240923, 0.5933889218792274, 1.014734912432507, [0]
-78.20229078557064, 0.5790389388992981, 1.0053768473978963, [1]
-78.03404244625717, 0.6194030902042689, 0.8730499222596778, [0]
-78.53212604293968, 0.6023518133785161, 0.9250985665577279, [1]
-77.76634862349394, 0.6215965885847318, 1.1380261347600822, [1]
-77.25358191418168, 0.5858929998302167, 1.1130021174336489, [1]
-77.5078589426695, 0.5688575687704247, 1.019588443370235, [1]
-77.41075073119505, 0.6399833547392724, 0.8587969624181363, [0]
-78.16533841169628, 0.6118789479323068, 0.9958444096048223, [1]
-77.47916296440815, 0.5827177563377393, 1.0372340057944756, [1]
-77.71706590850097, 0.6381394367852524, 1.0558335008127993, [0]
-77.21484934168562, 0.6514440335892038, 0.9418574575316693, [0]
-77.33694372270205, 0.6534864108641214, 0.8438908240275347, [0]
-77.50989421189583, 0.5433796445230881, 0.8684382470356086, [1]
-77.54522532484089, 0.645033438766759, 1.0497045511746963, [1]
-77.4460701648192, 0.5672317779963171, 0.9905625120390258, [1]
-77.02131548132465, 0.6165833579178838, 0.9046213362617495, [0]
-77.73666965763402, 0.6131607761868263, 0.9821190270084701, [0]
-77.49241564905724, 0.5861345180007483, 1.0710297849437782, [1]
-77.53802098360663, 0.7100907647407579, 0.9476944549428324, [1]
-77.33510330478593, 0.5976009978213105, 0.7695313173569087, [0]
-77.68299162477055, 0.634871243358902, 0.8614050956455834, [1]
-77.87709732444908, 0.6706626548939915, 0.9128071846541621, [0]
-78.05209854351057, 0.7055852282207437, 0.8656043273151335, [0]
-77.75518441355217, 0.6714106729584347, 0.9311957215900575, [0]
-77.55119039244813, 0.5419148434986187, 1.2015030929617496, [0]
-77.57081581627638, 0.6391824295404385, 0.8321345782947659, [0]
-77.41817649160147, 0.6521095024268652, 0.9479826479837627, [0]
-78.47274424177854, 0.6030575723056592, 0.9996947440753037, [0]
-77.54624078954346, 0.588248281449243, 0.9720786214677424, [0]
-77.2765125500547, 0.6395653174815629, 1.090686470278653, [1]
-77.48589488540897, 0.573553091935707, 0.8273878425876284, [0]
-77.513764766749, 0.5707352849727261, 1.0518612157647307, [0]
-77.305855971314, 0.5330901746887727, 0.835629999875783, [0]
-77.33009681960199, 0.6539164438015684, 0.9433777505950561, [1]
-77.60118809975324, 0.5582912927820427, 0.9950229199853202, [0]
-77.30132047105121, 0.646151545898836, 0.8605676896532969, [0]
-77.6587197171581, 0.6257811036155506, 0.9879808533300097, [1]
-77.37173041574496, 0.6306543069962931, 0.7797007869987755, [0]
-77.07918596212777, 0.5608735880756139, 1.1698930658667057, [0]
-78.70613503926855, 0.7387086698995118, 0.9378251232297357, [1]
-77.48802145691786, 0.5469391293602769, 1.0604296216868316, [1]
-77.75710349742096, 0.5880689735946986, 0.7244367596829013, [1]
-77.36659837131829, 0.6104864427441686, 0.8723761931004077, [1]
-77.66342331563209, 0.5589725328831101, 0.5486900228084333, [1]
-78.10744481492247, 0.6929893001309755, 0.971237639697156, [1]
-77.71708397255769, 0.6234629263341711, 0.9696446565660134, [1]
-77.25320740108323, 0.5707456042404373, 0.9669506982870356, [1]
-77.2203937241545, 0.6150214242634815, 0.7636041335567293, [1]
-77.25107940873667, 0.70340570104546, 1.0681548432272412, [1]
-77.91948396892518, 0.695874795066826, 0.9186046416685141, [1]
-77.53474923674817, 0.6090571544452159, 0.7855275771576822, [0]
-78.3041317214029, 0.6222865148438833, 0.723851635123727, [1]
-79.51301396724445, 0.5053763777471326, 0.9178204638089348, [1]
-78.16998462601985, 0.6228407862294139, 1.1063231428765905, [1]
-78.1955724730597, 0.54783669218095, 0.9566710143870989, [1]
-77.4527403376409, 0.6055644065994077, 1.1564412709263616, [1]
-78.0930238904074, 0.670635409036744, 0.9604628718725657, [1]
-77.01590398892301, 0.6341426603407226, 0.926845492332168, [1]
-78.58393880161371, 0.5676861248390863, 0.5768599153140099, [0]
-77.3796726533213, 0.5719646339855048, 0.846109445219189, [1]
-78.33477767239805, 0.5330126068718544, 1.067325827417219, [1]
-78.02794267319871, 0.7440571848016753, 0.968361200843955, [0]
-77.81345946795719, 0.6929833767182498, 1.0108890610834693, [0]
-77.55065953186018, 0.5973173159345572, 1.0026552486668192, [0]
-78.27385587397087, 0.6181698498396757, 0.8321539607724682, [1]
-77.87674692982937, 0.6552347215781259, 1.1070220566591547, [1]
-77.67909091677873, 0.6290354872748594, 1.0303139841848137, [1]
-77.42329017571568, 0.6672089909936014, 0.9379749829909607, [0]
-77.14958912376981, 0.5504194949974529, 1.0145725448671397, [0]
-77.67361377263198, 0.6912263696397237, 1.093244255068344, [1]
-78.48970752674106, 0.5674212681289937, 1.0434253005147778, [1]
-77.7791982472569, 0.6179634952608356, 1.0619598255536802, [1]
-77.78415073413285, 0.6840440352746915, 1.0498617926814813, [1]
-78.79324443920459, 0.5139428836599973, 1.045812919415828, [1]
-77.56603137477124, 0.6119183530123901, 1.0435299906007778, [1]
-77.45094845819061, 0.5432946544996003, 1.0297126817356024, [1]
-77.79286866799389, 0.6602016476561866, 0.6888916393685397, [0]
-77.59147924598705, 0.6635223295396938, 0.681408167805142, [1]
-77.56518059281926, 0.5357145741208907, 1.1490026238453293, [1]
-77.84575332532195, 0.5987996221548636, 1.0525517767308101, [1]
-77.82987128911658, 0.759263600591687, 0.8133530462986762, [0]
-77.29529461282986, 0.6034001442295437, 1.0954150526015587, [0]
-77.77569776841725, 0.6368227905828612, 1.0360392365004756, [0]
-77.43607897955349, 0.6012921743510016, 0.8194594966735378, [1]
-77.37246530522386, 0.5921285403550619, 0.980424135136422, [1]
-77.58272129045261, 0.7655722402825951, 0.8821341151865613, [1]
-78.08393219597221, 0.7217433672347808, 1.0505504154943412, [1]
-77.53781851290434, 0.638653589185873, 1.0034899581973322, [1]
-77.0305693029928, 0.6727159902809834, 0.9421489609025462, [0]
-77.50977251456598, 0.6032033852152708, 1.2932203035497436, [0]
-77.36685558210101, 0.5457943638783925, 0.9402446789623199, [0]
-77.6872757402285, 0.627072507823141, 0.8638584115265736, [1]
-77.69355643229862, 0.6157000391184626, 0.9649288983183042, [1]
-78.28595324647185, 0.6282792927197715, 1.1736366385323669, [0]
-78.92698649804377, 0.6667742064961503, 1.2462554550188283, [0]
-78.21964259312438, 0.6539051269476702, 0.6794726591159614, [1]
-77.9705840968234, 0.6709594111142024, 1.0305997953897637, [1]
-77.51138054351321, 0.656994010777475, 0.9876773052137824, [1]
-77.68307312965565, 0.6637959477974092, 0.9758772701314018, [1]
-78.04107263650306, 0.6472726332665674, 1.1577109106892691, [0]
-77.9330471629228, 0.6772062762781321, 0.7859514928765106, [1]
-77.68177681099945, 0.6517294792445382, 0.8915498783916088, [0]
-77.44953986318559, 0.5767936585270143, 0.9820376441127411, [0]
-77.02747811421295, 0.610808825225657, 1.0321426249923455, [1]
-78.45873614384075, 0.5738757616491399, 1.0353827936927553, [0]
-77.80392927857518, 0.5800950578110728, 1.1796760571030913, [0]
-77.47270972942844, 0.5883033489258521, 1.0147631331555653, [0]
-77.20528469780564, 0.6856493147752178, 0.9263736382283794, [1]
-77.54673843548369, 0.5983135936538556, 1.008486751951055, [1]
-77.5528886728247, 0.598826938995678, 0.907316876830599, [0]
-78.22882859790039, 0.5602129172354386, 0.5817755568624994, [0]
-78.29970954093032, 0.729227657332243, 1.0719098476482216, [0]
-77.83790135588883, 0.6535337545147416, 0.9819161702348003, [1]
-77.52182963255586, 0.5084220818400208, 0.9342753283877675, [1]
-77.72568874799411, 0.6592423835674659, 0.9477792706493156, [0]
-77.5430251414187, 0.680598069477635, 0.9909838775032783, [0]
-77.62602124501592, 0.5903550737668503, 0.8970957048705428, [0]
-77.87305263014791, 0.6984186103518993, 0.8464374006634358, [0]
-78.1583940804865, 0.6051207433253918, 1.083917294330612, [0]
-77.77703025198039, 0.5901210837301242, 1.0588570712987762, [0]
-78.12729516553081, 0.5678776847143585, 1.066561536370738, [0]
-77.38162897822038, 0.6046418166948314, 0.9102979936087712, [0]
-77.41852285417963, 0.5999473990805567, 1.1190754216549774, [1]
-77.56830688281383, 0.5981211160851354, 1.0229791262294612, [0]
-78.01547126552182, 0.5440380639486857, 0.8149380288853917, [1]
-77.67319952067564, 0.6131809454458548, 0.7790843175846733, [1]
-77.69812822531236, 0.6317389965800101, 1.125931418661121, [1]
-78.06986846746454, 0.5306549181314284, 1.0337487262230969, [0]
-77.32253447109252, 0.6120706733375635, 1.0412113826772869, [0]
-77.52206848909233, 0.7128394532511965, 0.9061407375699352, [1]
-78.0858371339013, 0.6100866333059458, 1.0794846168399421, [0]
-77.75869542181854, 0.7363023675125882, 1.1192368445193117, [1]
-77.23547559833827, 0.6834887284123667, 1.0698885712789021, [1]
-77.71658891861559, 0.7115664381303746, 0.8341416898872661, [1]
-77.36781220860802, 0.6341650785542284, 1.110635393566289, [1]
-77.35763315002647, 0.6366714259688919, 0.8194280978033283, [1]
-77.9140986091594, 0.590977518988772, 1.174247869968403, [0]
-77.32823619270647, 0.6138828393170216, 1.0925775814220653, [1]
-77.4630056954565, 0.626492590764912, 0.8538067470250504, [1]
-78.00788210818773, 0.671417467397206, 1.259643738329313, [1]
-78.90370527103399, 0.51576358547783, 0.9911064811472893, [1]
-77.63562538020696, 0.7687782500114367, 0.8815363343172928, [0]
-78.02176553157804, 0.7336994995772949, 1.1533090415867353, [1]
-77.27826842669886, 0.6954882223892196, 0.9910858404088545, [1]
-78.03648558275911, 0.5056261563083468, 1.010585610611758, [0]
-78.49379880729948, 0.5313895913412549, 0.9877053434563464, [0]
-77.41254022706129, 0.6324892320266579, 1.020506660539379, [0]
-78.05931447040902, 0.5711133469042409, 1.3408382725817531, [0]
-77.57848226645326, 0.6544463725757416, 1.0567593491254843, [0]
-77.71671854258307, 0.6444256852427986, 0.8317504490282657, [0]
-77.45985096372507, 0.5928876248380988, 0.8425240465479296, [0]
-77.83532220238267, 0.6478628742276044, 0.8328151638978003, [0]
-77.39823188214206, 0.6309972741637052, 0.9736004005976094, [1]
-78.31838754107798, 0.5859731354114133, 0.8804269806005528, [0]
-78.52395606115346, 0.740123350754121, 1.0605826983833277, [1]
-77.98595104010427, 0.6668808302299878, 1.010648821417204, [0]
-77.71660155387426, 0.556744698568473, 0.8449971454329595, [1]
-77.53984873748536, 0.5882385303045042, 1.0710573032499318, [0]
-77.36173072299178, 0.5784616324192096, 1.1113574802637118, [0]
-77.87874049277683, 0.7084468576146298, 1.0353948772523218, [0]
-77.80874888801954, 0.6587897318200383, 0.8380372508314776, [0]
-77.80892641222698, 0.7703866388640751, 1.1383860307750697, [0]
-78.22177567228664, 0.5079614396210461, 1.1098591815490346, [0]
-77.64793491641969, 0.6466273239717193, 0.9703919161692207, [1]
-77.54680362946662, 0.6070596946684924, 0.8717466690638189, [1]
-77.53343063281159, 0.6137876708007861, 1.1351946943263975, [1]
-77.88208572752116, 0.6749991114627893, 1.0655426435204602, [0]
-77.10049802891707, 0.5797425148507387, 0.927288724307513, [0]
-78.55728685824528, 0.5708477729056705, 1.2885769115423544, [1]
-77.59925219429778, 0.5888174361543301, 0.9602367934966889, [0]
-77.31331985174366, 0.5448240632367879, 0.9843428137419388, [0]
-77.38542610376314, 0.6160507648367185, 1.0099596846892254, [0]
-77.68631282440066, 0.563210114144695, 0.7541091539019689, [0]
-77.99060372760442, 0.7175501437911405, 1.1419264405533092, [0]
-77.51207671040045, 0.5100938400435512, 1.0743723016239863, [1]
-78.12415365212304, 0.6194237517667212, 0.8467959363400719, [1]
-77.22705593311899, 0.6423913332445391, 1.1003377123091131, [0]
-77.42252120667557, 0.7016376112925489, 0.9740764390701964, [0]
-77.47240355089691, 0.6286585939702433, 0.9222718801919028, [0]
-77.44376102403348, 0.6438925106202824, 1.1180717685928796, [1]
-77.77320598774486, 0.553190825344326, 0.9400505737497553, [1]
-78.05946558977816, 0.5168649251517985, 0.9427525650720641, [0]
-77.70277520289257, 0.5459286085278552, 1.0948327744907993, [1]
-77.48785615544845, 0.651990647306967, 0.8295214069703173, [1]
-78.84312052920554, 0.5645425548912867, 1.0290726107325638, [1]
-77.39291274972706, 0.6845101932092449, 1.1909820066048973, [1]
-77.76371019572133, 0.6530416369404977, 0.7768327237889783, [1]
-77.69900697174509, 0.673796895324476, 0.9669272536509835, [0]
-77.48826315834606, 0.5032092632568328, 0.8327240788285188, [1]
-77.52851939437467, 0.551869833662841, 0.9529039320103616, [1]
-78.53920203764801, 0.7152965038009689, 0.8827728170940172, [0]
-78.09181361408828, 0.5911603285544368, 1.1368043197260675, [1]
-77.54422460006236, 0.6303743127081064, 0.8786953991819189, [1]
-77.30281748884981, 0.6558249770835723, 1.1978191189132434, [1]
-77.702779256006, 0.6479896388253331, 1.0317761091499869, [1]
-77.49225068874453, 0.7523698490939632, 0.8728300315003159, [1]
-77.47557992296923, 0.6260145315994144, 0.8244575388486051, [1]
-78.16952652168982, 0.7437455072351891, 1.0293404807623088, [1]
-77.59546646211996, 0.5899396224273463, 0.7694936920482424, [1]
-78.30695024380863, 0.42437693902656304, 0.8991995176419488, [1]
-77.81929919700093, 0.6429516224541982, 0.6792734387001905, [1]
-77.38829719548868, 0.6053211509578844, 0.9855865844996329, [1]
-77.33508436192577, 0.6185961762454901, 1.2035286153113693, [1]
-77.56103775267809, 0.5878556602467233, 0.7297015236016369, [0]
-77.68821779669689, 0.6434416704973484, 0.874240619928333, [0]
-77.83278121918183, 0.6214150162569069, 0.9514598312841431, [0]
-77.57808285897923, 0.672419522146069, 1.0704413437120353, [0]
-77.6963271167576, 0.5683758727607819, 0.9098628941780287, [0]
-77.8470046189435, 0.5819606658720202, 1.0615170915896859, [0]
-78.39996622613998, 0.7548019869661597, 0.9598577938422838, [0]
-77.52736278584096, 0.5620421718370129, 0.9979580045381728, [0]
-77.82984846522841, 0.580092030005867, 1.0332920787547861, [0]
-77.80932556490343, 0.6007856950149378, 0.9218891791830959, [0]
-77.75429638295181, 0.6876807886508761, 0.9977278482318924, [0]
-78.11295864087553, 0.604924304295772, 0.8764481345103426, [0]
-77.24979396189883, 0.6549846558887857, 0.9911324708653019, [0]
-77.47693268733173, 0.6330788517864522, 1.0571927698556531, [1]
-77.37033011843572, 0.7008736316366362, 1.2420896642997885, [0]
-77.98667847330788, 0.5584024250901338, 0.8762445294389503, [0]
-77.49542363745918, 0.5473648438488113, 0.9817265706397003, [0]
-78.07761110800713, 0.582254152376567, 1.197932107013736, [0]
-77.62158817347562, 0.6300225907853443, 1.0736294264360082, [1]
-78.07347101840476, 0.7013098295707557, 0.8760796015511704, [1]
-77.88972638178119, 0.6473986126200943, 0.7046132444641132, [1]
-77.6336978844741, 0.6989690455299022, 0.9491162333217564, [1]
-77.40487474249952, 0.5505791218240703, 1.0426543774344457, [1]
-77.47145929467865, 0.6945811560914598, 0.7368429480609121, [1]
-77.20168058928721, 0.605172780067123, 0.9332555682283463, [1]
-77.999430727892, 0.5401320343438503, 1.045046897441904, [1]
-77.68865402733444, 0.591039751008846, 1.061009475251853, [1]
-77.46623772402447, 0.645584780928496, 1.150770318273744, [0]
-77.49075594295158, 0.6151902364663969, 1.100104522623222, [0]
-78.08972994598969, 0.6757325716342333, 0.8447558089658105, [1]
-77.90939913075226, 0.5846107603630974, 1.1895350657804422, [1]
-77.87848195798348, 0.5101042674785892, 0.9242845001740092, [1]
-77.78377028005389, 0.6378134347327094, 0.9923280831605954, [1]
-77.46999659537347, 0.67093358420372, 0.9960461898251298, [1]
-78.1579751284891, 0.5373375463204466, 0.885383350509251, [1]
-77.57100034511667, 0.6075375912618551, 1.0851102647468287, [1]
-78.25323264508185, 0.6085227702658552, 1.338497911142814, [1]
-77.57513987884938, 0.7465652305647164, 0.9300169630317136, [0]
-77.39470645209741, 0.6521716411651229, 0.955033422688072, [0]
-77.47645619089806, 0.6253871598911415, 1.1566900710585881, [1]
-77.57297469577125, 0.6471463841486412, 0.9956449845515314, [0]
-77.49128179941196, 0.6623615129025904, 0.9446279223546072, [0]
-77.33129608773865, 0.6482566975143536, 1.0244213578919024, [0]
-78.01649153224488, 0.5931583182519796, 1.0001783958132688, [0]
-77.3434295286432, 0.5351424331911281, 0.7408837748727464, [0]
-77.90039572734624, 0.4569593804184894, 0.810887824044084, [1]
-77.70933972176957, 0.5382740532769075, 0.8239328745295045, [1]
-77.2310492979286, 0.5998393554131909, 1.0547324120097161, [1]
-77.60224205002119, 0.5313610012713669, 1.0091239119475826, [0]
-78.29554708039248, 0.6222955996985972, 1.041509546116082, [0]
-77.52551894593913, 0.5590037115124182, 0.7905117302796497, [0]
-77.87529787030513, 0.7375319286562044, 0.9102127871362069, [0]
-77.59481357764552, 0.5793605518415544, 0.9492813284235118, [1]
-77.56981889670115, 0.6569299986616381, 0.9311533340793269, [1]
-77.03894195756051, 0.6630685546764672, 1.0346238609152205, [1]
-77.37112240113517, 0.6520490128911575, 0.7524712117367117, [1]
-78.05159700587905, 0.5993952424415357, 0.9742812534956643, [0]
-78.04765487591284, 0.6508056859280845, 0.9186075791800609, [1]
-77.22674761577424, 0.6331534707251202, 1.0442367920774276, [1]
-77.47847797872889, 0.668942627159762, 1.0953477628233999, [0]
-77.34328155776421, 0.5278483767951753, 0.934416036822266, [1]
-78.36890260345831, 0.6205425745211095, 0.567377434105732, [0]
-77.74556544796111, 0.6359800000607893, 0.945357558240324, [0]
-77.5520264819368, 0.5201577458226667, 1.0756318438464643, [0]
-77.77687187208983, 0.5976270186879191, 0.9042489793744272, [0]
-78.17998470233437, 0.61316692971583, 1.139942815282416, [0]
-77.624363425997, 0.5708646118624209, 1.0671819569632899, [0]
-77.84581351352864, 0.6420884257102332, 0.9275251988502846, [0]
-77.22179485571165, 0.6140025826568728, 0.9979305661859547, [0]
-77.83127526001245, 0.6059526981378213, 0.8782350207736308, [0]
-77.6009552025687, 0.5439855152001591, 0.9043541492106905, [1]
-77.39297970459421, 0.7044696567323305, 1.0613046482650184, [1]
-77.77439088629644, 0.6496543041135832, 0.9119927669780367, [1]
-77.06833707829362, 0.5969341687230112, 0.986450737150329, [1]
-77.80449722517653, 0.6636293618092296, 1.1184251969669166, [0]
-79.04112325734266, 0.6817996658865713, 0.9927353568978906, [0]
-78.5186112474248, 0.6272207449379229, 1.175618900126072, [0]
-77.96113437701605, 0.5790546106441262, 0.943473225288629, [0]
-77.65618979488293, 0.5995074553800368, 1.0640572053804713, [1]
-77.73419602709343, 0.6357812849062668, 0.9999728865119956, [1]
-77.42595528631038, 0.4991603227764496, 1.2196847852592818, [1]
-77.81526678905618, 0.5686192740533703, 1.113739709321829, [1]
-78.19963024034365, 0.5602223096916092, 1.129738674187048, [1]
-78.12693426210645, 0.6769959408028299, 0.8244454827938444, [1]
-77.2787756257707, 0.6243307567154254, 0.972490845131411, [1]
-77.5893670115315, 0.7632890856084308, 0.9932435948762552, [1]
-77.61647798972874, 0.6351829966465499, 1.0103492577403481, [1]
-78.77452200683679, 0.61436917173709, 0.9195465815698469, [1]
-77.27339124223163, 0.5418332118953176, 0.8326536692609013, [1]
-77.81614898005128, 0.6355379277504914, 0.9330589162042117, [1]
-77.6696767658603, 0.6336013039105044, 0.7484566448344345, [1]
-78.20261309660512, 0.643124317905184, 0.9263505995409491, [1]
-77.68397719994417, 0.7274632565837373, 0.8769961763875993, [1]
-77.87057989868553, 0.5620564291642692, 1.1012509122992455, [1]
-77.72392317177432, 0.6389597583450182, 0.8886261202433391, [1]
-77.77596272371798, 0.6295244589310303, 0.8173518978463565, [1]
-78.14624896000994, 0.5634248847220701, 0.9695773251375477, [0]
-77.5296608947535, 0.6799171744497032, 0.9828376028470324, [1]
-77.4477706421899, 0.5983591043075264, 0.9811717475701637, [0]
-78.293493812566, 0.6509613455133105, 1.1250470326745035, [1]
-78.51722165118302, 0.6928845184092065, 1.0235184332893437, [0]
-78.75612292655755, 0.7030205720963838, 0.9298886021400381, [0]
-77.49071850097523, 0.6660910258528538, 0.8223012282438671, [0]
-77.3999160304103, 0.6846039282843007, 1.0511144973870834, [0]
-77.74009283756298, 0.6226136161923189, 1.207791990386019, [0]
-77.55305617442637, 0.5834964002049852, 1.0347445134563373, [0]
-77.6230169105952, 0.5890986015013759, 1.1618078568968393, [1]
-77.66857798779921, 0.568997882880713, 0.9866460262773993, [1]
-77.39201521563697, 0.6380472254968708, 0.7720523713880444, [1]
-77.66006047344156, 0.624357204395988, 1.0651542867219648, [1]
-77.30694562617202, 0.5961638229577108, 1.1810459245717404, [0]
-77.75190330941972, 0.5383630111025575, 0.9062603514207146, [0]
-78.98110355150673, 0.7149963693313568, 0.9627191995760103, [0]
-77.44716705564846, 0.6457156084930751, 1.0473549843577556, [0]
-77.69473728017392, 0.6147981729973219, 1.145599959241167, [1]
-77.09284106258104, 0.5881028469075064, 0.8758725464110844, [1]
-77.17689273769841, 0.6530600758157052, 0.9640019345292092, [1]
-77.38937131846207, 0.5116946593610013, 0.821290077120119, [1]
-77.27904741720214, 0.662292688917738, 1.0055084215071994, [0]
-77.1476791097253, 0.6428879138591707, 0.9342612467948277, [0]
-77.24447808990861, 0.6116341902910276, 0.8841420417252197, [1]
-77.65519823294564, 0.5848128735229347, 1.0946665671638778, [1]
-77.45675328221337, 0.6993129259662731, 0.9787563784043453, [0]
-77.55586150287354, 0.5525259479065915, 0.8087025584907995, [0]
-77.56908547456757, 0.650580359624949, 0.9465491952912448, [0]
-77.63665584309042, 0.6810853991210103, 0.9432400991056359, [1]
-77.33189194470178, 0.6011921272848991, 0.7283421993058316, [1]
-78.61158098835722, 0.6071610568948922, 0.9014421635324708, [0]
-77.18039247633179, 0.6374828439232997, 0.8252352771818192, [0]
-77.502437479561, 0.7051323962400422, 1.155416985801557, [1]
-77.85197596959571, 0.587515934215643, 1.1497925025732334, [0]
-77.78636553057464, 0.6361308950419637, 0.9281407655262761, [0]
-78.13797327693086, 0.6196951138478547, 0.7387448259062059, [0]
-77.82428663328875, 0.7862778053414836, 0.7065828182114545, [1]
-78.15915348997812, 0.6096163847913221, 1.149202425055362, [1]
-77.97922093832115, 0.6505042556137465, 0.9248063845796588, [0]
-78.30260874534235, 0.7819488063863289, 1.0193847592496523, [0]
-77.52361721170304, 0.6418797060663658, 0.9045774780455577, [1]
-77.43464883126182, 0.6189579931122065, 0.9966517610161653, [1]
-77.59853640651505, 0.6320831834618321, 0.9509642321568301, [1]
-77.78357808297817, 0.5275531956789854, 0.8802757894448421, [1]
-77.52976018038085, 0.6100672945960912, 0.8198825976148457, [1]
-77.16577004713214, 0.6159169827033407, 1.0769317373035037, [1]
-77.32474142638637, 0.7120661656088481, 0.9052412414029116, [0]
-77.40274160347147, 0.6581248634113416, 1.0820858234912425, [0]
-77.87254956843462, 0.6643543159897757, 0.9077219848237181, [1]
-77.7532223715983, 0.6570927151947646, 0.8030777883310295, [1]
-77.56079759186123, 0.5149230235187616, 0.922608232774864, [0]
-77.77358019559328, 0.6457984175538706, 1.0206519863735855, [0]
-78.11504356639698, 0.6020094593657261, 0.6813263007393353, [0]
-78.18770530525069, 0.5917706477805266, 0.7835458242590342, [0]
-77.21021982599119, 0.6365115151890015, 1.0815001680092793, [1]
-78.0351151466707, 0.4732961549536612, 0.5330242512420252, [1]
-77.66863401948521, 0.5932644146363801, 0.9651049526450649, [0]
-78.00845451792182, 0.6249621923987909, 0.8435063632545259, [0]
-77.87234013710605, 0.6670216721085261, 0.8839276778847882, [0]
-77.55046663691078, 0.6855803688850511, 1.1143594490837951, [0]
-77.63026598303372, 0.6569178668682717, 1.0709593868392697, [0]
-77.34286352919254, 0.6550056416647171, 0.7991840418825507, [0]
-77.32382673968684, 0.6068619308215815, 0.8117334788506918, [1]
-77.68400708541833, 0.6600632679144106, 0.7997474257271652, [1]
-77.25921115310527, 0.6206708495407183, 0.8763228437607677, [0]
-78.21825410465645, 0.6252171911330363, 1.0651039157120705, [0]
-77.98078981768938, 0.6003315090204955, 0.8431073962966857, [0]
-77.47359402910747, 0.6028601679624954, 0.9262634649380267, [0]
-77.91418715668354, 0.7770668163778713, 0.9175872303640742, [0]
-77.95540776316047, 0.7389772809953004, 1.012189857049018, [0]
-78.0143844191963, 0.655519871512986, 0.9410625990091843, [0]
-78.58678149949931, 0.49323621141267926, 1.0237564853270484, [0]
-78.19499077020265, 0.7157728460522405, 0.8485707698094003, [0]
-78.57737186029323, 0.5925233915759127, 1.124877605725959, [1]
-77.33501968416915, 0.6728058032460186, 1.0034773822247591, [0]
-77.82508425680277, 0.6287534174194221, 1.0206343160993334, [0]
-77.71835407159594, 0.58061863280708, 0.9251423540362965, [0]
-77.35965978988844, 0.579940166396212, 1.1059837157345989, [0]
-77.7638830372936, 0.5330220994653538, 0.9419555354929925, [0]
-77.57068539088576, 0.6317269637787497, 0.8130905766515814, [0]
-78.69159347595243, 0.7058757138541176, 1.0074220509407452, [0]
-78.13439895991701, 0.6393708482428325, 0.9922110099876228, [1]
-77.5171664776287, 0.6210241848558953, 0.9840657928502443, [0]
-77.67146948396339, 0.5727374582854408, 0.8795622638121661, [0]
-77.84381311285783, 0.5313482403562857, 1.1779152389002518, [0]
-77.19438006629892, 0.6255425257929247, 1.0816702935447613, [0]
-77.85436510493034, 0.7245268411897103, 1.133231381266584, [1]
-78.03775741144113, 0.604803207501559, 0.914995660001854, [0]
-77.39918516639422, 0.6483166041785121, 1.1400374123538302, [0]
-78.01220818133338, 0.5176156649523754, 1.0058667792150848, [0]
-77.54055579618985, 0.6798919994946765, 1.2173723989179404, [0]
-77.55087519523337, 0.6164131448009218, 0.962171225567286, [0]
-77.73424400876796, 0.6764652875376185, 1.0542810378641663, [0]
-77.8001795147738, 0.6149248862466137, 0.8878137323272034, [0]
-78.28372573084688, 0.6261339400671512, 0.7814338534693089, [1]
-77.5514937381862, 0.5660569683979195, 0.934107627098276, [1]
-77.28040051921342, 0.6677123200129332, 1.0323490615361572, [0]
-77.82872368743227, 0.6740032306790782, 0.947099681218071, [0]
-77.7438067482111, 0.6390755148133828, 0.9485442570164493, [1]
-77.80884428554559, 0.5926712525969856, 1.1199077181147152, [1]
-78.37754813442852, 0.6776630966472763, 0.9608316299797038, [1]
-77.51283462683644, 0.6583238287307768, 0.998302761792452, [1]
-77.1611779087331, 0.5942936333334774, 0.7813821454558292, [0]
-77.58070021651795, 0.5350721070410718, 0.6058335534077607, [1]
-77.4314222543669, 0.6432718093379145, 1.0291237204821637, [1]
-77.64322280983093, 0.6320085784841114, 1.0710187233515243, [1]
-77.40136106771679, 0.5806509702657507, 0.913250365600073, [1]
-78.32479629572218, 0.7005397909225939, 1.1178535163111523, [1]
-77.51621916003933, 0.6155647247489856, 1.1162469707613085, [0]
-77.33526464630665, 0.686500260495427, 1.1144709232750858, [0]
-77.81264262206383, 0.5756062321859213, 0.8024289126724186, [0]
-78.04614391513618, 0.6722433980039239, 1.0982953547625391, [0]
-77.95410709131036, 0.5434239380567676, 0.8553616227781217, [0]
-77.55182055263654, 0.5492471252366521, 0.9368173602207575, [0]
-78.20016412586045, 0.7216189191758683, 0.912856710981565, [0]
-77.39396886849501, 0.648212951053093, 0.9765042531977997, [0]
-77.81092012055856, 0.6129833864979815, 1.269647516153802, [0]
-77.70761093551455, 0.6320637299912003, 1.0138960598381086, [0]
-77.20293727021938, 0.5611335487131268, 0.970847779986076, [0]
-78.26330403345796, 0.6254406719170241, 0.7530680455243429, [0]
-77.19430746941299, 0.6353834347916272, 0.7774768245081305, [0]
-77.84265435672667, 0.6833501038994063, 0.9912605330126293, [0]
-77.6627413530033, 0.5696027847856031, 0.9409331557149813, [1]
-77.66909495602552, 0.5490400896543035, 1.0707821158096558, [1]
-77.13572588601707, 0.6746327225058186, 0.999344004132283, [1]
-77.32502091177405, 0.7219019072745447, 0.7608312000569354, [1]
-77.88361472016223, 0.5569339698188893, 1.022468398994517, [1]
-77.8712225013232, 0.6213865620104175, 1.0453321158922007, [0]
-77.35631836537677, 0.652851621186473, 0.8464131329538658, [1]
-77.68394820932204, 0.5737764222226724, 0.8383212198848782, [1]
-77.94722161200053, 0.6648047280991426, 0.9154302660859815, [1]
-77.62153965624074, 0.673031617252926, 0.8480013979152778, [1]
-77.32727105319762, 0.6459268235613108, 0.8763959775720893, [0]
-77.79248173889748, 0.5849841099078045, 0.8343717608996355, [0]
-78.08114233290573, 0.6672918686096162, 0.9271635684215644, [0]
-78.01312390617862, 0.5934253192731336, 1.1246419554834648, [0]
-77.96109315551692, 0.6554848418412116, 0.969371618115221, [1]
-77.94816681704324, 0.6221464597538314, 0.9559932374643609, [1]
-77.88130447354469, 0.6274476958354392, 1.1341219609723052, [1]
-77.48843628660153, 0.5621318409239505, 1.10550619626821, [1]
-77.21729451240356, 0.6545696720796608, 0.9391979919830177, [1]
-77.11594497137504, 0.6220896584354489, 0.9307943950759668, [1]
-77.3784623671888, 0.5480325667857568, 1.0027656894929569, [0]
-77.16974259027067, 0.5970674304221225, 0.998233606333336, [1]
-78.33018917421916, 0.67752839876098, 0.7257266804115627, [0]
-77.6367599963144, 0.7100480643398995, 0.983521120649997, [0]
-77.57526687349353, 0.6502386340392585, 0.783696936341334, [0]
-77.95560063157656, 0.6483534999010083, 1.0317302980300882, [0]
-78.49758191571203, 0.5669120928141929, 0.8995098756272584, [0]
-78.41803234402595, 0.6267321934070793, 0.5627618255569492, [0]
-76.86315366321605, 0.5196777761810355, 0.9355832652686088, [0]
-77.3681324444986, 0.6145247386679387, 1.006630002065751, [0]
-77.65223480863698, 0.6079072652758275, 0.9942626725403493, [0]
-77.35751778130853, 0.600553994991122, 0.8522935329923786, [1]
-77.12003754158764, 0.557925953282957, 0.8931759857273293, [0]
-77.66877309345938, 0.5733071479325653, 0.8513229616105791, [1]
-78.09831313987918, 0.6785192733194859, 0.8568167996160272, [0]
-77.76684748472364, 0.6103153204316578, 0.8114891707947582, [0]
-77.6635426075494, 0.7098299468020367, 1.0274457134073314, [0]
-78.0518520925728, 0.6673560534972259, 0.899442130052074, [1]
-77.75511630982902, 0.5956080263943815, 1.072065758938099, [1]
-77.38728581335195, 0.6022480922335645, 0.9138819905642444, [1]
-77.44158764645039, 0.5790670146031298, 1.0309040389840374, [0]
-78.00310242383793, 0.727945406978129, 0.9175435027193606, [0]
-77.5895746361999, 0.6380736870275925, 1.1545377120523967, [1]
-77.66927438180538, 0.7061752165708726, 0.9418845220508539, [0]
-77.83041211372402, 0.5386988898265502, 0.7811512632304042, [0]
-77.74270547211654, 0.6534451426800582, 1.0044374213699592, [0]
-77.59339554840886, 0.6745333396254406, 0.9888762794547172, [0]
-77.91179096463867, 0.5683262905302768, 1.1434598892926267, [0]
-77.58119280379547, 0.5895647241159118, 1.2606178917880995, [0]
-77.58340117155689, 0.6410267406696842, 0.9319122133062201, [0]
-77.32343232886359, 0.5928051030757199, 1.0780105221217455, [1]
-77.2890917406683, 0.6017139552810714, 0.8924238099667365, [0]
-77.24755623400458, 0.6698080191491469, 0.7527310765969785, [0]
-77.52179352917979, 0.5592348366168611, 1.0851940715839468, [0]
-77.5426156166142, 0.5946624009061817, 1.1370319381088767, [0]
-77.99144281338685, 0.7525997057548658, 0.8862946837710055, [1]
-77.90954800995605, 0.6487720449795445, 1.1156192061859476, [1]
-78.1441384522308, 0.6435129017697223, 1.0099261461218811, [1]
-77.50925184181587, 0.5849756245695913, 1.2455563296075096, [1]
-77.57843178869719, 0.6258386530846678, 1.120725062116785, [1]
-77.68595072179652, 0.7432380466840663, 1.2350611548018209, [0]
-77.23791147558754, 0.6022526863817551, 0.8651561420635798, [0]
-77.27928258045289, 0.6587435025925124, 0.9553773200197851, [0]
-77.93762637732509, 0.5748518187685618, 0.9593433755138895, [1]
-77.14074504855708, 0.6634913552292453, 1.0450235353106492, [1]
-77.50842574110096, 0.657583209754074, 0.9441963232541968, [1]
-77.40927915412547, 0.6148569352940754, 0.9676800830819424, [0]
-77.58949063035097, 0.5835199430332569, 0.9813925432131647, [0]
-78.05669156049628, 0.7202450084561599, 0.7053725264952344, [1]
-77.87570483683513, 0.47997561246164844, 0.8620332504962748, [0]
-77.88003033965234, 0.5759260745065021, 1.0436606092542464, [0]
-77.58469735504829, 0.6779429588273069, 1.1045770528765275, [1]
-77.63440983837424, 0.8181086468037492, 1.0964694427728547, [1]
-77.4595379923718, 0.5738030158592251, 0.8742128008578269, [1]
-77.85860092885181, 0.7628794290000157, 0.8389924661791657, [1]
-78.1612246284477, 0.6247423272976873, 1.0968013190865704, [1]
-78.22755311989617, 0.6658591663924205, 1.073575730680809, [1]
-78.13877600833972, 0.7384836788636155, 1.0682584812141276, [1]
-78.02810819927247, 0.6551454329169639, 1.2672879203972511, [1]
-77.23780612386066, 0.7504401082816377, 1.0290655692845596, [1]
-77.68882811182878, 0.582665479297157, 0.9286079558485102, [0]
-77.06860972333612, 0.5390904113628074, 0.9342203894235848, [1]
-77.37914202839491, 0.6364997875257192, 0.8602078179220363, [1]
-77.63976720877167, 0.6561078672855231, 0.7655892627509473, [1]
-77.11489083078027, 0.6122187991271195, 0.987456043757049, [1]
-77.5468479953667, 0.5451688498642302, 1.131524053502568, [0]
-77.44475290048733, 0.7129959001475699, 1.06722465618318, [1]
-77.9621488638897, 0.5745731122293097, 0.8641365486930545, [1]
-77.68229423662429, 0.6108157894788391, 0.9760109872148571, [1]
-77.6920530990706, 0.5727681646594467, 1.1759994524730786, [0]
-78.18860313630373, 0.5252946512759348, 0.8696558761868745, [0]
-78.09800458693152, 0.6752286091908162, 1.065680342972729, [0]
-77.51760166701595, 0.7076905985069621, 0.9529802094665465, [0]
-77.75745729873307, 0.5860384733981575, 1.251116074844943, [1]
-78.47337988450765, 0.6431276054211226, 1.1227742684929927, [0]
-78.09524638900574, 0.6618070208459479, 0.7248026724161194, [1]
-77.10920454278981, 0.6702460397329966, 0.9522097848613614, [0]
-78.05463951851684, 0.6434779515486604, 0.698881397311484, [0]
-77.15632167450977, 0.6611892200687943, 0.7987690722335867, [1]
-77.26707897741049, 0.6675175162642164, 0.9152239498754614, [1]
-77.39177897866546, 0.6260374810260312, 0.9948661827331746, [1]
-77.6894255981829, 0.5884885981243132, 0.8894221866169869, [1]
-77.55030669000581, 0.652704551355702, 1.0195794914455552, [0]
-77.20575679572455, 0.5998257866845915, 0.9538786404902143, [0]
-77.05988648627316, 0.5790637046685763, 0.8364410137771097, [1]
-78.027612789288, 0.5813571655130125, 1.2062590149230723, [0]
-77.34156772211678, 0.5807625966401702, 0.9271121895031604, [1]
-78.72852440516344, 0.65181871927964, 1.0014359553278935, [1]
-77.3849718089985, 0.7065785159680135, 0.7445852041482725, [1]
-77.59387852419457, 0.6640488856028406, 1.006350851493517, [1]
-78.76783671850501, 0.608212976484732, 1.2596077738988438, [1]
-78.07669270425136, 0.5866141615350362, 0.8585578768351887, [1]
-78.37787727520228, 0.5702251326831671, 1.1782856186750224, [1]
-77.72611364609692, 0.5792407296993429, 0.7753083031068334, [1]
-77.72072402808692, 0.7348507791009211, 1.2180501477185892, [1]
-77.58843933267886, 0.616972862344882, 1.0360165928659648, [1]
-77.23014864753722, 0.6345897715984986, 1.0146924721876052, [1]
-77.55289868696737, 0.5597508512652123, 0.7700628535548126, [1]
-77.2181550538315, 0.5991467624800614, 0.9219917753181859, [1]
-77.49631212091514, 0.6627543763369328, 1.025783176096176, [0]
-77.65791769336252, 0.6053857686074748, 1.0614608314633736, [0]
-77.74254210498204, 0.7298457544303565, 0.9829413397140159, [1]
-77.48737284749842, 0.790760297882022, 1.0248943299747286, [0]
-77.3373103746306, 0.6152419449538814, 0.9733629165969274, [0]
-77.37458444881057, 0.6476828510492443, 1.0119755109308353, [0]
-77.96583718083586, 0.5935207275305647, 0.7016032739885375, [0]
-77.72163804218526, 0.5648474666278123, 0.9925503678490225, [0]
-77.69997362323984, 0.5547804837265551, 1.0360409263838575, [1]
-77.95494507030533, 0.6006780696953682, 1.0714370194488, [1]
-77.71996968705062, 0.5306766048407496, 0.7381907543094557, [1]
-77.65280182627126, 0.6056282775475135, 1.0046393006947842, [0]
-78.09311886285468, 0.5817313810405036, 0.9285913467875049, [0]
-77.51238023002291, 0.725358787916641, 0.9524125030869567, [0]
-77.34220881271031, 0.669106478383878, 1.1931908215668119, [0]
-77.43912336744044, 0.638729071019996, 1.1469165334473683, [0]
-77.57683030425464, 0.6100744848804932, 0.9907395343781242, [1]
-77.31523709114416, 0.5618389188423742, 0.8641829372931018, [1]
-77.33206026018455, 0.6983939268686105, 0.8620210881399051, [0]
-78.09186849906484, 0.47995103738707395, 0.7061291185945107, [0]
-77.5242168415899, 0.5968089266150062, 0.7338851470889124, [0]
-77.86996782592884, 0.6023813525723262, 0.6771857329576921, [0]
-77.60347894310244, 0.5166896403308798, 1.0746810247425533, [0]
-77.70123504492221, 0.6044518906412355, 1.1163990268789337, [0]
-77.44979972022287, 0.5391525587800489, 0.9658248714061549, [0]
-77.8766593375854, 0.6229212224402763, 1.1321873477559918, [0]
-77.81710890974804, 0.727786639886436, 0.8737477987019371, [0]
-77.73521700221704, 0.7214399700000476, 0.9621675962289963, [0]
-77.43154212193579, 0.6195392935293005, 0.7379043173677904, [0]
-77.34205812336562, 0.6092301770430187, 0.9690371555472561, [0]
-77.96270531711367, 0.606763476642899, 1.1831973776678928, [0]
-78.29867131829945, 0.6188957541589161, 0.8597794468533524, [0]
-77.98955479500509, 0.6384172341683991, 0.8508034191059263, [1]
-77.49657517573759, 0.6925240047925317, 0.9856127309309433, [1]
-77.94245167311256, 0.7111984212675498, 1.285263784059737, [1]
-77.17759427089648, 0.6084675932225786, 0.8339178677638674, [1]
-77.42975026827133, 0.57564950934055, 1.0665672354931632, [1]
-77.21790806182139, 0.6645300736930255, 1.0554164079059847, [1]
-77.89289081562953, 0.45465967218701425, 1.090291086177135, [1]
-78.06772291690724, 0.6162073174304852, 1.1226090838849545, [1]
-78.11728146021007, 0.6451291715440215, 0.7368185411381055, [1]
-77.53369717846748, 0.574148311545047, 0.8879952427149017, [0]
-77.99176843505101, 0.8044666314040214, 0.9977722451596225, [0]
-77.76679789886262, 0.6226112962840419, 1.0372676964041685, [1]
-78.2199476806617, 0.6238365625766343, 1.0660197420063724, [0]
-77.2105282035551, 0.6573864450204269, 0.8064730234531445, [0]
-78.36722337705372, 0.6813789894796769, 1.0761510756230823, [0]
-77.31421736315099, 0.6392053235650227, 0.8098127068803717, [1]
-78.96289111337751, 0.5186135382130411, 0.8789880916496601, [1]
-77.47779863448378, 0.6313032377690136, 1.0986550023097288, [1]
-78.2624798175377, 0.6196829554287635, 0.8481305458093122, [0]
-78.08460058166686, 0.6002326409685066, 0.7381604422365513, [0]
-77.77131427216189, 0.5691861057388496, 1.0611306025313019, [1]
-76.99588652810951, 0.6973671680878735, 0.7666952198190518, [1]
-77.48660042774986, 0.5893960046794576, 0.8898634245104511, [1]
-77.82812870104793, 0.5892150257777526, 0.8925956743518687, [1]
-77.36480382757465, 0.5891020771416563, 0.8785128065959684, [1]
-77.26975727944836, 0.5596506633177791, 1.0831388282601826, [1]
-77.67146421507648, 0.7074917653609963, 0.9368504328793218, [0]
-77.39646730336307, 0.7067384194031862, 0.9208378655981282, [0]
-77.67010216734259, 0.6968832869137327, 1.0989314363020948, [1]
-77.76266558054948, 0.6755458102646452, 0.718305924801638, [1]
-77.49907956942263, 0.6447207727644223, 1.1503957077777578, [1]
-77.90942977091788, 0.5329616997245007, 0.9254045211393609, [1]
-77.53914357463273, 0.6619884940032562, 1.0509300369483767, [0]
-78.78841539606046, 0.6619583651786484, 1.0308859270902817, [0]
-77.29021347039917, 0.6805958855111062, 0.9244087800763217, [0]
-77.62195979775686, 0.6665832910925071, 0.8220249434817035, [0]
-77.28600190106049, 0.6469555641837952, 1.0215787437029342, [1]
-77.97325244844181, 0.6219015656490344, 0.7664374130669829, [0]
-77.42911655959733, 0.6600106034113742, 0.7703548766654247, [0]
-77.63047182864784, 0.628149022997635, 1.1381070382454608, [1]
-78.24381286893062, 0.5536195933123478, 0.854952335230089, [0]
-77.76960948507717, 0.6374745546519941, 0.9603672254191431, [0]
-77.283405354503, 0.6347855761237099, 1.005487481875628, [1]
-79.03925761322644, 0.785858838454549, 1.0339923702233775, [1]
-78.05198709667526, 0.681311575150232, 0.9375656724867883, [1]
-77.35812159849402, 0.6940999333722538, 0.893661225712805, [1]
-78.190309303137, 0.5175789958030846, 1.051915316312067, [1]
-77.34668388894632, 0.6877339801146236, 0.8919849758100229, [1]
-78.0572604544073, 0.6137717495410423, 0.9139648245973722, [1]
-79.01882444659546, 0.7616280517507816, 0.7472803439744347, [1]
-78.2273272501857, 0.5655228597798868, 1.0226889960989296, [1]
-77.48985501261643, 0.6380039305353731, 1.1477311989458063, [1]
-77.66464630009273, 0.6250826439919083, 0.8518945715952558, [0]
-77.53887545698957, 0.5554256900460691, 0.9096154743357732, [1]
-77.53012668506346, 0.5692406758116028, 0.8233493141452678, [0]
-78.27023037413973, 0.5508158353236887, 1.1861119393650648, [1]
-77.89177325258464, 0.7138909265478888, 1.0700667737861367, [1]
-77.84832843343092, 0.6259194178989347, 1.0305617325559229, [1]
-77.76804226729496, 0.5333645275656649, 0.8050584419374647, [1]
-78.52821496644576, 0.6494403903885831, 0.9572350422104642, [1]
-77.46330992516917, 0.5852850301805541, 0.8177648523358949, [1]
-77.6793777937667, 0.6058962703562449, 0.8765566166529859, [1]
-77.18076300750302, 0.6416231872483134, 0.9550002780529615, [1]
-78.19225699171093, 0.704711900185751, 0.8705674906942902, [0]
-78.4940147900534, 0.6915813964404367, 1.0994221863324904, [1]
-77.704432764391, 0.6017106862057557, 0.7856539672486781, [0]
-78.27855495317033, 0.6386391070908849, 0.8481801503936706, [0]
-77.95052899479211, 0.6003537277981461, 1.250946669490963, [1]
-77.78037361058975, 0.6282105313202241, 1.0564421897446643, [1]
-78.25394219200128, 0.6375815668599107, 0.7961765855957609, [1]
-77.2717226488671, 0.6894439427307055, 1.1235368880946246, [0]
-78.55175393042644, 0.5535485953383374, 1.090523804631587, [1]
-77.77135369189648, 0.698906306914594, 1.168157104869198, [0]
-77.57827644776802, 0.7436363662885506, 0.9497256920580193, [0]
-77.42876345183141, 0.6121653486257209, 0.9086932258745024, [1]
-78.39420497011255, 0.5757250444600689, 1.147814231311303, [0]
-77.52306439049941, 0.6753808516091474, 0.707175271404972, [1]
-78.16978166349983, 0.5802518732573022, 0.9892591749285676, [1]
-77.48832991480411, 0.6862722902573936, 0.728564804260688, [1]
-77.39151576546837, 0.6966653315151861, 0.8053242479050158, [1]
-77.78612551112207, 0.5574208255014922, 0.909329872436869, [0]
-77.42990686467512, 0.6198630452394464, 0.8738378014209774, [1]
-78.10124903954127, 0.7215790056463991, 0.7722779510270378, [1]
-77.97819644298941, 0.615148635867909, 1.035849718802231, [0]
-78.30867812388084, 0.5958640265853696, 1.1572784279578134, [0]
-77.2395197338236, 0.6458656049345743, 1.1452541416239959, [0]
-77.33202348385858, 0.5952783559960743, 0.8675424433537747, [1]
-77.95232623349253, 0.5280942095241697, 1.013743076901486, [1]
-77.82466162857824, 0.5232480569051984, 0.8778828193352397, [1]
-77.35236584818698, 0.6403318699956596, 1.1728199901920187, [1]
-78.34715539926046, 0.5932324408902566, 0.7983103069774061, [1]
-77.53952093369817, 0.4917014613306272, 0.8648870258488167, [1]
-77.48259894341398, 0.6190964115807458, 1.0239453952354673, [0]
-77.76309203380534, 0.6725840494440591, 0.9149155885531487, [0]
-77.28645259817591, 0.5994748553703598, 1.160263541581948, [0]
-77.51279811909565, 0.5819282534768736, 0.8787224772548399, [0]
-78.15956008946529, 0.5458608064701038, 0.9642983956651813, [0]
-78.45660061361797, 0.623930229655041, 1.007291004654485, [1]
-78.83414957804516, 0.6421616878685183, 0.8799887681941696, [1]
-77.46711669511531, 0.6875979655928848, 0.9310651006257546, [0]
-77.66376609779886, 0.677817238374671, 0.8761231353947976, [0]
-78.10553064002467, 0.662967055240362, 0.998746946432701, [1]
-78.08380566784564, 0.6716311010869525, 1.0560420181704, [1]
-77.55919985583313, 0.5709576513095278, 0.9902164379009448, [1]
-78.25538166402907, 0.7007403701714262, 0.8392292387446113, [1]
-77.59125280188441, 0.621749793029247, 0.8460823041345262, [0]
-78.45390636652446, 0.4862894660203449, 0.877874072138648, [0]
-78.13380033598122, 0.6129772097427996, 0.9243985391410008, [0]
-77.68074107469515, 0.601672147644349, 0.8716289755783211, [0]
-77.57474900023213, 0.5963445531166484, 1.0545691989635897, [1]
-77.71609709356649, 0.47969087081046224, 1.1567831430295126, [1]
-77.49962862869292, 0.5853550418051267, 0.8890285753901931, [0]
-77.49317145195843, 0.5421356702772953, 1.0472435965207307, [0]
-77.24591849842977, 0.5353740864476146, 0.9138601066840505, [0]
-77.61917836602527, 0.5121429609184179, 0.9975934681237654, [0]
-77.26317981325892, 0.6508945330153937, 0.931254755142638, [1]
-77.52454285099402, 0.6008571370002014, 0.9929487547100653, [1]
-77.37594609799278, 0.693316740810392, 1.0167797782133186, [1]
-77.87858146755599, 0.6531608009160158, 1.03195477355642, [1]
-77.20005277222874, 0.5940798281131419, 0.9506606521408055, [1]
-78.10163228631983, 0.6687783873723006, 1.0379822747974752, [0]
-77.81220657982509, 0.6701583441030567, 1.2093926683182723, [0]
-78.11540630754175, 0.6334338979825357, 1.0252452251079796, [0]
-77.96115106376452, 0.65251152140479, 1.0708898069341417, [1]
-77.51089308491912, 0.6289556712895752, 0.890342511905783, [1]
-77.44581523853866, 0.6502994321591304, 0.9720936329439196, [0]
-77.37697621405258, 0.5904436991435815, 0.9050094218239494, [1]
-77.95848379773534, 0.7012153960540353, 0.8291899321566211, [1]
-77.57422382085942, 0.7375299692375243, 0.8279957552292505, [1]
-78.03268048257145, 0.7733123232290691, 0.8397574172641818, [0]
-77.63223567899573, 0.6093577080068024, 1.0584666967657845, [0]
-77.62412915012459, 0.6915982399618128, 1.1838763827153471, [1]
-77.79223418276347, 0.6802218889988493, 1.0739176706086015, [0]
-77.46388230623995, 0.5809294364278468, 1.0458036672344908, [0]
-77.75250835065664, 0.6844287775987691, 1.068413660857468, [0]
-77.00553886032158, 0.5871669334344096, 0.9387641552952318, [0]
-77.69759153447379, 0.669348668419009, 1.0970699405823379, [1]
-77.67528874929015, 0.6091451667011125, 0.8819117279648501, [1]
-78.30108556942066, 0.6650494423443255, 1.102699473127025, [1]
-77.52927065842394, 0.6981001398876404, 0.8935129998290736, [1]
-77.28561132042357, 0.655944268421065, 0.9735232782288757, [1]
-77.4362151773956, 0.6004636910680845, 0.9153305911115891, [1]
-77.72440323489926, 0.6241764592124825, 0.9824298206314092, [0]
-77.80983771304595, 0.6128192134046208, 0.8903090778532289, [1]
-77.54903719199352, 0.682516671769832, 1.0393719427858774, [0]
-77.40173377571679, 0.5954346024545982, 1.0273856590625887, [1]
-77.7334774614395, 0.6509411388963476, 0.9755058630455573, [1]
-77.71262496236507, 0.500617409165814, 0.9771222611135432, [0]
-77.38523353118379, 0.5803447302727996, 1.0014161605836336, [0]
-77.59291553043684, 0.6643262365444398, 1.0479650852046296, [0]
-78.01834995449796, 0.6681907110482537, 1.0516284870421675, [0]
-77.90530544846501, 0.5989224480524521, 1.0336977023737244, [0]
-77.20743367438355, 0.6708821857707326, 0.8791029051703942, [0]
-77.55583578462362, 0.7803617497081375, 0.9430465751450386, [0]
-77.43460808763056, 0.6271681300009793, 0.8302950063339875, [1]
-77.60031961200602, 0.6666701609330808, 0.9260229481526003, [1]
-77.76674015668802, 0.7261603704661508, 0.8890040980302759, [0]
-78.04170001533804, 0.7224874130821054, 1.1546300120449333, [1]
-77.68627585186276, 0.6298856839780381, 1.1365130243716937, [0]
-78.34457641991045, 0.5815572653849248, 0.7174269386867107, [1]
-77.54424586776547, 0.6060459547986679, 1.0032274465069297, [1]
-77.83663477306202, 0.6425634503002283, 0.9186209379440275, [1]
-78.66355248679555, 0.6139945009876671, 1.3679428835992233, [0]
-77.85130405942188, 0.5693807027691411, 1.0161307354652027, [1]
-77.69468912017469, 0.6491152622216625, 1.1756078857808787, [1]
-77.49924385412405, 0.730577766133702, 0.7602228891093086, [0]
-77.84345264154486, 0.6517160442884633, 1.0850407361997718, [1]
-77.96881332108957, 0.5560626373895052, 1.0247255968225732, [0]
-77.67754204642256, 0.5571242564615052, 0.9936598768461753, [0]
-78.16610279724969, 0.5758650762705784, 1.1216711646343727, [0]
-77.51165182555073, 0.6341601936990053, 1.0918825210878724, [1]
-78.10093951396574, 0.6394167616396381, 0.813857088297169, [0]
-77.16418382621238, 0.5614885739085266, 0.937343323233547, [0]
-77.82598377986906, 0.6486851856227976, 0.88480663513911, [0]
-77.17363570615584, 0.6359671786733094, 0.8291566239495294, [1]
-77.581796745919, 0.6678329505391764, 0.9412483256811144, [1]
-77.25885307589705, 0.641215928622452, 0.882357318229944, [1]
-77.42134824089815, 0.650948883895951, 1.0714719496287084, [1]
-78.07869132860498, 0.5464239102779709, 0.9070344329189785, [1]
-77.38554643618681, 0.5816537867721387, 0.9293494408413211, [1]
-77.83108913721016, 0.6201988174037183, 0.7437676257699392, [1]
-77.69154397581215, 0.5944116324472764, 1.2332131959025814, [1]
-78.32027615265326, 0.7984757635169331, 0.8752042225811472, [1]
-78.14096742963346, 0.5751098546700291, 0.9190691619842611, [0]
-77.25856577383779, 0.6749591327027655, 1.0462259322052776, [0]
-78.13021097492695, 0.646357244039656, 1.1697040426110301, [0]
-78.07695784041404, 0.6040551909607658, 0.8019656986342603, [1]
-77.353423169997, 0.6019908427657379, 0.9372458905173094, [1]
-77.33613197743819, 0.6666257478593682, 1.0817746144656013, [1]
-78.41262543092789, 0.7046037858472269, 0.9093577809504394, [1]
-77.75763244809771, 0.6080968538120058, 0.9538741585378047, [1]
-78.01419420147337, 0.5114816592378754, 0.7008419404440345, [1]
-77.43502167366323, 0.6898059648322182, 1.0864193649677787, [1]
-77.9351851781331, 0.6314276391135548, 0.8695137195875506, [1]
-77.53075609400207, 0.5103146987212029, 1.0186077733962515, [1]
-77.62400880882291, 0.7173818971311341, 0.9450481313769072, [0]
-77.37830167281301, 0.6651630653828305, 1.0048791476412724, [0]
-77.73571128194334, 0.665716762869553, 0.8632580200057672, [0]
-78.30771416300426, 0.6238590174255125, 0.9292359804271191, [1]
-77.3449314053815, 0.627298919819221, 1.0670544324299773, [0]
-77.31735310164923, 0.6244222556453012, 0.8579935957391496, [1]
-77.62905582844735, 0.587483041404001, 1.1570277389539056, [0]
-77.5085992647954, 0.5979743911845884, 0.9502838857495247, [1]
-77.59758721654559, 0.6032470618324115, 0.9116480297501747, [1]
-77.72635206245718, 0.6412061812254154, 0.8794453567035188, [0]
-78.37387682523264, 0.5727983098967763, 0.7450216683025107, [0]
-77.79739985852324, 0.6478671151695189, 1.2572101003002676, [1]
-77.93291561893341, 0.6754814057197462, 0.9549951539820062, [1]
-77.47245895764446, 0.5888325395080951, 1.044033936145149, [1]
-77.29039378319072, 0.5823047251732036, 0.9916790136256138, [1]
-77.65779696063112, 0.581728990531713, 0.9404723821446589, [1]
-77.70946926169961, 0.6221146101252543, 1.1627711461000243, [1]
-77.68123131786024, 0.7062070204530811, 0.830714781580979, [0]
-77.55165644555534, 0.5373094947030105, 0.8539765177622409, [0]
-77.9549130612566, 0.6404322224676728, 0.8453537346423783, [0]
-78.06756267316568, 0.5920031008958945, 0.856651707278907, [0]
-77.01087123449375, 0.6375409013568826, 1.188269302977999, [1]
-77.25750499061994, 0.5520630511453354, 1.0964946279370011, [0]
-77.6039723228528, 0.604809219132334, 0.8294281941578369, [0]
-78.21289574454352, 0.5334683374902677, 0.6172218498730375, [1]
-77.49634528786221, 0.6868803536375802, 0.9503193768925794, [1]
-77.15225392152637, 0.6207671264321933, 0.9995647576980492, [1]
-77.33417498367695, 0.6701953432016402, 0.9977495301869442, [1]
-77.79789215485233, 0.4993043671005963, 0.988557318218836, [1]
-77.74715549612117, 0.5317471113492216, 0.7155751467615948, [1]
-77.52275144497787, 0.6150652243593744, 1.0089085796363513, [1]
-77.71539114138403, 0.6710942771677346, 0.9091647752539425, [1]
-77.64633945896412, 0.6677739765662298, 1.1573907361380313, [0]
-77.60173250271797, 0.5623943212887677, 0.8898701865581556, [0]
-77.56892037761651, 0.5047073664361468, 0.9695574070307982, [1]
-77.66971325144009, 0.6155939599798281, 1.143474551780491, [0]
-77.41090696574524, 0.6105172935145027, 0.9859972070867244, [0]
-77.79542021532461, 0.5685566973272459, 0.833828132423063, [1]
-77.73962521172183, 0.5990263764978966, 0.9822151422730427, [1]
-78.24266709400254, 0.7330005812756399, 0.9688569617175518, [1]
-77.60404626711636, 0.5463705775332822, 0.932316189172852, [1]
-77.80495157014737, 0.6489448104583718, 0.7788697313848235, [0]
-77.51790212652656, 0.6495312437443242, 0.8604812424606716, [0]
-77.61593439260889, 0.5639090328527945, 1.1017649785471648, [0]
-77.55346189771194, 0.6214196671009198, 1.009078791299307, [0]
-78.29935578407107, 0.6222596825762999, 1.0049878321443424, [0]
-77.04380680411663, 0.5893958820459376, 0.9227958729533697, [1]
-77.40515483257383, 0.7497351488755701, 0.9167581452743403, [0]
-77.55415629650308, 0.5408024860234273, 1.0903994647371364, [0]
-78.56615066763455, 0.6259679069988175, 0.9663537477981007, [0]
-77.60539120243726, 0.5711857810293789, 0.9683962963525499, [0]
-77.38414825255711, 0.5849683849498902, 0.9575387278019869, [0]
-77.72170002491441, 0.6068519186113686, 0.9348391997859506, [1]
-77.37022401415285, 0.5271809034575498, 0.9499775412349715, [1]
-77.13297503940514, 0.6271655707701645, 0.7940709474601132, [1]
-77.49120323043108, 0.5658310072491275, 0.9136002073413111, [0]
-77.85073013829448, 0.508406411240436, 0.8160156430024106, [1]
-77.94058492452595, 0.6079047190585689, 0.943622303938195, [1]
-77.6980220528346, 0.5800030655803459, 1.0613961343555223, [1]
-77.68256315787873, 0.5311898671729598, 0.9094332504447391, [0]
-77.33547095106526, 0.5530266235641719, 1.021427486198362, [0]
-79.26876952214889, 0.6319095207299212, 1.0421328054576633, [1]
-77.4110737136678, 0.620300264800091, 0.8443774798356796, [0]
-77.72077518903912, 0.7154560972192641, 0.9095751238082128, [1]
-78.06458377812108, 0.6695419429307289, 0.9807748254210951, [0]
-77.55354524004626, 0.5796496090377825, 0.8232430570716456, [0]
-77.88592822555997, 0.5115128660427425, 0.708154899762954, [0]
-77.45390810763328, 0.6237296446613297, 1.0433370645994664, [1]
-77.21354093427108, 0.6888049894235315, 0.7372269916784342, [1]
-78.28141637812233, 0.637757356754892, 0.9218919010059553, [0]
-77.93684288858124, 0.722492593234016, 1.1565621969771496, [1]
-77.91341950703331, 0.6201725157235969, 0.7321611816509798, [1]
-77.73333879964662, 0.6051785783062296, 1.0319594088577757, [1]
-77.85884856286927, 0.48288231160868206, 1.001053177853022, [1]
-77.76168158800651, 0.5468407181921018, 0.9753241747881093, [1]
-78.21975557889112, 0.6937365910590416, 0.7179905002399197, [0]
-78.13389046357474, 0.5537201299589534, 1.2754830865575795, [0]
-78.13011035374197, 0.6531995569194142, 0.5620817433253338, [0]
-78.49602434244717, 0.6301513328551298, 1.2493181890070806, [0]
-77.54353176521825, 0.7441715406441951, 1.0128061583576045, [0]
-77.33815457983374, 0.6498700383207869, 1.0736612369089982, [0]
-77.08167677867812, 0.5800740478813449, 0.9357922075200276, [1]
-77.30440946984038, 0.6915803061850239, 1.0112294048877786, [1]
-78.87802729825576, 0.5518066483715844, 0.6613880415182659, [1]
-77.11596356727036, 0.5990076647691559, 0.9062252922493387, [1]
-77.7931835764171, 0.5539730132699269, 0.9612134044997487, [0]
-78.05350316563693, 0.6195977863998058, 1.0582466629925065, [0]
-77.59497243014098, 0.6097222730769871, 0.9061216605491745, [0]
-77.55935889668109, 0.7065548612971304, 0.8261716150943151, [1]
-77.87914605527247, 0.6444859652929733, 1.085577215256592, [0]
-78.10573556967194, 0.6029277247325787, 0.7997031881643107, [1]
-78.83758831987498, 0.5679803987309505, 1.1897164870785022, [1]
-77.88232311827304, 0.6457176561975514, 0.794105485897214, [1]
-77.62749046792224, 0.6336328200365382, 1.0642054976176398, [1]
-77.81525832092444, 0.6250863686706775, 1.0417020000870707, [1]
-77.59991409888025, 0.5463649129720521, 1.0418021281333925, [1]
-77.74628854019763, 0.6643964467915071, 0.5902965479149582, [1]
-77.58781875353775, 0.5935898817384057, 0.7796428319840439, [0]
-77.80570860835972, 0.6398237307321823, 0.9434877454285502, [1]
-77.67375294625715, 0.7241762298812544, 0.9621170288529096, [1]
-77.48252678420592, 0.5647030650977155, 1.0498679001894513, [1]
-77.38928103023693, 0.6531950404090019, 1.0901288140738283, [1]
-77.5885697064424, 0.5770273656701017, 1.0003431208065627, [0]
-77.72940582841001, 0.7015740008526626, 0.7554892652347267, [1]
-77.9236314152614, 0.5962895594741827, 1.1229294941010024, [1]
-78.23243607417406, 0.6933021702517923, 0.830892336409085, [0]
-77.77225418816805, 0.6184336328236834, 0.7975369019089122, [0]
-77.80025230293546, 0.5893016810757772, 0.6179269042630737, [0]
-77.29865360339666, 0.6037248681648052, 0.7861307693128304, [0]
-77.38259519745094, 0.6269478694743406, 0.7116695480176586, [0]
-78.08523929200159, 0.5053615864190543, 0.9757640838738659, [0]
-77.06188002337566, 0.5622120766177554, 0.9233433691295587, [0]
-77.35610367649613, 0.639135320836104, 1.0750353790839524, [0]
-77.24253134210053, 0.6399844638043157, 1.0088817596826856, [1]
-77.22122285241761, 0.6134542703340946, 1.1718018389682276, [1]
-78.02841668906242, 0.6810369501138758, 1.0426457487210519, [1]
-77.39881337295154, 0.7141389821330502, 0.8420059175510649, [1]
-77.54333318908812, 0.49148031725785996, 0.9331202174094074, [0]
-77.9041513394996, 0.6339988629228527, 1.0450151634059346, [1]
-78.09827520804683, 0.5575419515002685, 0.5990787304524605, [1]
-77.32481064241762, 0.6928432407410862, 0.8502364398555268, [1]
-77.66934946075786, 0.6743068212598335, 1.0381273563971687, [1]
-77.2591702662737, 0.5332694460262023, 0.8402410167019011, [0]
-77.42974615785188, 0.6860676367793493, 0.9264340016830283, [1]
-78.23919742115876, 0.5497695529453211, 0.9401747712143061, [1]
-77.23984676081642, 0.6294921311202903, 1.1274534748953884, [1]
-77.63863575046588, 0.6302265429929176, 0.9067334767655123, [1]
-77.71753115037588, 0.62728839465193, 1.008972795057888, [1]
-77.23608286313328, 0.7374030711490897, 1.002537409851934, [0]
-77.87231645954157, 0.6962564715103293, 0.8699484081032984, [0]
-77.2910159729886, 0.6000407240342542, 0.888264780663066, [0]
-77.422589132452, 0.6380948310165119, 1.0781994489948337, [0]
-77.8141786946448, 0.5617232787295131, 0.8572153531480097, [1]
-78.0741012879502, 0.5720519536124095, 0.8624840834653498, [0]
-77.195690730249, 0.6140485517237043, 1.0861068378350094, [0]
-77.80412467904652, 0.5891176818781063, 1.127380078231697, [1]
-77.8620820488221, 0.5920674288862458, 1.1227505446516097, [1]
-77.94483792948301, 0.7003173642202778, 0.910666449617983, [1]
-77.57590418125727, 0.5853320412535963, 1.0573988132484808, [1]
-77.42644820415572, 0.6752028465664089, 1.0184905033302576, [1]
-77.59287681740321, 0.5664577378896062, 1.0659007698718996, [0]
-77.77927265816173, 0.5578757643721095, 1.1319403048290662, [1]
-77.76353208446763, 0.4746332411599066, 0.9446967490685577, [1]
-78.78450797080568, 0.6436979901159782, 1.0814059104533191, [0]
-77.4480259089815, 0.7100680725123406, 0.6720696007338369, [0]
-77.38524824006319, 0.5579125036905037, 1.006045557080815, [0]
-77.6657399019997, 0.6053278279819859, 1.0068214752897524, [1]
-77.98676006832126, 0.5813699300011403, 1.1374710867969002, [1]
-77.90755934122173, 0.6197095417152444, 0.8557458368987529, [1]
-77.95392997191783, 0.5907189721911994, 1.1170785975187165, [0]
-77.56902563955387, 0.6200499717084228, 0.8089822415113337, [1]
-77.83631058464341, 0.6328311348610735, 0.9643604036162913, [1]
-77.58357867677505, 0.6016896578344907, 1.196505765389249, [0]
-77.80853477818886, 0.6520044262005045, 0.9131658605404314, [0]
-77.37835787260319, 0.5839523791353617, 0.9763227650682439, [0]
-78.58081594140776, 0.5885953137737504, 0.8515452996574633, [0]
-78.08160344624557, 0.6215018128200546, 1.2504401464082475, [0]
-77.5489796355789, 0.5376872651340269, 0.93927211349942, [0]
-77.55978952076008, 0.575843330498087, 0.946894943654697, [0]
-77.72484412517015, 0.6510054185864975, 0.807008812172396, [1]
-77.38532666460401, 0.5278792121769733, 1.02179463923118, [1]
-77.36774014986047, 0.6619134083910382, 0.8194062197588288, [1]
-77.99422171131991, 0.673400060546094, 0.7727916394810356, [1]
-77.35790954355119, 0.5643837377759968, 0.9420678814018535, [1]
-77.84805024416941, 0.5486649367785646, 0.6715314843249403, [1]
-77.03266565426108, 0.6444090172417116, 0.9668378039206521, [1]
-78.00299271140902, 0.6812321458678737, 1.039022382756932, [1]
-78.14793197463774, 0.5885908105459187, 1.0768384409995257, [1]
-77.63110329329376, 0.6219056394110405, 1.034959761660198, [1]
-77.95117830641459, 0.6872458418781783, 0.8830543758838698, [1]
-77.6971183365829, 0.561705518043143, 0.9169448200221925, [0]
-77.24846276433395, 0.6460219080715667, 1.1096850207396582, [0]
-77.66878879446757, 0.5796901713887692, 0.9606078903728579, [0]
-78.0585469893449, 0.6983686234104325, 0.7834837092539603, [1]
-78.1176397743134, 0.6367166149836244, 1.0180807702792318, [1]
-77.27738417730889, 0.6784957442189983, 0.6720218350321301, [1]
-77.72822481080156, 0.6817307372115676, 0.9909287548151477, [1]
-77.31223623790873, 0.5985904861729842, 1.0344877847748433, [1]
-78.17907704673118, 0.6399973301504329, 1.1240255597963011, [1]
-77.37405115838543, 0.6791279308517137, 1.1077226541234122, [1]
-78.41236486333354, 0.6384940539603738, 0.6488969669155059, [0]
-77.43698574711111, 0.726076977999573, 0.8202435866410606, [0]
-78.03144362872922, 0.666294302404561, 0.8337380768558889, [0]
-77.88703209033365, 0.5809231028252447, 0.8088514495617, [1]
-77.46119168547463, 0.5678945523202197, 1.0162024807307057, [1]
-77.41967404424011, 0.6613424901436393, 0.9994595131766125, [0]
-77.88347942233432, 0.5325254538743189, 0.8818938233649164, [1]
-77.78998777099437, 0.5594078488491465, 1.171583301534251, [1]
-78.05073420057386, 0.6216379385832034, 0.89850731704581, [0]
-78.52688495983334, 0.5359545217750039, 0.8562905776243219, [0]
-77.71999929858029, 0.6280004017103225, 1.048322704171305, [0]
-77.8034723429524, 0.5163779786886344, 0.9342420743738208, [1]
-77.63663788995085, 0.539640098888039, 1.1333399692438557, [0]
-77.97190471669676, 0.6503675869190118, 1.0823405669825297, [0]
-77.95174620765985, 0.6220039085088239, 0.9808655644203753, [1]
-77.68207766211738, 0.672096318626188, 0.9473316547090634, [0]
-77.65952135415989, 0.6836259595655431, 0.7665886394804228, [0]
-77.42302417372653, 0.6276011809929557, 0.7506609585630122, [1]
-77.32772431058454, 0.617382855496858, 0.9194056512185416, [1]
-77.10754038347919, 0.5885021062287853, 0.9664607436694941, [1]
-77.8395123770248, 0.49471671409031837, 1.0081433731170564, [0]
-77.9129399472656, 0.7198378229877624, 1.0883601530164861, [0]
-77.93788261650043, 0.6025074131516792, 1.0281237659409996, [0]
-77.21956568818682, 0.6293401105244638, 1.0609008081107203, [0]
-77.25571876767516, 0.6578616247226847, 0.8290804695178589, [0]
-77.79359682288009, 0.5315444661435297, 0.8882639717660146, [0]
-77.23881361667362, 0.5590155479779099, 0.9527727223076787, [0]
-77.38723083279362, 0.5619987961478252, 1.1211482773508625, [0]
-77.60126739516726, 0.620019012464817, 0.9191047507072811, [1]
-78.01027326632645, 0.5768926011965427, 0.7229727510688091, [0]
-77.87609792297121, 0.5210942647765621, 0.8277298291516302, [0]
-78.03491614078845, 0.6504860462998754, 0.9526021393708685, [0]
-78.30920502894425, 0.6821106557771369, 0.7955869277065633, [1]
-77.35116401063837, 0.6856577097690854, 1.0258904231596084, [0]
-78.21604521963461, 0.7659546287810209, 0.8844141986949682, [0]
-77.34590316270832, 0.5910222073034147, 1.0191280456308949, [1]
-77.87366502572114, 0.6826368972606387, 1.075354138144309, [0]
-77.26123911040827, 0.6621124107046626, 0.9572049017605779, [0]
-77.50592806404511, 0.6358936534710599, 0.8352183409313185, [0]
-77.79504185531002, 0.5440441150295721, 0.8603960124237143, [0]
-78.26470828868376, 0.5215288930567918, 0.8192813410977372, [1]
-77.89701133657937, 0.673932991949563, 0.9105769498158012, [1]
-78.00960036374204, 0.5574869139702372, 0.8494491099737927, [0]
-77.87691967246192, 0.5550015097182461, 0.8618341349865869, [1]
-78.00302829817556, 0.6316342490867828, 0.9552319911315026, [1]
-77.46351865870145, 0.5918584066666079, 0.8663695380400322, [1]
