t=0.048084635067206165
logZ_t=-15.95363701247294
-22.880505255148886, 0.6771415846469198, 1.7871993409684366, [0]
-23.12908243210487, 0.7064826738390944, 1.0984268493197067, [0]
-24.00935881437304, 0.8060098431597438, 0.7972296048809165, [1]
-22.988955995748057, 0.7743688622176349, 1.011732819083858, [1]
-23.769134547477773, 0.5121264102221943, 1.0950559662639923, [1]
-23.136300911537347, 0.7266475439673248, 1.2233711575237003, [1]
-23.815598828227568, 0.8143325295543062, 0.8135208848987893, [1]
-24.005224779310105, 1.0321399348271483, 0.6155384346980486, [0]
-22.627387847794296, 0.6496026189589179, 0.561853720627878, [1]
-22.858689737200915, 0.5894400574497561, 1.3454475260858996, [0]
-22.06180130527208, 0.4836349250748793, 0.8368038360679557, [1]
-22.983729969777478, 0.605647983791531, 0.7476981252276313, [0]
-22.722366617643406, 0.4174137653607997, 1.399181671289153, [1]
-23.25103993882667, 0.740368105420767, 1.1266541681010178, [0]
-23.079256793753334, 0.6816920129392566, 0.8314230922189019, [0]
-23.20456012865622, 0.4757568123081006, 1.56587915352199, [1]
-23.123517223593083, 0.7290217905048328, 0.8850072049163582, [1]
-21.914818111983354, 0.6952882765280302, 1.7309524106661858, [0]
-23.119773222725872, 0.48255456988234535, 0.9191365765954456, [1]
-23.727270428886175, 1.094470447187912, -0.22570447371917163, [1]
-22.362101641044095, 0.45085378591654207, 0.7020896763491359, [1]
-24.60903774801987, 0.41184279852933664, 1.3092304119415554, [0]
-22.553191009719075, 0.5959999066576225, 1.3314481810068666, [0]
-22.36449805656017, 0.7471794911477309, 1.3416723297523858, [0]
-23.919849190439905, 0.3841361173419064, 1.1111832224817828, [0]
-21.843393097577202, 0.544026264015657, 1.4608432258682926, [1]
-24.59862488016296, 0.6513240661203197, 0.0605682399997723, [0]
-23.027911416808312, 0.6517690327627789, 1.0796013092106842, [0]
-23.05945179043832, 0.656849144525074, 1.344017639892863, [1]
-23.987712455672053, 0.6525835312534967, 1.4560250052317447, [1]
-22.008280221949285, 0.5359076855179679, 1.1163705021660175, [0]
-24.090681344598444, 0.624878923293011, 0.822967568676952, [0]
-23.322300828236386, 0.5632305331280592, 0.8321679386726336, [1]
-23.11924398400419, 0.7345857014313772, 1.2423116943522663, [0]
-23.353329818265422, 0.4359568641629109, 1.1320297987968613, [1]
-23.048111281165028, 0.7194730863451135, 0.7403422822315312, [0]
-24.81170447812449, 0.48295989302676895, 1.4910346290768928, [0]
-24.194991995928344, 0.5043689400822511, 1.048345191129592, [0]
-24.80646885375288, 0.7074712164028089, 1.334098907496375, [0]
-23.438415679904896, 0.7811270189631823, 0.9003067767824131, [0]
-23.93827255785545, 0.8051442547488006, 0.9778549972640405, [0]
-22.933622103430586, 0.6318613990054904, 1.1434403936279238, [0]
-22.464515735417283, 0.7972284601088802, 0.8756887208076226, [1]
-23.361753775855124, 0.28078310796365114, 1.7891111370149164, [0]
-21.98955979315335, 0.3616930959421656, 0.620040559535336, [0]
-22.88099663220677, 0.8678908165390006, 1.4171812501573182, [1]
-21.39890245095441, 0.4203281115994604, 0.33213553137969853, [0]
-23.111669540607874, 0.7426022830860437, 0.67187419881209, [1]
-22.54289282871882, 0.4633613026377994, 0.6540036187485205, [0]
-23.7101965856442, 0.5443592024893699, 1.2954767137840406, [0]
-24.78464291170208, 0.7476002934417822, 1.9377471989509538, [0]
-22.86564304399325, 0.5878137003351378, 1.0976293276211986, [1]
-22.28344070199724, 0.7307366369496953, 0.9016624232134983, [0]
-22.880340228620657, 0.706225597891354, 0.9163616066152527, [0]
-21.904548397592684, 0.5316599961708453, 1.316736890898768, [1]
-21.947512714875565, 0.5767272263096394, 1.7170455341315078, [1]
-24.695331572862, 0.43994924847386757, 1.2983601401279192, [0]
-23.521995730973234, 0.9388569643070912, 0.7378417492474549, [1]
-25.179888964485478, 0.5784054513383556, 1.2156372120166326, [0]
-23.755190118985933, 0.9570797390037376, 0.8241587974122493, [1]
-22.93843560492456, 0.6549123129553938, 1.4657473349121823, [1]
-24.290659875441936, 0.38426760758379697, 1.446088720342603, [1]
-22.491900568121064, 0.5451965306074964, 1.2384248893780525, [1]
-22.34708604988961, 0.6999351130253665, 0.6636827079212863, [1]
-23.275685638410025, 0.4335305974645224, 1.2172771077922013, [1]
-22.319518085522677, 0.8133878967129025, 0.7952225962093191, [1]
-22.668332066006784, 0.39280435600763064, 0.9172617780276409, [0]
-22.778103382811082, 0.45826272515140754, 0.9896025700244102, [1]
-23.045107250824543, 0.8652286372733387, 0.8394958983320602, [1]
-23.54626935166177, 0.41095562427299864, 0.4824826038614666, [1]
-21.707425424602967, 0.698513843769653, 1.5747664870932396, [1]
-24.118647212594624, 0.4873304454132837, 0.5508929275690054, [0]
-22.396449541927932, 0.5741844190109833, 0.913418932381122, [1]
-24.745745176834006, 0.49317253622284285, 1.6637281940171234, [0]
-23.129836769763937, 0.6816652186604126, 0.207868704587022, [1]
-22.979977994295965, 0.5890190046255431, 0.6035543394171758, [1]
-22.723101398466028, 0.3725946415102105, 0.9538419332071363, [1]
-23.924910430185296, 0.9448411359316299, 0.5239564319557151, [0]
-24.562673624171204, 0.833125500676175, 1.0218067989160566, [1]
-23.013015774066325, 0.6997696575139369, 0.927030612445197, [0]
-23.60226567096284, 0.7031642374019079, 0.6872870264324562, [0]
-22.266233633224324, 0.7005075161524095, 0.8694644887467863, [1]
-22.987378855488693, 0.8460960780884368, 1.0822138312418126, [1]
-25.193625714718372, 0.6945527473474837, 1.0037462282603768, [0]
-24.280236322125408, 0.7142855710831042, 1.1371803267172844, [1]
-23.492935478298435, 0.45362232885332276, 1.0249609725040552, [1]
-22.3396205372753, 0.950271125933335, 1.416354223833282, [0]
-22.808061263041917, 0.7012702637736182, 1.3396511519343395, [1]
-24.22441747293143, 0.8609673218407927, 0.9963688176146164, [0]
-23.70622877792572, 0.6387100712018894, 1.237965006134926, [1]
-22.6858241279068, 0.6041628602350091, 1.7136203249659143, [1]
-24.20414092110326, 0.5682315451220912, 0.6403453447921242, [1]
-23.018483068051385, 0.5021214715942134, 1.4037101495310134, [1]
-22.45183782168061, 0.5827406073696872, 1.3968100762183848, [1]
-23.950979773970452, 0.13806668852812096, 0.2398756505847066, [1]
-23.236190253222794, 0.8129154187357783, 1.3727641448470265, [1]
-24.793298214920693, 0.7792249549068874, 1.019297044131288, [0]
-23.971443072269842, 1.1317561285543756, 0.6224544907687901, [0]
-22.285223924000793, 0.9368578956562926, -0.1744030383000051, [0]
-24.326702023360642, 0.8063550371229857, 1.3865413209864308, [0]
-22.44432828869633, 0.7001736113948236, 0.21631736567625426, [1]
-21.82803372956373, 0.8697535749063106, 1.1001625026781237, [0]
-21.443501577522838, 0.43680672412295135, 0.9926774295889653, [1]
-22.546795763511668, 0.5298207742578023, 1.2026366005537406, [0]
-22.75683208788928, 0.5498260644828894, 1.3762870814189663, [0]
-24.02283786451934, 0.7227694372709851, 1.5379162569960156, [0]
-22.564087442972912, 0.5300019222556303, 1.3835211736481772, [1]
-23.154309196534737, 0.5490402318620758, 0.27427271943607545, [0]
-22.5136686765656, 0.2561842648496655, 1.042754115660645, [0]
-23.588336382421037, 0.10588273966452799, 0.8703632555873622, [0]
-23.45009242392148, 0.5374254272764594, 1.7329574946157713, [0]
-22.614967364532546, 0.43240342706686924, 1.1586781280047223, [1]
-23.04818817808341, 0.6098429366531666, 1.5105755624285575, [1]
-22.812588115843294, 0.3514181950949993, 1.1768425114670433, [0]
-24.52795153343743, 0.7761900352699469, 0.6921382492559537, [0]
-23.455453226645265, 0.6149533216224163, 0.894184639201238, [1]
-23.263889954710184, 1.0523407179849733, 0.9767374661486001, [0]
-22.752866282695877, 0.5993846561827971, 1.0705009821127076, [0]
-23.59284706934995, 0.8231020842288478, 1.3279410530613103, [1]
-22.830123955349812, 0.47225557083742187, 0.9917201226483003, [0]
-22.291675227131137, 0.835461556965833, 0.652801385149507, [0]
-23.213604326899908, 0.47633960417818755, 1.4988281438136424, [0]
-23.678934391971993, 0.6171977340113777, 1.2884647403853926, [1]
-23.434759584404876, 0.5086269591933571, 1.5172901793345062, [0]
-23.59464272145658, 0.5342931557790523, 1.5711466228583946, [1]
-22.79846401261509, 0.499145101193573, 1.165673023628225, [1]
-21.9217248740738, 0.4956011817783923, 0.8652974035967236, [0]
-23.735702774122224, 0.27951209800336435, 0.8506708206189453, [0]
-24.071401282161595, 0.4721480290069551, 1.3223758344223304, [0]
-23.60283223631192, 0.4839399190570344, 1.3425885715618382, [1]
-22.69538439379687, 0.6244242355972291, 1.0978824076204665, [1]
-23.025851217699874, 0.6435547765402199, 1.231234485087298, [0]
-23.698754473868405, 0.41778945886000707, 0.9240650197481812, [1]
-21.477510820305255, 0.8001655721093067, 0.6509099687071015, [0]
-22.994714574989555, 0.44149657938958076, 1.26315068584883, [0]
-23.255543378904775, 0.5208377434389031, 1.1896046507855749, [0]
-23.116562977988423, 0.7490159341963131, 0.9314857207687774, [0]
-22.324362481177893, 0.6832498389826593, 1.435164735355316, [0]
-22.934062679975497, 0.7193275397599892, 1.1219523434048972, [1]
-22.459955668709146, 0.5447772155141625, 0.7013546896263392, [0]
-21.999741964964834, 0.7262962027447605, 1.3631384469152246, [1]
-22.747922002626538, 0.5309080761435325, 0.9834205156483871, [0]
-22.71319700462977, 0.5273310964229175, 1.1247440199966006, [0]
-22.489668834038174, 0.43774965797975135, 0.8361494292612673, [1]
-24.714213214465374, 0.7358350036410664, 1.5973001695684985, [0]
-22.61276642677422, 0.28595000328297626, 0.7162088667291215, [1]
-22.46742625433348, 0.46449120510389014, 1.457850607112036, [1]
-23.895131668391763, 0.2581365626907304, 0.361686879024037, [0]
-23.411824973205654, 0.6491789714909217, 1.1375957237656835, [1]
-22.375941178403888, 0.6182337312908625, 1.234140140907715, [1]
-23.429261372662044, 0.7113563378503001, 1.0864427599941, [1]
-22.35904078751671, 0.6684801504924239, 0.8495587279045121, [1]
-23.661586848736878, 0.5422332715242948, 0.9061640125699215, [0]
-22.218162978534128, 0.7379556477345816, 1.2665694730247166, [1]
-24.22389826851003, 0.9881105076624759, 0.46329116490307093, [0]
-23.21490653348959, 0.4831851378208183, 1.5764298056335826, [1]
-22.0676581212646, 0.531527599095035, 0.708277379608948, [0]
-24.74915221493805, 0.4016037730203382, 1.5026279699500387, [1]
-22.28998007707941, 0.4995367541363964, 1.2354234758092215, [1]
-23.296740514831342, 0.5406085348369267, 1.3601028692541228, [1]
-22.583702990756493, 0.5361017461598232, 1.8324133342857603, [0]
-22.042620786337952, 0.7480034775899738, 1.1487492696307724, [0]
-23.190229065390373, 0.7351346010180226, 0.6231671439180598, [0]
-23.61721205899597, 0.7604349778900562, 1.4774367990882271, [1]
-23.546572265401995, 0.6731787428419389, 2.044792257666185, [0]
-23.41753367998909, 0.4569412675813032, 0.8536923833241975, [0]
-23.25443494340849, 0.7407213355537274, 1.1434923194968922, [1]
-22.418753593371502, 0.6933906035141753, 1.3219503532387729, [0]
-22.7071826004077, 0.655025502351293, 1.3296417663899167, [1]
-24.167369959626598, 0.5216071428798879, 0.9532501168428402, [0]
-24.286141725403017, 0.7071526604123444, 0.9318448195316643, [1]
-23.687621026647466, 0.9377368250850506, 1.0073381990669277, [1]
-23.367955003288245, 0.5056565287928029, 1.5234589839589965, [0]
-24.642040130286052, 0.5530691732775705, 0.7639542996900375, [1]
-23.158412570392752, 0.5753580033477768, 1.231734304924574, [1]
-24.115969834581144, 0.3569351101809788, 0.9835033220889862, [0]
-25.435604019625895, 0.36828545470396684, 0.7818347447543127, [1]
-23.187335108475303, 0.6070148760997299, 0.6460316435366515, [0]
-24.83114689954163, 0.8916445465592154, 1.4599561344282135, [0]
-22.296898781664712, 0.7591428808956975, 0.8710825104812808, [0]
-24.407311662227958, 0.3660154061141176, 0.983960509754975, [1]
-22.43660194543516, 0.4203271377433836, 0.7163958846775936, [0]
-23.80302103984766, 0.7724503164372591, 1.0041391189900448, [1]
-23.46490208126234, 0.7204038723854792, 0.6535043810799769, [1]
-23.67543868430336, 0.5488317682690939, 0.8666237052186448, [0]
-23.46377288974125, 0.6558460576021293, 1.3982460112230193, [0]
-24.999797616307237, 0.37009265038680617, 1.340337096308547, [1]
-22.865077571509353, 0.658271009864358, 1.1252226680927766, [1]
-24.216527403634654, 0.5401017515004654, 0.9510443140021527, [1]
-23.28727316991428, 0.531314480058103, 0.5983034749038636, [1]
-23.053478481307987, 0.6470938546205129, 1.060366362930816, [1]
-22.796359741860606, 0.52738217290531, 0.8966427081498309, [1]
-22.447790683038544, 0.9482596469585577, 0.5527944733895838, [0]
-24.295017691279224, 0.638846701630533, 1.2002384498270287, [0]
-22.346848565179954, 0.5071943588664742, 1.223038160476215, [1]
-22.254521870225368, 0.5399796311401215, 1.3198508830895956, [0]
-23.878458640550498, 0.7748166345716107, 1.5773457074962016, [0]
-23.680892503888508, 0.40028501928501314, 0.7530584345439189, [0]
-25.09551816734828, 0.4646297341762751, 0.5498852049243896, [0]
-24.390354375469318, 0.6289732478935125, 0.8253066672578447, [1]
-22.99152532990666, 0.5726472563042799, 0.9104208956894161, [1]
-23.58768351848612, 0.2807919876938225, 0.9631211556221733, [0]
-23.61861686773871, 0.8291308398343642, 1.347188885720437, [0]
-23.118931887877267, 0.6838775880947061, 1.0445963175347803, [0]
-23.018826985489184, 0.36774924295208977, 0.5397349340104213, [0]
-22.40298711760157, 0.45892625262484726, -0.0460181436820144, [1]
-22.92127351387138, 0.5982765496120803, 1.1127236916411687, [1]
-22.703112437425755, 0.6964619821547773, 0.10947336639846145, [0]
-22.04718337113344, 0.4807119679456546, 0.5896606606379746, [1]
-23.440675355657785, 0.37640008349800747, 1.1770322917505462, [1]
-22.55316922243847, 0.5400890793342371, 0.8278207189739275, [0]
-23.48592912989344, 1.069359339918004, 0.7997572922502412, [1]
-23.84480804915831, -0.08575334287915559, 0.7228877924556818, [1]
-22.426461452273646, 0.0976397693291815, 0.27113624821065174, [1]
-24.12460795058056, 0.6412110469742427, 1.2492352303664962, [0]
-25.717595286239874, 0.690735354350285, 0.9244029433160801, [0]
-23.690737375313823, 0.388942745942449, 0.41421628465149585, [0]
-22.04761252638672, 0.6562481565988013, 1.0842395827315585, [1]
-23.70049050195678, 0.462033867950803, 0.05866655152426463, [0]
-23.102254445108123, 0.5057560955120143, 1.3045459358579585, [1]
-21.52516853320206, 0.8760917784272231, 1.170703405249098, [1]
-21.63214089970306, 0.6040669190322133, 1.0533114038869391, [1]
-21.81748319615024, 0.2887062297055938, 0.6551995736233759, [1]
-23.090121643937017, 1.1283683158369189, 0.30515226339809687, [1]
-22.415341325290754, 0.612673778215526, 1.5307459740454623, [0]
-21.88588348112569, 0.4041688875927787, 1.2280683489753637, [0]
-21.982776273866925, 0.6422608568109531, 0.6437135886035723, [0]
-21.490307359096587, 0.5423654493721624, 1.336474468045515, [0]
-23.974325106706484, 0.5109417565635421, 0.7566894466191102, [1]
-23.746882492659754, 0.5454711525409117, 0.2756865272105815, [1]
-23.795785963555417, 0.7672647801347747, 0.6031648391819714, [1]
-22.301572522399706, 0.7613033521989134, 1.1476963451650128, [0]
-22.77568729423774, 0.736832632768514, 0.9896284422185071, [0]
-23.842366976399497, 0.5925159274720426, 0.0356825918075548, [1]
-22.895773862536114, 0.5831481525507889, 0.5669953288602086, [0]
-22.891871038012912, 0.6262516827323253, 1.121497588575854, [1]
-22.237047267335768, 0.74975006099139, 1.4945581043762295, [1]
-23.24144380164604, 0.4133758704904208, 0.9512102697925264, [0]
-24.393959720175253, 0.786448419893538, 1.3773738085828293, [1]
-23.918081104199654, 0.7595178849933238, 0.5230483018496401, [0]
-22.609816984358844, 0.6815971569659692, 1.0411405262783777, [1]
-24.439215484031667, 0.699425885010488, 1.1627089007638607, [1]
-24.205455146297833, 0.44959200353670337, 0.5606752328796406, [0]
-24.77097042171529, 0.4226020112989768, 1.1586043789253966, [0]
-22.175498814240562, 0.12401555766085609, 0.6463775836176329, [1]
-24.060813915417544, 0.48736020623432147, 1.781008412920073, [0]
-25.041198302800204, 0.3578969241266178, 0.48527352079911173, [1]
-23.83768299937664, 1.0737318486869123, 1.0061029408762536, [1]
-23.863141855111827, 0.6895806010739373, 1.0325059852684872, [1]
-23.65792010648687, 0.7158784525302853, 1.0394433440055435, [1]
-25.90043683268812, 0.5928264862041472, 1.3538086020347464, [1]
-22.76820700847285, 0.5619945226774811, 1.2949440543504744, [0]
-23.85363384319596, 0.5464661879960545, 0.8235090441209525, [0]
-24.319318277752114, 0.8196449053054634, 0.7479971346733522, [0]
-23.657587469752848, 0.4191796546273844, 1.157015276064651, [0]
-22.548390837727084, 0.7364372627518374, 1.0955801475584033, [1]
-24.222582617283226, 0.6559035789939358, 1.4842393705303245, [1]
-23.467588067305705, 0.6069150945129483, 0.974610360954876, [1]
-23.829934357284014, 0.6407072887739789, 0.3768587530126047, [1]
-21.731971302446425, 0.735762765799753, 0.6609018992724099, [1]
-23.307471886256806, 0.37168583019666623, 0.6218225001862178, [1]
-23.0383428600098, 0.41751813390967246, 1.478792212675894, [1]
-27.170713734388617, 0.4900573104469169, 0.2679457017578397, [1]
-22.571464231699075, 0.6017370856765155, 0.9803664612099756, [0]
-23.89920424241738, 0.3311789664111695, 1.9769313202721388, [1]
-22.951274400429543, 0.555963977082679, 1.25375872166437, [1]
-23.24294926509924, 0.31678864177815613, 1.1029818009885097, [1]
-21.5321549030583, 0.8516787222202797, 1.6260042647716244, [0]
-23.092979439858134, 0.6143661449768699, 0.9861441715813944, [0]
-23.18291289996874, 0.49716355486951, 1.3513978558490303, [0]
-23.236286066169818, 0.3372878398170128, 0.9163309684471985, [1]
-24.05647198059147, 0.1088226816275556, 0.029858361611355598, [0]
-21.92491378418268, 0.8293876843568588, 0.5002981064155414, [1]
-22.156428407327546, 0.5380404060863411, 1.2893602584271118, [0]
-22.472235243411163, 0.8300929106805527, 1.1403756128403342, [0]
-22.784408368450215, 0.8534805272163855, 1.1868854744072843, [0]
-22.278411001576742, 0.6989286816178495, 1.3225030827588116, [1]
-22.19070652756313, 0.9118013111076659, 1.7624506027624565, [1]
-24.947159419769456, 0.4929500170863314, 1.3089618892699182, [1]
-22.488372083262682, 0.4639879764081464, 0.9598333662352792, [1]
-22.635685639247235, 0.44888425881551275, 0.47938394200193113, [0]
-22.2365326288802, 0.6825772559786285, 1.317819819660928, [1]
-23.691941426900897, 0.5826017700954056, 1.2116313236518952, [1]
-24.72613521990788, 0.5578910638059216, 1.4962820309577642, [1]
-22.258540360195866, 0.9101659251834452, 1.1457148153004593, [0]
-23.724964515458854, 0.46270469527087665, 1.484208601035246, [1]
-23.829178237284275, 0.8062645864047381, 0.7031903519401903, [1]
-24.029821280408438, 0.41958024071640615, 1.238619935975779, [1]
-21.50092633593271, 0.8428650278030558, 0.9891830852786226, [0]
-23.257926941222863, 0.7402312093626278, 1.6001414558133025, [0]
-24.07737235019053, 0.7571138237318134, 1.5456993806067094, [1]
-23.332600220747906, 0.5514720448656573, 1.653179635972836, [0]
-22.386565180710356, 0.5634300829297371, 1.1015599403471696, [0]
-21.89682373047035, 0.8280257103103408, 1.2058359705832373, [1]
-24.268193509964647, 0.6871913920053773, 1.5822647867467536, [0]
-23.342061428124463, 0.6635666882770686, 0.6315781761472172, [1]
-22.61822422385658, 0.3363864022591499, 0.7754699350908866, [0]
-23.851914335169074, 0.7296047321291659, 1.2478608470994148, [1]
-24.03634112001263, 0.7735334346052342, 0.5656836368006691, [1]
-25.0289557419042, 0.4541525739355722, 1.4106530283907608, [0]
-22.937832965981038, 0.39401794204347607, 1.3367473841457922, [0]
-24.983943457926113, 0.5353857818731682, 1.2447721515793115, [0]
-22.66025807866236, 0.5370684122236477, 1.5600894709175246, [1]
-23.393517581390483, -0.1558560361788387, -3.724449078096048E-4, [0]
-21.78272982692277, 0.3998920841666677, 1.3911344190247004, [1]
-23.00944557899606, 0.8305750760877313, 0.6125553632765455, [1]
-22.587561596645884, 0.2510288587850416, 0.9917491046158142, [1]
-23.14510308328349, 0.451848910417088, 0.9732486265334321, [0]
-22.82465252800709, 0.4032939071265485, 1.2280557583086436, [1]
-21.298773698948683, 0.350801582269348, 1.217962620783322, [1]
-23.946181516513704, 0.6596655632801544, 1.2330202611389283, [0]
-22.74275208237873, 0.8467521685395208, 0.7005379235438269, [1]
-22.574651600024737, 0.8504244149445651, 1.246699983623001, [0]
-23.85500751012494, 0.4592262692265187, 1.5917653870376298, [1]
-22.8410858703294, 0.3035191686321044, 0.7930653097721932, [0]
-23.52083846923303, 0.7514559961398047, 1.446226770157471, [0]
-24.277478308201825, 0.8061526111756288, 1.3636283017000022, [1]
-22.40961989030935, 0.47939389460418347, 1.1664629646515028, [0]
-22.15993232433274, 0.7796360351643933, 0.8977106941416035, [0]
-22.64885303699344, 0.7818325452613016, 0.44459182321564117, [1]
-22.075268478678847, 0.5333474608831019, 1.043141148133656, [1]
-23.217338226666175, 0.6214655269005761, 0.25988402500476054, [0]
-22.971295421845074, 0.6393423782851685, 1.0578468300613477, [0]
-22.79721963119825, 0.541005088580519, 1.1102651402648371, [0]
-22.44661412574027, 0.9181887888495235, 1.1487298591642199, [0]
-23.32457368715875, 0.45845178477116133, 1.7723594085792596, [1]
-24.49403431354357, 0.41163304926833827, 1.2142119182880537, [1]
-24.309628350823516, 0.5559250439599818, 0.9414917281563969, [1]
-22.88317923306324, 0.6576810000794517, 1.8279997396476577, [1]
-22.234105874810147, 0.575140008063409, 0.8622864162911175, [1]
-22.722252448288508, 0.4872598759257263, 1.309888484080079, [0]
-23.56375471222615, 0.36959570131312347, 0.7615663123990165, [1]
-22.09717030409058, 0.45586548540275146, 0.8086966955312429, [1]
-21.927932429903336, 0.6283325454090503, 0.8739761953088558, [0]
-22.725387502480523, 0.7993913765820577, 1.1427438102597587, [1]
-23.383727746345773, 0.5722886170032618, 1.60508501449843, [1]
-22.328932206163067, 0.8489658225290393, 0.6843702623499245, [0]
-23.738792824114007, 0.4445799097401687, 1.0639246452804882, [1]
-22.62904278909946, 0.5050570552763771, 1.5073894622285309, [0]
-22.199480176862984, 0.699334763335488, 1.2019612127964026, [0]
-22.036800387845506, 0.5691049440054979, 0.7578194004817024, [1]
-22.91958944402006, 0.7413256673800581, 1.299716444148225, [0]
-24.135484088533417, 0.5906198531448678, 1.8331082314725615, [0]
-23.624740580003444, 0.5819683051840203, 1.0612534651447538, [1]
-22.8160651203219, 0.6327596640476231, 0.947260298693173, [1]
-23.20099581053677, 0.6073212668107727, 1.0015843261165311, [0]
-22.34290691406923, 0.2182484708268938, 0.7311714297069656, [1]
-24.27012603153032, 0.6004591587913133, 1.3115216126264966, [1]
-22.894092877473643, 0.4230891513777877, 1.8766737505025657, [1]
-21.57989588993402, 0.37574415779489045, 1.3030396501199586, [1]
-23.839508117278022, 0.6847330456590568, 1.4242655962008681, [0]
-22.99227931113657, 0.6984998899087373, 1.2263507512178362, [1]
-23.182347932940107, 0.688501443074072, 0.6724069710642269, [0]
-23.65377220397372, 0.6766985989191592, 0.8173545077143463, [1]
-24.11415080318483, 0.5170853817942289, 0.732050062011791, [0]
-24.131176401453157, 0.6799699419907388, 0.6049235556830813, [0]
-22.63572543505219, 1.0928329448387195, 0.3727719285236934, [1]
-23.39251247518924, 0.812943174890537, 0.9007203311048912, [1]
-23.26051119993028, 0.4919653619455297, 0.9101794466679392, [0]
-23.445445781590035, 0.785472050502984, 1.2446854662841578, [0]
-24.339685517174328, 0.6704941977458037, 1.5053054940158623, [0]
-23.032470729792628, 0.8476298895616997, 1.1538084717172477, [0]
-23.067620731704533, 0.6251934211337747, 1.5621977714110582, [0]
-22.94810924198157, 0.6631409546120087, 0.9475140130410378, [0]
-22.157079016973544, 0.6947215705764984, 0.8719462563018289, [1]
-23.292233917385605, 0.4446051596455627, 1.2869471263544776, [0]
-23.102939607875424, 0.7664278875317125, 1.3755880496019832, [0]
-23.356816624072554, 0.12254529605972941, 1.0192416748452735, [1]
-23.722753765204846, 0.41939537229590623, 0.865038934218531, [0]
-22.06175377914721, 0.7766411974073539, 1.1932573398885549, [0]
-22.449160494665726, 0.6713372420859268, 0.99405566199502, [0]
-23.616773520071224, 0.7348816748111291, 0.7881232165387325, [1]
-23.663155742392973, 0.7550263377041794, 0.8247694198432969, [1]
-23.424183697731127, 0.6043441657810649, 1.183869405634727, [0]
-22.214284411254802, 0.6896954185049634, 1.1183893168061603, [0]
-23.015614740937686, 0.5573243617874779, 0.687273161131851, [1]
-25.181486340696818, 0.7138208139030343, 1.2010452110149132, [0]
-24.112318969418276, 0.313290129145153, 1.231043734126144, [1]
-22.99498286757278, 0.5390729048461533, 0.8014478214386797, [0]
-23.36781475382041, 0.6464866219810685, 1.281203178564324, [0]
-23.26856377719662, 0.8448700682972625, 1.2948288965989914, [0]
-24.121157574037767, 0.48614676720431843, 0.9112490592435083, [1]
-22.9985728761584, 0.7131132524133305, 0.5439311468830533, [0]
-22.178014012368926, 0.35561065804405384, 0.6950492862611616, [0]
-23.918956591644537, 0.5387897819032739, 1.6694402565110384, [0]
-22.210351995104368, 0.6044141392001976, 0.697578838872135, [0]
-22.703796738955056, 0.6986263622164467, 0.6486987799590227, [1]
-22.988635559422363, 0.35063362454664454, 1.7710446542132527, [0]
-23.711066031708622, 1.0752456859414858, 0.32159671855120286, [1]
-24.568355047879802, 0.6334398542869996, 1.7089681823303133, [0]
-22.916473253101742, 0.5994825403209983, 1.0280042116499184, [1]
-23.46641425497325, 0.9099370001321695, 0.31356131047141034, [0]
-21.934426441382925, 0.7531377354205836, 1.1216145662925703, [0]
-23.20470966103263, 0.5582220325287931, 1.9028071229281325, [0]
-23.089517072710027, 0.18061932198611474, 1.3723021731314322, [0]
-22.925529356470403, 0.5541956591778872, 1.2830851736786053, [1]
-22.71224150731974, 0.4969825722909245, 0.989733055837251, [0]
-22.469917185496005, 0.6433508842704287, 0.926560469765318, [0]
-22.237571033786157, 0.7733151149303584, 0.9868424831161555, [0]
-23.17479005202035, 0.4625581905209641, 1.5767808143708837, [1]
-23.71099733953707, 0.9442935348369907, 0.6076899264014174, [0]
-22.887104967153643, 0.4540705903806617, 1.3425593918645935, [0]
-23.36462608339982, 0.6872539990549373, 1.4046795076510659, [0]
-21.385265986082267, 0.43195501848000506, 0.9202955610621635, [0]
-21.94032623602492, 0.2936499349588765, 0.5439456341466572, [1]
-23.67782071615492, 0.6806717577201818, 1.2089391337934003, [0]
-23.39170755489748, 0.6714657349370414, 1.186110445135043, [1]
-22.837999053835446, 0.8340644085672604, 0.9806589993428101, [0]
-21.971899792229262, 0.3545636876288622, 0.9180411651468188, [1]
-22.38499368726477, 0.674098155359315, 0.9069471109701155, [1]
-23.402676463868715, 0.7316749656595325, 1.0234203926752756, [0]
-22.96609119088443, 0.7763936513772629, 0.9053636909074051, [0]
-21.94412840451008, 0.722543733594664, 1.019145671462206, [1]
-23.491491229352484, 0.6440328942310615, 1.5612791952408793, [1]
-23.195258709489565, 0.7870492426656205, 1.0227575724111888, [0]
-23.39247378920717, 0.4656743080836848, 1.5828515197318698, [0]
-22.253408639349555, 0.671264237766881, 1.1241749816327689, [0]
-23.490988229603946, 0.7776780383076441, 1.6379462704614491, [1]
-24.399491104814054, 0.6100864531821473, 1.3933134339719435, [0]
-24.091682286103897, 0.5611462474540849, 1.0342087590095046, [0]
-23.841681577765012, 0.6786289268513378, 1.3240996842767878, [0]
-21.48214261007277, 0.6552703923987677, 1.2155238426127566, [0]
-23.06507226636848, 0.6461045040229011, 1.0596555267877477, [1]
-22.819213928534246, 0.7102545251548005, 0.42320837886712226, [1]
-23.54970693054933, 0.7944222217650205, 1.0211999827678084, [0]
-22.366817044555326, 0.6180193384146001, 0.5666432390638425, [1]
-22.506025919527673, 0.2725104675007233, 0.49167367951501517, [0]
-23.956396449672326, 0.5105497640144147, 0.7516953300779998, [0]
-23.341422222273682, 0.526112661319668, 1.2974040810157288, [0]
-22.63762910089516, 0.5558167680811363, 1.1459987234994897, [1]
-23.71056460925621, 0.4569608459175465, 0.8701391454305312, [1]
-22.67476654599376, 1.1905528321039665, 0.19703483558058288, [0]
-22.731845503616704, 1.1689683254659031, 0.26152199575630336, [1]
-23.606180148650353, 0.5256337667125742, 0.6471881314725907, [1]
-22.20296632451584, 0.6736678079278343, 0.9196261928730793, [0]
-22.889480133274166, 0.5098812692120024, 0.8219945745318253, [0]
-23.22111179715274, 0.8134932828673926, 1.5414630910523293, [0]
-20.976703531724574, 0.5857264487064634, 0.7179205988819495, [1]
-23.705194186316106, 0.5742057640346167, 1.3150602958443232, [0]
-23.5545353473842, 0.9199530820491533, 0.8941011845589383, [1]
-22.444326253028567, 0.30341603132739975, 1.1447726840185881, [1]
-23.23700562485638, 0.4177293088915468, 0.9217417034504922, [0]
-23.131823576249563, 0.8648109305384892, 0.8577106880042096, [0]
-23.663236549984386, 0.7533083264058384, 1.0066308801091628, [1]
-24.268904579396096, 0.4453985989212394, 1.3557255148477618, [0]
-22.280750087229592, 0.7147593129817826, 0.7434605737671467, [0]
-23.860772140812934, 0.9088368255320038, 0.39910810060194263, [1]
-21.327078644629875, 0.5454831208790164, 1.1647131165387163, [0]
-23.11178621876095, 0.6910097250153714, 0.5245576624933794, [0]
-23.80776364790506, 0.002484516728538999, 0.6803472117188503, [1]
-22.872109402613308, 0.7903149270993463, 1.1125033612071866, [0]
-24.591938350053862, 0.592629342149859, 1.6042233996262585, [1]
-23.033121949891303, 0.5681434463612388, 1.4957571665362486, [1]
-22.156502116084447, 0.7727809383241236, 1.3905094249270409, [0]
-23.033202226046438, 0.41212208966129843, 1.206880368419109, [1]
-23.278545227973787, 0.37736839687852036, 0.5731532910864543, [0]
-22.42471665241611, -0.05579240612750848, 0.6971356051837574, [1]
-24.174451901202147, 1.0129719776975061, 1.079513179588913, [1]
-23.846688972432982, 0.2024526665594023, 0.5872944612672537, [1]
-22.22971131836949, 0.5238278738875727, 1.4965849134695544, [0]
-24.633243662072637, 0.7312453986897153, 0.6908808833026079, [0]
-22.706238160819968, 0.5819413849441917, 1.2895442581836936, [1]
-22.68956677334036, 0.7245128250000326, 1.2312931682830837, [0]
-22.206527286161393, 0.7045013422057458, 0.9916304317131885, [0]
-22.973996413820398, 0.5857642957256332, 1.1681640675646843, [0]
-24.919625240743233, 0.6566201448067258, 1.1531523665336665, [1]
-22.26399354660631, 0.5600864598530803, 0.9712729605627419, [0]
-22.31055385556973, 0.3249683658372279, 1.2026742696320514, [1]
-22.883283294179275, 0.8372365586267132, 0.5775504470852517, [0]
-21.904422923697087, 0.7557981111419585, 1.2035985347845206, [0]
-22.899910214540526, 0.42713959661155076, 1.2558277003866551, [0]
-22.05518223726389, 0.5866831730853785, 1.693780796107898, [1]
-22.99282912190994, 0.5895227397885274, 0.4608974734700815, [1]
-23.699526598437995, 0.490050232586641, 0.7930055744786181, [0]
-23.225996970864458, 0.7036933757221948, 0.919968930918426, [0]
-26.351488805265436, 0.5916271972004181, 1.1736656052621564, [0]
-24.036289996966403, 0.8035740313974532, 0.9534781260826334, [1]
-23.490284919113158, 0.5108978014526774, 1.6554800083526895, [0]
-23.512609189381024, 0.5790465318531419, 1.662579288926624, [1]
-24.485201457906584, 0.815114642751839, 1.3354214874519659, [1]
-22.591495646732337, 0.6715651402814942, 1.1020480394560932, [0]
-21.8186292125289, 0.8069972673848262, 1.3345110101291213, [0]
-23.23749658142406, 0.8656184354721661, 0.6172365155921254, [1]
-22.704495427320644, 0.5815271390353375, 0.9440503494491298, [1]
-22.913866547899943, 0.5129797608099405, 1.0720017814971712, [1]
-23.285641934969867, 0.2801891791025226, 0.9236138385217727, [1]
-22.804668730212388, 0.8180065964764122, 1.218097676669045, [1]
-23.08507702363798, 0.607720261668271, 1.1322010632413972, [0]
-22.749763814673845, 0.7660351775317586, 1.1720479133354378, [1]
-23.27470178992992, 0.6576551407818578, 1.1768166917460094, [0]
-23.485614246638143, 0.7708737027839951, 0.6897239977426519, [1]
-24.296424233787175, 0.4067980715678411, 1.3831737453583464, [1]
-23.057306630718614, 0.7332571215846457, 0.9123116364366128, [0]
-23.497181208470515, 0.3060320008346106, 0.9678825134770807, [0]
-23.616650745723692, 0.3484665534840339, 1.2131657851041864, [0]
-22.124540487458614, 0.48938987954379676, 1.7948631470557463, [1]
-21.385456405512834, 0.8042368375545061, 1.558455578966559, [1]
-22.747112375362363, 0.523122929351335, 0.8699169207403571, [1]
-23.317689156015476, 0.8504902835450412, 0.9358203723773217, [1]
-22.839471921336813, 0.9802527264899288, 0.36305045182178053, [0]
-22.715432802510996, 0.7534129726886167, 1.0230683568300711, [1]
-23.3863169797487, 0.5232977682572229, 0.7144569909223271, [1]
-22.252910037863497, 0.7124696895820418, 1.511918115315042, [1]
-24.422751480361423, 0.4584158046086325, 1.2344135229936342, [1]
-22.084784782553836, 0.3389196994097553, 1.0016849051812586, [1]
-23.291400582273706, 0.8869195349092956, 1.4104334861493284, [1]
-23.270901243660184, 0.5364655225807077, 1.4175261859756578, [0]
-22.72087880425911, 0.7727068905799901, 1.4700250147118794, [1]
-22.567415238787646, 0.7046234789298164, 0.8296299578857094, [1]
-23.729305273798918, 0.4225386639992793, 0.8351329714838683, [0]
-23.44974190255009, 1.026963982013731, 0.704068563577821, [1]
-23.1670402869675, 0.4501906910506305, 1.0623783150307333, [0]
-22.462733189143602, 0.4633207392483629, 0.6451721704736542, [0]
-23.16526889523807, 0.45020787440165744, 0.5139373553182401, [1]
-23.740972736111623, 0.553745541318917, 1.0604629786757254, [0]
-22.433927428146518, 0.365043893919542, 0.9687947289922952, [0]
-25.05335829416682, 0.7228483772735186, 1.1754320519903378, [1]
-23.92351604713229, 0.7427354141739527, 1.2929533735703396, [1]
-23.90519297442338, 0.4639868800243678, 0.663757131841863, [1]
-22.22149284967842, 0.4700711480259849, 2.0291106878434033, [0]
-22.156754012856574, 0.7900193509606244, 1.0549008581695547, [0]
-23.596674262771195, 0.4356230461869836, 1.4049693567884902, [0]
-21.845428994153863, 0.7329627371212828, 0.6569444038448841, [1]
-23.73384274244403, 0.3999824302798671, 1.5992612756582973, [1]
-23.515603491594298, 0.6902151392323526, 1.1431421799322115, [0]
-23.01258649410328, 0.5683531146111045, 0.47671978155847067, [0]
-22.768915054475244, 0.43550821694309927, 1.1229891458057326, [1]
-22.749872150042496, 0.5305452400357817, 0.5255601729353384, [0]
-22.338369624613417, 0.6367566694671933, 1.823216012547991, [1]
-25.289198678678634, 0.7310923442425052, 0.6814773812683107, [0]
-22.705045259917366, 0.46653179766415115, 0.9659245429549437, [1]
-24.314718196026657, 0.19452156683451088, 1.276148286439219, [1]
-25.02987270395261, 0.7469056058298865, 1.283873508638075, [0]
-23.321539795820765, 0.9149806512509996, 1.6027524691244006, [0]
-23.06619923488223, 0.6278114983587941, 0.6801534012518665, [1]
-21.841505751024528, 0.7720714056127829, 0.7787825806616185, [1]
-22.975292893473778, 0.7212472976636731, 1.3329188083199943, [1]
-22.342456179444465, 0.32012674212124215, 1.3675915858233794, [1]
-23.93169100176602, 0.6397992491282254, 0.7539987907522403, [0]
-22.69264158233026, 0.6947999536210492, 0.8738266095457371, [1]
-22.797803927155826, 0.5974038471442096, 1.3724317654297247, [1]
-23.37453508684136, 0.5484433660274406, 1.6348460896043913, [1]
-23.52215148953341, 0.6658591760479612, 1.8058358371053571, [0]
-22.248942231605994, 0.8711086839609781, 0.665960510510317, [0]
-23.609173326051692, 0.5518759242935187, 1.1090682107824041, [0]
-23.401225381329507, 0.6278192386564415, 0.38350163254564235, [1]
-24.277342050002677, 0.43683065921810127, 1.3911154425231322, [1]
-22.165688519983487, 0.6955007662553899, 1.3806459690726014, [0]
-23.20175770272357, 0.2591717682828248, 0.9167481211460321, [0]
-23.220902522635452, 0.5808262485521963, 0.49903219972702123, [0]
-23.71449513875691, 0.5017996260247681, 1.2424311284163059, [1]
-23.50073030924058, 0.8155572172247156, 0.7218194804455647, [0]
-23.37735414000062, 0.7143414932814975, 1.5525907209422267, [0]
-22.571739861482353, 0.436645818573254, 1.0470500063316417, [1]
-23.392915089558898, 0.5322726120959249, 1.7327245054538731, [1]
-22.633487897734128, 0.6134788459680883, 1.005623279800002, [0]
-23.913359174038444, 0.8249614741492504, 1.1624550106075586, [0]
-21.809429896461882, 0.7687079415848834, 1.0036191136903894, [0]
-22.534968706105595, 0.7271467974942565, 1.501891437414222, [1]
-21.44672513397796, 0.4606924370589971, 1.3095625533194353, [0]
-25.653678229697224, 1.0249281556146999, -0.17036738901185247, [1]
-23.042932329643687, 0.4186336006094324, 0.883018078931453, [0]
-24.39454065977685, 0.7134992357611045, 0.8901516082712706, [1]
-23.194511868085087, 0.5426238136345817, 1.2490658389579388, [1]
-23.77966023864209, 0.6219759535513091, 1.2418713719827388, [0]
-22.43420533637474, 0.759159534104661, 1.3339332751647375, [0]
-23.23218829308907, 0.8568046852610423, 1.1545822679206228, [0]
-22.960654193406466, 0.5097253755440867, 1.0444737342816297, [0]
-24.757217727827438, 0.9836673870563968, 0.7821337473825271, [1]
-23.266745918936298, 0.7039100811200218, 0.7672629042906356, [0]
-22.82445848149708, 0.5341470531130521, 1.0799746979667306, [1]
-24.152950294973948, 0.7183179069728639, 1.1316254030764867, [0]
-22.759461849926566, 0.5441750091152503, 1.2801838526404192, [0]
-23.020234533431584, 0.5448392503841717, 1.110626563255477, [1]
-21.27514373550308, 0.5826685701674362, 0.7912053951737211, [1]
-22.78833538341465, 0.7524252490579353, 0.984330447767092, [1]
-24.400086620962536, 0.6836809675600202, 1.4641260869103727, [1]
-22.332489732305827, 0.6315980885198579, 1.5681526497422813, [0]
-22.366242772960714, 0.6079243994996417, 0.15828820149667058, [1]
-24.53875532327171, 0.6756610663286658, 1.065665936736949, [1]
-22.264910059397373, 0.6936888068243433, 1.1476461687081918, [0]
-24.065692075391468, 0.6168591044861187, 0.404112295315724, [0]
-23.808540565577815, 0.1554382585047246, 0.7040615355814621, [0]
-23.143708650986735, 0.7757689688534118, 0.9896688763071875, [1]
-22.39105847492492, 0.49618828696231093, 1.331387129193874, [1]
-24.579409419094084, 0.5434568919778018, 0.9792624961004099, [0]
-21.97513652026117, 0.3373634389084981, 1.1450567938138168, [0]
-22.42029033542863, 0.7216172502746341, 0.6309393550185385, [1]
-23.338054649268553, 0.6860708761821634, 1.6502140071494746, [0]
-22.49735905750082, 0.5038700110961523, 1.582411404129419, [1]
-25.409892285604307, 0.21240571006037476, 0.6643780459164713, [0]
-22.20998570162219, 0.6812042097186745, 0.5087693848734871, [0]
-22.172721245042414, 0.9589841677581749, 0.31246135957171944, [1]
-22.516714074608494, 1.163872631468165, 0.48550452744034117, [1]
-22.882476688240562, 0.3888937079417344, 1.1417700745209773, [0]
-23.018064256076457, 0.5593807422239019, 0.7891914812525396, [1]
-22.559369573387517, 0.3304814098371819, 1.2347327975306936, [1]
-24.02204942364914, 0.5924813542364922, 0.9003438372148205, [0]
-22.324193670085563, 0.43642482220607404, 1.0940876663844337, [0]
-22.15811392938949, 1.0405761204412658, 0.7173079277595908, [0]
-22.856952590356254, 0.400250228348892, 0.3913672259880696, [1]
-23.06062719625096, 0.7174982179145708, 0.7245205941692576, [0]
-23.262010533370553, 0.6093379288326457, 1.0341947798111137, [0]
-24.146756359615747, 0.4360595195899307, 0.7823897893263241, [0]
-24.027546299047142, 0.6659262907157224, 0.6531859460086212, [0]
-23.17144591032302, 0.42725272957864785, 0.8240884214787005, [1]
-22.382677270440258, 0.9236734969068443, 0.36557636357685985, [0]
-23.1712767943913, 0.7181118008563032, 1.3246882957779476, [1]
-24.087072090338594, 0.7747560705476758, 2.0112125494668107, [1]
-24.794199480168295, 0.5045199345717813, 1.712103928895077, [0]
-23.513085312467936, 0.3473852667792412, 0.5090061518451099, [1]
-22.82704130199477, 0.8230301180704973, 1.5317104740892462, [0]
-22.132444928457595, 0.7019738705597094, 1.1579460031556266, [1]
-21.852944656067866, 0.27582791318143657, 0.6124409734779985, [1]
-23.67400817316944, 0.533177905070547, 1.284930835999707, [1]
-24.446582650142823, 0.43722554073056696, 0.7371746780611691, [1]
-22.237347396324132, 0.4637155931425234, 1.8716207823797386, [1]
-23.270790900508295, 0.6450760317864219, 1.0162805059828783, [1]
-23.11328525002901, 0.5648733882654758, 0.5777181941772319, [0]
-23.038854330974495, 0.8003164376567489, 1.3049600938901338, [1]
-23.905027605154526, 0.5717483124307936, 1.0470307402080117, [0]
-22.795928780999468, 0.6086359574308475, 0.8410615753378102, [0]
-23.38207703123723, 0.5835899693013052, 1.1562065323816575, [0]
-23.80021443723333, 0.8682940542491129, 1.6958580883520902, [1]
-24.518299476576484, 0.6649816981714347, 1.390253910268953, [1]
-21.542665144523248, 0.4561637034240132, 1.2300758491690251, [1]
-23.02615404566696, 0.841802729875868, 1.235593406596367, [1]
-22.372705607635666, 0.7085740263893873, 1.0826958081729923, [1]
-24.20955774823033, 0.848422245603499, 0.8852108650285517, [0]
-22.73136149829296, 0.5299654984242849, 1.02185931159687, [0]
-23.788288635221274, 0.46538881943720967, 1.3655794190739732, [1]
-23.417998438187027, 0.6932380267131517, 0.6795790152339164, [1]
-23.880181412275235, 0.9825667204209594, 1.1726063309865675, [1]
-22.674283240414425, 0.4392359557535345, 1.2040176585584774, [0]
-23.051952018201106, 0.5125876582305877, 1.1819505423653873, [0]
-22.566980698604457, 0.7932216851026858, 0.932896930219861, [1]
-23.698443116974868, 0.6747210325919935, 1.0171620602252296, [1]
-22.563870097793675, 0.7637248486064515, 1.1786595970731681, [1]
-22.39164668921836, 0.7265556944662548, 1.3333839211779424, [0]
-22.590692101054668, 0.47716521632087894, 1.3067153978616866, [1]
-22.43802114292184, 0.771381261182659, 0.2963696711559236, [0]
-23.215503737907902, 0.6093802952104193, 0.8436827771738369, [1]
-22.845444786734376, 0.7381608655799377, 1.0982015394239664, [0]
-25.060737839809697, 0.4970682630031581, 0.10891119816565609, [0]
-22.713609536732935, 0.21265846377037348, 0.5261934852014882, [1]
-23.619692509804167, 0.9014086788783826, 1.4426560132530553, [0]
-24.403591753270554, 0.6399830984168241, 1.0615949159359972, [0]
-22.879819371129418, 0.46019258414017755, 1.2692223607933375, [1]
-22.802969576359985, 0.6086319716885296, 1.7676952711714273, [1]
-24.09944535405576, 0.6858269704575221, 1.765480463613144, [1]
-22.574959371731953, 0.867954973011856, 1.0124135327130062, [0]
-23.308955110864805, 0.47794072144150435, 1.7997951239615861, [1]
-23.657675957831028, 0.6508994381868263, 1.0421382011422016, [1]
-22.170671870749633, 0.5818784815595488, 1.033829721821192, [1]
-22.49838378781459, 0.6045191791118751, 1.1914366812738273, [0]
-23.05361465990142, 0.5391958442216295, 0.9397640872929447, [0]
-23.003829685591256, 0.8376896426672519, 0.827683372546258, [1]
-23.19643441223028, 0.5348565314380871, 1.3845923138332896, [1]
-23.43710999168518, 0.3163400189604329, 1.324768678732048, [1]
-22.6412148701939, 0.5288351801261859, 1.298133118824486, [1]
-22.802876109208775, 0.6050087876188728, 1.6876678652288013, [1]
-22.492527402308273, 0.7530484443633633, 1.4739567015018633, [1]
-22.387091213998662, 0.2200844201715774, 0.7590487729214079, [0]
-23.610886241795246, 0.525292837444966, 0.9731671248730525, [1]
-22.66338450918645, 1.0008888673075869, 0.32589412608643853, [0]
-22.28420479320552, 0.6519112932618458, 1.5535163150601201, [0]
-22.632168735541175, 1.0913556979102128, 0.48133300629261316, [0]
-23.031595596630336, 0.7939833709129386, 1.2716407661330509, [1]
-22.572564670359935, 0.5825178895998692, 1.5708520945468685, [1]
-22.43020019528181, 0.6297804242762421, 0.7339515279798021, [0]
-22.36602276356593, 0.38520855578852015, 0.28463761754787376, [1]
-24.514640949319794, 0.6203493821806874, 1.589324190998925, [1]
-22.906594284644864, 0.9202410616157843, 0.9358856068996371, [1]
-23.099811422484684, 0.6700571181809938, 0.9961725327583701, [1]
-22.985049502040592, 0.550094968965823, 1.255493348080571, [0]
-23.446350462554296, 0.8533399903122889, 0.9111750965105516, [1]
-22.58528057687129, 0.8284424443312649, 0.9971210584898128, [0]
-22.72648811137696, 0.6002816754834724, 1.5293354917538171, [0]
-24.333355516314416, 0.5683437413033202, 0.7936318938306731, [0]
-22.57403515408863, 0.694328456743019, 1.4158304180858519, [1]
-23.183738403126366, 0.6240556775313126, 1.500211835426613, [1]
-24.53647124828611, 0.757942378559302, 0.8774180474428882, [0]
-23.06741552823447, 0.7724918601047386, 1.5010163481624488, [0]
-23.5366993388399, 0.4868382265423873, 0.7895596606428595, [0]
-23.748700465655702, 0.514872565802674, 1.5604404060442982, [0]
-22.728739394316307, 0.7723016704652788, 0.7781812226101672, [0]
-22.648183199705564, 0.3230656458887001, 0.36029471347474307, [1]
-25.372411220354806, 0.45929297845207195, 0.08734198683798555, [1]
-22.836098353199223, 0.48759204505908016, 0.41777490303054793, [0]
-22.870964598869474, 0.666785480807748, 0.9939959012699664, [1]
-23.3881660352338, 0.5905002191965949, 0.6581547424866043, [1]
-21.744758828225194, 0.5525638266869851, 0.8567995522203036, [1]
-21.784736158651675, 0.8218319137032303, 1.092799762984597, [0]
-24.48599789785934, 0.8596796076052484, 0.5965171179784431, [0]
-22.778732205887646, 0.5969298828029574, 1.7280090843323404, [1]
-22.880169976339594, 0.4031549426240795, 1.1924919210877256, [1]
-22.9662621805286, 0.7163210881116404, 1.0738894258382818, [0]
-23.094927656581483, 0.702792159436749, 1.6350979500046754, [1]
-22.64443955302008, 0.8571083008972442, 0.49611088786806845, [1]
-24.75189048475863, 0.6628125990200373, 0.8353903865455902, [1]
-23.577885176229127, 0.7577904230211154, 0.8154096556663801, [1]
-22.151013830248313, 0.4689425862305678, 1.319243174284146, [0]
-23.191799961071812, -0.010146750303021063, 0.7345977404745966, [0]
-23.64815298018885, 0.513165735530913, 1.4718245346776748, [1]
-24.02761035150864, 0.8374523008529418, 0.6418503978561443, [1]
-22.673716654767215, 0.4928042521740569, 0.8869743906216963, [0]
-23.138401248494503, 0.7440630483983012, 1.2293628064636264, [0]
-24.715354556754615, 0.6557461769989086, 1.106813704866737, [0]
-22.408734316961848, 0.12940856893883973, 0.7794181348613404, [0]
-22.325600952743777, 0.6705579168190863, 1.2499573267335138, [1]
-24.657265275033055, 0.7997284360060056, 0.9229561277330341, [1]
-22.628396594829137, 0.7003207528278421, 0.7215751518433886, [1]
-23.654915733377905, 0.31322592809351496, 1.0398744583017472, [1]
-23.44201254031116, 0.9598158637124545, 1.0298217860401553, [1]
-22.30937307397223, 0.4836393481363812, 1.4618112989436651, [1]
-22.962256521815227, 0.610191093779982, 1.1188185991972017, [0]
-22.99447237269548, 0.2284139731217574, 0.4062411313787253, [1]
-22.995448007692417, 0.6981981929021326, 1.3493455036043143, [0]
-22.17211421251146, 0.5584386788419637, 0.5475086115855298, [1]
-22.113069123314933, 0.5797325990474844, 1.1443597671817298, [0]
-21.941042338958734, 0.5370850807446478, 0.9146930605373587, [0]
-23.119011967018185, 0.5157838512565537, 0.7476912132021429, [1]
-22.626500185791087, 0.6778379266963315, 1.2002762137521317, [1]
-22.572082330668067, 0.7802230178617743, 1.0521648629351852, [0]
-22.80856968634299, 0.820483555608599, 0.6417881421594792, [1]
-23.382705351749973, 0.6508722536107512, 1.1373073399238034, [1]
-22.990279424323496, 0.6159733500300163, 0.8717611668894715, [0]
-21.909767433031416, 0.6885391195437125, 0.8555140072390175, [1]
-22.57948856929703, 0.37508487116734895, 1.2573404081649266, [0]
-21.583224927854957, 0.717571190724145, 1.2841493444442174, [1]
-22.473946338603163, 0.7496586991977185, 1.6090707321394033, [0]
-23.04976773627588, 0.8074419386661428, 0.18332341380264916, [1]
-23.052488074566536, 0.7675368726834997, 1.1513806163876783, [0]
-22.897758520633626, 0.6993652458998203, 1.0485607646191153, [0]
-22.579586952204274, 0.8627119953878679, 1.2726879820131878, [0]
-22.70449288051871, 0.5687024053469736, 1.2172232678680646, [1]
-22.639209044239117, 0.7989454262317918, 0.764918828714358, [0]
-24.41606566814695, 0.4521590807501066, 0.39108821345814604, [0]
-22.606707330660974, 0.5587002001108656, 0.8255721727271135, [0]
-21.26481876291739, 0.7698716985476718, 0.24429817821628563, [1]
-23.23095968823582, 0.6300509949045703, 0.85558905180407, [1]
-22.852296813675984, 0.5088568153784825, 1.4539609737040027, [0]
-24.532332494840695, 0.8569478623580552, 1.031843308465869, [0]
-22.948927284676316, 0.47171178077096065, 0.12060189526224174, [1]
-24.814617854384565, 0.8051720179704446, 0.6526035343750749, [0]
-22.63607654825237, 0.4874872054518958, 1.05918457788558, [1]
-22.896087505787293, 0.5976622663392057, 0.6897233083241738, [1]
-21.993467846860494, 0.5686265122142433, 1.2548075713268338, [0]
-21.523033920103856, 0.7577772232266087, 1.2806225667327837, [1]
-23.048386879900942, 0.6840624048173359, 1.0589876835376877, [1]
-22.758767592411218, 0.7306480489209537, 1.3250835267154348, [1]
-23.394901322391224, 1.0792976927734748, 1.043303682828919, [1]
-22.734780723191413, 0.8662968263057425, 1.0752755417993787, [0]
-24.17839418079382, 0.6224938241387504, 1.3682012860359205, [0]
-22.7955277196167, 0.43229604979502617, 0.6977193763976242, [0]
-22.96246507997162, 0.8161173746001986, 0.8858106019322173, [1]
-23.001769803001764, 0.762141411848385, 1.1876268302184685, [0]
-23.76744739556605, 0.70031837231078, 1.137370247657548, [1]
-23.24183522997754, 0.6917110304751107, 1.297671901156694, [1]
-23.22810755138379, 0.4976406406798731, 0.8408555183775681, [0]
-21.767526893831796, 0.7269346276947616, 0.8993724651168192, [1]
-22.47784658913241, 0.4579179898510929, 1.4178053935023325, [0]
-24.053848707894346, 0.7333382105132453, 1.3071657146140958, [1]
-21.744808606809563, 0.47853620245072426, 1.2430211690904143, [1]
-23.10057025493459, 0.6369200596516909, 1.2685301705275225, [1]
-21.852748252835593, 0.5647081861099912, 0.3399917979853854, [1]
-22.783703174896818, 0.6658778845677806, 1.4405813786287902, [0]
-25.964791390510786, 0.8112895352446658, 1.6195010703941137, [0]
-21.869351146650892, 0.5397337310377015, 1.6097757108387007, [0]
-23.415894010447197, 0.6272796492186645, 1.4607153949070644, [1]
-24.019976243997395, 0.5845088137285728, 1.5017945547541554, [0]
-23.654455046294864, 0.6925838759685298, 1.0537719130446757, [0]
-23.2194041093886, 0.9398842643745978, 1.7031119102594514, [0]
-24.083954958713765, 0.6112709065731304, -0.04317610578647452, [0]
-22.66678134102879, 0.8347826903945491, 0.96917096535283, [1]
-23.707522806197154, 0.4243397648556049, 0.5889059195915463, [1]
-22.757033996497675, 0.6312811674698751, 0.5203885730571358, [1]
-23.557658418094075, 0.6377299625491429, 0.9036824612456058, [1]
-25.24054352986313, 0.754755388473193, 0.987228225600477, [0]
-24.565933019104115, 0.8393835398234027, 0.2332387472365104, [1]
-23.157723199575983, 0.6522267300902993, 1.6577203768494473, [0]
-23.231908384321567, 0.09760925697429884, 0.6294667109830488, [0]
-22.70059935551549, 0.6879449330651064, 0.8220820104847293, [1]
-23.59407386387347, 1.0611830003798495, 0.2837669960303191, [1]
-22.70359042874523, 1.0325473497491426, 1.0236548537735028, [1]
-22.515735426236944, 0.50462425756882, 1.2304043695295874, [1]
-22.82977132653436, 0.891350537652777, 0.8104493722917063, [0]
-23.79235297262076, 0.6416349121275688, 0.32073945789944724, [0]
-22.254444354698556, 0.4586188317588999, 1.9644041847261335, [1]
-23.667114224393615, 0.7643197040308904, 0.9103715015509881, [0]
-22.59493323684223, 0.741228480703377, 1.2518223786767608, [0]
-21.806761641616703, 0.9488651842646523, 0.8743619357769405, [1]
-22.803306596598734, 0.36475059689408557, 1.3571593393084465, [1]
-24.148323242481357, 0.6834201110650862, 0.8269669537016148, [0]
-23.009096762628314, 0.6889850244546223, 1.2525675195075792, [0]
-22.102787045535994, 0.5763157456253893, 1.0689058725004044, [0]
-23.55075623613004, 0.8430827692259162, 1.6022727624198059, [0]
-22.696839829131893, 0.5131637638891993, 0.8261599090118887, [1]
-23.34592197442397, 0.614631997770093, 0.6531398932700461, [0]
-23.11967321593132, 0.6536302456548221, 1.5119383946493323, [0]
-23.91790837791869, 0.665256102826826, 1.1121110099431712, [1]
-23.682178931719758, 0.9263191825682747, 0.695218222320155, [0]
-22.04567981588723, 0.6447783836534776, 1.0377753836035994, [0]
-22.391105034938313, 0.9061127437497489, 0.9691733705914805, [1]
-23.546003926283344, 0.7510618434230508, 0.6104686605233812, [1]
-23.305379061422443, 0.7212135792371848, 0.305705131877106, [1]
-23.56184836608292, 0.4743680928794556, 0.5741412712070378, [0]
-24.072982182352924, 0.5769689781709699, 0.5947745588096024, [1]
-22.305456264715307, 0.5919263341006309, 1.5404377501380768, [1]
-23.42800749343062, 0.44386369164141737, 1.4846749445132281, [1]
-24.043357380801048, 0.788352044841026, 0.5301836039070922, [1]
-22.84905907274259, 0.8707361464840045, 0.9331089076145104, [0]
-22.59961247314621, 0.267058324879365, 0.31639552959345074, [0]
-23.29871821293104, 0.6276806310057043, 1.339642631320734, [0]
-22.60136468983942, 0.5261236041646198, 1.2316929910741468, [0]
-23.306318295102894, 0.7741718898868133, 0.7725178965895354, [1]
-23.735839419609476, 0.7618323804692468, 1.255467549347835, [0]
-23.932782370204343, 0.532813656831688, 0.5940652285872966, [1]
-22.809628952794146, 0.4994141158917918, 1.3623468240194296, [1]
-24.538240630684157, 0.740221854742142, 1.4061844630045413, [1]
-22.61588821580116, 1.143400534297532, 0.4991371729378757, [0]
-21.946468778824936, 0.7172754194616782, 0.3579294181185878, [0]
-22.784267076726994, 0.5286985123786596, 0.4893348190854027, [1]
-22.577367077818515, 0.6187121850192014, 1.0423823202875542, [0]
-22.48141975121712, 0.6784627800566002, 1.2214460335746686, [1]
-22.36269560016193, 0.8777096645655053, 0.5514890872129502, [1]
-22.474985519414272, 0.535305287901007, 0.8143506695579749, [1]
-22.52083848525337, 0.3788079367257489, 0.6625634512805209, [0]
-23.873511518484214, 0.6264831422145088, 0.8171782846592477, [1]
-22.073813108212192, 0.8720159894300932, 0.9763932814321655, [0]
-24.152480101577787, 0.4726235158830421, 1.5970991046013219, [0]
-25.07660635692558, 0.6338633255364208, 1.4496134440397206, [0]
-23.213088988822427, 0.7972576241557922, 1.6723858556459696, [1]
-23.886957026700802, 0.7838533661411233, 1.2314245239426718, [0]
-22.689799283120852, 0.8239301512610925, 0.6269505240176545, [1]
-22.358582608677825, 0.6745742691876535, 0.7007712873104016, [1]
-25.189909890568785, 0.7767872562587346, 1.063621097521669, [1]
-24.445374797169222, 0.5480395489738931, 1.4594558671195164, [0]
-23.45893124316748, 0.5868615490747127, 0.6142344886340634, [0]
-23.021282256570277, 0.03357173223837165, 0.4283054449457467, [0]
-23.330167813708027, 0.7691170902272721, 1.0318135355238405, [1]
-22.26848093694706, 0.4987824766879799, 1.2191376350154473, [0]
-23.515108636398352, 0.7664052137767126, 1.0285761514266438, [0]
-22.82304896772193, 0.5901826991429229, 1.5272543316596763, [1]
-22.69360420709859, 0.5515083099215825, 1.2011538613178876, [1]
-22.526606677633264, 0.41836931361069785, 0.7552619811087096, [0]
-23.122188356905625, 0.4089310927987585, 0.7703544563953395, [1]
-21.978638386226756, 1.198867925585099, 0.47804654565990723, [1]
-23.261871096739622, 0.4952142634298645, 1.3884296910923761, [0]
-21.783698048328077, 0.4866082851541703, 0.6640722100555937, [1]
-23.544979247269957, 0.7313032062708217, 0.2769323426626061, [0]
-23.65661641770418, 0.46437895259302703, 0.8648176271988134, [0]
-25.153102975844945, 0.6539403569824859, 1.0383422349132794, [1]
-22.160591713712932, 0.7099054931226108, 1.0589408534091516, [1]
-23.699240986383195, 0.5161963835451054, 1.291725672254568, [0]
-24.890632320675767, 0.6734906560954408, 1.6672447014872311, [0]
-24.474288600807867, 0.9685184863062156, 0.7256977384035709, [1]
-23.141307132941886, 0.9825840654393457, 0.19881811293240859, [1]
-23.716503284095182, 0.5054898200920567, 1.4181887623243585, [0]
-24.160907436452977, 0.5669128839952259, 1.4313989362522073, [0]
-22.650724646997983, 0.5268600131123145, 1.62019233317544, [0]
-22.62843725659149, 0.8132302699555104, 1.0791617192470797, [1]
-23.450159212638976, 0.557189038451958, 1.1295949041358169, [1]
-23.1454842085585, 0.426898812210294, 1.0718157043099685, [1]
-23.347804225673684, 0.7528649685629051, 0.821508334610316, [0]
-21.650490655415425, 0.6907782177615431, 1.1394926254615245, [0]
-23.34645007891372, 0.9641531470264009, 1.1161230529294277, [0]
-23.599025429939665, 1.1000815746275368, 0.8626650048611637, [0]
-23.07397510839243, 0.42735803880781864, 1.1873502781684115, [0]
-22.324846216854205, 0.7199632117877819, 1.5143600857803823, [0]
-24.615535184778942, 0.4998074321079532, 1.5051762789472816, [0]
-23.321505054775105, 0.5684381845080629, 0.2569784359103105, [1]
-22.05404386277271, 0.8550270320303976, 1.0456209375435392, [1]
-23.320089361595574, 0.8197090282122267, 1.5724088064465847, [1]
-22.66310271866645, 0.366304818475686, 1.1637232415474936, [0]
-22.622245901326, 0.9476076354564327, 0.7882825578685183, [0]
-22.129587534974558, 0.5496795449809375, 0.5069325209825581, [1]
-21.999699556647396, 0.455608061244251, 0.9041614916693833, [1]
-23.396412437589778, 0.5624214995969997, 0.6893253189141642, [1]
-22.978649970500204, 0.5423772546501422, 1.2679291717014662, [0]
-23.19787989718603, 0.6581049182801649, 1.3164475285136001, [1]
-22.717050856606125, 0.5334776802242819, 1.174359459360527, [1]
-22.90900494992817, 0.6493449387748855, 1.533482067434082, [1]
-24.06679368476668, 0.8341494264029139, 1.4795272576346203, [1]
-21.837435342585266, 0.5436675129875167, 0.6207487104754346, [1]
-23.655628900792472, 0.5477464774940791, 1.446449442808485, [0]
-22.592882372875554, 0.3185410083374871, 0.5548659828713414, [0]
-22.543214659748113, 0.67393488620377, 1.3093660541672398, [0]
-23.28983946859298, 0.5237005748070567, 1.3636979765035815, [1]
-24.60381110895407, 0.4709179620394199, 1.290560300748703, [0]
-22.899711443396384, 0.7446661642850837, 0.5968281932216462, [0]
-23.60776953991582, 0.7617572996051197, 1.3385683354263427, [1]
-23.486633228647708, 0.4529235647532345, 0.8931885008754478, [0]
-23.730343226422, 0.638500276430746, 1.2419568728524775, [1]
-22.00238574831771, 0.5152871565562017, 0.8715146596704456, [1]
-22.414010333406733, 0.5555284101307889, 1.6167368240429818, [1]
-24.59158292401494, 0.8352170610836389, 1.1622046064967095, [0]
-23.183218369167147, 0.7046187750629795, 0.5129749523303595, [0]
-23.118145172390374, 0.7556824316860652, 1.457572684929977, [1]
-22.711252355839356, 0.5108031201226911, 1.2812024081456674, [1]
-22.372914729138557, 0.5679942101993406, 1.0969224700374092, [0]
-22.52459355498697, 0.5235024651464513, 1.0785849755258297, [0]
-24.906649293835724, 0.8590041880962903, 0.8935973793551897, [1]
-23.03889281456657, 0.2954805173266753, 0.8955334941402349, [1]
-22.706478167437954, 0.6016910249638566, 0.8517260923352518, [1]
-24.32114376329207, 0.8175904942427497, 0.8514929343583058, [1]
-22.592263808894053, 0.6326064374384216, 0.5922582059706931, [1]
-22.80757747800821, 0.8283176993347566, 1.296278604509285, [0]
-24.159033587024293, 0.4296999748884009, 0.8141531995719087, [1]
-23.94634755756505, 0.7628468914737186, 1.3946483491857218, [0]
-23.301599692289408, 0.6690558495668784, 1.0158970789740882, [1]
-22.93200665005769, 0.8480949055805926, 0.6896312113302847, [1]
-24.240860367475943, 0.9192220650862417, 0.7058414624288183, [1]
-22.746263080178586, 0.555971887406818, 1.1799126211801312, [0]
-23.52604774666004, 0.9008799829971395, 1.1438744376367183, [1]
-24.054621445256252, 0.4525627608478421, 1.4278845916080862, [0]
-23.78208324095067, 0.6836243398672278, 0.7704247849365615, [0]
-21.97195121503841, 0.6034145325173171, 1.0862342853710976, [0]
-25.39903441843356, 0.8727829797983329, 0.5459279449205314, [0]
-22.573735354566374, 0.784556051296693, 1.3249356129561194, [1]
-23.003173725138435, 1.1732259923354391, 0.4067927755282883, [1]
-24.25700528024704, 0.4544117679279632, 1.215115823303357, [0]
-24.050779992777112, 0.4833688507169347, 1.0107791627069416, [1]
-24.78123487944127, 0.47718953760763905, 1.593855346971911, [1]
-23.126767338930044, 0.6006447663232621, 1.0332454349802687, [1]
-24.47135222710129, 0.7038256516692696, 0.8114243281016675, [1]
-23.3166998936287, 0.733246903204795, 1.0517117708863895, [1]
-23.98203674681413, 0.7748218325157251, 0.7899878882346169, [0]
-23.92530400449194, 0.46205516015043274, 1.161057804557055, [0]
-23.17022077350826, 0.8718847310401235, 0.5695595565292801, [1]
-22.71384803269766, 0.3638805266192532, 1.0026424323639382, [1]
-24.014401239904267, 0.7634636237541819, 1.2984990376552932, [0]
-23.636547940457216, 0.431193174738836, 1.1543481786461904, [1]
-23.351443016394537, 0.6761029550630548, 1.8439713271483198, [1]
-23.493517244758294, 0.71891579144289, 1.3247987639801133, [0]
-24.91931502753387, 0.6524124425697639, 1.2036520171584622, [1]
-22.919733055783546, 0.45388217553242477, 1.1348941637299903, [0]
-22.7109440083332, 0.36595980756908003, 0.917183853532396, [0]
-22.79035561925694, 0.7233236397016801, 1.1249043948078592, [1]
-22.85203478093783, 0.5347965418866705, 0.5090409514321561, [1]
-23.666827136273668, 0.8392100531651068, 1.1457666699188869, [1]
-21.741716459438795, 0.8727094725544051, 0.20609839111222408, [1]
-22.371030851746912, 0.8806384897005618, 0.49232630747608536, [1]
-23.716846806028414, 0.815568404575831, 0.8936466309663139, [0]
-21.903490371211305, 0.7233713919503053, 0.7414757270905289, [0]
-22.990466833474887, 0.446145701364021, 1.2609808991141425, [1]
-23.33280202744947, 0.597864877347064, 1.3039853439687588, [1]
-23.311678341756107, 0.6405028153099276, 1.3000042882185405, [1]
-22.93476341730902, 0.5835043237074754, 0.015150540345907682, [1]
-23.450088419423622, 0.3433992226311439, 1.3663009554145746, [0]
-24.146131015568173, 0.6071772686237534, 1.4824740244040098, [0]
-23.065789806714324, 0.6580820404861782, 0.5565082168280936, [1]
-22.954254800124755, 0.39481804131380993, 1.0558520577636883, [0]
-23.318201716852904, 0.6152288774050652, 1.1836353471927996, [1]
-23.074762382107163, 0.6263605044757046, 0.7396789273819514, [0]
-23.93709984027633, 0.721520134732452, 0.4387364776052695, [0]
-24.13337245271018, 0.6834757117430879, 1.1827410871324235, [0]
-23.13471655438004, 0.4731498026055756, 1.0767904036607185, [1]
-23.249486603453814, 0.6498514171639468, 1.4239112754752195, [0]
-23.938003749397833, 0.6621428271732672, 0.9807739200456694, [1]
-22.76485773409668, 1.08385221563467, 0.3298775554151544, [0]
-24.022218479171944, 0.5943339279294751, 1.3645018973048528, [1]
-22.622355601847396, 0.4154480456332058, 0.7589929860141147, [0]
-23.932248268336767, 0.8050188138705818, 1.2325289918909808, [0]
-22.607774514664257, 0.3556517723920841, 0.7600659351333562, [0]
-22.75579631768194, 0.4391623148789021, 1.2938699008496084, [0]
-23.842737756460956, 0.3695402561564305, 1.1736847184140975, [0]
-22.376652343749697, 0.8399664220516154, 1.683314392646385, [1]
-23.992537034062465, 0.7665140751037975, 1.0067068538795527, [1]
-22.378240575544588, 0.6608012050449716, 1.157495288049516, [0]
-22.438378477826113, 0.5911390713529189, 1.1671265343911719, [0]
-22.957061461972295, 0.5580029768075279, 1.1979081919804333, [0]
-22.84441262948798, 0.6445719267171037, 1.601904281998805, [0]
-23.873907541580113, 0.7178518000920129, 0.7916776626845754, [0]
-22.685669961946278, 0.5069363888274183, 0.899377292819447, [1]
-22.650804899288215, 0.5840722215852039, 1.1449161293227215, [0]
-22.99970685230329, 0.2823142429282557, 0.9193827269403037, [0]
-22.362044127789538, 0.305342931706827, 1.1889828274093, [0]
-22.917049174269998, 0.6679174666808474, 1.5347228210591561, [1]
-24.34645276908533, 0.2090476255288306, 0.6297113352909326, [0]
-23.527205616065586, 0.738925729279639, -0.18702255512224775, [0]
-23.431641405396167, 0.6197162099122883, 0.8306407959964874, [0]
-23.730140542605923, 0.5343169100892282, -0.39890012642122447, [1]
-23.85585601169495, 0.3703051663027709, 1.5415518251537121, [0]
-24.270585537516236, 0.890898065984579, 0.8402567276245789, [1]
-22.57189915117673, 0.4243207431343914, 1.108322855722356, [1]
-24.130569866766, 0.7539316063888978, 1.2215474774416477, [1]
-23.011736335312218, 0.5566857606140608, 1.1139760459200905, [0]
-24.22215446742977, 0.4712267634847102, 1.3679191274113904, [0]
-24.00064494623112, 0.2624589647886769, 0.9164182377234621, [0]
-22.31503772729645, 0.7425205962003293, 1.156177411890089, [0]
-23.231180513084016, 0.8045951430366021, 0.8231606666371578, [0]
-23.886895975639405, 0.3077109114572255, 0.8067097899804586, [1]
-23.556068582429663, 0.5745841393100078, 1.8124335059473728, [0]
-22.6618416319276, 0.46801576584656557, 1.2668905666858612, [1]
-22.202013585935358, 0.6912170907754351, 1.4462083672953918, [0]
-24.671940998094662, 0.376248494943517, 0.15508298970360257, [0]
-26.215263785421858, 0.840525662714291, 1.7439689378347831, [1]
-22.657736892063156, 0.5094783421299183, 0.6427734596516896, [1]
-23.690370380598853, 0.4965229147582575, 0.32217938542390934, [1]
