t=0.08768571421067475
logZ_t=-25.65376902884284
-32.666653236935446, 0.7316463306473936, 1.3179776741054807, [0]
-32.53642876202855, 0.5344211848288404, 0.9029353626661452, [0]
-33.5070596683786, 0.5165332986789453, 1.2946089742587439, [1]
-32.56200210364341, 0.5374342623423052, 1.359886949222461, [1]
-33.63755956487143, 0.4923917606092733, 0.7305083681588102, [1]
-32.90312477086921, 0.5394733868579689, 0.7026465665917219, [1]
-33.16270144113589, 0.6029955501157134, 1.0201024555384621, [1]
-33.920753994006205, 0.9716715924956112, 0.7170012643742626, [0]
-32.45756529952626, 0.5312881310163549, 0.7335560139902926, [1]
-32.96736640620332, 0.591077827660863, 0.4747037637045054, [0]
-31.65676871801458, 0.734144454096224, 1.0337804985407035, [1]
-32.69073719660206, 0.4867567866442326, 0.8232010286359522, [0]
-32.552443655984355, 0.8467658878745331, 0.6812566003133415, [1]
-32.880207117197756, 0.3990728042739992, 0.9854487236908039, [0]
-32.92706462069529, 0.8664074219955873, 0.847680437329521, [0]
-33.0932697988245, 0.4488265681132299, 1.1440045701826727, [1]
-32.68811994218576, 0.6665363764095821, 0.4798090034108804, [1]
-31.258950431986726, 0.5719512114401343, 0.7194979080743885, [0]
-32.91541108980333, 0.7568582483460474, 0.0696061090967074, [1]
-33.74475678084629, 0.7366265707529689, 1.5716127591424558, [1]
-31.934675639496504, 0.7563696753632283, 1.3343073587424676, [1]
-34.34590924805304, 0.7612368766933298, 0.8656621239865803, [0]
-32.44498936514349, 0.6663044272250662, 1.0078307021035169, [0]
-32.12458982244352, 0.3585435912408322, 0.8143815719246804, [0]
-33.510730544903645, 0.6523341561075385, 1.1129274971664191, [0]
-31.636124876235588, 0.6610495672346897, 0.25827323225427323, [1]
-34.892000376397895, 0.6145109714074292, 1.1362521381484547, [0]
-32.85886291278917, 0.5910267086187604, 0.5945175112379362, [0]
-33.0614656434188, 0.6716156365082107, 0.847258353086475, [1]
-34.22614405205865, 0.8200105561461827, 1.103976251094513, [1]
-32.677214907543416, 0.500211483539629, 1.738485098389435, [0]
-33.90124320191708, 0.6697193112032493, 0.9551275360298643, [0]
-33.51498762165653, 0.5636979269075669, 1.1343905552102593, [1]
-32.82111529936033, 0.9773771801575097, 0.4878973965084228, [0]
-33.51970966599349, 0.4069181681392866, 1.0642812361556986, [1]
-32.815294036918054, 0.6461252971259077, 1.3453755581950524, [0]
-34.79822896117398, 0.6768882466097887, 0.5463127489759299, [0]
-33.372463969295595, 0.6713248024514957, 1.033674088445471, [0]
-34.46539465480466, 0.7265736811773523, 0.6784093808844409, [0]
-33.09512579678102, 0.47933899029626115, 0.656936337870494, [0]
-33.48265139395802, 0.4827699443401792, 0.840314164156998, [0]
-32.402724154909976, 0.692808878931085, 1.3974381622347372, [0]
-32.30556406727309, 0.5824697912450301, 1.1498148060084885, [1]
-33.3453668168581, 0.6647818422466945, 0.7837843081081103, [0]
-32.57054776816957, 0.7872123959491213, 1.1040044328189396, [0]
-32.99428834990079, 0.5867383608866836, 1.106603255360723, [1]
-31.077230606203184, 0.3327631656145139, 0.7880751093495406, [0]
-32.78781992138118, 0.5410529227454637, 1.573843679806553, [1]
-32.24473185523072, 0.8713937596045889, 0.4167824794475545, [0]
-33.34334428287495, 0.6436200034149926, 0.9172513036588754, [0]
-35.14062896651327, 0.5902315458733548, 0.9332433873274358, [0]
-32.41727508316062, 0.4844871493313074, 1.1739971623191403, [1]
-32.01053281918834, 0.7948491158162848, 0.674875252457408, [0]
-32.687742644710504, 0.5519955159469221, 1.5228211198812964, [0]
-31.585311282024144, 0.7484305202805682, 0.4295499789315741, [1]
-32.22754782544171, 0.47649661979758984, 1.3522159887925878, [1]
-34.696889174578715, 0.8372608484745628, 0.8181836409821288, [0]
-33.91930580750641, 0.687666974785505, 0.3487542935299418, [1]
-35.04097578169006, 0.5840388619909783, 1.250750688486, [0]
-34.1631832663564, 0.699731200845749, 1.4901977858282554, [1]
-32.31789560700417, 0.430641590211152, 0.8899804960075127, [1]
-34.56322442339672, 0.6212653999298121, 0.7148758467385109, [1]
-32.02203684345989, 0.7434152037385446, 1.3620446237373562, [1]
-31.763294806053185, 0.4789780752921704, 1.0357129207813847, [1]
-32.865489947646395, 0.7729610441092827, 1.2515988807923386, [1]
-32.172519217113084, 0.7431856919927156, 1.1724500325806555, [1]
-32.24021020798048, 0.6649897141469953, 1.3294074311185455, [0]
-32.362926390005626, 0.5619556243146737, 0.8453512824315039, [1]
-32.586527455453336, 0.8070105536556273, 0.9690077123065878, [1]
-32.98532410124691, 0.690565144949027, 1.428865663244951, [1]
-31.20317162712629, 0.8732714783798017, 0.6883883014571279, [1]
-33.574026078557395, 0.9291194723273323, 0.49432358148330086, [0]
-33.508792149544746, 0.5396838232305856, 1.3746147901901327, [1]
-34.563968693417856, 0.655254137772473, 1.0401860677620782, [0]
-33.78336963296735, 0.5370318216720527, 0.8927758048373243, [1]
-32.804533802453044, 0.8629139325239591, 0.7423900584075842, [1]
-32.55534841646151, 0.7145517356337601, 0.7710049866065674, [1]
-33.51378739711677, 0.5303797241495745, 1.3768028758349358, [0]
-34.0874745395625, 0.6296052797277651, 0.5434224331814446, [1]
-32.549523865378966, 0.5537135535470403, 0.45676392502702395, [0]
-33.29656870372191, 0.5136285456142383, 1.2798249527132164, [0]
-31.81275385844529, 0.5934054669933326, 0.7475646838523411, [1]
-32.714271241228374, 0.4470195339004011, 0.45004420247396026, [1]
-35.627245672106035, 0.628118827436169, 1.194141086995899, [0]
-34.3025608532808, 0.7276969727932102, 1.433787386920912, [1]
-33.326928117475966, 0.8740699391007272, 1.0724549385136566, [1]
-31.94002496876984, 0.8527717810914084, 1.1899299151752316, [0]
-32.386677160380735, 0.7308127616506447, 1.1246110480847535, [1]
-34.356086650669795, 0.6953526732976021, 1.2668900286457028, [0]
-33.043826157251495, 0.36296626830555784, 0.9151630488792326, [1]
-32.197269907626364, 0.6682112758383901, 0.9992023275148337, [1]
-33.80153490650667, 0.72115989027365, 0.8594245671635168, [1]
-32.40488617700627, 0.618573112347315, 0.4465765836161839, [1]
-31.958904918658025, 0.6558926860936409, 1.1677863316153203, [1]
-33.88100442487053, 0.7465278606823251, 0.9492216949806422, [1]
-33.12606164956035, 0.6241704145276303, 1.0966666985941116, [1]
-34.4144996314161, 0.687605972360189, 1.1217864474793338, [0]
-33.49937670381453, 0.5080912340763177, 0.9189133732691468, [0]
-32.680184293008516, 0.7151054672324455, 1.1820446550372892, [0]
-33.84454413096423, 0.2799351831755541, 0.8075191512576709, [0]
-31.94806605639412, 0.7907350815498602, 1.1700410826338248, [1]
-31.777608611633223, 0.6517159280144582, 1.6414896541281165, [0]
-31.35434547528428, 0.6851537984408843, 0.7991466517438203, [1]
-32.11379467463026, 0.8435099935985026, 0.6182078341684972, [0]
-32.49657472130781, 0.5330227807854, 0.9530681469227065, [0]
-33.99425464066603, 0.298787727355057, 0.8590175483643251, [0]
-32.14711743276575, 0.40101053746835724, 1.0798651565804742, [1]
-32.83467856820843, 0.6707762328765954, 0.7260868014966699, [0]
-32.56086156401079, 0.5043489820071893, 1.2283880709796076, [0]
-33.46670693223711, 0.37787240635419084, 0.9707345413262658, [0]
-34.170396611555354, 0.7229448089667061, 1.7014240143135018, [0]
-32.01337815390227, 0.7200376500050714, 0.8150829926101507, [1]
-32.50794549684167, 0.7489846321078691, 1.4189637421909487, [1]
-32.47520369923326, 0.6607714951767709, 0.9090553066318727, [0]
-33.99329233924841, 0.3156535510249512, 0.7398999590299129, [0]
-32.97485429759671, 0.5776935252410154, 1.3564140793016042, [1]
-32.894244610464554, 0.671726564306722, 1.0575186967379382, [0]
-32.30722915286476, 0.6261276083706315, 1.375151150617807, [0]
-33.093188575743824, 0.7943308212840308, 1.0872296955622145, [1]
-32.56405081509001, 0.5481397454994711, 1.2839141479199683, [0]
-31.98523997284834, 0.5705802192405288, 0.988092220697063, [0]
-33.3926026933971, 0.551188958559084, 1.3735332468093033, [0]
-33.24993231049418, 0.953781686042944, 0.762965632461111, [1]
-32.97605312335524, 0.48076814211855134, 0.9374201373647798, [0]
-33.74698695866489, 0.7289515694699547, 0.7043346717928619, [1]
-32.201028596631325, 0.5701685087086457, 1.1020240304926596, [1]
-31.899622098702316, 0.6145709666825755, 0.4561507912240184, [0]
-33.187365984238895, 0.7007094934652975, 1.3200572000500812, [0]
-33.79819090046625, 0.5626040325224451, 1.203051226219771, [0]
-33.04790645246368, 0.7160488168759372, 0.7118195782825653, [1]
-32.25505066234366, 0.7227047384876268, 1.0996295197712562, [1]
-32.5651550739908, 0.7846049879763209, 1.1586484259282301, [0]
-33.65989130200722, 0.6678464574015144, 0.4217837169735099, [1]
-31.332381718709858, 0.5973774628504974, 0.8633306035185524, [0]
-32.78838402461607, 0.5053846766660117, 1.2759939137666731, [0]
-33.03790248731284, 0.4394548540346036, 0.8254908366227898, [0]
-32.61733059452309, 0.8542289691174243, 1.179968219546945, [0]
-31.65574904722906, 0.5830809297516695, 1.403903447270055, [0]
-32.66268090932601, 0.4287902536774407, 0.9770308397863298, [1]
-32.38417156792398, 0.5111282797617158, 1.1523361169549153, [0]
-31.78374114959687, 0.8177040970799281, 0.591947030134913, [1]
-32.49705364887222, 0.6518845264161575, 0.4902324277362002, [0]
-32.26432925539593, 0.8078909995110638, 1.1518082603389093, [0]
-32.38287866834842, 0.6270614712288471, 1.2177722006868021, [1]
-34.454803451514984, 0.6547588552855046, 0.9608759566420626, [0]
-33.39466630812205, 0.4466588779078768, 1.4256144703936449, [1]
-32.71276536442362, 0.73902947975945, 0.8748031037469486, [1]
-34.09067898419324, 0.5559666862505993, 1.2034643298145915, [0]
-33.032608150995294, 0.9847587403221085, 1.0210518808480311, [1]
-32.11006082199866, 0.766709556303977, 0.46983938838439876, [1]
-33.64554295914585, 0.706493085052802, 1.0826985897547103, [1]
-31.90340750275117, 0.5887867099837785, 1.101114238653224, [1]
-33.371144998630214, 0.5676765659126907, 0.9043882584923618, [0]
-31.711859323746086, 0.5153490203767412, 1.018387905748182, [1]
-33.948428782762534, 0.7336999121494912, 0.657401233069206, [0]
-33.44880117208244, 0.5605751827284164, 1.2840957296349347, [1]
-31.956202415543135, 0.6740230026216536, 0.9889533847969545, [0]
-34.29543982286967, 0.6262232941713308, 0.7603075549877897, [1]
-31.93373423956385, 0.6352778127195365, 1.1710762739936356, [1]
-33.36098202317261, 0.7774532511908001, 1.0709585052713986, [1]
-32.09049599943165, 0.6727276664956935, 1.2834688819761726, [0]
-31.496406259377512, 0.7546754586871534, 0.6594890420185704, [0]
-32.50530714504509, 0.6241013876743059, 1.1123820679298413, [0]
-33.58537364551515, 0.7508128265353443, 0.9861052713442555, [1]
-33.66478507468558, 0.5707581442000841, 1.3995564807307708, [0]
-32.98689222398282, 0.5368893126628451, 1.2184426287539378, [0]
-32.726268291641254, 0.5901120195407586, 0.9041308128690992, [1]
-32.536643229745586, 0.7369058587566082, 1.0275164009348914, [0]
-32.78881574770542, 0.7405532436768427, 1.3763403055027412, [1]
-34.44648365098111, 0.4754782855862175, 1.8369818082131266, [0]
-33.600963179918935, 0.7773335094741057, 1.0489988198016529, [1]
-33.608147016680995, 0.7281182231561536, 1.0700608933711762, [1]
-33.14666565763669, 0.7427006195404601, 0.8931638520471976, [0]
-34.087208404834, 0.7175707583054913, 0.8275291760217804, [1]
-32.53871646971802, 0.667825007504067, 1.086889598840139, [1]
-34.13899909325936, 0.535324743057505, 0.8999712206512496, [0]
-34.93873075275853, 0.6850433893874218, 1.2710730856788501, [1]
-33.0606687926448, 0.5230477755182152, 0.9162304366083478, [0]
-35.005603475789606, 0.8753835020481571, 0.6372240225405563, [0]
-31.748775561300775, 0.7178993374051555, 1.049761664909127, [0]
-34.975965606799996, 0.9300464328108993, 1.0919593495672721, [1]
-31.901631214125022, 0.8587845389130236, 1.333747248421258, [0]
-34.18058409719701, 0.631278233486786, 1.4080798135382455, [1]
-33.55924389836249, 0.6511311872038538, 0.7443332566907451, [1]
-33.19556716120347, 0.5348432207678111, 0.6956004563174139, [0]
-32.7493996039898, 0.6251633260758653, 1.022850425385515, [0]
-34.52411876103301, 0.7072407662213176, 1.4052362178912103, [1]
-32.265268724519565, 0.7538094973915842, 0.930575362151082, [1]
-34.25755394245168, 0.6380198118989473, 1.1015261839980104, [1]
-33.23082833216358, 0.3448226745149877, 0.24853444188316426, [1]
-32.45527860614214, 0.5760520144832988, 0.7186851766148282, [1]
-32.54603170662137, 0.7603261182616678, 0.8498779430978148, [1]
-32.05799567396405, 0.31537675541985616, 0.8345007587441434, [0]
-34.20217513005478, 0.4364301986844216, 1.139900161076409, [0]
-31.922495775048173, 0.6288202451073774, 0.491780480355816, [1]
-31.649664729226327, 0.6428061065114603, 1.4120105208343707, [0]
-33.991321417439, 0.627059093836812, 1.7114227806442723, [0]
-33.25309467074066, 0.7678725198039038, 1.1605100302239255, [0]
-34.53682569814735, 0.7092372321439772, 1.1728210426240235, [0]
-34.23442452127506, 0.44693353820232185, 0.7978097061382629, [1]
-32.351905458149446, 0.5429562666324876, 1.1792072501138462, [1]
-33.24900865269286, 0.5127801436137909, 1.2594350025326242, [0]
-33.520239770058176, 0.4527414795851413, 0.44656094566605065, [0]
-32.461113730007355, 0.4668609558916274, 0.6695100765696185, [0]
-33.380208672783624, 0.9858380553905853, 1.0588913016656734, [0]
-32.77033629448103, 0.6661697759166686, 1.461654259489656, [1]
-32.665623190347844, 0.6620475985565173, 1.334110341575225, [1]
-32.2747907567293, 0.45311229494744376, 0.8389376197931577, [0]
-31.389883768729426, 0.6855764588398916, 0.9541616464816491, [1]
-33.50588702175288, 0.6904147584346967, 1.1298477718591884, [1]
-32.55172487076935, 0.3743387255766371, 0.22032317108063204, [0]
-33.62697617526484, 0.6023856280406774, 1.5303218995813865, [1]
-34.31372321892085, 0.5595260296124485, 1.1041043204565448, [1]
-32.408475198463364, 0.642123454820148, 1.1274697691990023, [1]
-34.15303167233471, 0.5208719415367868, 0.4861428763993374, [0]
-35.285366074209264, 0.8452831106221776, 0.5796573760220617, [0]
-33.137504870223914, 0.7408542146160152, 0.46788898975665033, [0]
-31.628942499589616, 0.4815622842913939, 0.7834953443636412, [1]
-33.32864047695108, 0.659000993439797, 1.0011186895879716, [0]
-32.62680203582369, 0.6597834414635534, 0.8956870250996527, [1]
-31.165308150461115, 0.5172144278200755, 0.30998535271436256, [1]
-31.492459638411542, 0.5857232811913952, 1.4068848819783384, [1]
-31.486076927505167, 0.5916555508336065, 1.2607912765467004, [1]
-32.865033241359875, 0.6338067852855469, 0.929338935777983, [1]
-31.911055144661734, 0.6841234616463456, 0.8815087361834277, [0]
-31.361517703289085, 0.7170254751868976, 1.0362317586973584, [0]
-31.682939364851112, 0.4839986126682027, 1.03247429486678, [0]
-30.827479212678387, 0.7327184771112002, 1.260486820363702, [0]
-33.7999747636663, 0.6547812565853748, 1.4179559803865496, [1]
-33.49695592882843, 0.8584661788575293, 0.9172037050544604, [1]
-33.67279794058046, 0.6826245885790093, 1.2603048335602787, [1]
-31.820170656465063, 0.8532433458687019, 0.6092631023036967, [0]
-32.216957671241154, 0.6002450559009669, 0.7442193989731145, [0]
-33.698508419080085, 0.7366256946939786, 1.0871517493535992, [1]
-32.81252077873, 0.553295857978426, 1.4251305651508632, [0]
-32.67601525611745, 0.641804627005319, 1.0732532530611019, [1]
-31.927456533158963, 0.6595985471225092, 0.8442707207726803, [1]
-32.88721118757189, 0.8181720577070656, 1.0799238816494396, [0]
-34.34548948295209, 0.5211096642117904, 1.366565345158898, [1]
-33.36921235643474, 0.7150929046496116, 0.8463416097795443, [0]
-32.723411946728476, 0.6001551552688883, 1.024657407430255, [1]
-33.91658473367936, 0.29525916336429725, 0.5758760142516373, [1]
-34.15968068319309, 0.7435742495481746, 0.40153265237189595, [0]
-34.26646675259545, 0.5865738986533038, 0.7140552663124813, [0]
-31.88452073212639, 0.7232324742095192, 1.0081329330929873, [1]
-34.92303560810829, 0.8023556202541262, 0.935038933911023, [0]
-34.67217705621626, 0.5502142175420848, 0.9208246042201429, [1]
-33.67270246383469, 0.5991666770035757, 0.786342698373232, [1]
-33.53869290017491, 0.6739899742683875, 1.3366787631535175, [1]
-33.144194119401426, 0.5630657829027619, 0.5880279114261799, [1]
-35.847036938623766, 0.7851829441560617, 1.0207759389817022, [1]
-33.02210242548424, 0.8256972437249013, 0.5900827586166664, [0]
-33.842781206877675, 0.4077546261852829, 1.0147413224078956, [0]
-34.065808412782864, 0.6650970253082575, 0.7519036524949376, [0]
-33.500934625951764, 0.6656877679204111, 1.4104108894917662, [0]
-32.279708533626106, 0.5457311356618103, 1.0691017523012547, [1]
-33.765786803177676, 0.7459587159393489, 0.5985489941871521, [1]
-32.953338896336085, 0.5764886331581968, 1.721745009422547, [1]
-33.56893871836799, 0.476502670326743, 0.9662349759119542, [1]
-31.480011514503236, 0.3355759452673508, 1.2896380728848524, [1]
-32.809958230617646, 0.7301179052343144, 1.1622574895312476, [1]
-32.73749449875184, 0.4740883452921799, 1.1477277917131057, [1]
-36.889885419832105, 0.5410735071040529, 0.620104199531924, [1]
-32.02782620017511, 0.41849946628207124, 0.7884712875803608, [0]
-34.61308740634087, 0.5297088770403232, 1.2263074150106614, [1]
-32.80658190261099, 0.4920456512595958, 0.6151216654967162, [1]
-32.92825943022769, 0.6608476081422548, 0.9488138208211767, [1]
-31.14283384638436, 0.8109982882721735, 0.8861931805569612, [0]
-32.98043525066806, 0.7574972921347856, 0.888003641557239, [0]
-32.87014906373625, 0.6530323554204771, 0.895213975033863, [0]
-32.63559032077411, 0.6766337228720872, 1.287217907777136, [1]
-34.24496268846417, 0.8419129705864342, 0.8763903395632326, [0]
-32.44837474184776, 0.7269122539498205, 1.163056354140643, [1]
-31.53910661335512, 0.2779345718648421, 0.2046460283222516, [0]
-32.09705583516691, 1.0072065060302724, 0.8686162982261338, [0]
-32.4552544841024, 0.5475165100793655, 1.0790549477387068, [0]
-31.940650819183748, 0.7007962658623627, 1.445940731643501, [1]
-32.9082461529866, 0.5162035486588965, 1.6330799828823714, [1]
-34.47364415022726, 0.7632949562110531, 0.6094348938614433, [1]
-31.933984783803364, 0.7040331626229961, 1.4766791576269302, [1]
-32.15918309721839, 0.6398323023648518, 1.0922465639623766, [0]
-32.4604638063489, 0.5205673954946678, 1.0494984418856639, [1]
-33.74591001067203, 0.7247452286491473, 1.034808479349743, [1]
-34.547248294018196, 0.483602091055799, 1.1091420636872893, [1]
-32.17615782943605, 0.5785589154324834, 1.5320245543573632, [0]
-33.35700341137413, 0.7328444958803748, 0.8705608045235275, [1]
-33.73759643810127, 0.8409927146992362, 1.1600297823943648, [1]
-33.70519498704816, 0.8711884561194593, 0.8972229106138685, [1]
-31.0576421800065, 0.5240826361579985, 0.7089309522329653, [0]
-32.98013597855408, 0.517547630944492, 0.6870658431927972, [0]
-33.82777291119763, 0.633049353561346, 0.6874264331475903, [1]
-33.051197039354456, 0.587741953681734, 0.4804831232846264, [0]
-32.02472715057118, 0.7472315734898507, 1.194453811161488, [0]
-31.5856851013926, 0.6522450368503788, 0.7859664804819879, [1]
-33.9048701394363, 0.7391788387250232, 1.2419509400755706, [0]
-32.69314995694027, 0.7607685632784267, 0.7125078972018809, [1]
-32.17805845565371, 0.5520861474534986, 1.3034628773843395, [0]
-33.578251716959535, 0.5919152096766427, 0.9063104439316285, [1]
-35.16105061208806, 0.4875182749307321, 1.2049120456970026, [1]
-34.68356043589086, 0.5275399202439204, 0.8390512712781834, [0]
-32.196110974045205, 0.5937921960091279, 1.037621777409868, [0]
-34.54116923093749, 0.4665610036953086, 0.8246653489876984, [0]
-32.3130942194667, 0.6389942520844558, 1.330455507733152, [1]
-33.09487870274525, 0.7754701542271447, 1.0628904228086098, [0]
-31.695034589465347, 0.502492709681187, 1.0061180318879113, [1]
-32.34675765229126, 0.6307039518844694, 1.196537977012062, [1]
-32.08936830870517, 0.4652058100281782, 0.9746209010298781, [1]
-32.75971673299208, 0.7916214032726353, 0.4695496631323076, [0]
-32.37216866892822, 0.7316860185040942, 0.9094018652092326, [1]
-30.992143895602553, 0.7690954425587597, 0.8259266665623832, [1]
-33.20977845409273, 0.7811092859984435, 0.9252015643336571, [0]
-32.62068653621936, 0.7338567863537677, 1.3521489284632802, [1]
-32.39684405972617, 0.7883149829199877, 1.1028267111853913, [0]
-34.01983558313214, 0.8184017476531105, 0.7157092046290691, [1]
-32.64859157203973, 0.6123229254358709, 0.86222538569046, [0]
-33.21524615278535, 0.4338182117803052, 1.0896426402294503, [0]
-33.86970696538741, 0.7339119300901582, 1.339283643758571, [1]
-32.162000981814906, 0.46866232175831085, 0.5902180729214466, [0]
-31.78153658916548, 0.5992943076377314, 0.9181554962809306, [0]
-32.26679137208955, 0.6474623132589911, 0.9519623457102222, [1]
-31.670246021417217, 0.6438437090150814, 0.8973059896785085, [1]
-32.86172943855116, 0.6754414755038278, 1.359994154827719, [0]
-32.64998645991201, 0.7133292084632702, 1.0680754537961192, [0]
-32.76384686885795, 0.6478808584073414, 1.3259335484462964, [0]
-32.37547189613518, 0.845073680743251, 1.0954203875202375, [0]
-33.57279353581168, 0.6854567280562294, 1.7114912186701847, [1]
-34.18414415427738, 0.3842841487935771, 1.2965465564316188, [1]
-33.87351026500657, 0.6229925027989434, 0.8695630018485512, [1]
-32.442322944461544, 0.46151349393436036, 1.2526959836470957, [1]
-31.661977836886216, 0.9593656194374842, 0.7811476818946392, [1]
-32.15811736027618, 0.6226587337387444, 1.219571177430948, [0]
-33.08194884338367, 0.56301630672242, 1.0478446488122368, [1]
-31.92137903278307, 0.7269344252192662, 1.0886831194355528, [1]
-31.582615697934532, 0.6376417689991302, 1.2992901784977235, [0]
-32.3447860664622, 0.4951123828642519, 0.7011367105479398, [1]
-33.09032244121912, 0.6910282502862528, 0.8268148316026808, [1]
-31.838810253317224, 0.6442143121409443, 0.9276661437129711, [0]
-33.27663043541441, 0.5543152452479281, 1.2971803503745534, [1]
-32.327677611978665, 0.7823928229648691, 0.9058732405340937, [0]
-31.53189284581703, 0.5032943423016621, 0.9074908780220012, [0]
-31.621565189993678, 0.735905950412717, 1.2713028091409881, [1]
-32.645569389865784, 0.5863361626453581, 0.6814651015010722, [0]
-34.14413745489678, 0.541237681250472, 1.0334852979476854, [0]
-33.02273137171131, 0.8248380395861357, 0.3588434851068023, [1]
-32.500166838868246, 0.5594051275857123, 1.258539669690394, [1]
-32.542872558302264, 0.5694664960091402, 1.1375648644413632, [0]
-31.885383140810383, 0.5739858585056798, 0.9250259850447309, [1]
-33.600270075524456, 0.593395386907604, 0.8659525584075566, [1]
-32.74038440527282, 0.5879428618356516, 1.3841412124246066, [1]
-31.900977517776738, 0.4546149178393214, 0.5794031087429875, [1]
-33.96051379484433, 0.8572612739927983, 1.2254071237098498, [0]
-32.83830595076589, 0.5816646806604928, 0.8208142041373063, [1]
-32.81567796437789, 0.6416110158247053, 1.4017548110334577, [0]
-33.33478257725228, 0.7023025817272561, 0.9457814214900981, [1]
-33.611732574598676, 0.49715750676983106, 0.8948463671418613, [0]
-34.14572697607967, 0.5163944417932738, 0.760778289291493, [0]
-32.91749291991597, 0.5603107032088602, 1.507447969711392, [1]
-33.554725662472634, 0.6320122417203524, 1.08795455602965, [1]
-32.65581264741149, 0.6597850872008115, 1.002587512561841, [0]
-33.485350352545915, 0.45978524887566835, 1.4952390276253484, [0]
-34.16586939660581, 0.7344819799075344, 1.4180965695557073, [0]
-32.517343516256965, 0.6674582067153372, 1.1614794829410244, [0]
-32.71228593713104, 0.6964168770044117, 0.9727259090376266, [0]
-32.47105494605194, 0.6186054299951996, 0.9331411594804158, [0]
-31.973502820614552, 0.7143288285179036, 1.0831719188853477, [1]
-33.16148260782044, 0.7847158525130059, 1.7050317507046597, [0]
-32.66294298984788, 0.6424532359814302, 1.1012813514846231, [0]
-34.27171801385174, 0.7227537228264587, 1.3330612894597245, [1]
-33.10995068183112, 0.6475306090420834, 1.148303380856686, [0]
-31.74263207804057, 0.6596495728624382, 0.7044772010373567, [0]
-32.667770753492, 0.346442966704425, 0.5383576159730133, [0]
-33.86044385546461, 0.637942533577573, 0.9951129534625114, [1]
-33.51966619027399, 0.5248356998739151, 1.2811460915421926, [1]
-33.387437831376985, 0.6420800806831233, 1.207720258814006, [0]
-32.2827446135733, 0.44464342666247014, 1.523094327228105, [0]
-32.31484426080043, 0.6111697988801132, 1.045938911001481, [1]
-35.507846886270165, 0.7461085898652262, 1.6272775548425857, [0]
-33.72456924120601, 0.5105081288859039, 1.1374006714685532, [1]
-32.79967570655767, 0.3368774295716233, 0.7596570528765898, [0]
-32.86367215210649, 0.7623424656573847, 1.2757022801499507, [0]
-32.56507262045407, 0.6934486358688652, 1.3813257125360638, [0]
-34.26001193220118, 0.6958601950157512, 1.0717406052256662, [1]
-32.840726427213475, 0.5849767695029636, 0.7176272761709144, [0]
-31.60576458459478, 0.7306093473891105, 0.9648704430741903, [0]
-33.808361121347936, 0.502974791370207, 0.7640029781318352, [0]
-32.02347905703409, 0.7051699422784733, 1.027965479017136, [0]
-32.953521509861794, 0.16401634444399654, 0.39355615437093266, [1]
-33.15707488937143, 0.4394251079905745, 0.8083649744249308, [0]
-33.64427371001351, 0.317413317876519, 1.060972921137034, [1]
-34.53771324317861, 0.6001707074855052, 1.0900821366140858, [0]
-32.371721541364536, 0.6163319650368482, 0.9978756354070726, [1]
-33.21956968563786, 0.7658817828796924, 1.1819458215096075, [0]
-31.300391006712665, 0.4253628842441456, 1.4058709807876002, [0]
-32.88920473130888, 0.9311821010051436, 0.9273854984526609, [0]
-32.82346583000106, 0.6100600157516536, 0.9985029492820356, [0]
-32.420151050780426, 0.6869395553437327, 0.5350832485834274, [1]
-32.28207315487602, 0.6089252998194647, 0.966236455063965, [0]
-32.274121623066385, 0.5217272272955279, 1.1425272496854648, [0]
-31.812550108242856, 0.5715192713660397, 1.2978328314392202, [0]
-33.76017476026275, 0.6404352428817903, 0.7112516484379827, [1]
-33.65754013693488, 0.577249789677584, 0.6709750890178683, [0]
-33.361627246659616, 0.7158505067079678, 1.7397244556422404, [0]
-33.311236544908326, 0.5447040533293641, 0.869912947530788, [0]
-30.822035405500444, 0.7583738852332675, 1.0503291616351482, [0]
-32.014089705237154, 0.4892401817839331, 0.306619711759874, [1]
-33.36615177449636, 0.6841265722591016, 0.959751761846962, [0]
-33.25311450633037, 0.7053966203992409, 0.22107745861567385, [1]
-32.44476649323698, 0.7436248441459772, 1.0058857640380525, [0]
-31.705008264137263, 0.6261026567086749, 1.5223590629070358, [1]
-31.92817842583522, 0.6241906725033862, 1.3555640618739253, [1]
-33.248591309486585, 0.7145021717633881, 1.2338934624890725, [0]
-32.39370474347082, 0.8415764055699867, 0.7632412800423078, [0]
-31.377680583587562, 0.5219078552259129, 1.2929811420892259, [1]
-33.00360448889882, 0.5853011568429167, 1.0645621767782603, [1]
-32.72917743611033, 0.7521932049701673, 0.7722680577379657, [0]
-32.91144369804208, 0.7974864074893407, 1.0891562093923244, [0]
-31.629180521320148, 0.38258344476972683, 0.8868880700201779, [0]
-33.734537425682895, 0.3266399855280414, 0.8927718702296861, [1]
-33.68965218077685, 0.5766065074238784, 1.2132243209288336, [0]
-33.928350218887914, 0.48585490706832074, 1.4028446234021577, [0]
-33.360202725207245, 0.8495345167593994, 0.9557031143565033, [0]
-31.012732770465014, 0.5952765925842771, 0.9524128392463793, [0]
-32.663675403350936, 0.42599991373033413, 0.8600385461628268, [1]
-32.38685851967881, 0.6121740174745279, 1.0319290889166217, [1]
-33.36433591990871, 0.5988284251830136, 0.998720271838301, [0]
-32.00520501294003, 0.7543935266934823, 0.7790425203454997, [1]
-32.63748136778962, 0.5873499379680495, 1.3108251157344832, [0]
-33.741185645360424, 0.6410565966607663, 0.6194954205735004, [0]
-32.968291373589395, 0.6532507531140246, 0.6429534395801543, [0]
-32.37210624883489, 0.6591944969569472, 1.2936872048427643, [1]
-33.65118664519505, 0.8802332853722389, 0.6344247338681046, [1]
-32.69426356872225, 0.5581734481667262, 1.3011547719522356, [0]
-32.237433768206365, 0.6799618941845185, 0.8139586305973492, [1]
-33.49098159788127, 0.6323145604790128, 1.0747162618185013, [1]
-31.75240340760602, 0.6557543033844178, 0.696241826148998, [0]
-32.200801724881266, 0.6976872873858591, 1.0126069217957456, [0]
-32.857221436586, 0.6653333440015454, 1.2987979235131388, [0]
-30.827048492880728, 0.7751010400109096, 1.4226703124236033, [1]
-33.54694602630984, 0.7804636291792821, 1.1019047926127568, [0]
-33.49321974298973, 0.514411811490423, 1.3419425479963925, [1]
-32.5604696749538, 0.559964858980998, 1.248744844223309, [1]
-33.161905212051494, 0.5692410825202507, 1.1232576589586971, [0]
-32.92509493207632, 0.612872690068676, 1.0809024636141702, [0]
-33.032436804837886, 0.5877656131286786, 1.2298720758312003, [1]
-33.91497407196154, 0.7623839210998317, 1.2337049180370714, [0]
-31.610357293754788, 0.7543011415127663, 0.9761400637845767, [0]
-33.53186126301262, 0.30783923003230707, 1.002382434445076, [1]
-30.845778773742076, 0.528596658572247, 1.565620610146634, [0]
-32.71210007568482, 0.6993196688343241, 0.43905915962172165, [0]
-33.62500088833321, 0.5955147961888663, 1.1667638492804533, [1]
-32.78319603044709, 0.5408911481298462, 0.8311281533703364, [0]
-34.68065887291276, 0.648116097449426, 1.3489315761863914, [1]
-32.35833119496842, 0.4379210548904924, 0.7500194694401786, [1]
-31.671345583312654, 0.7466135231499639, 0.738534020736865, [0]
-32.822978157916445, 0.38305382082324857, 0.9071382859151309, [1]
-32.953798010597666, 0.4611783860878608, 1.3063765296394951, [0]
-32.25019031928239, 0.5183713349025181, 1.0197696495517765, [1]
-33.58909138155753, 0.6259981437447162, 0.8921128929865796, [1]
-33.97475922949011, 0.5745607580855713, 1.1843389450567472, [1]
-32.09819334997676, 0.4900214920591385, 0.94795288450006, [0]
-34.1045405192402, 0.7473588507438222, 0.9052145068774543, [0]
-32.35709330918011, 0.729314622265825, 1.0204434246690193, [1]
-32.103010108724774, 0.6792498112751357, 1.201154139297023, [0]
-31.714371669655964, 0.45134020527429286, 0.9098682875625725, [0]
-32.43139129088815, 0.742536702302538, 1.3768247853209266, [0]
-34.6983819708554, 0.14590682749998862, 0.5159116780669721, [1]
-31.874496657295044, 0.5899733450141083, 1.4509931277397428, [0]
-32.58812871986396, 0.5083590414127903, 0.4665212823894094, [1]
-32.49203802165834, 0.6974422048884994, 1.0665506036846824, [0]
-31.519101827995993, 0.6388284597258629, 1.0349520520298445, [0]
-33.147487009787845, 0.46195501083335494, 0.7320492405150646, [0]
-31.805826910091834, 0.7676954064092218, 0.9913730202264821, [1]
-33.1677238608657, 0.9172586484512828, 0.6958249521074772, [1]
-33.81159320534108, 0.22847657504749125, 1.0372882136796324, [0]
-33.36077300475356, 0.7799117914168182, 1.344931613615163, [0]
-35.628667703956815, 0.3861333051073621, 1.1012411549954844, [0]
-33.758530875057346, 0.5886474890555806, 0.9848610649353673, [1]
-33.38211581516888, 0.49184375355622023, 0.4050994505051005, [0]
-33.872946163748296, 0.5611518150757837, 1.4654046632401865, [1]
-34.116384895855205, 0.5867434901534123, 0.6620734878658696, [1]
-32.53607143679196, 0.7552801519956589, 0.7144659840237139, [0]
-31.963173550322733, 0.6146522101464227, 0.8183685584169136, [0]
-32.86024573665813, 0.5215851272723461, 1.3632570147737098, [1]
-32.091430090429995, 0.678498412091959, 1.1043973277342842, [1]
-33.13419244324999, 0.5854704195624832, 1.5507229368315916, [1]
-33.37152200456896, 0.4672683713622427, 1.10128438117078, [1]
-32.58511323865045, 0.4921120699625259, 1.6418583686186379, [1]
-33.359236773149306, 0.723869938544864, 0.6287235315175348, [0]
-33.11905788648794, 0.551561203685949, 1.7136978681078667, [1]
-32.82670482464081, 0.6551206658630816, 0.774720371691394, [0]
-33.688361427395606, 0.7426116121140058, 0.8497357763686172, [1]
-33.95033150535044, 0.7323205087067512, 1.1704049730873434, [1]
-32.753681397082076, 0.5524445859492213, 0.8836785292908764, [0]
-32.884542471722476, 0.6121327825564935, 1.122188462873985, [0]
-33.10390661235296, 0.5959049268363221, 1.3081159429363542, [0]
-32.07108233235301, 0.6501369830977511, 1.4205364506361295, [1]
-31.03780115860299, 0.6512330697013758, 0.734811231923598, [1]
-32.75149028318809, 0.6473211246964382, 1.3844088535275685, [1]
-32.6356042294897, 0.6633864666219851, 0.8912045032161111, [1]
-32.62789493220065, 0.40950529524782225, 0.4464116050577655, [0]
-32.20396824806274, 0.6205301939791843, 0.9733559168228549, [1]
-33.34389547863459, 0.5073289073048795, 1.0112602257739771, [1]
-32.456408540819396, 0.42181473581798823, 1.3917474205158349, [1]
-34.11415585332308, 0.8131122120889825, 1.0161850687694338, [1]
-31.808252868517076, 0.510248308369722, 0.980001204363265, [1]
-32.75034503215743, 0.5261636271976367, 1.1908521388025737, [1]
-32.71778229892428, 0.5618676903976109, 1.194989671727429, [0]
-32.47400609900552, 0.5446709900621709, 0.9293623138705206, [1]
-31.98121116736504, 0.5022905722832406, 1.2218596287161765, [1]
-33.1139102613789, 0.30646947957906945, 0.8155797760321235, [0]
-33.40130225155974, 0.9603742948903655, 0.6408076513531139, [1]
-32.86324031865726, 0.1616433686063692, 0.6029423644893418, [0]
-31.946657481778903, 0.6140292087531711, 0.8568151142171947, [0]
-33.09106114110015, 0.7967435330233597, -0.17706113577186802, [1]
-33.523353324136245, 0.8299252397013391, 1.1847955003034114, [0]
-32.49992266965772, 0.4707004236373058, 1.2268173992712035, [0]
-34.50015701358188, 0.6479182772136072, 1.1859900925154259, [1]
-33.87272436582249, 0.7453376968722369, 1.4716943325716556, [1]
-33.30306208293812, 0.6084256758786974, 1.1970204992097022, [1]
-32.181513519676734, 0.5749883028097769, 1.5325209094374133, [0]
-32.01716467485065, 0.6223471584342669, 0.8445386831551194, [0]
-33.58862202861384, 0.6713629358475377, 0.9260725326148515, [0]
-31.425057948806764, 0.4432611181233007, 0.4799871633508972, [1]
-33.40129996623231, 0.47106218686299867, 1.1393619960176893, [1]
-32.95798832933062, 0.7911770608481592, 1.0522048212965391, [0]
-33.177815874161155, 0.8065879495743836, 0.7961649749948062, [0]
-32.75261869897382, 0.8595479048910964, 0.9727956307754411, [1]
-32.74388823054601, 0.6852092612278221, 1.3004200597147166, [0]
-32.63168332268375, 0.6561124479713212, 1.1408414204657529, [1]
-35.27091836260571, 0.5007219884675598, 1.1847176796120489, [0]
-32.26315863295089, 0.7532536348408035, 1.0518507752624406, [1]
-33.84885541142119, 0.9980877187927111, 0.9053245591457559, [1]
-34.659376759673634, 0.6634575513986256, 1.2790778828671674, [0]
-32.96647603030591, 0.667150308946589, 1.3817148285167342, [0]
-33.34062069765787, 0.7756376715035661, 0.04185594216961983, [1]
-31.87111488167725, 0.5063900273941425, 1.00765649915345, [1]
-32.43674449917107, 0.5474006189988527, 0.9006428316349617, [1]
-32.32431609897822, 0.49478996683666, 1.2248599446635602, [1]
-33.66325893617527, 0.47604042290522575, 1.086515127597448, [0]
-32.22059820354538, 0.5658109186032165, 0.5798444316483402, [1]
-32.33941776584837, 0.771176406348458, 0.929127865366307, [1]
-32.99554843679599, 0.6444200555987152, 0.9754302215461907, [1]
-33.15983004008617, 0.4460073681527952, 1.0289548000550774, [0]
-31.942679370497657, 0.6810205446184395, 1.4700716464618384, [0]
-33.68076529660611, 0.6151539837536172, 1.3269473572334354, [0]
-33.06961222824818, 0.8933716409143442, 0.8608615427483968, [1]
-33.740345996458345, 0.8704205216738654, 0.9896626941321394, [1]
-31.860880356832155, 0.5069726662115037, 1.252791049263764, [0]
-32.99994731436697, 0.8174069134559439, 0.8415144556682255, [0]
-33.308063011712385, 0.6728828685084142, 1.0355839926491688, [0]
-33.317795886190666, 0.5304732628177355, 1.2657445084854733, [1]
-32.85260838229162, 0.6796794588229099, 1.2388962702526598, [0]
-32.92281260891952, 0.6738122385475234, 0.7628102096403764, [0]
-31.92833523617553, 0.7228504740443438, 1.0313300560441165, [1]
-32.880761850767854, 0.41963241261518847, 1.100517867305965, [1]
-32.28011639123889, 0.40583261551325767, 0.9945277178920177, [0]
-33.41148783847475, 0.15815710661538213, 0.3042793257690116, [0]
-31.485926379330515, 0.5777397340031721, 1.482004493588767, [0]
-32.17222245997905, 0.5925252413245299, 0.9090280736000129, [1]
-30.97198507188035, 0.7766053309749569, 0.9390383934134268, [0]
-35.6867753944032, 0.7874418419479555, 1.1793920747786575, [1]
-33.169096653693096, 0.6277162524138596, 1.1715953274152582, [0]
-34.09992202464658, 0.5249700410869101, 0.6075930059309067, [1]
-33.13600968481467, 0.5958894043762537, 1.4751498257257085, [1]
-33.31530628879424, 0.4229558096636315, 1.0370684546171267, [0]
-32.01894923776747, 0.6927471664171824, 0.860342613757422, [0]
-33.408607927467855, 0.5752429806306335, 1.4328827694195385, [0]
-32.5352582689301, 0.6546476928771296, 1.1161826652482325, [0]
-34.201695628109285, 0.6203746651568336, 0.8682706105069019, [1]
-33.21206025399782, 0.8125841444029531, 0.9494012320641492, [0]
-32.887919275578284, 0.6003888410447615, 1.7759182119424373, [1]
-34.133688615348426, 0.39427843123695194, 0.7989669218766657, [0]
-32.796347127748575, 0.794019766410245, 0.9153345644836473, [0]
-32.68163594363536, 0.7215199473201624, 1.4000774331958854, [1]
-31.003491002294133, 0.6543096795672975, 1.2914231260777886, [1]
-32.29145415005254, 0.3923734040896735, 1.0467225395205664, [1]
-34.671438643857385, 0.45659009265491735, 1.1990380407059322, [1]
-31.994670662379246, 0.8498465773034412, 0.8730690416628638, [0]
-32.20375353075587, 0.6092231232736022, 1.3018681183001717, [1]
-34.02293133650996, 0.722570025317297, 0.6650231411522494, [1]
-31.606855705043063, 0.5473134640297854, 1.1224722238557094, [0]
-33.686153926261404, 0.6669180671065067, 1.2846807013085793, [0]
-33.82021397741865, 0.6399394466650521, 1.4014849015851185, [0]
-32.68512725202965, 0.3611010609142207, 1.1080657558733835, [1]
-31.91807569303098, 0.7825474152938238, 0.7661568933218109, [1]
-34.22341476144092, 0.7142707287896188, 0.8368318624250716, [0]
-31.66937099740834, 0.691924204404889, 1.5204398422363743, [0]
-31.952743009147714, 0.6841740343241293, 0.1030390302521938, [1]
-33.37195633306731, 0.6127716668286647, 1.4363381982457015, [0]
-31.810903766987163, 0.4743164156597857, 0.9979368794043919, [1]
-34.74198382043316, 0.6355414666621886, 1.1449759049699455, [0]
-32.079354208581485, 0.8447357695384485, 0.5266208718023844, [0]
-32.20489140336446, 0.4894711839518768, 1.1203862552482544, [1]
-32.147004005382314, 0.5963220363796555, 1.5064021004604213, [1]
-32.739019025389695, 0.858536249592513, 1.219037358091893, [0]
-32.367904386747746, 0.7379697792264384, 0.9913033724779948, [1]
-32.56461589227853, 0.8012978099515297, 1.0356637423508095, [1]
-33.720870767864035, 0.4298201681751864, 1.098359705853378, [0]
-31.997082394135962, 0.3431383701942407, 1.1233381675625553, [0]
-31.887887768370437, 0.49295345003399255, 1.0929172617451732, [0]
-32.460371182683964, 0.49773538048152255, 0.8428331339463857, [1]
-32.60931328806141, 0.6576208551117636, 1.205728553814206, [0]
-32.88770765217747, 0.9766311839348212, 0.9434331603631978, [0]
-34.085091760397155, 0.7761083594987769, 1.1450050490526542, [0]
-33.48687468568928, 0.4752580412284387, 1.1824661312713802, [0]
-32.59918432562401, 0.47450474840754264, 1.2499292250863097, [1]
-31.89953456645456, 0.6619793809813882, 0.3927607316245992, [0]
-32.65130735878138, 0.6200306504668595, 0.7219769709720302, [1]
-34.69704806609623, 0.5214783550558248, 0.6539573006436308, [1]
-34.67566600676236, 0.4967630396173085, 0.7638825378375292, [0]
-33.51029197653034, 0.5735075592948627, 1.2042704529798884, [1]
-32.67938034455228, 0.4192967370543278, 0.8044281076155804, [0]
-31.895951301793374, 0.4047410868520687, 0.9112412077911144, [1]
-31.299486892595706, 0.6493561936881767, 1.22695816236425, [1]
-33.26964046804841, 0.6072918915287389, 1.2460648022501004, [1]
-34.003299588404126, 0.5953179354270349, 0.9248637531264823, [1]
-32.07089674736502, 0.5159757311466895, 1.1544684813858719, [1]
-33.769228215656604, 0.7909800949708907, 0.9343060099128327, [1]
-32.873551155835884, 0.8230472485656448, 1.0011115329382803, [0]
-32.52287357553701, 0.8629972574923096, 1.069997983761338, [1]
-33.57863303725032, 0.8179821934634105, 0.8696745787199076, [0]
-32.34101204366769, 0.6715829632341057, 1.3986512562460904, [0]
-32.86635675539017, 0.560437993022412, 1.2075530972466946, [0]
-33.36969523195977, 0.5749125907276079, 0.8900769813986882, [1]
-34.11073263651377, 0.5785775086905379, 1.2453677790864393, [1]
-30.88378646664612, 0.42746380620498275, 0.941219877290059, [1]
-32.53058237099449, 0.32938453526931166, 0.7884789405153452, [1]
-31.867331049904877, 0.7856017731611845, 1.2567703063390254, [1]
-34.03191253507153, 0.7563204427517765, 0.7413257329125358, [0]
-32.316323222368105, 0.3196624986828789, 0.2539975943366378, [0]
-33.40432975718945, 0.6796198419416869, 1.2144253606834696, [1]
-32.87698034306882, 0.7192339102558906, 1.1937402479857173, [1]
-33.70474217401224, 0.5988796301086541, 1.226251064700388, [1]
-32.35462104980642, 0.421564849971073, 1.3353006376441134, [0]
-32.66301096770476, 0.4632179862730861, 0.9680291143654282, [0]
-32.25569368959703, 0.4709853387002782, 0.621862673551646, [1]
-33.30847130781731, 0.5911946760268708, 1.334311095572992, [1]
-31.96110302701981, 0.4743937776958799, 0.8766636409510871, [1]
-32.25938347699399, 0.5863241392686529, 1.5681171579827364, [0]
-32.871872640815525, 1.1057276118294683, 0.9096951682200244, [1]
-31.975217370427483, 0.6496247264033586, 1.1146534353640407, [0]
-33.05353141179679, 0.5306761795931118, 0.8868085618174233, [1]
-32.46042614250705, 0.7077847559660522, 0.8855023472574006, [0]
-34.65675100717505, 0.5683427555782723, 0.6760189863824339, [0]
-32.4484067476184, 0.8813332221614272, 0.8733517432216648, [1]
-33.554594311354954, 0.6734091159941573, 0.6800328340077615, [0]
-34.073806654918066, 0.5093093645544637, 0.8795271219341991, [0]
-32.485130461620244, 0.5827478670874661, 0.7825029195614253, [1]
-33.0506565989389, 0.7315334819541159, 1.004703181779414, [1]
-33.49759110457098, 0.6567331924928914, 1.1457168769422656, [1]
-32.15422071559435, 0.5517798689444862, 1.3394567733528733, [0]
-32.82208691810785, 0.6489133213444647, 1.0801962974059236, [1]
-33.6682536955402, 0.5466757946287247, 1.3027616211460193, [1]
-32.132942702115876, 0.4733508596075003, 0.8030261623840336, [1]
-31.844987501963995, 0.7665442305215524, 1.2021898675749838, [0]
-32.68950909937934, 0.8179561338963733, 1.0723622294247601, [0]
-32.778984828049545, 0.593934573218335, 1.1589112594873607, [1]
-34.102480642809056, 0.629063716284336, 1.395111533320233, [1]
-33.482625554856135, 0.6019461850987504, 0.5107416349712633, [1]
-32.331850336121434, 0.46192844595149013, 0.760984039457216, [1]
-32.65553864378526, 0.6785570034013404, 1.3910615911150988, [1]
-32.26198311190484, 0.4640510195824502, 1.4499921719104893, [1]
-31.88452024160222, 0.5163636316532382, 0.7093258055077043, [0]
-33.32482479491882, 0.9988547969061515, 0.682658066652559, [1]
-32.762503298666886, 0.25141371951232155, 0.9963205504029033, [0]
-32.30565777404892, 0.59959213901928, 0.918247883828206, [0]
-32.47553838440127, 0.5526624265315524, 0.7903042827580465, [0]
-33.17594553037981, 0.4939828664153724, 1.241110323911086, [1]
-32.239312405410296, 0.7400434943635893, 1.4047885661255943, [1]
-31.849294080534104, 0.6986261581856248, 1.1150823272035104, [0]
-31.932626156712278, 0.8111191850750048, 0.7056152643320224, [1]
-34.588069604142085, 0.7648872433081408, 0.4957391709867842, [1]
-32.45140851474201, 0.5188104280734716, 0.6578098012202366, [1]
-32.591978311907994, 0.49512397740219755, 1.1678797935336764, [1]
-32.57835269870873, 0.4527660475557454, 0.7192786045522834, [0]
-33.139862205106084, 0.5337430022166801, 1.1728567021828946, [1]
-32.1716612092207, 0.46110257056080994, 0.865657370186704, [0]
-32.31080393324374, 0.6923048119565894, 1.04279519723604, [0]
-33.97280684267593, 0.6352979036078856, 1.0147655023632798, [0]
-32.486673245329925, 0.47557289097760136, 0.7391672255690026, [1]
-32.93379402205184, 0.5414933736729387, 0.5262017748257568, [1]
-34.425954626410324, 0.6274516632295535, 1.0124173832600367, [0]
-32.668764625939716, 0.6804441615272897, 1.1081878337382531, [0]
-33.26349061940816, 0.5696994778631104, 0.9959267237208853, [0]
-34.54291454632153, 0.794537839521433, 1.1805748718753524, [0]
-32.69958945434101, 0.5723927068143824, 1.3626982524872449, [0]
-32.30727120179953, 0.8533864954845756, 1.4356952500752134, [1]
-34.816123093063354, 0.6526818126601812, 1.220053128081171, [1]
-32.70123849907872, 0.6539497265578528, 1.4263288152861584, [0]
-32.55709102389386, 0.7210136343305895, 0.982533678652221, [1]
-33.06801371982869, 0.5243104788023225, 1.0677718259985929, [1]
-31.365050673570437, 0.7095682613314965, 1.0903176663730614, [1]
-31.489241423073395, 0.6527193011438437, 1.1000820033033862, [0]
-34.063478010394874, 0.5502781753747391, 0.9019272725092647, [0]
-32.834867808314726, 0.6595920862847076, 0.9853535552101149, [1]
-32.64179654846684, 0.3187341939417161, 1.4537748265490922, [1]
-32.535598575720726, 0.6245726053101182, 0.6997179757437213, [0]
-33.10709619012012, 0.7476320642282003, 1.1878130005995686, [1]
-32.44471099265302, 0.8732975349792791, 1.1324748472676194, [1]
-34.512722021791454, 0.5396329467978801, 1.1748655063068567, [1]
-33.2166383122756, 0.5390154374011369, 0.713119093126886, [1]
-31.872325854651336, 0.5112184323848608, 1.0414836966938066, [0]
-33.191609472442295, 0.7975718459255823, 1.3904079346684395, [0]
-33.35217530968965, 0.8142793695666306, 0.9600007317087921, [1]
-34.10190903963021, 0.6777619125878127, 1.0556707555757219, [1]
-32.05661470118705, 0.6784797289703614, 0.9960177909443121, [0]
-32.74495260689132, 0.6216934091149207, 1.5813245556413513, [0]
-34.29308101851956, 0.6721290702433811, 0.7466818542656186, [0]
-32.251675869791654, 0.5992738011220576, 0.834207952512408, [0]
-31.62077082073785, 0.6527838769306177, 1.589261889259983, [1]
-34.16285075068725, 0.6412583659320402, 0.6512074089436529, [1]
-32.97601235989662, 0.7069444844397793, 0.8201316183729407, [1]
-34.42975595834209, 0.5259250478196574, 0.1670841104208898, [1]
-33.10767736040115, 0.5620641100422401, 0.8489334956255585, [1]
-32.012795337415305, 0.44682288562788003, 0.5742845763084058, [1]
-32.54201992788475, 0.7432072853230085, 1.253002400746435, [0]
-32.81051955029959, 0.5882667774365358, 1.13579554102632, [1]
-32.629111225562895, 0.6154666877682943, 1.013246650968596, [0]
-32.08230698801272, 0.2623281033497662, 0.7297610109328445, [1]
-31.450687572907622, 0.5276606041001976, 1.0100307491272562, [0]
-31.428364602480706, 0.6212451693721095, 0.8840975232646116, [0]
-32.81527421349111, 0.5385514314857782, 1.127856297444903, [1]
-32.10453970738461, 0.5657036257497046, 0.9833609799488393, [1]
-32.126401913498746, 0.5943196174596791, 1.0320879000025063, [0]
-32.65423614348613, 0.5065734183227707, 1.339842005023136, [1]
-32.95998400097442, 0.6942427444978477, 0.5865404571710622, [1]
-32.69588332641963, 0.6265204285673488, 0.7815443163646105, [0]
-31.139797208068366, 0.6449483135402758, 0.8922689393099671, [1]
-32.13915808229116, 0.6956800217198235, 1.0612225229910892, [0]
-31.527636589061682, 0.7744952131471172, 1.4513538828927104, [1]
-32.344064887799, 0.6762513734857387, 1.2755175248390018, [0]
-32.7435678421507, 0.6211818668589214, 1.091499732098474, [1]
-33.13276607652532, 0.6684370998005144, 1.0153781867913336, [0]
-32.63752339016631, 1.0502098901352785, 0.8931361415097786, [0]
-32.19724118729913, 0.6819324163517344, 1.2430732157636435, [0]
-32.483758540954554, 0.6161644046841244, 0.9146384831124784, [1]
-32.301322675563945, 0.7742891293062634, 1.0506557843123476, [0]
-33.80921854979646, 0.7139157014840727, 0.3356783147762191, [0]
-32.13140160608031, 0.7036458890902659, 0.9695469542152569, [0]
-31.03810541183201, 0.6977434166448709, 0.9318279100565181, [1]
-32.739342289366704, 0.5816638536302846, 1.3962882684315163, [1]
-32.70793560070861, 0.3801529174294313, 0.9612719630906135, [0]
-34.44034158325534, 0.6551291212580271, 1.2797632377630146, [0]
-32.76410126877751, 0.8203129438517451, 1.1285245861003428, [1]
-34.68365980964392, 0.4378410066851, 0.8419593722778866, [0]
-32.07093761809777, 0.5485128154201186, 0.7879292774280585, [1]
-32.48820025857756, 0.9273342252371486, 0.991477660866701, [1]
-31.51597455787234, 0.5192440811780787, 0.8392001120427395, [0]
-30.876216589726237, 0.6436882389299363, 1.273530377956043, [1]
-32.620655260485414, 0.5555798094472786, 0.9891829561899024, [1]
-32.827470660640614, 0.529359695663313, 0.8140327099986406, [1]
-32.806517987196386, 0.5386668206949714, 0.9608965942005321, [1]
-32.37387120101458, 0.6426190851923116, 0.5283144946744528, [0]
-33.707697167181024, 0.7100101819499519, 1.0986614200252562, [0]
-32.25900233461348, 0.7209386154871225, 1.0241622841097147, [0]
-32.76157613195427, 0.5338133445862348, 1.1215259001150264, [1]
-32.715089864423845, 0.7863984854025983, 1.0904652444957483, [0]
-33.347824734611706, 0.463273806094882, 0.746465068562991, [1]
-32.94031870959433, 0.5894201026817691, 1.0121863988456772, [1]
-32.433982705975026, 0.47581769654340256, 0.8081962388918688, [0]
-31.60748539475984, 0.5283648647123736, 0.9976803864852415, [1]
-32.17209925879965, 0.5482953160802403, 1.0054211436908769, [0]
-33.844162773110895, 0.6421054375761431, 1.2429709388158434, [1]
-31.871165683862685, 0.6186401480515393, 0.917762556137909, [1]
-32.61207614285967, 0.7062768076746992, 1.600432325720117, [1]
-31.531664777466567, 0.4819166653436934, 1.461317246036728, [1]
-32.435390199083905, 0.6780983768844447, 1.0208753137210702, [0]
-35.63031275069329, 0.4822237378593927, 0.8527901143420272, [0]
-31.41987361615469, 0.6884038051365343, 0.7352257181247878, [0]
-32.873394935228184, 0.6514782768982552, 1.1225733341502442, [1]
-33.64759346762657, 0.6552984831758571, 0.959049787063444, [0]
-33.44854040003651, 0.672028447759977, 1.1362645616504148, [0]
-33.17589772072073, 0.572048241025238, 0.8041299097663441, [0]
-34.121546270481474, 0.5416071570116068, 0.9687173291381721, [0]
-32.57662807656655, 0.6178042617018754, 0.9821907217440909, [1]
-33.404809054730435, 0.6385837370049456, 1.169573659785157, [1]
-32.22517190686787, 0.3977138344459693, 0.7778142844287397, [1]
-33.25231439188718, 0.469199718831109, 1.430277935896463, [1]
-35.037008499386886, 0.6754870882180608, 1.6247013078114052, [0]
-34.703677563108094, 0.5306533882160079, 1.447681087401548, [1]
-32.93923136197269, 0.8664554516283115, 0.7026087007726504, [0]
-32.96799884999757, 0.6504962497315656, 1.540430679293873, [0]
-32.07766752647074, 0.6162582352025585, 1.0045860390318746, [1]
-33.86521797896544, 0.6249819289019882, 0.3030023605478529, [1]
-32.61769735522423, 0.6375513536657187, 1.0466981122449832, [1]
-32.47824815872837, 0.4995669319135036, 0.9061484996860852, [1]
-32.18800675234625, 0.515514242004326, 0.9858787795934916, [0]
-33.840789983053114, 0.5498861195830438, 1.0517528428015206, [0]
-32.98375439618677, 0.5616798309171354, 0.9370752213424749, [1]
-33.398799315556154, 0.5116562872080773, 1.178272433419658, [0]
-32.2305076346322, 0.49760176398733114, 0.9743544595599745, [0]
-31.504746169733895, 0.6394695553783868, 0.4040824010468162, [1]
-32.396255395849785, 0.8197052587009839, 1.2792553271332021, [1]
-34.36087041378456, 0.7831038898240703, 1.4295903211851497, [0]
-32.50166411394727, 0.3357669011021845, 0.6069498089045714, [0]
-31.749282557560093, 0.942308328862715, 1.159978060959416, [0]
-33.905703039702665, 0.5626664677428057, 1.2705089433205488, [0]
-32.32736753286658, 0.4534660130770054, 0.7897875557823206, [1]
-33.210671771597475, 0.6031755437921653, 1.0608258662495493, [0]
-32.620182985044785, 0.8261543044598361, 0.8938481287975188, [0]
-33.49522881742741, 0.6284280804715089, 1.3342198397742957, [1]
-33.65333824267, 0.6577731898718872, 1.6083285561374243, [0]
-31.613210904286305, 0.6854615771674878, 1.0505205948289054, [0]
-32.34367287635777, 0.7229414440975718, 0.7400153396571896, [1]
-33.258834981037666, 0.6198209105632284, 1.3544361868967014, [1]
-33.11972204910271, 0.6123515581533946, 1.253923695932229, [1]
-32.96176622084412, 0.6808625171807875, 1.15354628135578, [0]
-33.71525726694825, 0.39104415711073504, 1.0842113193301666, [1]
-31.889184181010776, 0.6013870427755688, 0.8481180249162831, [1]
-32.90612788282782, 0.400123678357358, 1.0557446471978706, [1]
-33.40607324587143, 0.5970725618632716, 1.2217969915935325, [1]
-32.79587395626812, 0.707869649997637, 0.8646174980585977, [0]
-33.51662718321877, 0.2912256803089991, 0.7279551138828728, [0]
-33.05959105726058, 0.5957088603352452, 0.4781078829854315, [0]
-32.65480402731663, 0.3366830272860624, 0.38000651695923415, [0]
-33.177725776420644, 0.5228156217828122, 0.9087802345662299, [1]
-33.22790517897794, 0.7635757631172715, 1.012879108929195, [0]
-33.93703222866272, 0.6851392058680202, 1.072147019527776, [1]
-32.16333401711201, 0.7173541815302116, 1.1040365750888657, [1]
-34.51287452859057, 0.967787974825427, 1.019582207302721, [1]
-31.973297236494627, 1.0268332135757103, 1.0556360349271698, [0]
-32.022150956178066, 0.5047412723993707, 0.8152077584296578, [0]
-32.432670847471556, 0.6426160029902809, 0.932743686084137, [1]
-32.15559496900043, 0.26185123292167733, 0.9135975624376766, [0]
-32.554357825628365, 0.647000873297985, 1.2109671790119236, [1]
-31.97668836081436, 0.7080869071464597, 1.0884671841196032, [1]
-32.0030399399409, 0.8223561373490134, 1.1118114912729358, [1]
-32.31729563389588, 0.4766115530848639, 1.1620375049579779, [0]
-33.466311376623864, 0.6974981515910716, 0.7510467152854143, [1]
-31.604683752941014, 0.7145966400095513, 1.1620356337030433, [0]
-33.76587499172292, 0.53391629987262, 1.2168802097175504, [0]
-34.49371349232937, 0.5950848895112872, 0.6910559995209267, [0]
-33.962232741622415, 0.5941964888142518, 0.7849078571358776, [1]
-33.718711875802484, 0.49138421135198496, 0.6925814601883266, [0]
-32.3507394230381, 0.5263356210945346, 1.1362577204180295, [1]
-32.21688248258312, 0.7746820901764175, 0.9142821076154828, [1]
-34.54646476273153, 0.5871124909304807, 0.976680148268289, [1]
-33.96784115238661, 0.5650716224438138, 1.1753214165958175, [0]
-33.218598211905274, 0.483556792065524, 1.1717547754194633, [0]
-32.76178777639074, 0.3596215310223209, 0.8110472053517451, [0]
-32.81234863993674, 0.7831321677575187, 0.8897950456563828, [1]
-32.24787536488576, 0.5334199575364273, 1.1322111766165388, [0]
-33.11986377443543, 0.7130717161874366, 0.898811327613356, [0]
-33.21509372824498, 0.49053524696495887, 1.012828542046922, [1]
-32.431695830839374, 0.6318109350281426, 0.13172902574677847, [1]
-32.03249926944375, 0.5538880577953631, 0.6163585543217012, [0]
-32.69088427354825, 0.9061477481542759, 1.0947919742656154, [1]
-32.35078969053737, 0.5408032483210925, 1.348139374876035, [1]
-32.98428050039112, 0.4107749801918909, 0.6020189266575585, [0]
-31.2773333373794, 0.6101299748806781, 0.782628680580285, [1]
-33.35317370616554, 0.5930575125160705, 0.8344613884976007, [0]
-33.19571778502983, 0.7234595632745147, 0.9043160244291049, [0]
-34.74298458273495, 0.51263539464471, 0.6487333315146777, [1]
-31.591428793610223, 0.5371707768086196, 1.120402443548598, [1]
-33.610332365657875, 0.6622782814127598, 1.4099667952973405, [0]
-34.824865845355056, 0.6463611945926047, 1.2941196634186996, [0]
-34.06797831174892, 0.6866448815777022, 0.608777747773618, [1]
-33.28964793124807, 0.4900156853982088, 1.5034597726646581, [1]
-34.0304412971077, 0.31187754338683565, 0.6064366821567302, [0]
-33.72870188632559, 0.9050150514364035, 0.9384443582401046, [0]
-33.59099630769196, 0.5226260168726242, 1.7712334744942995, [0]
-32.907316803378116, 0.5951692284775284, 0.8058132380824168, [1]
-32.67370666989726, 0.6104282305030398, 0.8720416589123042, [1]
-32.704947809932314, 0.6168605982752118, 1.0597574322437397, [1]
-32.71966323242248, 0.7575960331622955, 0.5885315390849628, [0]
-31.558409877034713, 0.8037423530487999, 0.7190576910950479, [0]
-32.88421439250812, 0.7427654248137041, 0.9986781486543559, [0]
-32.98497993053672, 0.6202520518594037, 1.0644165473626694, [0]
-32.88364179601757, 0.6808014701257139, 1.554558309504555, [0]
-31.987296957336856, 0.6112308120128114, 1.138492545007767, [0]
-34.594576009139445, 0.49165937720073943, 0.9245424510036135, [0]
-32.71924075513362, 0.641718400309908, 1.0454775936376317, [1]
-31.567162939589533, 0.6700361467468751, 0.9345899432126072, [1]
-32.89753857197557, 0.8868851444914747, 1.221300529452615, [1]
-32.446988034825566, 0.8100869337748704, 0.5667969533481908, [0]
-32.27075220469437, 0.6549393255377863, 0.8898338814928347, [0]
-32.25234967281358, 0.6110177862302619, 1.2467204568386054, [1]
-31.915517509611878, 0.7537123013503129, 0.49969190039689837, [1]
-32.94560279798931, 0.48115231645622725, 0.6003286150924303, [1]
-32.80008755490436, 0.6938307096861951, 0.5947843881403605, [0]
-32.66569294474308, 0.8606919599898952, 1.1275597433182813, [1]
-32.096390807689325, 0.6738317318332623, 1.0365722556822723, [1]
-32.78292132612202, 0.5397712476972567, 0.9250396942195875, [1]
-34.397167867148426, 0.4466840599012631, 1.4129362822203109, [1]
-31.687884388052197, 0.3654262721487147, 0.9752152747733682, [1]
-33.514624531010966, 0.3301017257942963, 0.9146635320458598, [0]
-32.12366020135237, 0.766485128616088, 0.7302273681001091, [0]
-32.323115914575176, 0.73113508819537, 1.3505185347277493, [0]
-32.83300198350179, 0.7374759503620189, 0.8682990483828539, [1]
-34.09424761992442, 0.5801346886057689, 0.6374674986847343, [0]
-32.397907454441444, 0.5326238445086083, 1.0138216238787507, [0]
-33.24706048220586, 0.36695488243969265, 1.0024401464772525, [1]
-33.43575360224547, 0.372608959938744, 1.4252312880166946, [0]
-33.552091027047744, 0.8351414329027524, 0.8160291583842657, [1]
-31.549646463544697, 0.6916225304172305, 0.2398839759880994, [1]
-31.983161544926244, 0.5965068676581342, 0.7497217335269177, [1]
-34.01405559323634, 0.786601491758664, 1.2132459381272214, [0]
-32.55669820715494, 0.6926021192841181, 1.1978607108311645, [0]
-33.00132480169023, 0.7894556561073163, 0.9877645252961285, [1]
-32.32375074946411, 0.785495496709941, 0.766049895157358, [1]
-32.68404042868154, 0.624267158138055, 0.9913564325110996, [0]
-31.97612779771643, 0.6159349555704821, 0.7547558128042484, [0]
-34.69378978677874, 0.5889057243132844, 1.3226965428771678, [1]
-32.740516804319874, 0.703521793518954, 1.165885060188033, [1]
-32.50956989255352, 0.7203543959125293, 0.5978352317376627, [1]
-34.09582268598318, 0.4642976858474384, 0.9923572846631987, [1]
-32.46799339148229, 0.5436427328786875, 0.9717068106766076, [1]
-32.19344820378326, 0.7881375939662574, 0.9484468829551598, [0]
-33.83471466364523, 0.8465432938674027, 1.0201504410055378, [1]
-33.827206340429925, 0.508265632009198, 0.9290643864649513, [0]
-32.91216384099065, 0.6356467980427277, 1.1965975360342878, [1]
-32.81983129648197, 0.7070645169389862, 1.7195759763999927, [1]
-33.90065333489308, 0.5873675723947348, 0.9915740665778312, [1]
-32.48032485114411, 0.6657102468001602, 1.4866195503823623, [0]
-33.221783251340426, 0.8342063634313024, 1.135574661342229, [1]
-33.653663197724185, 0.43207099167360064, 1.049921207233021, [0]
-33.16808149690015, 0.5842633602458288, 1.0788676286363086, [0]
-31.505222901968143, 0.5184080648574645, 1.369039240716861, [0]
-34.659683866561686, 0.7658258627542001, 0.873755370818809, [0]
-31.954491672948965, 0.38788177364238463, 1.474931974108006, [1]
-32.6043388204492, 0.715237650167188, 0.9763269367906229, [1]
-33.57587782485674, 0.45758515102326125, 0.9897012141971469, [0]
-33.7433287728827, 0.6077698615293026, 0.5623733126200547, [1]
-34.50679873362157, 0.36097804580367443, 0.8615457416703474, [1]
-33.06369455130551, 0.4200604029048445, 0.7442672026306443, [1]
-33.977793590209544, 0.33871944373157303, 0.9784511435589405, [1]
-32.906980571194694, 0.6041696112793691, 1.3303707351024725, [1]
-33.58263818455001, 0.5959209357368856, 0.7253440971088483, [0]
-33.358042764998594, 0.3629602522962722, 0.796726471084058, [0]
-32.73607665328729, 0.7434978105647638, 0.9583584332347211, [1]
-32.13743507672812, 0.7408771039235089, 0.9595669559207985, [1]
-33.78691431993977, 0.6292066907790065, 0.46236559656933707, [0]
-33.72188549471197, 0.5602316978031504, 1.3479187887791115, [1]
-33.44513286822369, 0.8497532835478413, 0.19874633463687255, [1]
-32.955759927826925, 0.528685842503751, 0.9370626747961399, [0]
-34.86605813091114, 0.6625874119857171, 1.359587155640579, [1]
-32.24233398855419, 0.37196177045220485, 1.0684479856864095, [0]
-32.3953508381116, 0.6423766130238266, 0.5594428459675329, [0]
-33.025749273466324, 0.7558194454197131, 1.3067492062366013, [1]
-32.81721665667598, 0.6180906752412124, 1.651834761476092, [1]
-33.31214912766862, 0.4787516005025656, 1.0711583929751893, [1]
-31.470212346738585, 0.5519088847018352, 0.8156756302297821, [1]
-31.98665944078028, 0.9328164998200237, 0.7936591855511603, [1]
-33.236952982867315, 0.8874989493660181, 0.9767877488534525, [0]
-31.599000768724892, 0.6863456178087735, 0.4181505840134523, [0]
-32.94377587331553, 0.7742001701054069, 1.1623750379395594, [1]
-33.29076323801697, 0.7603504818175487, 1.493166316448311, [1]
-32.61579072798316, 0.577515690234414, 1.1306933469261504, [1]
-32.73646166273447, 0.49836639722565845, 0.9722090741562108, [1]
-32.9096757710266, 0.5861280882368959, 1.0542119766659277, [0]
-33.67558061606406, 0.6876136134862842, 0.8481135372197603, [0]
-32.64497220429643, 0.6743492145248289, 1.102930600538858, [1]
-32.73207461288939, 0.7787204844556139, 1.3565437183326199, [0]
-33.02386920556961, 0.5491899810991564, 1.2651225518917035, [1]
-32.26803123110858, 0.497136704025103, 1.0690072994278434, [0]
-33.7806653268193, 0.490288935171632, 1.150672693647802, [0]
-33.93198728102774, 0.8306389651408546, 0.4060242281950228, [0]
-33.476738257058315, 0.6171809900964716, 1.051036438751386, [1]
-32.7692315063771, 0.6165004412095446, 1.1255609845228358, [0]
-33.79077260579342, 0.5839757731812305, 1.0012899578511076, [1]
-32.39696893628531, 0.7195833880426302, 0.5818532510650952, [0]
-33.95300575473897, 0.5491057736415644, 1.2279268777162433, [1]
-32.58744378988033, 0.7147173786623986, 1.2506019368544872, [0]
-33.54539230422375, 0.6303574040973446, 1.3048941611518965, [0]
-32.64089366764914, 0.5187194394612663, 1.1336073068583243, [0]
-32.52241122629895, 0.6514834166189565, 1.2238555297420852, [0]
-33.83674125269541, 0.44402055972976556, 1.4790076827659109, [0]
-32.16204469685933, 0.6888394133750945, 1.1338069775887525, [1]
-33.67222742199867, 0.8494431949384695, 1.21031784099492, [1]
-31.90203286130512, 0.8042900360909585, 0.868538755948052, [0]
-32.108850519528005, 0.7783721438643209, 1.499188536747651, [0]
-32.69204285934265, 0.8495860631544789, 1.1163847351507414, [0]
-32.439713972016236, 0.6440598513223426, 1.361569280253597, [0]
-33.43742777240993, 0.6068677614804858, 1.3550070883997174, [0]
-32.25636636226887, 0.5358472636787834, 1.2482523318904848, [1]
-32.49002971512619, 0.7902000721951146, 0.7240475439975975, [0]
-32.58691606230585, 0.6750172818741814, 1.2724721696032055, [0]
-32.072618694085044, 0.3942813831402342, 0.515991364778965, [0]
-32.926326115894945, 0.6473044678821216, 1.3357725068480253, [1]
-33.9213188397249, 0.5927006901489353, 0.9350275968322257, [0]
-33.23470555185808, 0.3945538779541404, 1.0531528624524356, [0]
-33.02665929889598, 0.5204911916828725, 1.1222306355437488, [0]
-33.87193111056833, 0.7558169893764545, 0.9543342794766992, [1]
-33.479149656870305, 0.5320642116633914, 1.0577800261008574, [0]
-33.96880231233612, 0.7841674478213972, 1.3269247132570923, [1]
-32.60141327960497, 0.669550807590341, 1.4738780616545204, [1]
-33.81562545689147, 0.44782384940614606, 0.7595041670408917, [1]
-33.314931052560596, 0.5136954370059594, 0.8998622236149159, [0]
-33.97625179948303, 0.4513320530836141, 1.2808179072239305, [0]
-33.70246342536931, 0.5023283113605908, 0.7385078386814676, [0]
-31.926174173921154, 0.6464743932247003, 0.5541148716801845, [0]
-32.52883108608185, 0.5937751716561942, 1.0287196549507778, [0]
-33.529535858150524, 0.6572238663353658, 0.8679132395187495, [1]
-33.60237514266777, 0.5260702100839425, 1.2093738942269727, [0]
-32.24606480519626, 0.42798576778846265, 0.5134019591518313, [1]
-31.86145837845472, 0.47947245738852295, 1.2979610836615454, [0]
-34.91743688128579, 0.6814815118572395, 1.2756416411586056, [0]
-35.85644946478536, 0.5778323194977101, 1.2916941681799103, [1]
-32.08273777175402, 0.6438717521234184, 1.1344600728590666, [1]
-33.52564806748898, 0.5847772295933653, 1.2083167819557936, [1]
