t=2.2745107863707451E-4
logZ_t=-0.92529646428346
-7.673636002897279, -0.7073150652340618, 1.8864887053331334, [0]
-7.659615391428357, 0.5491867213476064, 2.87637448369489, [0]
-8.051327900923988, -0.13554674944074274, 2.296721913111381, [1]
-8.149866199212225, 0.28022931649938476, 2.8694965480847063, [1]
-7.92734621316564, 0.43144868045705875, 2.651808639228248, [1]
-7.945134841629588, -1.5384444163163606, 2.3925429361763366, [1]
-8.32863904746175, 2.642457782847931, 1.8323147734927003, [1]
-8.261465249216103, 2.0136192233580075, 2.1323296603932165, [0]
-7.853586714886285, 0.5812026540413286, 2.2954302101662183, [1]
-7.487302276803298, 0.24848849957993746, 2.157628209428109, [0]
-7.757469586969618, -1.666742283224561, 2.3815899579943887, [1]
-8.388909482348723, 1.5117742345447616, 1.8993273240896003, [0]
-7.630417644049366, -0.4105780418258125, 2.2312619517706, [1]
-7.866131098297338, 0.6108581898094365, 0.752168089812367, [0]
-8.31668107318896, 1.1275297387421734, 1.169290362942176, [0]
-8.132445405413002, -0.9334759259537277, 1.3629584069960772, [1]
-8.052005424327763, 4.735614671086472, 0.4496468215698388, [1]
-7.5165021333754884, 0.044889183696061874, 0.9309428101711749, [0]
-8.850912614681052, -0.8188422002133571, 1.2701834556479024, [1]
-7.823896342600898, -0.11068729431543667, 2.596575449687751, [1]
-7.701946733147026, 1.7758338138497833, 1.848381917801115, [1]
-7.8432013391777184, 1.982200652553822, 3.15912617773139, [0]
-7.733760118716727, 0.2913840170827384, 1.7346260151862976, [0]
-7.374489402165246, -0.9805630245705657, 2.8445228961068283, [0]
-7.764259422727095, -1.452691836604867, 2.7397148442374024, [0]
-7.496648189193764, 3.0770551755787015, 0.3375582640454504, [1]
-7.755067112511099, -0.07459142544722193, 2.799428936208939, [0]
-8.576083083161585, -0.6101619307144905, 3.3016773985574313, [0]
-7.581520429578936, 1.5391380764074039, 2.1724345541933037, [1]
-7.9958601678399965, 0.21068245324320056, 0.7662773801715337, [1]
-7.329092338655945, 1.8220496372977484, 0.3504552795706279, [0]
-7.968790501797026, 1.7458132515719083, 2.4486365646348576, [0]
-8.158916376579892, 0.04413187356152948, 1.06005800424472, [1]
-8.602384167314803, 0.8243608814094021, 2.0603845596786146, [0]
-8.479198862118757, 1.899569822027864, 1.0396084025026575, [1]
-8.030055536698637, 1.0015124410442329, 1.8268557864602295, [0]
-8.284491029290644, -0.9258399023648511, 2.184519053710366, [0]
-8.761008463973772, 1.3118957091525218, 2.9314086937876738, [0]
-9.016304379272674, 6.488035795779766, 0.4049027868553447, [0]
-7.696051104912278, 1.0877463742042561, 1.2153617284986669, [0]
-8.630776061234343, 0.35261350164325767, 2.1160632590497164, [0]
-7.96111080939198, 1.6184427269736794, 2.53130417056491, [0]
-7.695964883427387, -2.162273233291832, 0.6760708859163354, [1]
-8.188945234297124, -0.34759144789465174, 2.4968495159186355, [0]
-7.437364736680806, 0.1537009622156318, 1.4900959131879778, [0]
-8.296061624953655, -1.4017425666104, 1.6247920501469255, [1]
-7.295816364039374, -1.7449357433256814, 1.0505265966372994, [0]
-8.344497961182993, 0.27097047008683744, 0.8518753102645307, [1]
-7.379944172472106, -0.2502134646446453, 2.1528784618363344, [0]
-7.30798701684606, 0.06879427794804505, 1.1155023691802, [0]
-7.8571411027800195, 2.0076616164527117, 2.6247553073165886, [0]
-7.823589021998035, -2.5182292834211712, 1.886165116442914, [1]
-7.721786114368055, -2.306919212144801, 1.2931568919921321, [0]
-7.606851509893986, 1.6017484791442753, 1.824600411422656, [0]
-7.830534633560928, 1.9675349410380925, 1.6913930724243609, [1]
-7.160269260546755, 1.8021875971955597, 1.5930839862467794, [1]
-8.100811132729834, 2.377347140529693, 0.07281657800388563, [0]
-8.146382034890886, 1.7360086947659221, 3.6790834414617075, [1]
-8.098221855405734, 1.5296994879132524, 2.6306198110094865, [0]
-7.343442134641993, 4.296281944932304, 1.5612137566642224, [1]
-7.984548460143982, 1.4581990058804273, 1.4134674049789806, [1]
-8.108405317486728, 1.1976325577538727, 2.683160529485761, [1]
-7.308112276708314, 1.333110453587334, 2.5909707143320193, [1]
-8.007696950786197, 0.028313554537591656, 2.0917509988846623, [1]
-7.831750473150966, 0.3739573659540296, 2.7111439299850972, [1]
-7.65308331820089, 0.5637998013685117, 2.9642512689763043, [1]
-7.837546380764645, 1.378518695313197, 2.2479109613925905, [0]
-8.259920570959572, 0.002544245627507602, 1.2497560217008366, [1]
-7.586783518406461, -0.07586188025933402, 2.1357316080750994, [1]
-7.704445412550221, 2.0183743927532793, 2.598646415037792, [1]
-7.519765028393164, 0.3994531173215125, 2.562669549809672, [1]
-8.465102417810577, 0.23794866990853913, 3.254203769211433, [0]
-7.488988434967925, 1.487781719854031, 3.145793682865994, [1]
-8.90897213708049, -2.654882018634843, 0.9443365278875717, [0]
-8.200962331355418, 0.49760991850204245, 2.1810983687783176, [1]
-8.058258353783552, -0.4206917600348193, 0.6434314883694428, [1]
-7.613108562673965, 1.9808344827824382, 1.2698654715578035, [1]
-8.015622300440866, -1.2606920559736001, 1.6921690581176096, [0]
-8.65460633679937, 2.3892465572749257, 2.542810722520899, [1]
-7.510275320301976, 2.8878250530798883, 0.6575929539990446, [0]
-7.907646889094219, 2.9376319447233343, 2.531214017511273, [0]
-7.574102331737647, 0.13723495496473292, 1.9121783505265186, [1]
-7.628017873355599, 0.9469931601359322, 1.4268380493522563, [1]
-8.99479636509545, -1.258923785200957, 0.41462027788260486, [0]
-8.001174448292891, -3.549274148433194, 1.49950354595531, [1]
-7.744027294834662, 1.1629945991124386, 2.04822892636193, [1]
-7.881110910718364, 2.7079529820822312, 2.29783779111733, [0]
-7.815796299252761, 1.1290658483119476, 2.1883633449312, [1]
-8.255167461561493, 0.17086959062887275, 2.395250252487039, [0]
-7.884522036281933, 0.3557282995641784, 3.6492772803696556, [1]
-7.494918811867366, -0.28307401634893536, 2.8154418686621288, [1]
-8.460221568997355, 3.4421535093928406, 1.3877041994990424, [1]
-7.564518993691557, 0.9917801005082962, 2.704984679281606, [1]
-8.113145752845499, 1.6157553326392442, 1.7676383810532288, [1]
-8.056842206257883, -2.2274903781695303, 0.897984656298956, [1]
-7.706667054105538, -1.301395885774594, 2.7267304028163095, [1]
-8.299727477457798, 2.103169208315399, 2.2053918300168194, [0]
-7.614456595541926, 0.9195367688047882, 2.423501045276075, [0]
-8.335081502509109, -0.997228686106276, 0.13878281093822809, [0]
-7.949030496295087, -0.23726296036892902, 1.09548827078826, [0]
-7.444954511061045, 0.7634244355869186, 2.0509424980768554, [1]
-7.456998400019424, 0.6321704220827903, 1.6756090242133448, [0]
-7.4804984945226485, -0.18723963643655317, 2.352481985496083, [1]
-7.427771576243578, -0.4983428608934164, 1.6086666169336783, [0]
-7.911951048272738, -1.4522129150972831, 1.6252926254538624, [0]
-7.628080009810273, -0.2840651967949792, 1.2547937540866383, [0]
-8.049803716895074, -0.1547232697655903, 1.6956552402580753, [1]
-7.877835021071889, 1.266689130379491, 2.0014889759508847, [0]
-7.778647638045945, 0.36028375487844766, 2.8223046125124305, [0]
-7.80300094619036, 0.4097202881417721, 2.420833335417779, [0]
-8.894419915670884, 1.32713531222118, 1.8823565726098008, [0]
-7.552432059017954, -2.6602099350429844, 0.769986797230751, [1]
-7.492506080359718, 0.5271655104830546, 2.956196157011293, [1]
-7.731796920497695, -1.1939333375553607, 1.6267529153931668, [0]
-8.297923590022627, -2.6356377576581043, -1.1042989614418193, [0]
-7.618580150682618, 0.44366516658108, 2.780143093651578, [1]
-7.500857171020247, -1.4355744790513254, 1.9495002841537676, [0]
-7.86557428465982, 0.11036386925040564, 1.1058484088856981, [0]
-7.347600109068851, 1.637263771096284, 2.6878739566086, [1]
-7.660342184599191, 0.4590563633562783, 2.4884428021444442, [0]
-7.613471309455876, 0.8582836982790223, 1.394840235720801, [0]
-7.39672215239249, 0.376432446413, 2.5330647475455157, [0]
-8.14489311728639, 0.21331794952392946, 3.040358414388993, [1]
-7.685228827203878, -0.06710172411298654, 2.8011793515008545, [0]
-7.961428751783487, 0.6441536298987363, 0.7448508607482678, [1]
-7.371862278979559, -0.5137944199075481, 0.7304754074264689, [1]
-7.793238915760878, 1.8529933461481174, 2.2059310088970108, [0]
-8.590563391191886, 2.3268897446395904, 0.8503692039129794, [0]
-8.488028833876808, 1.9567484895788423, 1.534436087171556, [0]
-8.136954945504534, 1.370996936515932, 2.3453135404756615, [1]
-7.59797429073067, 1.9265886488130817, 3.321336267245898, [1]
-7.694886296356879, 0.9832239879860756, -0.22843795247697907, [0]
-7.962663821379585, -0.3922474593789449, 2.6780693793179733, [1]
-7.712938908859612, 1.2859076901031568, 2.51306005812774, [0]
-7.7953458074362425, 1.6053076648240596, 2.2756279260368517, [0]
-7.703715875689581, -0.8938414424886212, 2.4301599882989966, [0]
-8.14594600339325, -1.8233127005379206, 2.536127480888381, [0]
-7.822562567288492, 0.2993425634351119, 1.8774306230404205, [0]
-7.640497058264768, -1.1474082289755674, 2.10484462243459, [1]
-7.759992391620513, -0.0683035638465333, 2.645197714605703, [0]
-7.688692688974605, 0.6619904923915971, 1.6426517156849894, [1]
-7.678191198183503, 1.0123608021743382, 3.117028004870198, [0]
-7.790115793204365, 1.9824963952364871, 3.2003689650204343, [0]
-7.4561062326166585, -0.3235635395502686, 2.1288351741674885, [1]
-8.535356086182905, -1.4031262373661537, 1.520493862152072, [0]
-7.407461940453471, -1.411109971819847, 1.2913048376619025, [1]
-7.775354370506196, 1.9925371223228419, 2.5197246167937695, [1]
-8.753264587372973, 1.3656451907325005, 2.537246595925872, [0]
-8.206259713958964, -0.2681318723835622, 0.18820112718447835, [1]
-8.16765230898387, 0.15293553449644093, 2.634430336525045, [1]
-7.829689315979664, 1.171947951666688, 3.799290518405507, [1]
-7.968428834382697, -0.1328126185851768, 1.665124210567035, [1]
-7.636242793434966, 0.9789090546077672, 1.8462984674741187, [0]
-7.649797154606971, 2.7173235645836087, 2.8782781964109603, [1]
-8.279756580530197, -0.3283874683752439, 1.2834223873735136, [0]
-7.652856797000451, 0.8526454144087383, 2.307429164366609, [1]
-7.676594850881957, -1.1089666940962215, 1.4456685643268268, [0]
-7.716531171708417, -0.5977616432760771, 1.8181871768591487, [1]
-7.577915387367455, 1.9767768999776925, 1.3589969910715114, [1]
-8.47726145792688, 1.9066649887810447, 3.2231813085013723, [1]
-7.406790593967008, -1.2708948448241157, 1.8814782531575047, [0]
-7.526262696938105, 1.0532982224920937, 2.7150927751503033, [0]
-7.7387064405212085, -0.5410836428328021, 2.9948176869834886, [0]
-7.994081178374984, -0.498352957772934, 2.4843145348825413, [1]
-8.142053464903052, -0.7782617024194716, 1.6893068187843052, [0]
-8.077460862795645, -0.7024439532916369, 1.033117716697106, [0]
-8.024929975973546, -0.488644094362765, 2.7590337224622434, [1]
-7.448313016241681, 0.5278939663154084, 2.451903079119914, [0]
-7.901854810444021, 2.7199568205760114, 1.7197264789732345, [1]
-8.114444921461594, 2.6331003349005693, 1.7431485192931495, [0]
-7.912287237751332, 1.6306470194225433, 1.1534309437658243, [1]
-8.081255539702664, 4.166854596123916, 1.2427612110209976, [1]
-7.6935579573500545, 0.02290800840895324, 0.6389010282167562, [0]
-7.677805040550959, -0.6128899074277088, 2.7924607489245092, [1]
-7.8245560624596635, 2.2957924574359803, 2.188815769667801, [1]
-8.20668026694171, 0.7814794060056565, 2.4696044915294464, [0]
-9.078908013416754, -1.3962033561878497, 1.8696366646170282, [1]
-7.793206971983418, 4.594533620892537, 1.8437418576283955, [0]
-8.063962348497457, -0.35412320085083016, 2.3207981435631697, [0]
-7.9208421328075875, 1.1695056604109384, 2.239709627660715, [0]
-8.134018184261553, 5.777505652932988, 0.16728226095713472, [1]
-7.810111847799499, 1.7579711991846265, 0.9934747685382029, [0]
-7.529281596683272, -0.4252930857942274, 1.9569139134786617, [1]
-7.542409654821424, 3.7308984166362475, 1.6158982236887225, [1]
-8.077647261239655, -0.9088264165442003, 1.1833789010928457, [0]
-8.816206214101701, 0.5156209435472148, 1.861432932217385, [0]
-8.181521750213713, 4.963554460108813, 1.8883809837018943, [1]
-7.713840300090929, 0.5428168577549726, 1.5208221276472402, [1]
-8.71603708814785, 1.8262894720597347, 1.9248768311884445, [1]
-7.512253779448579, -0.37700275295654473, 2.53153927418988, [1]
-8.158309541144396, 2.768476141379553, 2.3791593829730013, [1]
-8.302881024189329, 0.5858890995443676, 2.706789818103272, [1]
-7.887761494463139, -1.4150534673004698, 2.2016263784939367, [0]
-7.580189622515061, 0.1939454926409468, 1.8955859090863432, [0]
-7.757661941715675, 0.07207581551081832, 1.761365633547026, [1]
-7.767600326300872, 2.871467779970361, 0.2429975234683347, [0]
-7.991486374934164, 2.8020349709596637, 2.4974757412999873, [0]
-8.222987345047141, 1.433780692392117, 3.0745211343147645, [0]
-8.04138812261262, 2.065615284089228, 1.5287367496299002, [0]
-7.818926360528579, -0.3016159860742289, 1.0587861593511692, [1]
-8.107128083756354, 0.4640881285967067, 0.5897150265908284, [1]
-7.8563421580631685, -0.20418418045158004, 2.3395335073878716, [0]
-8.361904336662782, 1.7879466750910669, 2.974103038388861, [0]
-8.514666541904912, -1.4939928834437062, 1.6440963087394025, [0]
-7.51876098086282, 2.0539932516331447, 1.8067461252621597, [0]
-7.604793154738225, 1.8786586600852555, 1.250600364485218, [1]
-7.732238753605199, -0.16560496772719446, 0.7315939015545911, [1]
-8.033137164881952, -0.4052733405046466, 1.2319939257584407, [0]
-7.4015784031342085, 1.4577710790235046, 0.5986789430546171, [1]
-8.316116306476998, 4.9645342157081656, 1.4332165223814841, [1]
-7.687218310057171, 3.721108274147133, 2.498890560362462, [0]
-8.06201324819381, -1.8242364350818192, -1.8196315660356166, [1]
-8.134116071874848, 5.69576411653402, 1.968966315006481, [1]
-7.8951988850547785, 4.097467737319746, 1.8601089465567484, [1]
-8.217400028897893, -0.6780776123295489, 2.251011884002689, [0]
-8.577985850035764, -0.1386147004132965, 2.6797262643571775, [0]
-7.980450694233255, 3.0097531155179214, 0.8524383750811156, [0]
-7.724942461092773, 1.1799951746357091, 1.1200684314961373, [1]
-7.877010295510124, 2.7827023523494914, 2.1653850728857704, [0]
-8.285789649026748, -1.8626521891352263, 1.7157783489017373, [1]
-7.313205786596441, 2.0849679401251273, 1.6696530679292814, [1]
-7.68810215658518, 1.1718185694863805, 2.896048927320873, [1]
-8.049495774918613, 1.0760791482169374, 1.9026112842047098, [1]
-8.189558857422018, -1.2043287847504507, 1.1071382247085053, [1]
-7.846407861684207, 3.9909259655883136, 1.5811674672218656, [0]
-7.664767582920827, 1.8027821572102853, 1.8645776998548806, [0]
-8.248347302193602, 0.8526820246821598, 3.126184681768933, [0]
-7.247376552568211, 0.48194981203676457, 2.476803483380362, [0]
-7.6147364410515035, 2.3036053720963086, 1.6730300135931415, [1]
-7.4675975076041095, 2.3789368315495123, 0.7687272831159655, [1]
-8.120786892700966, 2.1958814211910442, 2.158928230193137, [1]
-7.709986551925004, -0.28386332962541666, 3.0561917110993084, [0]
-7.667659907263577, -1.7644316636819604, 1.699096164456888, [0]
-8.024390544251384, -0.5080906659284139, 2.9746906734973972, [1]
-7.307255523961981, 1.3296773012861964, 2.698090353643997, [0]
-8.311546741400331, 1.5566802916281137, 1.8310724113358876, [1]
-7.483562954920309, -0.4735549126045108, 2.0288451696862024, [1]
-7.574936439345252, 0.67334993534853, 1.5798899332643805, [0]
-7.825826741177721, -2.2807995536852275, 1.9977579653402417, [1]
-7.746868932138431, 1.4707738015314413, 1.8232892719895752, [0]
-7.820596330737355, -0.936579206510368, 2.5675982265707114, [1]
-8.609732387046144, 0.4758273263213374, 1.9160231695783658, [1]
-7.974322237182313, 0.6476967317831697, 0.10999255176546352, [0]
-7.8774840061520495, -2.2821516528753873, 2.067618552588756, [0]
-7.7375700403535905, 1.6178390885650067, 3.4579649373082786, [1]
-7.760159329636697, -2.67219768630801, 2.20066552213388, [0]
-8.140302970759587, 2.233654883401023, 1.5530524073786474, [1]
-7.712896944585939, 2.1251717218100343, 1.5490866256001725, [1]
-7.333493353203515, 0.7123051223176, 2.728751314164849, [1]
-7.938299279108063, 1.4428289436277857, 2.7713903546382133, [1]
-8.454931946218048, -2.0856035874000147, 1.3722531311991975, [1]
-7.494472615628972, 2.8818123835154568, 1.9231472038815793, [0]
-8.284619797046119, 3.2700092437768373, 1.6758075388302647, [0]
-8.158908999015338, -1.0246441474874586, 1.9690609542786004, [0]
-8.532298234972677, 3.0065786090737636, 1.3331864108419142, [0]
-7.620754438475619, -1.1676671214087984, 2.2824281770527812, [1]
-7.427454172606021, 3.935220459084389, 1.7679765258586815, [1]
-7.931724570367331, -2.8985977846569217, 0.2512331904834899, [1]
-7.590499849027233, -2.4642479093667626, 1.6453710729052546, [1]
-7.71544618808761, 1.2566197548041116, 2.5033880012302374, [1]
-7.681526464047326, -1.0920638544029155, 1.7680058538898047, [1]
-7.766584546661617, 0.8613628406553522, 1.915535400809049, [1]
-9.951465447638514, -4.255973609735451, 0.08141035971836486, [1]
-7.9636372641025455, 1.1297219539921148, 2.0874705602072448, [0]
-8.00307589181025, 1.847643769645717, 2.1521839257438478, [1]
-7.775045493833001, 0.19493430847561066, 2.618216822670929, [1]
-7.8919987572466965, 0.7322716606171471, 1.3363925630470175, [1]
-7.656867498930425, 1.2565120608591465, 2.6054289584663453, [0]
-8.1858059443013, -0.7666005612597941, 0.9350845058594024, [0]
-7.714678384602299, -0.8577822206113819, 1.647752851143958, [0]
-8.440007931227264, 0.4675765730141588, 2.0258922971921405, [1]
-7.748218811766892, -5.516311174542224, 0.4802137270856378, [0]
-7.826905399474823, 0.4280096809302365, 2.303302232791009, [1]
-7.677577526871696, 0.8471610398428555, 2.1549688209892985, [0]
-7.587794097304454, -0.06512902525271369, 2.3044478795109637, [0]
-7.595199877651103, 0.8152411018009929, 1.610978173098047, [0]
-7.930828894496677, 0.3460615699381818, 1.0803877754891535, [1]
-7.3811484691579485, 1.6057956330722096, 1.740869451109746, [1]
-8.941728765276276, -0.5956499673387072, 2.2443989998460507, [1]
-7.755676599844352, 3.0926748027090083, 2.260967596373013, [1]
-7.591488818201856, 1.1888749827767722, 1.9255981238002378, [0]
-7.680702340532528, 2.194182272983533, 0.6459135416906849, [1]
-8.083390857520767, -1.397919863361236, 3.172495487082531, [1]
-7.984677246469847, 1.6822936138227744, 2.25362303376159, [1]
-7.30790558420921, -0.2793826398685417, 2.7602387916566617, [0]
-7.568059408324102, -0.28612392555741484, 2.2940646076182802, [1]
-8.11539729574338, 2.8357665531444916, 1.7642423625717778, [1]
-7.898273101215204, 0.9677365111729518, 1.7511025981344095, [1]
-7.57652401530766, 0.36211896108208697, 0.5305143486042638, [0]
-7.646139950566069, -1.9819203032878003, 1.4823688271567015, [0]
-7.992881696369506, 3.0231749452541377, 2.1938819134007246, [1]
-7.610740856218789, -0.18272617303491723, 2.8321762851118035, [0]
-7.676480627146626, 1.4646123757914542, 1.0575074737418533, [0]
-7.575969369173527, -0.30255089240128263, 1.5969528207349204, [1]
-8.035186364482371, 0.2958038077288796, 1.9625242441500166, [0]
-7.7839412275153, -1.3021763935064459, 2.3637441292231336, [1]
-8.08863149832888, -1.277542145372839, 3.0545393400804812, [0]
-8.474304618152692, 3.770853192948959, 0.0029259316479429698, [1]
-8.2648524674282, 0.33430609007512024, 2.293064707705498, [1]
-7.76663215397508, 0.5872273138555857, 2.22804385704079, [0]
-8.195638105858608, -0.4297244501688333, 2.294162737204322, [0]
-9.092902199868501, 1.77788819738201, 2.249960606903647, [0]
-7.997778441472924, 0.9115273643897246, 0.4874866255599689, [1]
-8.162790767131263, -0.17318649605031725, 1.3651028369997777, [0]
-7.2902438740954025, 1.2261679689254485, 2.23533881829567, [1]
-7.524925588474114, 0.6969006899567581, 3.220526923443172, [1]
-8.43733795706722, 1.360374303222708, 2.5892095227112017, [1]
-7.819696106045992, 1.5329316996901072, -0.7871597031182667, [0]
-7.659102118199955, 0.8759442133611866, 1.6162990750166202, [1]
-7.383081851924691, -0.3170722133922428, 2.575450827869045, [1]
-7.411126010963378, -0.20599803242233827, 2.129982164397733, [0]
-8.027584852633591, 0.2577908683958048, 2.829058467696009, [1]
-7.979187382763008, 4.858843135070655, -2.8020249396667594, [0]
-8.389313904693187, -0.4843971650311085, 2.3526274343710596, [1]
-8.549114675391396, -1.4305306576342476, 0.3445897339945104, [0]
-7.692902688084958, 0.7139688894573042, 2.2616826219783013, [0]
-8.811657161975667, 1.0639737958678483, 2.165597763224861, [1]
-7.700401075208395, -0.7286628644129634, 2.8869609505043043, [0]
-7.404224054518256, -0.04053030006227831, 1.295661524095591, [0]
-7.558315845169758, -1.754428069303612, 2.074405861378132, [1]
-7.628562450438503, 0.7509529898187643, 2.593268365833543, [1]
-8.317533081342093, 0.5064463009602433, 2.7790695595131365, [0]
-7.440257357834763, 1.8948153836370265, 1.79836282136243, [0]
-7.360244866723977, -2.4867347237714994, 0.19181874125986917, [0]
-7.930895805640141, 1.761403096229295, 1.5680014856715883, [0]
-7.865727589483524, 0.6101424942278992, 2.574948898726034, [1]
-7.734132207169423, 0.057069106209258536, 2.4128199445499217, [1]
-8.163415522460527, 0.2731844857133261, 2.074949152945316, [1]
-8.349383458556941, -1.0441610062825206, 1.6857095137224354, [1]
-7.516055663949537, -0.03760416676202505, 2.335926979101426, [1]
-8.213782072500326, 2.527032304103134, 1.3277255905972911, [0]
-7.473695709562116, 1.9504352471592274, 1.7393321063479945, [1]
-7.8853869764820566, -0.6048422090968935, 2.399104823649507, [1]
-7.621988904773865, 2.421473837985371, 1.5733397766316013, [0]
-8.076459924291175, -0.12006005400586628, 3.0155877318001956, [1]
-7.864711741212437, -3.2272216847972115, 0.43626810539561145, [1]
-7.858123680913556, 2.1200204880789344, 2.6886494528364304, [0]
-7.897839273739848, 1.3521032063762561, 1.7512924080317673, [1]
-7.579634918752435, 3.172092576885546, 0.9847150608585061, [0]
-7.716221493790166, -0.17925422394631974, 2.360606145097111, [0]
-7.790461377545339, -0.8927163418829401, 1.974376734010555, [1]
-7.720703114791413, 0.6257168029707618, 1.907803719671766, [0]
-8.710086464316264, 3.623321928364252, 1.7840469479323955, [0]
-7.588914254859044, -0.3169495190286774, 2.0000576178820575, [1]
-7.528606260029527, 0.03501463742109201, 2.6047928863815746, [1]
-7.9953688221226145, 0.4241588138475739, 2.372821054012165, [0]
-7.179191563135053, 0.5103231980442247, 2.9533178559792383, [1]
-7.994226851359218, -2.259232083543453, 3.243070301570227, [1]
-7.81646740215832, 3.365657593234339, 2.1356449452285595, [1]
-7.252281062083236, 0.41012605168377025, 2.458115346347025, [1]
-7.580753973003756, -1.54048880883633, 2.772920211489657, [0]
-7.670723793064024, 0.657786410015736, 2.7349915377297402, [1]
-8.106384291373478, -0.1827842323803287, 2.6279926118820214, [0]
-8.388908212123303, 1.2191689582029965, 1.437812459612516, [1]
-8.604836850827406, 2.418743432446411, 2.06075389186449, [0]
-8.548162697986374, 2.326498252537913, 0.8870064695730435, [0]
-7.822929968595041, 1.0453820421975752, 3.222404609017821, [1]
-7.658319239548014, -0.023837786689963947, 2.795753888346088, [1]
-8.088648159690745, 1.4695292791265853, 2.9014948085778762, [0]
-8.026446956073254, 1.005209195614317, -0.8447915627951903, [0]
-7.77277735271296, 1.4317030773317105, 1.9570399443361541, [0]
-7.672648266475042, -0.6284223965366433, 2.4793205085258077, [0]
-7.5242431606641516, 0.32506233429404385, 2.2078589718688173, [0]
-7.7788225327909455, -0.022757566391071238, 2.9073310245168735, [0]
-7.779135021165068, 1.4063165610228059, 1.1878417073154224, [1]
-8.414515609576153, -1.5376441732230255, 1.136112731793124, [0]
-8.488064448454335, 1.0146632087258454, 2.6814861960086604, [0]
-7.822735830153624, 0.5343808765870668, 2.1266207470709944, [1]
-8.207261889441803, -2.250493226734795, 1.0930876367969655, [0]
-7.839073687662969, -1.908743392260941, 1.421223190339175, [0]
-7.674105909106751, 0.5487977887130944, 2.7166780079376873, [0]
-8.037416301729118, -0.07075975782597377, 0.516076352584678, [1]
-7.630260649705881, 4.602035697494484, 1.2576188351022217, [1]
-7.798565554406463, 0.2183262112029556, 1.9312689785009134, [0]
-8.271847986952162, 0.8963404813656468, 2.5858658870892333, [0]
-8.165875520269827, -3.161665684582003, -0.21055013752019924, [1]
-8.575919744406848, 0.024610878235995393, 1.5571729793348965, [0]
-8.095150836527683, -0.7788715905743149, 2.3080022536581755, [1]
-7.537901348991585, 0.69516088327373, 2.744688734817883, [0]
-8.117188084889158, 2.708971240466054, 0.6335290643483925, [0]
-7.9011845416228255, 2.101953983380697, 2.37033480941445, [0]
-7.890708518942201, 0.9778162269793832, 2.7069516188823037, [1]
-7.545659973618678, -0.04600318185476038, 2.3758405667489786, [0]
-7.820280976201534, 1.3222206557897196, 1.7009811878798988, [0]
-7.53438853074789, 1.5287093498651245, 2.9659787408456517, [0]
-7.505975987131948, 1.0323322225294063, 1.65459046968888, [0]
-7.460885290220551, 0.2750166534780315, 2.60556099889333, [1]
-8.135558462109543, 1.4208838231105103, 2.4791296844107675, [0]
-7.961469117577713, -3.46685118556774, 1.8054828759864494, [1]
-8.369062430462215, 2.2198344759537116, 2.0844096200555664, [0]
-7.696073462550705, 0.8434792478009111, 2.6265792610922447, [1]
-7.693514331315255, -0.6178624950634737, 2.9551850970469067, [0]
-7.624282100126058, 1.1052771264897494, 2.898619507110594, [0]
-7.627277284860013, 0.1845052003312515, 2.207471088171197, [0]
-7.968844221451475, 1.5634915280791082, 1.9916741939350078, [0]
-8.313641745547027, 0.09567321494956271, 1.9896944518103659, [1]
-7.55259461007172, 0.9209215793640884, 3.6077070692277675, [0]
-8.047408943284092, 0.8021317299096452, 1.567406645578361, [0]
-7.969452921048815, -2.2067328633255703, 1.2441271544132564, [0]
-7.666454129697955, -1.1455579877357192, 2.6554031919057643, [1]
-8.063515355852594, 0.8135643581227406, 1.6576776121614638, [0]
-7.620852575454464, 6.309265544996169, 0.7917942656189416, [0]
-7.998913762104819, 1.129569939146913, 2.9951868177131686, [0]
-7.5514577324056, -0.1357466421753384, 1.772704311332739, [0]
-7.433950039068501, 0.6077317245230861, 2.8222436701203435, [1]
-7.842118868099709, 2.417627373371318, 2.346521103850115, [0]
-8.279031162437304, 1.5106793663753395, 2.333074344836537, [1]
-7.948673439823826, 0.2513577931767941, 3.0038935867355794, [0]
-7.250671117937934, 0.09259903387751581, 1.9368027760326136, [1]
-7.534667084731587, -0.9434386408026865, 1.873300037311515, [1]
-7.986135251182294, 0.025554805705287578, 0.27689710934880685, [0]
-7.592753630524889, -0.3525484409426729, 2.351141726208276, [0]
-7.570428127880101, 1.1559012809811704, 1.2418067737044673, [1]
-7.84786276771118, 0.7865552446986073, 2.6472628487298393, [1]
-7.936289570843607, 0.17558948809373132, 0.9096680042937001, [0]
-8.293365668069791, -0.9148033794800805, 1.7097087940407292, [0]
-7.656474468867059, 0.7248755206845612, 3.7474176017604357, [0]
-8.100810050901478, 2.018455946219354, 2.1394190928125285, [1]
-8.048565039794276, -0.5319806604142351, 1.5483354447223232, [0]
-8.36982948676649, 3.360235438042419, 2.40057519914196, [0]
-7.895164527907943, 0.6328474646293405, 3.358976496258668, [0]
-7.540230585944749, 0.8754213207990118, 2.6798321188953285, [0]
-7.809008155885754, -1.6827835044474067, 2.372326688764469, [1]
-8.732979434677448, 2.0517972688936137, 0.44679935614845767, [1]
-7.938486196125785, 0.7456191718733889, -0.10483435111612183, [0]
-7.9812699210985105, -0.16395993752573457, 1.64399862655976, [1]
-7.691817124420765, 0.69886735136129, 2.5772946220114665, [0]
-8.152584141406829, -1.1018379016527544, 2.0477700942666344, [0]
-7.514726352767367, 0.9512706795850795, 1.9486579497121328, [0]
-7.642853825927967, 1.2537110759505588, 2.6322952407993374, [1]
-8.22078708209567, -0.019562186376646307, 2.45537397482897, [1]
-7.652607542463153, 0.4072291709551456, 2.132393771871704, [0]
-7.60130392055183, 0.34210129034650216, 1.6718327789023608, [1]
-8.040147848882093, 0.7072715158843296, 2.5529139332352466, [1]
-7.471816569100563, 0.6842439763007498, 2.817499250359858, [0]
-7.511762153677822, 3.4839263639413485, -0.18879626062695598, [0]
-8.450666650733858, -1.2417687298746471, 1.6724527676960101, [0]
-7.591055149155216, -0.9318873787505555, 2.700421199613989, [1]
-8.815010903213611, 1.6692253891847892, 2.1200741574005573, [0]
-8.184084167147528, -1.4103565597350438, 2.0219451587358943, [1]
-8.036209114289942, 1.0097461928595113, -0.8172619890494834, [1]
-7.84946659909719, 0.4841474370985749, 1.777699649246994, [0]
-7.697499957479022, 0.7119691832425645, 2.0910633996444057, [0]
-8.019985472868509, -2.1458630435224113, 2.6761356596883665, [1]
-7.747256443065469, -0.10718568663567174, 3.1963050176476617, [0]
-7.657006655113692, 0.98156378987564, 0.880739025672755, [0]
-8.001031642171863, -0.6748043134151182, 2.4510132349915765, [1]
-7.510668756214376, 0.6408290158744547, 3.750496264376841, [0]
-8.19473419428794, -0.24719023083622976, 1.1110901893469518, [0]
-8.271843402686573, 0.4461678624847448, 2.1402964414735157, [1]
-7.905495352848378, -0.31991320879500407, 2.235406776803179, [0]
-8.327384386397124, -0.26411127869651274, -0.021505876748840524, [1]
-8.17708378439739, -1.188645454858536, 1.59286358826876, [1]
-7.86754377713969, 1.3335755631692578, 2.479144172326094, [0]
-7.901720262566423, 0.9776692142695129, 2.338973867266601, [1]
-8.235176474097253, -1.358046225730595, 1.9264925334588194, [0]
-7.5829469636845905, -0.7319038928076975, 2.463049660264448, [1]
-7.9739323749563615, -2.889959402598114, 2.0968364187039685, [1]
-7.476554510800893, -1.8244452694081952, 1.5479907182859762, [1]
-7.659322868722475, 1.1656185928203677, 3.3343273550029924, [0]
-8.037935203907798, 2.663544846131205, 3.1671969082983757, [0]
-7.753841367690052, 1.8168444220517141, 2.214737557095824, [1]
-7.489715854401727, 3.9161722184696828, 1.7085117437659727, [0]
-7.570780951841671, -1.1622234458177911, 1.1037488356394567, [0]
-8.052492293353176, 0.1440274836463129, 0.9474412438415385, [0]
-8.41710902230069, -0.17467468382660245, 1.2612129417456965, [1]
-7.388994532268424, 1.852658396688818, 2.339856061966465, [0]
-8.119480391365446, 0.98696844032564, 2.3214824715096376, [1]
-7.924435061693882, 2.7940969862213185, 1.664907087230884, [0]
-7.640322552429105, 2.2638422413223864, 1.503690121529508, [0]
-7.735100959126454, -0.5437898933587926, 2.045421813221429, [0]
-7.5948812998151345, -0.6634324901928973, 1.7536145489103805, [1]
-8.184532136258259, -0.24527806412769104, 2.0608449393085895, [1]
-7.620307885974691, 1.8773761178466968, 2.0163204498933722, [0]
-7.888529489022, 0.3168887776076985, 1.7867478074221324, [0]
-8.745883875378786, 2.0686175479671505, 1.5565364903614576, [0]
-8.145767512280278, -0.04791484704047644, 1.4328225563468453, [1]
-7.728516123101709, -1.975086928163481, 2.1153918892447736, [0]
-8.486933190331799, -0.08681865950383427, 0.3867619944048842, [1]
-8.201681917613595, 0.3667124265396904, 2.3891833068215558, [1]
-7.985050717056021, -0.433412051712255, 2.149274666997901, [0]
-7.751323371025523, 0.5576594181155481, 1.7740211290291759, [0]
-7.307307102492981, 0.9891383972917346, 1.121575045565221, [1]
-7.89711574565738, -2.94901969006836, 0.07113601175172246, [1]
-7.345321459405026, 0.7314456669481453, 1.0426464827206217, [1]
-7.7132860555623735, -1.0701819994100854, 0.1753619704347953, [1]
-8.112322659475007, 0.45974896809989896, 2.036562123592825, [1]
-7.42357265181606, 2.140151410779509, 3.157969449115367, [0]
-7.409960345172241, 1.262048132132815, 1.5009539668825158, [1]
-8.207133680918206, 0.8108672785187844, 1.637159368315626, [0]
-8.37044773365533, 1.2882856335919566, 2.3136577000108662, [1]
-8.469741843354994, 0.8764782923173773, 1.877358326072007, [1]
-8.07633973481675, 3.874581977051032, 1.6868187161463053, [0]
-8.02767933065264, 2.1881164260341865, 2.43547494185111, [0]
-7.648531162529438, 1.5366798188428992, 1.8823981880769747, [0]
-7.579355052071644, 0.09727113076356986, 2.745222141374442, [1]
-7.472191644191668, -1.1575127922910786, 0.25320740772919836, [1]
-8.047188535847004, -1.3450905999860792, 2.389557758823401, [1]
-8.208021809821066, 2.253407587286893, 1.0137227956762365, [1]
-7.819179287557377, 2.366235668660936, 2.5465527599965974, [0]
-7.582358531022951, 1.4323683553925781, 1.5493274395464227, [1]
-8.538207129009805, 0.5838415097084737, 1.1052909703509242, [1]
-7.611988426228447, -1.4376061662528552, 2.0328102346262584, [1]
-7.741547635284942, -1.220775866163407, 2.255814587596543, [1]
-7.28850906670831, 0.8125195767834879, 1.5213880587089659, [1]
-8.006763913277362, 0.8144278694707642, 2.249806131343081, [1]
-7.794747332789844, -0.22855311209819196, 0.07176017041117952, [0]
-7.44392041845521, 1.7162791658420995, 1.7719108068386726, [1]
-8.360025994839232, -0.8941162162260525, 2.0528919789160773, [1]
-8.152819995666425, 0.2887014978969079, 1.9345217731268547, [0]
-8.20871233709684, -1.1064065537189853, 1.2735018454942828, [1]
-7.7890281125861405, 0.8754063041234066, 1.4138747985381135, [0]
-7.573383924300226, 2.6355491183696085, 1.6115449389597019, [0]
-7.7487781907201505, 2.3560393423903436, 3.107638964809379, [1]
-8.589185168713716, 4.173783478801757, 1.30116063076622, [0]
-7.472590665082659, -1.0133885211630744, 1.5664061236516005, [0]
-8.183093280477886, -2.0830529801488242, 2.111572617962857, [1]
-8.300450931979482, 2.6154636063657, 1.113364895362734, [1]
-8.042144299653796, 0.3522844558218956, 1.5037867027075436, [1]
-7.382930542540883, -0.7836377890158819, 1.4080923975331392, [0]
-7.652959680599022, 1.5066550286484404, 2.57504551519196, [0]
-8.01392112564519, 1.8262848691938804, 2.464535035538446, [0]
-7.756187482668895, -2.1493350270261535, 1.2889159225347755, [1]
-7.335791344661638, 1.1457602406566165, 2.3639729993212315, [1]
-7.722516158620263, 1.3543393036655345, 2.2974234368205244, [0]
-8.035767646003002, 0.37827435109244684, 2.927798953449533, [0]
-7.513009254710471, -0.31487554172679966, 2.0576383154238345, [1]
-8.042064069387052, 2.6289006024095567, 1.8235544337348555, [0]
-7.833183352944016, -0.7808125379146458, 2.3720554599113495, [1]
-9.03050743679931, 1.5350366574871401, 1.7619920710353223, [0]
-7.502631817784907, 1.7960249160026645, 1.8493647691600117, [1]
-8.397062509841788, 0.8559314457186155, 2.5328805790060507, [1]
-8.26633133947033, 0.4903798886524049, 3.6461349674952706, [0]
-8.504636918547824, 1.140338497348034, 2.0269857074503337, [0]
-7.747084449441472, -1.1848465144629579, 1.9151853360225186, [1]
-7.687853104567019, 0.31948355277997464, -0.6906687343907918, [1]
-7.864325912243419, 2.5802457038872975, 1.5980013752361821, [1]
-7.576685215446749, -0.2901541778140214, 1.6295345173899398, [1]
-7.552287803262122, 2.170986327581523, 2.6620834373921456, [0]
-7.698987827100427, 0.727530649104406, 3.284468834499564, [1]
-7.988858601295987, 1.9602981883139312, 3.1416287991646508, [1]
-7.721738908665788, 0.08793100044556884, 1.9095978164726097, [1]
-7.8804234373727855, 1.1008193082667048, 3.0490684776606614, [0]
-8.302307037005509, 0.09962242612378613, 1.290070387241011, [0]
-7.503706719269204, 1.6409272883787691, 2.027122849725453, [0]
-7.836811332593574, 1.6390098178409112, 3.2793205580867415, [1]
-9.167442294771083, 0.33395632273338594, 2.7421533151752358, [1]
-7.449876811071614, -0.1038105780394627, 2.040157609139599, [0]
-7.614939420460611, -0.773737458137116, 0.13964947743247313, [0]
-7.720961631721547, 0.8670764507197752, 2.122864756148463, [0]
-8.30998026139938, 3.7872557651026226, 1.887510005262737, [1]
-7.85646632412464, -1.0734566096136398, 0.8104593701755891, [0]
-7.542177950463654, 0.9198384074510004, 3.2065639701438213, [0]
-7.488395830948968, 1.4834957885720894, 2.581859820444545, [1]
-8.237243644202156, 2.9379545176315083, 0.7657125291629054, [1]
-8.174041202317312, -2.1526029878412185, 1.9320171327336775, [0]
-7.880164987825575, 0.1887075985581983, 1.7586888728594898, [0]
-7.61009023774371, 1.6112913486797806, 1.1427226298427926, [0]
-7.851031784482398, 1.2848568762542467, 1.6667203155096193, [1]
-7.5291055159950675, 0.33695189336289105, -0.27540193661828116, [0]
-8.079275972021344, 1.286306487689325, 3.0817623859260355, [1]
-7.335256541853504, 1.6630347935443814, 2.7822651804012137, [0]
-7.851392968154028, 0.6146962420399043, 2.101933282162627, [1]
-7.894982870992356, -0.2949736383349313, 2.6038756547470334, [1]
-7.495943473223699, 1.4723485990676835, 2.0175470421539536, [0]
-7.663344229262896, 0.13064279877349685, 2.978329025425172, [0]
-7.784444149474795, -0.20505774137086447, 2.539544459313159, [0]
-7.499454357077382, -0.3212528951313043, 3.45105516035712, [0]
-9.3478942452346, 0.6975539214737532, 3.6985550422368774, [1]
-7.714572063487197, 0.297164857292169, 1.2168512134922187, [0]
-8.001015542283877, 1.7158912640002955, 2.023845173178169, [1]
-7.431291922338093, 1.0792249324007368, 2.2122154858931165, [0]
-7.681152772191301, 2.003314656625608, 2.731981069736674, [0]
-8.032056895710198, 0.059689101075406814, 2.7327898527676537, [1]
-7.740768715816607, 2.4543811652609513, 2.0316687466706327, [1]
-7.891424374225174, 3.6268394280747107, 2.276580424044182, [1]
-8.329227449193866, 3.1794868056346024, 2.4731035352073136, [1]
-7.514378095464526, 1.9704397220928214, 0.3502478226946042, [0]
-7.668508222261053, -0.47654796729663007, 1.6819137844862002, [1]
-8.470337227136625, 3.716054483424447, 1.3509997675149301, [1]
-7.787065596831132, 1.1264820059444922, 2.4824636207551913, [0]
-7.80567717718537, 0.24051453702577708, 2.789049681275927, [0]
-8.39804212839661, -1.2308406010759882, 2.0369942306964104, [0]
-7.688996992331143, -1.462412336620879, 1.8970395501917618, [1]
-7.599978535010872, 3.7109197403574092, 1.0846250172193788, [1]
-7.700679005797115, 0.6541535567198036, 2.6524721013664845, [0]
-8.191463210010122, 1.8798868941693856, 2.477536153377597, [0]
-7.9779502844065915, 4.24279205493617, 1.6180648454547018, [1]
-8.43829775975689, -0.2795412170032031, 2.250985925720049, [0]
-7.731733192245603, 0.9019396164873921, 2.1302841334683547, [1]
-7.904836757137252, 1.3618864342664392, 2.1868118193578, [0]
-7.737766833511895, 1.519343898406159, 0.09817291411329176, [0]
-7.302511418870398, 0.015267185144743456, 2.635417370570678, [1]
-7.5845711698119835, 0.7899991538665674, 2.0338998642942627, [1]
-7.963200157655352, 1.802858521578306, 2.226431106897452, [0]
-7.8792369206787125, 0.029448999437208023, 0.4920834485321246, [1]
-7.519445063792416, 2.8436449490155065, 2.8750933256676676, [1]
-8.188887167691439, 7.650461301546513, 0.8387609168388712, [0]
-7.7318033898435505, 2.4213831582201513, 0.8658336664834757, [0]
-7.478203855614453, -1.2376377669046392, 0.914467164271349, [0]
-7.608870209331956, 1.5282621217209524, 3.0360064689078183, [1]
-8.351348087551772, 0.28157189862073295, 1.8251952085333871, [0]
-8.100791354800757, 1.1048075381006706, 2.3208801089842215, [0]
-7.920326211433971, 2.4303824216024332, 3.160435379090061, [0]
-8.481701134948697, -2.559508335958678, 0.7340813161909372, [0]
-7.870745443481681, 0.6405760199688253, 1.2767725853159204, [1]
-7.779681390206733, 0.736986032247307, 0.7584170668276744, [0]
-8.099591214115343, -0.5073295053150146, 2.8127542963337553, [1]
-7.712537740485726, -1.1252432515904802, 0.7918579499224098, [1]
-8.238863731231078, -0.7863200423036045, 2.0032798452336786, [0]
-8.158541233065337, 3.004074772428465, 1.6389097126715915, [1]
-8.20787469695176, 0.12048787045787945, 2.6478149073113806, [0]
-7.607442988959863, -1.528036736027935, 2.179597448832277, [1]
-7.646611258874282, -0.034363594188479896, 3.5582927702661835, [1]
-7.940702154662042, 1.0349540057417213, 1.1327512287310082, [1]
-7.429392903393316, 3.3092826751054827, 2.5227481508791776, [1]
-7.319411612081202, 1.15689760111172, 1.817893208581138, [1]
-7.956428071510165, -0.08245434649438099, 0.9463340973683206, [1]
-7.905035347683468, -0.07515462692476921, 3.262383689784042, [0]
-8.233791540021857, 1.8485994445262506, 3.0139708826886373, [1]
-8.183934926541662, 1.2284720589965323, 1.6018030061500608, [0]
-7.827253861955235, 3.4049503083721784, 1.7833948070614452, [0]
-7.566267353791755, 2.0220397519789466, 1.106658449006456, [0]
-8.081072623715636, 1.4183429375658245, 2.1668984877492785, [1]
-8.263624768007611, 2.0833430075400363, 0.5335283792342536, [1]
-7.445966267871944, 1.7840578822622868, 2.3611044458084574, [1]
-8.101580367918192, 1.3652346145401613, 1.3955156214883648, [1]
-7.350452513452336, 1.5931923624606035, 2.4489761329133386, [1]
-7.8213623086614, -0.5355858741245423, 2.986871246049166, [0]
-7.451829513302882, 1.004079124526867, 3.0525428794901988, [0]
-7.826208913767767, -0.854309956152757, 1.4161557841779469, [1]
-7.668529503508943, -0.7883454648137938, 1.1610080696252576, [1]
-8.043198032435093, -1.7490564024921926, 1.2791960609550712, [1]
-7.8319216805231315, 2.722641909899621, 1.4119338599371178, [0]
-7.82771902691995, 1.8608289452970004, 2.6407931544229744, [0]
-7.570532965860339, -1.5694300642835792, 1.5049605933158774, [1]
-7.776337746752949, 0.29411583777337225, 3.097108058941852, [1]
-7.690234619111484, 0.6934802251330361, 2.827112465538018, [1]
-8.036236621040649, 0.5402081697481598, 2.7858876545786755, [0]
-7.9742147482239325, 1.273939425077772, 3.0620604559086266, [1]
-7.801861236533305, 0.8832012624981394, 2.88328006362776, [0]
-7.765702198771747, 1.7746086876137128, 1.1228763494612939, [1]
-8.025461102961266, 1.4809832024814154, 2.4755094175560703, [0]
-8.234861185811491, -0.7827381317635391, 1.612592739875818, [0]
-8.19935048168235, 0.008771040296762678, 1.7721843843121243, [1]
-7.612529394302637, 0.794088850296785, 1.9087367583071473, [0]
-8.237601315877482, -2.237184219973302, 1.5645112275084843, [0]
-7.819955788483513, 1.2604645415398044, 2.4278614041229423, [1]
-7.346683203259455, -0.7748758527320574, 2.1322719560273224, [1]
-8.861289301959241, -1.39855816199971, 2.7843238079194235, [1]
-7.794501946094366, 1.531767096958593, 1.854188657395662, [0]
-7.897295584284805, 1.6484064905799247, 1.192256372108647, [1]
-7.9350830612834615, -0.47585409954018415, 2.6222737318722737, [1]
-7.8028767822770435, 1.3145915089605815, 1.4676360634526828, [1]
-7.933182328682524, -1.1956916170257523, 2.292886211323669, [0]
-8.310596113705891, 0.6699366960741274, 2.5034514289729315, [0]
-7.854680190676453, -0.7499461961516914, 0.7974018038167052, [1]
-7.66397350569033, 0.3723154317702684, 1.8028189381973663, [1]
-8.127790826651717, -1.8605920517148458, 1.4638462404700519, [1]
-7.770176895025848, -0.29638245186902723, 2.1974329024818666, [1]
-8.15304574648428, 1.583199871582689, 2.6740096874638413, [1]
-7.484277162528834, -0.6366866498551218, 2.4981535462100224, [1]
-7.959745234036921, 1.384367363054818, 2.78744455191856, [0]
-7.519029643704051, 0.7265601824835468, -0.220619761702467, [1]
-7.713544534592007, -0.018314219639818496, 1.5407159743417451, [0]
-7.488463299920626, -0.14302007651726223, -0.08633013271605394, [0]
-7.996987332272848, 1.7901578253782242, 1.621837218407345, [0]
-7.740835406611162, 2.0584818167098686, 2.399816674926813, [1]
-7.873729944781627, -1.4011297693713953, 3.1553596390696343, [1]
-8.006689817259234, 1.2246665096714313, 2.646520738234874, [0]
-7.583437544633077, 2.6903740989054246, -0.05041010385837641, [1]
-8.120893885630496, 2.548706386613196, 0.8928108522495779, [1]
-8.369687656156716, 0.17369983218047258, 0.898631486508179, [1]
-7.81503652297815, 0.2759189888478577, 3.395954779597169, [1]
-7.451817475582418, 0.11815165335620392, 2.0490433544351254, [0]
-7.832011164478758, 2.278175897722264, 2.584555501512413, [1]
-8.074370510113871, 0.37220070423933116, 2.2933446766525183, [0]
-7.740620013016791, 0.3028368733916973, 2.980038815851647, [0]
-8.64022128562884, 7.107512285182887, 0.6106745158796856, [0]
-7.600691828136897, 0.4660896451018448, 3.1001032852522425, [1]
-8.22626144529872, 1.3427535671585686, 2.599503693729919, [1]
-7.554141889325894, 0.6430823564374194, 2.8194607241173175, [0]
-7.615039609684327, 1.871340676812636, 3.0672822199383463, [0]
-8.07246149427059, 0.5292488530188011, 1.66420605205343, [0]
-8.141740298006985, 0.672445595126527, 3.0492725450873426, [0]
-8.18149022090976, 0.678178213895055, 3.5329044710627304, [0]
-7.672757600842414, -1.79136729809098, 0.9751249304668652, [1]
-9.093481450646404, -2.2692846536563427, 0.023417843590722853, [1]
-7.77200453299566, -1.4257834955667956, 0.14928372102850096, [0]
-8.055703246805345, -1.09336699586557, 1.2121940837369114, [1]
-7.584120004508219, 0.883977609630191, 1.9609034247442192, [1]
-7.3444122614244405, 2.1046824746066024, 1.904634966070814, [1]
-7.788929271551154, 1.2594155916736625, 1.1094902003063893, [0]
-7.808418535300544, -2.1076798409314454, -0.9509342778365943, [0]
-8.19528757881526, -2.0140580439427254, 1.79722982786337, [1]
-7.491139856818206, 0.48720291714758046, 1.4638126967162504, [1]
-7.440204431030065, 0.3784291671998139, 2.3919084673709885, [0]
-7.6694335651288466, 1.4920641168691158, -1.6948019731258661, [1]
-8.233524705265808, -0.7673797281176734, 1.645664533801393, [1]
-8.199140321523274, -0.34282745239165857, 2.1253825500601007, [1]
-8.286720729069721, 3.734631072329707, 2.045740306332863, [1]
-8.065533608095501, -1.0504354522621466, 1.4194919512549309, [0]
-7.62930388047469, 2.4853941922448515, 2.5689796147344346, [0]
-7.691123041971717, -0.9346170988383009, 2.322792175993148, [1]
-7.570337038346068, -0.3658550382061258, 1.979380067687413, [1]
-7.516296863082887, 1.3069896739844857, 2.381903552974988, [0]
-7.788151924862726, 0.43172608079563796, 3.1883714537761767, [0]
-7.789955828744111, -0.09336210093928532, 1.4436755949677975, [0]
-7.4318296868524785, 0.1498315910474044, 2.066962113451453, [0]
-7.515140956271274, 1.7010398414493766, 1.65957780355155, [1]
-8.16684091675663, -0.8096877431609726, 1.6182109276710857, [1]
-7.365852086964982, 2.8916357480008523, 2.0288511780566516, [1]
-8.128458829952583, 0.2712893052409715, 1.7428705256365564, [1]
-7.964522052348227, 1.951299023704473, 2.6405703923840353, [1]
-7.653391627871064, 1.7603109657702918, 3.1792340751043286, [1]
-8.252229429938717, -1.5615200868103238, 2.7939311092580645, [0]
-8.10107921724353, 2.6345847209112954, 2.1084249643921775, [1]
-7.774990406552576, -0.3098350765573164, 2.5922596714310946, [0]
-7.722904393732689, 0.852949844718788, -1.510489657857149, [1]
-7.57812719947328, -0.5029921327284241, 1.878943998109076, [0]
-7.744722421101286, 1.3765275560281414, 2.675639628641562, [0]
-8.628383304894292, 0.738100890276541, 2.247190120136311, [1]
-7.752951070247189, 0.5632467965482673, 3.109331757750652, [1]
-7.870129222651345, -0.8160059977950875, 1.7557438586103178, [0]
-7.777964329144028, -1.4902346878729231, 1.7932792817922727, [1]
-8.596011760222607, 0.023774104500498883, 3.1303633950203156, [1]
-8.880858643450125, -0.07477073114643851, 2.1384482907251448, [0]
-7.577456328463244, 0.7330423521178266, 2.867191874182081, [1]
-7.875522749058124, 2.5375835382311323, 1.8614923250398583, [0]
-7.598401175849497, 3.712194728794767, 2.3310441920903546, [1]
-7.569202034921248, 0.47789809041489373, 2.0485068353487694, [0]
-8.497161613293295, 2.13731262466682, 2.7380725180351027, [1]
-7.50872182572132, 4.106156614127773, 1.0594803726375615, [0]
-7.240491803359766, 0.9712704925194333, 2.6743149424113626, [0]
-8.355840977816268, -2.4277564844193127, 0.8584353332019543, [0]
-7.53452759784686, 0.6187591201146767, 3.048410816695354, [1]
-8.118370228490877, -1.312843962345208, 1.1277059703904773, [0]
-7.630140008170352, 0.4543391293877481, 2.3736018393585336, [0]
-7.894970316845838, -0.1952434346426739, 2.177354956247269, [0]
-7.324891244561856, 0.8394529949170513, 2.8806702376588973, [1]
-8.127381105787606, 0.09719778158213166, 1.0906635675723417, [1]
-7.693984562975008, 0.13872946792309998, 2.7890972501982465, [0]
-7.791395135687872, 2.0493518703668676, 2.219112624219315, [0]
-7.535633989973233, 2.1481970862482873, 1.6975069892742223, [1]
-7.898098938612419, -3.444171219837782, 0.226460457575289, [0]
-7.469084530590087, 0.9164758190112443, 2.042081474808483, [1]
-7.954906790731028, 3.3368070710045536, 1.7432279752872575, [1]
-7.66019629454351, -0.8543246566184264, 0.6828197819679284, [0]
-7.647693236378993, 1.320640046683142, 1.877333589405679, [1]
-7.738732190873844, 0.37794056533991816, 2.467199983676257, [1]
-7.675171059897849, 1.6022296505086318, 1.9192220582321933, [1]
-7.505145857353507, 0.5219483603377085, 2.1730625347374453, [1]
-7.71659129511217, -2.988674838311284, 1.9325864860578337, [0]
-7.576864642020989, -0.1686303012210424, 1.193318865240508, [0]
-8.069205618923151, -0.44366939891357493, 3.2506336933907485, [0]
-8.326262165514452, 1.7792108762155248, 2.1637292287417775, [1]
-8.001439050440828, -0.8348714801197379, -0.06256930457450971, [0]
-7.904075194427524, -0.7176731552800115, 2.3989730497216404, [1]
-7.545058322990495, -1.0426054483390932, 0.7011525582983674, [1]
-7.787448344742337, 2.2222921207829387, 2.697707996253689, [0]
-7.7952147746345695, 1.3484285472589062, 2.0851215352311723, [1]
-7.807202942829433, 0.7219521168668535, 3.1692255362532222, [0]
-8.931418093137493, 1.7388101441329025, 0.867927426896411, [1]
-7.683015169031394, 1.9864868725835305, 0.6982507012663572, [1]
-7.767164035564683, 0.15987685490802872, 1.3173609048390158, [1]
-7.411815054371189, 2.1034949457839844, 2.1383886014391917, [1]
-7.8680958217090575, 0.22556317825245553, 2.6876483718927435, [0]
-9.030151849784815, -0.8170414905872763, 2.861137844847428, [0]
-7.399501474159991, 0.5332238926577074, 2.4950113210625022, [0]
-8.067621329939104, 1.7908944586383602, 2.059007474021895, [1]
-7.500129408097641, 0.663414357821149, 1.6155793319883331, [0]
-7.760078335440619, 2.388099528084193, 1.9318876554657887, [0]
-7.61008987017523, 1.3304636156702352, -0.910478484092673, [0]
-8.110838163911072, 3.327419143615102, 1.9573214100683196, [0]
-8.844166287541695, -1.0588318289680174, 0.7733362456965607, [1]
-7.741429694744662, 1.9716778455717476, 2.14996078482081, [1]
-7.782671582988364, -4.454179111170742E-4, 1.4443757406522881, [1]
-7.884537013503726, -3.9274132118614533, -0.15332447654422698, [1]
-9.389451170858145, 3.9960881058673485, 1.1106905915557503, [0]
-7.581442702844353, 0.47023762652634077, -0.07636930406999864, [1]
-8.4492183840366, 0.13132260442709698, 2.017828157597938, [0]
-7.961877774186979, -0.9315661936311729, 2.537203031835434, [0]
-7.935599093993467, 2.0946917239565113, 2.358187256855379, [1]
-7.6227102060722425, 0.19643826777914142, 2.5048977045052396, [1]
-7.850816418182134, -2.2817480792615568, 1.2869704058210258, [1]
-8.624726675128416, 0.1852326882810667, 0.1538963778733975, [1]
-7.54537249532395, -0.7186555000784691, 2.3870289265301627, [0]
-8.101030916465142, 2.768604029372967, 2.371285367389058, [0]
-7.443972350565795, 2.9870743558783617, -0.11297895788674284, [1]
-8.413875294764942, 1.2579677476427362, 1.613040390004682, [0]
-7.656141801851387, 0.39233144425607314, 0.2787532667601571, [0]
-7.701335561488816, 2.215981493077982, 2.116573656322854, [1]
-7.5601028739914335, 0.6953091780315301, 2.0874589978353297, [1]
-8.087478577978644, -1.2628952719759239, 2.4789294658955905, [0]
-7.936578249519471, -1.2670324148539431, 1.1532396193667205, [0]
-7.395542696236708, 0.7129101959025381, 3.0159097421355403, [0]
-7.65091367648255, 0.6784160012737599, 2.6340312961626333, [0]
-7.3110801821096665, 1.1875313413741138, 2.80677947438845, [1]
-7.540897809081213, 0.41941526281976127, 2.8235313061790195, [0]
-7.550335042984802, 3.080009047107267, 1.8389820571769726, [0]
-7.94982904255327, 0.014842133429531557, 2.515419251020686, [1]
-8.71033004431525, 1.3126007694020627, 1.220936161310258, [0]
-7.784471551448676, 2.1361390209190794, 1.0909553737327964, [0]
-7.781388492804621, 1.4909102656682123, 2.0585009740033646, [1]
-7.971930122516387, 0.010497037702971612, 2.004417520704842, [1]
-7.9160746007429825, -0.4235931382130327, 3.555463404499351, [1]
-8.502132304646373, -0.37349000099639484, 1.9372800495274929, [0]
-8.409110931721782, 0.13054621698007352, 0.7691506898710481, [1]
-8.264778165501237, -0.6628310087700542, 1.740025654019361, [1]
-7.6917562022578, -2.38719917046095, 1.4352404162378047, [1]
-8.295393502119065, -0.7717030023157747, 1.1500205152148597, [1]
-8.323389652214328, 0.11576072584407338, 2.7121759690270486, [0]
-7.400771338185977, 0.41472290353188535, 2.8204649627206417, [0]
-7.914596874683338, 0.3714534694283702, 2.6414972470860354, [0]
-8.140212581772861, 2.5403359569779878, 2.0593609507079935, [0]
-7.456518707097942, 0.8935108732578039, 2.600281388506669, [1]
-7.8223335364523106, -2.5848437904580415, 2.028315191290213, [0]
-7.6138307144326784, 0.8457806689270989, 2.5056349488614837, [1]
-7.69494303123224, -1.580451903623635, 1.8426853078890097, [1]
-9.479975370926509, 3.253439197715338, 1.9788935043171554, [1]
-7.538014242359491, -0.17354711462852013, 1.8587477425349619, [0]
-7.414753589349276, 1.1566190943169208, 2.3867310291647055, [0]
-7.56380673922017, 0.02632401421717523, 2.8966640366189313, [1]
-8.15937314523209, 2.5987490376562983, 1.74446021860733, [0]
-7.591505850285067, -1.8039263916565729, 1.3880247210415515, [1]
-8.013794682131078, -0.05429613889752727, 2.6649035239662577, [1]
-7.808499290380604, 0.6878310290909013, 1.6578765564233313, [1]
-7.457655293120729, 2.385313145441205, 1.750903706828781, [0]
-7.872799488441692, 2.230833485413323, 2.122084439377443, [1]
-7.818363182037031, 0.616704831130253, 0.5621526162266377, [0]
-7.933838215788665, 2.920408454756799, 1.7828870576427036, [0]
-9.38135714804546, -2.1854990673608206, 2.4149802743821533, [0]
-8.048965465915437, -0.6936586319564215, 1.4497659031735988, [1]
-8.103422175160786, -0.3461523431202994, 2.975558878667553, [0]
-7.6074237588744005, -1.101219169643413, 1.8065953609140917, [1]
-8.145344875995795, 2.3743434694848946, 0.9022152540928867, [1]
-8.981653359842094, 3.1433206824015723, -0.4859967478655354, [1]
-7.944771423000591, 1.7560283055175874, 2.564664628655088, [0]
-8.165312128631662, 1.563811321657731, 3.1249031343181173, [0]
-7.611519474434389, 0.5924633421032048, 0.09883922722803451, [0]
-7.55644116958677, -0.0794901427179675, 2.0978248785867915, [1]
-7.221368949241842, 1.4685327414211737, 2.1557661812212303, [0]
-7.471634029247572, 0.3117267899729246, 1.4380799841053435, [0]
-8.05857460441785, -0.10764601388015582, 1.8656188990118663, [1]
-7.6495573015281195, 1.4760123484760548, 2.361883357922832, [1]
-8.230725938022951, 5.0563654643110745, 1.040622911270202, [0]
-7.799941019580147, 6.390149267737987, 1.4115892691800558, [1]
-8.069906369409397, 2.7245169374392644, 2.0046996437962004, [1]
-7.681901034587815, 0.5795859765024671, 2.4526672213220633, [0]
-8.110782008251206, 0.3064863439797588, 2.2994364943178467, [1]
-7.673837726611161, 3.270606135067583, 1.990608047006091, [0]
-7.885432565138922, 1.6351820924166602, 1.5328943851974413, [0]
-8.788394513248367, -0.3753787966865696, 1.8513973442371736, [1]
-7.490940781203852, 0.04898210987556928, 1.8154572632315926, [1]
-7.616705120940778, -0.17345388532718908, 2.1145424912367035, [0]
-9.17688502702978, -0.054057822639391795, 2.3993638242360795, [0]
-7.999160506862507, -0.1609032740955847, 1.064066346473393, [1]
-7.661503256383963, 1.7831229071010029, 2.6731777091149924, [1]
-7.856372497142771, -0.5440088183453282, 0.8963697156517872, [0]
-8.351002885899172, -0.7107901930697942, -0.09444975443037285, [0]
-7.575090470332534, -0.6525971961471079, 1.6945471393844884, [0]
-7.879420515468794, -2.2933500502139204, 1.4976052943436833, [1]
-8.589027008612451, -0.2962984265135086, 3.4316455624238418, [1]
-7.510571482228399, -1.5581596291751671, 2.6275559825785604, [1]
-7.547504543150893, 0.11571514049777898, 1.0113253589144484, [0]
-7.411563822582916, -0.3474256078031812, 0.8677821989128767, [0]
-8.534163994948056, -0.13581129625272825, 2.9336150252589954, [0]
-8.263064897728215, 0.7341719936497544, 1.6541506881182446, [0]
-7.599342768139348, 0.28128820830580986, 1.5866245110779156, [0]
-8.218836724164923, -0.6637364495896232, 2.7402443554937927, [0]
-8.503580491983922, -1.4105189600088917, 2.5589601921027527, [0]
-7.985249193486472, 2.0541175684880386, 2.410746055175815, [1]
-7.715205766808297, -0.523954672654364, 2.818815194858516, [1]
-7.841985638839434, 0.2667856121105596, 2.9301633632552875, [1]
-7.496513960076046, 1.726287598314244, 2.729457964571567, [0]
-7.8641077836308675, 0.22140240350234675, 1.5657018429538245, [0]
-7.46362112424328, -0.841703375161335, 1.1086067743319672, [1]
-7.674992883198029, -2.693291106012774, 0.7585657002718618, [1]
-7.408458727374997, 0.5731919825018441, 0.8386994782840267, [1]
-8.315499674629867, -0.5541534963990551, 1.8056479101958984, [0]
-7.628803137529805, -0.6062540397384654, 2.778549893256888, [1]
-8.263845080951867, 0.01704422122842697, 1.9263769166921372, [1]
-7.462573465723294, 0.39744522867743554, 2.4623420120694277, [1]
-8.31114130552834, 0.11269234513802373, 1.8480130663337688, [1]
-7.7819284919786975, -0.7298800253274481, 1.5767100094239013, [1]
-7.7397429858259565, 0.6748869966331351, 2.3964970263796106, [0]
-7.492984608957418, 0.021807193378319267, 2.8128025516797575, [0]
-7.62954356291051, 2.9578886857542424, -0.3286541086995367, [0]
-7.7765973295499995, 3.041374366213569, 0.8099741715504072, [1]
-7.53767295277742, 2.80390683385837, 0.9984972683424187, [0]
-7.889216111822541, 1.2015804385074995, 1.3582237549685536, [0]
-7.7108263930031375, 1.271288408882131, 3.290627424033769, [1]
-8.703024120980414, 1.1006184368636112, 1.2402423506358313, [0]
-8.594305943315506, 3.964212606624168, 1.5046374834481744, [1]
-8.02904185013786, 2.1666553644306266, 1.5445422760159202, [1]
-7.519787325510073, 2.2579820456422177, 1.8064160107622567, [1]
-7.276128535683371, 0.7192130860037346, 1.6901841699463263, [0]
-7.622946125026501, 2.416870021624445, 3.30884603859198, [0]
-7.663533453788551, 0.0189300384526625, 2.8344311420785573, [1]
-7.655347289870762, 2.4164225096505367, -0.3523490983890697, [1]
-8.041593443233259, 2.4520269120818874, 2.1321987064162187, [0]
-7.836489643833324, 0.6640552407162117, 1.0240061359055541, [0]
-8.418660762970376, 3.585585919925776, 1.5625645447773353, [1]
-8.268449568213292, 2.0783783787659127, 2.63027226329666, [1]
-7.935970517334548, -1.3482090584652988, 2.703386874289647, [1]
-8.286987392767921, -1.1123106386606423, 2.8985119109880686, [1]
-7.363981492109877, -0.5124527491457728, 1.8904468002263606, [1]
-7.502980344285149, 1.0643746422418978, 1.9297581822593952, [0]
-8.264437234316192, -0.3852152421882258, 1.2578078173835463, [1]
-7.780094086736875, -0.7247793004734426, 2.644034659772961, [0]
-8.48283765694471, -0.5407766375285985, 1.8039989535620875, [1]
-7.332957208134742, -0.04399562472874774, 2.87225633432609, [1]
-8.051069664551441, -0.7910343515194795, 2.5627320191432643, [1]
-8.695761000186492, 0.7156681107316413, 2.569377328430305, [0]
-8.1602787690449, -1.303561334273611, 1.785875306976365, [1]
-7.665464520443323, 1.2298509067810617, 2.787882290740666, [0]
-8.660801290815273, -1.5733972925766637, 1.3551103970364977, [0]
-7.258846147696059, 0.6666030014319485, 3.091182162390104, [0]
-8.240646950732339, 1.42495377657507, 2.4980365534962723, [0]
-7.965448395926284, 0.5677214375320339, 2.241289911286365, [1]
-7.762392632910458, 2.014263956498042, 2.2026293715491843, [1]
-7.676752878241738, -1.0575618550488848, 0.6082637815179295, [0]
-7.6374747965399505, 3.3242274545900625, 0.2194212954457515, [1]
-7.877094392745021, 2.831741241670972, 2.1125436580163597, [1]
-8.04310611301614, 0.9984229083010137, 2.992408225379071, [1]
-8.816953097607273, 0.18603508809379943, 2.491238453818553, [1]
-7.365536312987711, -0.29927143518101307, 2.4184274499991183, [1]
-8.004930035653075, -1.0502136243307074, 1.9979033869680232, [0]
-7.339543896598099, 0.557905620362056, 1.5946887131374012, [0]
-7.984316390835612, 0.05806988291343551, 2.70345853732453, [1]
-7.900874904319121, 1.9541312542935576, 2.1410962706961603, [1]
-8.373710053508905, 1.7312599396150958, 1.5686334074914141, [0]
-8.093801733272992, -0.20990730317908635, 2.7019479125756085, [1]
-7.629410537481997, 0.6825211649863042, 3.7423883276614633, [1]
-7.995839183038918, -2.071363764769913, 1.791422106423945, [0]
-8.560320136210487, 2.4534436180979524, 2.7488081581441595, [1]
-8.461194371591716, -1.4577736571742834, 3.066844347441747, [0]
-7.631298818482285, -1.6061214098537966, 2.0909463120677554, [0]
-7.248168883209245, 0.3525554265592873, 2.521351142819324, [1]
-7.926343995695246, -0.690435226041496, 2.8361956484612163, [1]
-7.836748624715756, -1.6733950693457027, 1.8647497851428596, [1]
-7.889968470430763, -0.16279756932474632, 3.234305859211576, [1]
-7.431519936221258, -0.09628891635367404, 1.390627155250423, [1]
-7.980965465724254, 0.6614248162824858, 2.367674497128437, [0]
-7.373565468388496, -1.898820545872434, 2.107745863972453, [0]
-8.357448597100051, -1.254187573212487, 0.7023494781452158, [1]
-7.598635742199108, 1.5628142580741027, 3.188151155977639, [1]
-8.051369954436932, -0.7400096695246221, 2.642617062166253, [1]
-7.899283566244149, -1.7681010456754163, 0.6825202350037145, [1]
-7.9688000738770866, 0.4763593164385429, 2.605462879363137, [0]
-7.8715484668969795, -0.1307906857259704, 2.5236310959196087, [0]
-7.688892087731705, -2.0564287875705585, 1.2560593320321796, [1]
-8.302941495991888, -0.7806376250696081, 0.6305108875665499, [0]
-8.087599497387375, -0.22781213732096472, 0.777621609456976, [1]
-7.76942950399013, -0.9582342002200677, 2.5807825044879467, [0]
-8.152091729333229, 2.4231597360021424, 2.1649567155715097, [0]
-7.745019887061901, 1.6945568661218284, 1.6202775563828697, [0]
-8.010804072523822, 1.3182963944243224, 2.193510859566368, [1]
-7.546796846373056, 1.5868508039753249, 2.774939689542242, [0]
-7.787360840848749, 0.6183398567578784, 2.1669274648325683, [1]
-7.841142008157081, 1.626187661302664, 0.35419369622689556, [0]
-7.895751512929422, 0.59234571206219, 2.7649219134917775, [1]
-7.896238214586362, 2.104367323054208, 3.015649471781137, [0]
-7.991278035638538, -1.1256756424943446, 1.8625972357655094, [0]
-8.309680319256163, 1.4458207239078145, 2.860122773198974, [0]
-7.948250776853928, 2.4227361067265814, -0.14125729269828358, [0]
-8.986348829887369, 1.0734261137433068, 1.1165597344461253, [0]
-7.924637434205814, 0.2575867376415715, 2.852101494880351, [1]
-8.039062708914699, 2.8519055900860515, 2.038663900310528, [1]
-7.6872406356681795, 0.4558452687583381, 1.0671528307449556, [0]
-7.3530650624442275, 1.4696590677535735, 1.4259908412648024, [0]
-7.842530895277577, -1.8183159580083514, 1.3579925422030121, [0]
-7.784641636570991, 1.465802775821192, 2.2459766432672197, [0]
-7.865200503703587, 2.8388671023983996, -0.7460152587211651, [0]
-7.916480136826787, 0.4109008907441041, 1.0968149515287, [1]
-7.946181287166552, -0.4908730289886091, 2.434617659923437, [0]
-7.796995305109311, -0.5805421390135814, 2.692424063521146, [0]
-7.616651986480375, 0.6658285600065503, 1.9808392881998023, [0]
-7.420984616188561, 1.1903181896471622, 3.2435520792719625, [1]
-7.8543775483894525, -1.029680763593221, 1.8363436615492768, [0]
-7.926518240353825, 2.089651810635033, 1.8988984737986425, [0]
-8.2039508211121, 1.7532319371499039, 1.7556122288684275, [0]
-8.005609850138567, 0.9191983056902614, 2.742695797723243, [1]
-7.606499902268987, -0.23149401522148216, 2.210064558866558, [0]
-7.795657922660417, 1.160058255772488, 2.477463469136323, [1]
-7.70803142397083, -1.3325396827588403, 1.4189426051905074, [1]
-7.948638217172769, 2.3238089956399657, 0.6004525680391826, [1]
-7.887387706872951, 0.015785196395357914, 1.8758874723812342, [0]
-8.597073412509097, -0.17648123327775656, 0.9083787091227326, [0]
-7.67070036750587, -0.6136084005872307, 2.4659091744922685, [0]
-7.570000824663035, 2.0483726446656165, 0.8263784095540974, [0]
-7.781584007803795, 1.2191796320144277, 1.2647755300967498, [0]
-7.853768625212862, -0.34935478429954137, 0.9673814157367211, [1]
-7.912070026097189, 0.098715712182456, 3.6661127314544166, [0]
-7.691842068340963, -1.1218679519482058, 0.0062572401900449215, [1]
-7.601615944298847, 0.07145991863836809, 2.5188090632679665, [0]
-8.103336229255508, 0.3707513838366232, 1.07934101691646, [0]
-8.292808823425244, -1.1570672792488965, 1.2208078822313266, [1]
-7.78120511978503, 0.8200734849467115, 3.4219974328972467, [1]
-7.867098149147415, -1.2011967484361425, 1.9503865704323076, [1]
