t=0.0028061337848955237
logZ_t=-2.97079033166555
-9.855636738755084, 0.5952700971312057, 0.771187151394289, [0]
-9.300831098045323, 1.3251386689639066, 2.344204081136749, [0]
-10.489740328529546, 0.5745412609648216, 1.9418094513246706, [1]
-10.098169823205033, 1.6494725778747945, 1.6727930856475512, [1]
-9.840857000263247, -0.0737365087279121, 1.472232688647, [1]
-10.335754503186237, 0.4662320631448367, 2.7649934748472176, [1]
-10.743065004546644, 0.773531037061272, 2.47489909018355, [1]
-10.378000261697798, -1.2149161005412068, -0.3488235061180307, [0]
-10.124651118367085, 0.839275823118937, 2.574620624873127, [1]
-9.73104559014177, 0.38470510759302445, 2.6287506340999043, [0]
-9.759722449713898, 1.8812108628459583, 0.3574809673574779, [1]
-9.953490607772684, 1.0445767721652213, -0.0367282750344009, [0]
-9.57005414315207, 0.9005383794733455, 1.933294246481203, [1]
-9.757967945285877, 1.02300333009791, 2.2325286919457477, [0]
-9.81447795598672, 0.9130488314862588, 1.3480097486151155, [0]
-10.754558845251038, 1.0500109887210882, 1.3997406949834543, [1]
-10.640053197058306, 0.21873284490186828, 2.3685948009092943, [1]
-9.207357528051174, -0.03156902862297911, 1.8456483000284252, [0]
-10.797415555378933, 0.6550504061301452, 2.294207751397728, [1]
-10.216531192964597, 0.36247937943087494, 1.6948901072227356, [1]
-10.243401986569218, 1.4765833861807665, 0.7728389834060594, [1]
-10.216095538993276, 0.6515018864161587, 1.8843157559975408, [0]
-9.142328481460522, 0.9988064893726223, 1.1953787012058354, [0]
-9.605631978693262, -0.4828189772244904, 0.15725391247570042, [0]
-10.053643386801864, 0.06276628668042208, 1.826046039584448, [0]
-8.945938756271499, 0.5813805628047157, 1.4069123441606366, [1]
-10.465481503118497, 0.8724406465563261, 1.3742095119087872, [0]
-10.62925611827453, 0.6044766422659329, 3.105266224308072, [0]
-9.960954965574734, 0.15161687879650343, 1.5271510910716461, [1]
-10.325852387721616, -0.13385673510067542, 2.584244734482606, [1]
-9.125977093931883, 0.9255856201407222, 2.6370195180731284, [0]
-10.885658999528529, 0.3268614717618161, 1.963610211685544, [0]
-10.054514790172522, -7.671244095880381E-4, 1.0507955652002514, [1]
-10.334897735014241, 1.0752422393645915, 1.5598371728793958, [0]
-10.649267532785181, 0.01471636290245959, 1.5550862984373208, [1]
-9.764950896130395, 1.1904965245130987, 1.0737307911416663, [0]
-10.383169851156577, -0.1005642497276098, 1.6758166942009531, [0]
-10.46883358921071, 0.9818595935676275, 1.4393717681210134, [0]
-11.823226558043666, -0.9810373041558159, 0.5066737152975822, [0]
-10.38798741241319, 1.2073704673955001, 1.8409993465499448, [0]
-11.173371091056213, 0.5258066816790649, 2.2514357859392806, [0]
-10.613983583297282, 0.1990095014387514, 2.0661859231317043, [0]
-9.687443866547499, 0.4252096951220042, 3.0867229815977186, [1]
-10.081641039540685, 0.7137005585661579, 2.6054442005507403, [0]
-9.306049916133624, 0.7705697718599802, 1.5680047126965828, [0]
-10.400509471181946, 0.6163098688457371, 1.462610462996455, [1]
-9.178858915484414, 0.9504009372089502, 2.7417842137382533, [0]
-10.26234852822041, 1.6154259619278244, 1.7550721725177691, [1]
-9.651120932652683, 1.1876251186757334, 0.6640942677077422, [0]
-9.968127097728056, -0.38514825291592825, 1.4111882569643468, [0]
-10.958293633567255, -1.2142707626174243, 1.2126585961792142, [0]
-10.445994364722715, 0.7694779397276137, 1.5021473921622488, [1]
-9.841160881524551, 1.172666644294873, 1.4985283847391795, [0]
-9.77608399132488, 0.9358785249695525, 2.771391871975456, [0]
-9.378167964729855, 0.7253221210494171, 1.8996064397057033, [1]
-9.572799447347627, 0.08867388178087787, 1.682116082244107, [1]
-10.198344826090125, 0.6854505414254035, 2.327518720930759, [0]
-10.3390675866825, -0.5120119175779483, 1.9101463756804447, [1]
-10.382381582452538, 1.2301065237679747, 1.3744906689090155, [0]
-10.186988377419251, 0.7176661844487066, 1.9933566552483537, [1]
-10.063679043625458, 0.9255447743305657, 2.250929429558381, [1]
-10.577562183460435, 1.6313210990295612, 1.0651834098180757, [1]
-9.631620079577244, 0.1335553636713357, 1.3458244687969558, [1]
-9.651510006354624, 0.8394812587707605, 1.545359445403455, [1]
-9.948401453285237, 1.436661526434694, 1.3581795189835926, [1]
-9.973927736888104, 0.48791785508042396, 1.2178650390357244, [1]
-9.893728103312249, 0.7575238544923665, 1.6271232822431552, [0]
-10.188997385853845, 0.17384953841975004, 2.9919589782613727, [1]
-9.520978125225112, 0.6353061645675524, 1.4967659882238027, [1]
-10.407027863792614, 0.43221517565360545, 3.1093635374253665, [1]
-9.330081399577088, 1.30137011220187, 1.5700848917080648, [1]
-10.127765028457727, -0.8366615141948026, -0.39060348734436245, [0]
-9.197085961356837, 0.7991535496526421, 2.362593785352795, [1]
-11.479026289493119, -0.10368062102873105, 1.484430502942133, [0]
-10.536822389858605, 0.9693538614246008, 1.0485795659780155, [1]
-9.95524144616881, 0.7336584956208791, 1.580818309351666, [1]
-9.659364229159566, 1.9907644329993375, 0.7695782038715631, [1]
-10.154070212110067, 0.40062325253006453, 2.084689684931001, [0]
-10.629502927176475, -0.030962084645560994, 1.3046241271330898, [1]
-9.805019692543404, 0.02260935300518846, 1.912822808381672, [0]
-10.088524907359636, 1.1040620906926268, 1.5031009172334384, [0]
-9.723438325885025, -0.6356426480178043, 0.9962600574248527, [1]
-9.526151515950428, 0.5255932104149303, 1.544121646451235, [1]
-11.427065954728185, 1.135562208235379, 2.499830176049283, [0]
-10.600514601360155, 0.9639689588343963, 2.3628949843520735, [1]
-9.815232666848484, 0.5222216149643113, 2.1731932307237454, [1]
-9.823251894902503, 0.3052096545261693, 1.5328299760871757, [0]
-10.065081634176899, 0.7962652175380653, 2.727714152171292, [1]
-10.450130854454853, 1.427863475611053, 1.8600986652295135, [0]
-10.182795812539517, 1.0020254269674753, 1.288336785861488, [1]
-9.43339312864455, -0.3029340193731904, 1.0833210433960638, [1]
-10.45004507860171, 1.6500580858869807, 1.4811067705866479, [1]
-10.133423108057327, 1.009689815504899, 2.4717254179867583, [1]
-9.995086859604815, 1.6667005627240856, 0.8854362157017801, [1]
-10.35093433643342, 1.295141452463132, 0.5812233687574104, [1]
-10.472945145702825, -0.3927061234880804, 1.7539187942604169, [1]
-10.92762976879072, 1.729195394996013, 0.833516379550655, [0]
-9.546130983939891, 0.09653117937178396, 1.3408306150229152, [0]
-9.901594393018101, 0.6388554482396542, 1.9683598591225129, [0]
-10.233026881181608, -0.2576676261338893, 2.1174745747065313, [0]
-9.600419904541265, 0.683628484584687, 2.5178716388172426, [1]
-9.363506191764978, 0.7828677484327191, 2.111842935839055, [0]
-9.224820522849056, 1.0996457112639801, 1.8542599038503216, [1]
-9.252648440086936, 0.3223783131355371, 1.7542755636237124, [0]
-10.622761254927964, 0.14827985924614984, 1.3391415637999375, [0]
-9.34178973013598, 0.19543443834615323, 1.1985843424970737, [0]
-9.807699923962517, 0.7415943873331999, 2.720615455079354, [1]
-9.902317960305606, 0.7123339219373067, 1.9916875066216893, [0]
-9.603501695642514, 0.1975755885222843, 2.872391665885537, [0]
-10.121122564648772, 1.091278531029953, 2.222485320029954, [0]
-10.301732945314455, 0.07892234733953873, 2.1232515261977127, [0]
-10.004524091410058, 1.7252263992280161, 1.0426256223595611, [1]
-10.155437600616345, 0.9377534030456356, 0.6325327566726157, [1]
-9.193666165855818, 0.26473757207019677, 0.9738586049400336, [0]
-10.18620307369197, 1.1330920953196086, 2.7046324939128605, [0]
-9.482337765552835, 0.8301433111821647, 1.5170634795306288, [1]
-9.764627593656808, 0.48207654518378606, 2.130980990128326, [0]
-9.717440235139225, 0.5195661498753096, 2.653705700052134, [0]
-9.184478488589088, 0.4359692795008383, 1.3474533765125656, [1]
-9.602307653077176, -0.12143166257109617, 2.2934778004323113, [0]
-9.755295381554381, 0.12316162825735721, 2.4088486397029634, [0]
-9.685597191462465, 0.4961907396865875, 1.4984813944870576, [0]
-10.31000006325729, 0.45760627270916165, 2.9086596241363463, [1]
-9.425252219540083, 1.1626954922510688, 2.202761590213897, [0]
-10.684042436496446, 1.3237622858862443, 2.125416809007468, [1]
-9.561438552485779, -0.1626120877529249, 2.0314157129174797, [1]
-9.76457777834233, 0.9230082625779111, 1.8010207013918322, [0]
-10.59254776782194, 0.8676422459412088, 1.3795279283786466, [0]
-11.050623798363436, 0.21051773234419272, 1.9235742607649071, [0]
-10.390000232595735, 1.682578017298343, 1.0117031634852578, [1]
-10.001649385609456, 0.14737428449717338, 2.651111198883672, [1]
-9.787056741432027, 0.9867494528252696, 1.4749843014921522, [0]
-10.284895223453441, -0.8544203007060921, 1.6527895886950585, [1]
-9.40497811808406, 0.7462530761189481, 1.5926761663993505, [0]
-9.615683297155217, 0.37251268584425645, 0.5309433694982584, [0]
-10.323348511026909, 0.14642619978398103, 1.3494066596543952, [0]
-10.434164195200225, 0.15355305583986645, 1.2897096993127826, [0]
-9.559590570988563, 0.8230790295519571, 1.915222225162936, [0]
-9.92179905735074, -0.06441472893280145, 1.259366953577843, [1]
-9.940422762255457, 0.5298491376934249, 1.430448978170753, [0]
-9.260316821565203, -0.4391735766374323, 1.413070468729144, [1]
-9.648599430453231, 0.4064778881009096, 1.8500397256049912, [0]
-9.669769227097172, 0.7860994739847678, 1.9296798662682293, [0]
-9.836853513942577, 0.8706353763443797, 1.2521085023892535, [1]
-10.866792757651162, 0.13524426685380042, 2.5072238922910763, [0]
-9.336064257345367, 0.052257727808260324, 2.3499924226073428, [1]
-9.42871166653437, 1.1114639621069207, 2.2248898484170603, [1]
-10.316803003454975, 0.6446290041027398, 1.7763613463204995, [0]
-10.756801883817772, 0.4465193088378885, 0.3204824276029302, [1]
-10.136577280217175, -0.06639321293992353, 1.490703130797511, [1]
-9.789786069850178, 0.478044733272212, 2.8735209371572514, [1]
-9.622226935251899, 1.3615095007177909, 2.265630449065694, [1]
-8.973531554270657, 0.27957403636722467, 1.3680090384955184, [0]
-9.409967687361485, 0.755155144937854, 2.1975084654872656, [1]
-10.255481587340373, 0.48477565222947483, 2.52546981244119, [0]
-9.745021173051102, 0.9562853332679428, 1.3319128479189797, [1]
-9.490272912197648, 0.6533314978358004, 2.5469152882287243, [0]
-10.464252796846576, -0.04087743968641633, 2.3999893896263536, [1]
-9.56965829869588, 0.9798517286828757, 2.2150411129750305, [1]
-10.307625189112876, 0.5840552257553193, -0.827985608401967, [1]
-9.58055955395943, 0.5607869958771317, 2.0785147476010217, [0]
-9.101873395244823, 0.7357433773612946, 2.0476791555048783, [0]
-10.094906838438858, 0.8837472606684904, 1.1509609137176589, [0]
-10.22728184579869, -1.2222619441176312, -0.43057223034382464, [1]
-10.04339625572628, 0.7982984100922381, 2.1653596851607584, [0]
-10.00499835660625, -0.4168917704509725, 0.3053035341590521, [0]
-10.049890693942444, 0.33954617887178085, 1.6166294085590827, [1]
-9.574490906384572, 0.14515907106152837, 2.119963147404846, [0]
-9.659695090932601, 0.8617544097150954, 2.473312598641139, [1]
-10.61786578607627, 0.9947332641062999, 0.5794674785621803, [0]
-10.43443250570339, 0.46270595532994363, 1.683811532883626, [1]
-10.18957003243417, 0.11116846215212495, 1.4734551543397203, [1]
-10.11691109388944, 0.38205983123206044, 2.272907415999672, [0]
-9.867034016826606, 0.766320963400239, 2.085696152158107, [1]
-10.156846340050897, 0.7207215557243769, 2.53600973595927, [1]
-10.067815343252356, 0.4811706466169683, 2.7506503121207007, [0]
-11.47373778391914, 0.36660389141036165, 1.565406962712697, [1]
-10.052756246035823, 0.3459012830747028, 2.2855450154229495, [0]
-10.25710404354734, 1.2799855513258203, -0.046335802418647654, [0]
-9.996225349493255, 0.5407223765133438, 1.8150240021682373, [0]
-10.714579204676232, 0.4338962105977758, 1.9967387200511615, [1]
-9.907784670667136, 0.4456245774642551, 2.7241617435955376, [0]
-9.364639403829822, -0.052650309179530175, 2.16834815073667, [1]
-10.238729547148784, 0.34878056032672505, 0.806901360039803, [1]
-9.945011943154059, 0.6333686944242274, 2.61501882759077, [0]
-10.556386121385383, 0.7021348104562569, 1.8314549650079106, [0]
-11.135741533066826, 1.914013964137215, 0.45768685037885676, [1]
-10.247462215640686, 0.9772131887739713, 2.4281040998491434, [1]
-10.719577167597283, 1.2426288095391407, 0.3694425434484283, [1]
-9.404365362251365, 0.5434670288214505, 1.656844391058911, [1]
-10.200324766260353, 1.741109454551382, 2.0720757606422278, [1]
-10.299927621547878, 1.6154654589824253, 0.3607593079968403, [1]
-9.675165650486816, 1.4369420517853413, -0.2650263882850472, [0]
-10.309083167431464, -0.15656418317016074, 1.2480199306802224, [0]
-9.98211181758271, 0.15563809718074817, 1.4121404773652195, [1]
-10.068800642133938, 0.5347728197813111, 1.6343361379612218, [0]
-10.489935263210693, 0.8299833820740078, 2.401840552816871, [0]
-10.541161722379305, 0.7874747745657812, 2.1432552701175074, [0]
-10.840011242410972, 1.3204044693726802, -0.7485055954321064, [0]
-11.221765985051887, -0.4635061619457428, 1.2719803405682182, [1]
-10.18814287624473, 1.0648653386729898, 1.670616525134535, [1]
-10.88484908554587, 0.2330748476328834, 2.0891267323147713, [0]
-10.068483030755674, 0.8960783661438507, -0.473602307030499, [0]
-10.17181045489046, 0.770953052632523, 1.0115028771794454, [0]
-9.034956369495395, 0.5557147447511278, 1.8721290648957654, [0]
-9.591287508251234, 1.3805592766593182, 1.6445158180440183, [1]
-9.859930980183577, 1.160947747073669, 1.8605331867592645, [1]
-9.91256720145081, -0.2345370113133362, 0.9643536608325323, [0]
-8.935481213588309, 0.4159904483928297, 1.5093720244354185, [1]
-10.390861305495237, 0.8947829883994125, 1.7169869571008398, [1]
-9.584281093490437, -0.21425670376287262, 1.8211144413839506, [0]
-10.962302657920853, 0.5923525960007612, 1.84219089875076, [1]
-10.45119520053312, 0.5686681543327852, 0.0186958365964026, [1]
-9.979587467748944, 0.7937522187486813, 1.4560010803440797, [1]
-10.132979262621397, -0.18433096867841403, 1.8293925737288121, [0]
-12.196650419032466, 0.15087421631610157, 1.3614215428429366, [0]
-9.918265551506678, 0.5935057521284692, -0.5329588135556715, [0]
-9.363275477395097, 1.0638201995015484, 2.687777632742348, [1]
-9.9089653872832, 0.9322231447550664, 2.597259608710537, [0]
-10.145759370428415, 0.7678071162249509, 1.3883437445874924, [1]
-8.753725338166717, 0.9050299150939691, 2.239464058871691, [1]
-9.538561176101403, 0.14830260308125276, 2.240802709852224, [1]
-9.59297498174571, 0.4025227795621886, 0.678087738002621, [1]
-10.880858565367832, 0.0917951649881622, -0.38173094239021294, [1]
-9.42553185919752, 0.29565394667647477, 1.259077634347967, [0]
-9.078504406569609, 0.8211871033267922, 3.1794224158439217, [0]
-10.019671429525005, 0.4709108713978739, 2.527201904455473, [0]
-9.078341443497017, 3.988020591899899E-4, 0.488667198889432, [0]
-9.489425755005943, 0.6558700500702017, 0.10321246578285992, [1]
-9.731119987006958, 1.0759102452145668, -0.23410497888491077, [1]
-10.599812878572676, 0.4314304525870841, 2.359755055550334, [1]
-9.927700911419182, 0.5392581224845988, 1.5675118819621052, [0]
-9.985111218847374, 1.0719691944442389, 2.6364758211570063, [0]
-10.27500165285047, -0.40858255204694416, 0.9811490656340136, [1]
-8.967930732119216, 0.24406512523647672, 0.5677493362869614, [0]
-9.827314528806138, 0.18731837331051038, 0.7322137384144678, [1]
-9.279553339246572, 0.4100912727920608, 0.7724670096009554, [1]
-10.075425358071001, 0.15899991602235586, 1.9633910757046182, [0]
-10.709070498680754, 0.8442673241488496, 2.9264389856531405, [1]
-10.812838618502532, 1.7315691749949145, 0.5555525157631582, [0]
-9.342964130901757, 0.6523356545878868, 1.0968023812496295, [1]
-11.479500340891025, -0.33480253393667836, 1.4861309647753607, [1]
-10.447326095767977, 0.8200459042390804, 1.8966189793192767, [0]
-10.551563219260796, 0.23012719054069963, 2.83659653364377, [0]
-9.365023886014487, 0.6165113006455809, 1.8579123000279145, [1]
-10.489591696830054, 1.0647382699897923, 1.319795183692912, [0]
-10.232727677840185, 1.1365038185544796, 0.9788459880563791, [1]
-10.051415161130766, 0.0103431669204547, 2.0893539305229427, [1]
-10.55914950115894, 0.6476377428880369, 3.0510582994042856, [1]
-10.081031612711381, 1.3555206846031442, 1.9680371097204716, [1]
-10.999198990609344, 0.3539861639022712, 2.89446102397796, [1]
-10.205720611568982, 0.5635619642250534, 2.09861072799296, [0]
-10.146938582676176, 0.2932871700661377, 1.8902484560596866, [0]
-10.568424083608368, 0.8259280888482177, 2.0726598620289445, [0]
-10.527766519391468, -0.5265766188589485, 1.2023021510976004, [0]
-10.430423277466339, 0.437343092577382, -0.050933858236564156, [1]
-10.512658530877705, 1.062177597588535, 1.8282158291218074, [1]
-9.90470072974853, 1.0548342590566215, 1.4373954150383965, [1]
-10.011691941071946, 1.1521246792625857, 1.186201905533557, [1]
-9.332703579346019, 1.152857304023335, 1.1866443467404157, [1]
-9.782910652378394, 0.37528002452047676, 1.887977268544943, [1]
-9.92801353264464, 0.9646204365012369, 1.397199214709183, [1]
-13.761646119698591, 0.2199735274471336, 1.3723064935642186, [1]
-10.117861200303812, 0.3323693981828963, 1.8238770656877856, [0]
-10.220577680753824, 1.3847216252642167, 1.6951312728921129, [1]
-9.786686097811353, 0.301423678656899, 0.6496772341909262, [1]
-9.91970205939727, 1.5699128168300547, 1.7624409095582996, [1]
-9.169331257267318, 0.2325472012303687, 1.7702334059242086, [0]
-10.179068239950821, 1.0184897939017732, 1.870561212834371, [0]
-10.196181221621446, 0.9149474132836954, 1.55066259741946, [0]
-10.473862156785424, 1.2132560267450594, 2.249160391761121, [1]
-10.340067713243686, 0.38313599458038183, 1.3307769767630457, [0]
-9.323559118179707, 0.44670599342074224, 1.8645743632286584, [1]
-9.418545379243024, 1.129337038325658, 0.6043761907886636, [0]
-9.52659312829133, 0.8586720869616693, 2.312822282374595, [0]
-9.764545036655589, 0.12464442750018723, 0.9717859875748698, [0]
-9.46547583996643, 0.6955434524774459, 1.0380263396741025, [1]
-8.98030047139381, 0.8122841875675445, 1.8909745167680596, [1]
-11.507843393529674, 0.8970672135067999, 1.9218223177962703, [1]
-10.237536334726299, -0.13095843564850762, -0.4389529922505273, [1]
-9.56846511935686, 0.184430449428705, 1.707536792774639, [0]
-9.489848622377856, -0.150236730220217, 0.04949871815408624, [1]
-10.280248411764601, 0.23297380434185178, 1.8723754639348835, [1]
-10.587572049727756, 1.563073605767407, 1.7545044199610995, [1]
-9.330904865306515, 0.5017419742215208, 1.3208134134571914, [0]
-10.086440029317922, 0.3288894490313651, 2.646856824120198, [1]
-10.428063609341944, 0.7896911751715797, 1.8680424944082947, [1]
-9.875144409581285, 0.8774298723733147, 2.845753230028073, [1]
-9.370379254611176, 0.9305631669284935, 1.726170067953247, [0]
-10.236303880856386, -0.362220969111964, 1.5201603449180061, [0]
-11.811916546095436, 0.8599434831201493, 2.3301508071182764, [1]
-10.13638908213015, 0.7431954643509773, 2.121572112931649, [0]
-9.262451673276207, 0.04327249361328983, 2.1359386760973953, [0]
-9.185807230732609, 0.7762393602336685, 1.7312431639416355, [1]
-10.179415533737599, 0.15511498931386553, 1.341395904452008, [0]
-10.255316036586553, 0.6014226947009559, 0.687803247289285, [1]
-10.323161286366341, -0.21472427830672336, 2.171011556718552, [0]
-10.845836576233532, 0.5355142100867234, 1.5970670635069175, [1]
-10.339759329712889, 1.7928315205300502, 2.122493437363808, [1]
-11.354586664319822, 1.514576430923298, 1.8968233001327142, [0]
-9.964596857699242, 0.5944687937061152, 2.8067126977746844, [0]
-11.45168045460576, 0.42210255578905387, 2.557579579493468, [0]
-9.944437237724118, 1.3159947370008878, 1.3976127700132426, [1]
-10.319021815079175, 0.8620157943064946, 1.8752053549189243, [0]
-9.625529333743092, 0.8909104941311078, 1.5923258234558408, [1]
-9.439882011086924, -0.2811274993930073, 0.661465796029545, [1]
-9.943246536310832, 0.7360327807746079, 2.229924607306025, [1]
-10.126995172872531, 0.22958595670838133, 0.5708436139672561, [0]
-9.456346348161253, 0.28805267187232064, 2.8337606815543963, [1]
-8.990135184088528, 0.5796603605628841, 1.52597100047633, [1]
-9.784632117653587, 0.31628581939972716, 2.664031936642824, [0]
-10.021881608910933, 0.37147503378590435, 2.5198252925487448, [1]
-9.736241152350091, 1.0977936965069262, 0.661626290915249, [0]
-10.942872699968534, 0.43859173505806076, 0.9612682087084963, [1]
-10.127368571695925, 1.3753900410684088, 0.3743527455151144, [0]
-9.900686857899997, -0.30962938462382, 2.0384062746106313, [0]
-10.532452788086484, 0.07811292045960805, 2.6726858552670603, [1]
-9.230863374178453, 0.4099526962898341, 1.6133229111941674, [0]
-9.717037700941994, 0.7228929827800998, 0.6047424072948906, [0]
-9.691961063755947, 1.2353519428899022, 2.2280308553718697, [1]
-9.084652248146435, -1.4796925054927832, 0.2679800660595095, [1]
-10.697326106218734, 0.7238197803556222, 1.5449486947897448, [0]
-9.95720753341205, 1.4502536796165797, 2.356869099794416, [0]
-9.544217018624996, 0.3215563677322021, 2.174105326245292, [0]
-9.510464593694532, 1.4994402650146772, 2.2490675394574837, [0]
-10.350700697323678, 1.2113854726326068, 2.3438625749838726, [1]
-10.84406826790108, 0.33363156878407696, 1.6781033245709456, [1]
-10.824231714332036, -0.05444203017767402, 1.7655178616781557, [1]
-10.303279979859296, 1.4592735516381181, 1.8543704025801122, [1]
-9.466414236694535, -0.24812721404340632, 1.1785830471065055, [1]
-9.993753269280447, 0.7063935724497569, 2.172662695784682, [0]
-9.940984643746608, -0.14171753043714563, 0.35322930699562294, [1]
-9.739189537016188, 0.6493411756624037, 0.989446763714721, [1]
-9.027553514140072, 0.5657524256663271, 2.2197621935486884, [0]
-10.145983109895592, 0.48350256891960863, 2.7358630414095746, [1]
-9.962748516035191, 1.0999800052836555, 1.7774992258137365, [1]
-9.835854208838953, 2.5437468341346676, -1.0393715861607578, [0]
-10.422509233435502, 1.1391667141862092, 2.8478440852791067, [1]
-9.269887961714021, 0.19213486331201057, 1.5334789702809397, [0]
-9.209643017964483, -0.7907065067095076, -1.132199468788293, [0]
-9.467113467898946, 1.5990588817154383, -0.8196006893808776, [1]
-9.53963910303789, 0.4172552222133411, 2.526039895134717, [0]
-11.365810373116568, 0.7358471739124858, 1.2929027220206202, [0]
-10.086700584398839, 0.31457894574417633, 0.4892213760662665, [1]
-9.184403421906046, 0.07003646052708795, 1.3027394855105365, [1]
-9.615285044234913, -0.1055622755755819, 2.6180927002965477, [0]
-9.162972280909356, 0.6714933508822943, 1.3319641139499743, [1]
-10.79143312189085, 2.117201157360097, 1.6359355898007557, [1]
-9.74689181733956, 0.2019305228510396, 2.3821525145853775, [1]
-9.358481710824273, 0.5527266935497273, 1.744078978036904, [1]
-9.994120720898783, 0.5761473383165407, 2.5869462278849333, [0]
-9.983193145996594, 0.0645930453301344, 1.7581953048439003, [1]
-10.627335033803652, 1.3599773383945324, 1.1897403731324951, [0]
-10.772361704413322, 0.5107269848986562, 2.13017866737875, [1]
-11.233939985739589, 0.23525034400443492, 1.5442131374696393, [0]
-10.386211117794996, 0.6643421234888812, 0.770339662481974, [0]
-9.692944673582215, 0.6451356988639513, 1.5362151345246762, [1]
-10.032946300777695, 0.6865232374380049, 1.579013596653613, [1]
-10.021015504510393, 1.288495620888575, 1.30772027598309, [0]
-10.462197476884548, 1.2169581915921837, 1.6231614226985465, [0]
-9.988432194742217, -0.07390749616757986, 0.8343377566347397, [0]
-9.396523561333073, 1.4702559107827655, 1.8924459391764517, [0]
-9.356541444710004, 0.37502881400075666, 2.2135413861645774, [0]
-9.537017871901021, -0.13966120758205613, 0.3113761848782733, [0]
-9.670753288015714, 1.3732406139429534, 2.283841087794135, [1]
-10.377105401624423, 0.39312754242973114, 2.9399480491090886, [0]
-10.34938705007342, 0.6271131055157408, 0.3607069709482683, [0]
-9.82326092163991, 0.0583902776115246, 1.7293517245578764, [1]
-10.190750660204285, 1.2266094619462407, 2.6192489470407447, [0]
-9.808916466978046, -0.06969557611812016, 0.9006041902242387, [0]
-9.819384384557864, 0.764694950346968, 1.8356292980866686, [0]
-10.261695066863048, 1.2315327460418561, 1.8925220303468637, [1]
-10.237297679278045, 0.4092963008259481, 1.692166367475985, [1]
-10.31576037593051, 0.3835807494321384, 1.8043043024275758, [0]
-10.039569383178561, 0.6186222372678941, 0.8018272885055924, [0]
-10.181733964334876, 1.496447968030226, 1.0784795219130896, [1]
-11.181091943434833, 0.3821094638665923, 1.2167743181346142, [0]
-10.249996450620458, 0.18831219122928844, 1.95648242818686, [1]
-9.701725536440234, 0.40724364370388155, 2.700662771449469, [0]
-10.243715715283624, 1.227485962214203, 1.1732545067722517, [0]
-10.386895775146453, 0.8604042318641252, 2.338484172603786, [0]
-10.706176282965629, 0.8141948265540666, 2.1970216442788795, [1]
-9.811531994695976, 0.804840347278298, 1.6121863883018317, [0]
-10.004905149884978, 0.6925862264967728, 2.1862112913987874, [0]
-10.203797465395299, 2.4479880058403083, 0.15419232970427432, [0]
-9.25459197777842, 1.5821717059743818, 1.4487051547518284, [0]
-9.37886832650598, 0.7072929418746171, 2.019467219777152, [1]
-9.850565174360705, 0.44572097292245916, 1.7024422769632361, [0]
-10.871984410424059, 0.5491718473461512, 1.2729655969187545, [1]
-10.488590925049929, 0.7246323197320002, 1.7712746715228196, [0]
-10.09318051120247, 0.8553874142674811, 1.0482995757536213, [1]
-9.313503305377248, -1.1960668387817623, 0.06585799556574412, [0]
-9.680757854125341, -0.24174455577063303, -1.0511111164545348, [0]
-10.025212335928952, -0.13185114278807797, 1.5768111464391539, [0]
-10.106963588771874, 2.935135392951642, 0.03709563358847218, [0]
-10.548977741755289, -0.544433450612281, 1.4555932642762575, [1]
-9.515491889906185, 1.4532763404529616, 1.876462414157305, [0]
-9.469718150141237, 1.0254762704598988, 0.3953230872229285, [0]
-9.49428469367912, 1.3154701733248144, -0.579798967888463, [0]
-9.737389392503363, 0.2882099609331929, 1.5880091098474716, [1]
-10.275361254181822, 1.5650495492103338, 1.6105555383768946, [0]
-10.389875679734287, -0.47579305526695936, 1.2451141316344525, [0]
-9.878479117038182, 0.5927696109571895, 2.3345067630217633, [0]
-9.474925328442076, 1.2371731987107444, 1.576733801849355, [0]
-9.148177838912417, -0.14264432981353503, 1.3627027622455965, [1]
-10.107202718642892, 0.6831329720990922, 1.4893291350807685, [0]
-10.222405799842885, 0.8088023330252105, 1.777164424693754, [1]
-9.860787063057952, 0.3444943321980891, 1.8601326928382538, [0]
-9.284743133116432, -0.010558782328907723, 0.4020211065107948, [1]
-9.567361884563635, 2.049768292396915, 1.0446488178571043, [1]
-10.198255232681689, 0.65829475670746, 2.502856627024129, [0]
-9.760783015012457, 2.0201227947631177, 0.1267203648054297, [0]
-9.099010328761308, 1.0956005132547117, 1.5979006039008887, [1]
-10.523589095490246, 0.5071725053419547, 2.088415744557234, [1]
-9.84760958157044, 2.47100685325405, -0.31153442840480255, [0]
-10.120456605135555, 1.535588505069418, 1.6473936878498634, [0]
-9.483497060230286, 0.9560725481726521, 2.2396150705090694, [0]
-10.824021514937415, 0.24310061230358604, 2.319169186750022, [1]
-10.795138545658073, 0.5008481985102312, 1.211240392531448, [0]
-11.243433699038627, 0.7980226932689656, 2.6247793347623007, [0]
-10.399513033207281, -0.4811967770655261, 0.20150219119422919, [0]
-9.308312751072064, 1.4489647152153347, 1.079146080580386, [0]
-9.353881508847802, 1.2377524986231643, 2.0561257331457274, [1]
-10.446961672606587, -0.9709339233372374, -0.2579216612672909, [1]
-9.81327296451883, 0.2363880243205836, 1.6073371845085447, [0]
-9.992380304484247, 0.985245644236231, 2.4853671663196337, [1]
-9.24391883624301, 1.0350946181853184, 1.9341750146705143, [0]
-10.583144368048185, -0.042098151528951355, 0.43959228975665354, [0]
-10.317773489500789, 0.22910454565068342, 2.3089854072093354, [0]
-9.796947578288814, 3.0696643540100914, -0.3081339725689352, [1]
-10.104755441215227, 0.5640795265170473, 2.183554286489965, [1]
-10.094591293923134, 1.6080009532810078, -0.20295501080708225, [0]
-9.487848143447197, 0.4742153955590642, 1.4604582358450422, [1]
-10.409237716045407, 2.0618530205925367, 0.5675220463338623, [1]
-9.930067622770379, 0.4095028644317983, 1.6021456493430906, [0]
-9.149090245594778, 1.2640810101778026, 0.9372146659127301, [0]
-10.530947514180419, 1.0925927922096585, 1.8760124453389582, [0]
-9.032750264398889, 0.4289435967569395, 1.6472607750188801, [1]
-10.46314441951225, 0.7444892364088378, 1.7110886409389086, [0]
-10.727139183106406, 1.099499820934566, 1.7240311576505607, [1]
-10.454559484398942, 1.0157802964265783, 2.0884019327900143, [1]
-9.775612408198617, 0.6546656757686661, 1.5640164731085713, [0]
-9.2163941007199, 1.3220067683327297, 0.8715578434970218, [0]
-10.363460414396627, 0.9888902029717122, -0.6293397151695801, [1]
-10.448907855002522, -1.3076680360095807, 1.133741062540749, [0]
-9.81835372481603, 2.58484674741917, -0.4432381527882989, [0]
-10.185982613006836, 0.18402247211250425, 2.492676954283646, [1]
-9.028324225347461, 0.7730938904930258, 2.4233464440795607, [0]
-9.942345852423431, -0.9058192025130909, 1.0082461320522684, [0]
-10.271553812169795, 0.5474696964661019, 1.6841385730898895, [1]
-10.310020754519767, -0.3104436651138121, 1.1481016246308084, [0]
-11.165197218885437, 1.298150924624388, 1.9506307664557114, [1]
-9.779901675799344, 1.4755533506167824, 1.3064774865446203, [1]
-9.644943497104045, -1.108935000397529, -0.2605110214797184, [0]
-10.064920120649331, 0.8394582131960369, 1.1894500835778605, [1]
-10.19681207914205, 0.9864575399884608, 0.7339046619500735, [0]
-9.578864591364413, 0.6678642123568022, 2.541910304077877, [1]
-10.371981703167009, 1.6008700737383261, 2.05378445454385, [1]
-10.683310997698221, 0.6311441809441684, 2.467072125869242, [1]
-9.29326530625278, -0.21514787660738405, 1.3778162758473873, [0]
-11.385998420886775, 0.3361132560828597, 1.7409943502958756, [0]
-10.612255440446381, 0.7723238981204636, 1.0793653338220373, [1]
-9.745290809080334, 0.8641635382180745, 1.4249146294838495, [0]
-9.562213894612055, 0.21199027432740325, 0.3147512947464959, [0]
-9.67241450692602, 1.3847281224828258, 1.2327019132541037, [0]
-11.018257314871828, 0.5448711608363359, 3.138904360938843, [1]
-9.509449512839112, 1.501128888948617, 2.026014865107927, [0]
-9.999866242072338, 0.13490836590409913, 0.8660062231318749, [1]
-10.569775409876463, 0.7107718243676425, 1.8949229783393777, [0]
-9.761777437703515, 1.210109192756112, 1.1768083415518757, [0]
-9.895152245802374, 1.9414418649747485, 0.46802716163172864, [0]
-9.514745878819248, 0.6103239785513485, 1.797333379942166, [1]
-9.797077442517173, 0.2366175874691414, 1.35394155189682, [1]
-10.370830321168988, -0.7189479423795004, -0.48130091216605786, [0]
-9.901316867647278, 0.6398132033544585, -0.33919838221449705, [0]
-11.365031816224494, 0.3451853615413103, 2.160577909641508, [0]
-10.563072669656224, 0.9005532238754899, 1.4819522222040657, [1]
-9.762442374948954, 0.704149647169567, 0.6558131114701108, [0]
-10.558574554893722, 0.4725301396474365, 1.4079771682469948, [1]
-10.998001900984718, 0.5904362146614566, -0.6882972895716744, [1]
-9.884457360152714, 0.7017989067504242, 1.2610961420105742, [0]
-9.468400092009334, 0.3807336867224794, 1.2671050377143707, [0]
-9.45329614844528, 0.3132291685730924, 2.144461809864529, [1]
-9.90307578093124, 0.24352097217764934, 2.0490374196614987, [1]
-9.168049690096462, 0.651930120911953, 2.409242824271636, [1]
-9.917319203255031, 0.448712241775583, 2.059543621043629, [1]
-9.869180473255128, 0.3921681300026869, 1.5845915189332391, [1]
-9.330300530677045, -0.22554765054151305, 0.8626604744850068, [0]
-9.45288698066973, 0.8386588704130827, 0.41295420760749735, [1]
-10.334675416245219, 0.22073994847844924, 1.7870727640242736, [0]
-10.928393942443744, 0.8980239419659115, 1.56675469916441, [1]
-10.338940443931763, 1.339373398165864, 1.316709652966838, [1]
-10.442323790252688, 0.33135981878021903, 1.4023889502940567, [0]
-10.381994412084948, 0.6574765699533827, 2.865860470043703, [0]
-10.108770221973028, 0.6529910226415145, 2.752657545598383, [0]
-9.238610780268889, 0.4484864203221137, 2.2262654061859526, [1]
-9.0132037487292, 0.8985664350112402, 0.9981377767109073, [1]
-10.170621725451436, 1.5083968615844778, 0.7711071230086453, [1]
-9.948421615231261, 0.8295876045106471, 1.4546691907647582, [1]
-9.641975149627122, 0.8956389254728551, 1.7012540082037706, [0]
-9.193508432146114, 0.584053493863215, 1.0578405942047295, [1]
-9.82528736767395, 0.758175185754875, 1.4154075647882467, [1]
-9.42249858431628, 0.8233836949572214, 2.705858223523518, [1]
-11.126338993379523, 0.4652992008186957, 1.8416671730707699, [1]
-9.501315443300616, 0.7418148481080984, 2.039189939730862, [1]
-10.4673657868471, 0.9554650430237605, 2.4975806045032147, [1]
-10.074455212538975, 0.6440773142182676, 1.1255710921508006, [0]
-9.411337893809831, 0.38093444160415557, 1.433734156814142, [1]
-10.123163653663008, 0.5009587222902041, 1.9867748716924503, [1]
-10.495894083261463, 0.35662027734983404, 1.2839069031959967, [0]
-10.199659282134947, -0.06840261047177076, 2.497651602383957, [1]
-10.040469741751876, 0.7166614555104769, 1.7958873545420362, [0]
-9.427240335509262, 0.9001693145894378, 1.4580017371311913, [0]
-9.840492479235154, 1.2023242449409406, 2.300791120980212, [1]
-10.362409471538603, 0.6594548950897319, -0.28428601076179416, [0]
-9.15202273796028, 0.881815634588219, 1.4521953500350602, [0]
-10.951577453744287, 0.9097340559851431, 0.9363739279990537, [1]
-10.826903332613023, -0.45778248482985756, 1.1500090237924896, [1]
-9.89112367676114, 0.7963904456299704, 1.7278412661818328, [1]
-9.175239600458927, 1.0009611221167085, 1.325441261139047, [0]
-9.319168522600988, 0.49446176626989713, 1.4694374903043699, [0]
-9.32559203372845, 0.6507445617592157, 0.6203450642639945, [0]
-9.597075385327006, 2.8485906182330716, 0.559090837208085, [1]
-10.175416471433218, 1.5956510216207418, 0.854625067732228, [1]
-9.982077027117802, -0.07115877710601681, 2.0932747568502648, [0]
-9.751263294235882, 1.2799321351189556, -0.6493944360582438, [0]
-9.187582805501515, -0.29854485327689895, 1.9388423131866597, [1]
-10.013531572485109, 0.40648731335912314, 0.5967086479149419, [0]
-9.999420246460316, 0.2677819190026226, 1.919789559505881, [1]
-11.725788667226594, 0.4924617566359113, 1.4815479908914055, [0]
-9.712912765087681, -0.18654043960784436, 1.4696993692069467, [1]
-10.631425887133219, -2.3680245393314867, -1.0446555972198515, [1]
-9.770682243570578, 0.8422917456801897, 2.4137292126459293, [0]
-10.523708239639713, 0.9770664682754338, 0.4926944483147033, [0]
-9.438107463978623, 1.133381541156611, 1.3825825405687278, [1]
-9.169450826723448, 0.9528146198399021, 1.3669005616506436, [1]
-10.104634402249118, -0.531843568739558, 0.5111534200236942, [1]
-9.833503026098008, 0.6916437688569949, 2.237869645804669, [1]
-9.753299812311429, 1.082351221081941, 2.6284764513141843, [0]
-9.847984424076255, 0.3940808825368656, 1.399359268465858, [1]
-10.822129693905682, 1.1694447263049992, 0.9399154028292243, [1]
-9.95145421221551, 0.7295572420823915, 2.8023239879821924, [1]
-9.950192303410649, 0.8449854012268839, 1.1162941604377883, [0]
-9.978314702947872, 0.8235901028620205, 1.489424921350281, [0]
-10.220312248508893, 1.0484543157276602, 1.516029990907719, [0]
-9.918139427715714, -0.32244795582915886, -0.05972971196607513, [1]
-10.98720462117551, 1.8486932739142494, 1.0975487033478424, [1]
-8.803998410498634, 2.1356604082451067, 0.3841632123675276, [0]
-9.948864095447302, 0.22104273989480672, 0.4918686553742273, [0]
-10.032286331880075, 0.5137173837827124, 1.9334102466119976, [0]
-10.523207079618228, 3.171106701768355, -0.5016144454607158, [1]
-10.246586361757537, 0.8968131881709915, 0.661263727417831, [0]
-10.664350448169985, 1.7797227151488326, 0.18259972644249828, [0]
-9.884222131326485, 0.9198263199620602, 2.5636822733140283, [1]
-10.134950549275171, -0.6341270306039964, 1.9490677200123665, [1]
-10.140677905338723, 0.3670319539464886, 1.7761717991151813, [0]
-10.502604297782995, 0.5900163391551353, 1.6670741336503494, [0]
-9.347177474146864, 0.31595236003382243, 1.4486364751451895, [0]
-10.249925424499112, 1.5700246146423154, 0.9296981562516962, [1]
-9.076251320954249, 0.5610414981020361, 2.4795456474991497, [0]
-10.89652983977189, 1.0313385899284553, 2.6535048263566896, [1]
-9.93590071523356, -0.018667173362530765, 0.2949907747882401, [0]
-10.083433101892455, 1.0507115428051668, -0.39370106308199226, [1]
-10.2555110614178, 0.9636086518332302, 1.9067186228352226, [1]
-9.645539748424042, 0.7906742695272984, 2.6494277144371754, [0]
-9.854519196908806, 0.5479176180651157, 2.249354711111272, [0]
-9.718993927876587, 0.9094612207354499, 1.7495498738820554, [0]
-9.559210259476842, 0.1309238332755447, 2.716836274152128, [0]
-11.277680254518138, 0.08966481085574851, 1.5792867779871047, [1]
-10.132061470828964, 0.8759322661416443, 2.2762056969231903, [0]
-10.459251799499755, 0.6777506274039624, 1.4587539767660174, [1]
-10.643467202234357, 1.1388029656470215, 2.262740116261759, [0]
-9.743047729629254, -0.5272113911634855, 0.8513656060589412, [0]
-10.173343606353612, -0.5288650116250904, 1.1655244676202203, [1]
-9.59380556091232, 0.350099284025537, 0.3701875697125685, [1]
-10.055829119327708, 0.5302066735819275, 1.9776107221618695, [1]
-10.690299757638149, -0.12770033218441745, 1.9618613625829968, [1]
-9.109735210784576, 0.38178089139378746, 1.2173092710896702, [0]
-9.480985486274706, 1.1584830276727638, 0.5896274670831905, [1]
-10.666451047136997, 0.8470843207470727, 0.9811646591628242, [1]
-9.44132335821427, 0.8053235024738237, 1.2117850507962302, [0]
-10.26742672136948, 0.5285091377638893, 1.0432855846810065, [0]
-10.534714545563643, 1.2515065893020756, 0.1450544839519856, [0]
-9.605284261160019, 0.8638640551911865, 2.5327468262346073, [1]
-9.408838486525411, 0.9409546791400724, 2.4740799242202787, [1]
-10.047448070179907, 0.648938030240488, 2.055860574795508, [0]
-9.759519809257945, 0.6515603368851691, 2.06118422193674, [0]
-10.12644101159624, 0.68053670184192, 2.0961388808228953, [1]
-10.545778666699789, 1.23500590180877, 1.4105342648470591, [0]
-9.66466874722971, -0.8276164965039388, 0.9188241887811955, [1]
-10.057662485218874, 1.059967271415661, 1.3787130137434205, [0]
-9.319224086967015, 1.4836044076515436, 1.2858530643258712, [0]
-8.955259929364544, 0.9867670687564856, 1.796289878278789, [1]
-9.868559633650465, 0.5296706763743765, 2.1378428213475313, [1]
-10.012863876046518, 0.22986986372332519, 0.9530844905889433, [0]
-10.428134384716984, 0.13890635012620345, 2.4097233669063143, [1]
-10.14693197437602, 0.92111715496871, 1.908077235287966, [1]
-10.792082117113425, 0.919929624110174, -0.44217988014430987, [0]
-10.072029094198648, 0.41979253493016633, 0.9819376591035317, [0]
-9.938621168032412, 0.8339251845723465, 2.5947411697108818, [0]
-10.094044208923377, 0.2209836861519079, 1.7467978018853112, [1]
-10.445264862976387, 0.24885987203909132, 1.7140102865414903, [0]
-10.726340120859318, 0.17308785563539325, 1.2682377177094892, [0]
-10.824457642439551, 0.033458986223847326, 2.2945861906708913, [0]
-10.925670455580754, 0.7124676420923457, 2.728452669612598, [0]
-10.33171120542969, 1.100655028641657, 2.2132066596085767, [1]
-9.50000111243529, 0.5475604018274032, 2.2910092358616554, [0]
-10.262874406295268, -0.05507966136473219, 1.238067467943583, [1]
-10.291114514637725, 1.8941815875265808, 1.823604656669737, [1]
-10.502112621731396, 0.10250492313620851, 2.507609979816661, [0]
-10.304117474415923, 0.8055533456633117, 1.915653034740304, [1]
-10.026633581240187, -0.15011942459085814, 1.9509208070259332, [0]
-9.832529902657827, 0.6543098448592007, 1.3491545404568395, [1]
-9.590287251427442, 1.0586749653253849, 2.093360372024662, [1]
-10.052057697869909, 0.3348432388469755, 1.2104378805444458, [1]
-10.72159278740508, 2.29703653617761, 1.139362841567554, [1]
-9.318246252216074, 0.3754293815637928, 1.0878157952180623, [1]
-9.707270274756159, 0.8445196527495947, 2.083381115722439, [1]
-10.00272625256521, 1.3051116206800042, 0.7861506401109775, [0]
-10.859246694386735, -0.6636796254657932, 0.7276390154662722, [1]
-10.448433032290193, -0.16746479984198048, 0.6790516797559953, [0]
-10.298668082758484, 0.5507190331506857, 1.403774633716051, [0]
-9.721211095734528, 0.15866575001606642, 2.041602210945171, [0]
-9.838582679629496, 0.8311443354065098, 1.472019747383608, [1]
-11.137656101143657, 0.6365211918777857, 2.564137066923942, [1]
-8.754952241087077, 0.3572579536791194, 1.7679139165458775, [1]
-9.869293320931845, -0.434614339058654, 0.5176782689297927, [1]
-9.402306768981816, 0.44125023306539796, 1.527084762073459, [1]
-10.22450173296953, 0.7575694242237796, 1.747906382626411, [0]
-9.653449140553363, -0.07918205202906203, 0.6523490014434599, [0]
-10.36133631392192, 0.2611633918808508, 1.802019784843008, [1]
-9.74343623159995, 0.8541269073084244, 2.379137868799607, [1]
-10.189610936575242, 1.3471341232894685, 1.6854049624831355, [1]
-10.050042064624938, 0.41456151693046617, 1.0123774890712818, [0]
-10.217568847742534, 0.3188715449725985, 2.2972053689585814, [0]
-9.372533754639848, 1.6276882468401674, 0.8723993792556086, [1]
-10.158339712064047, 1.3090375777322307, 0.8281262169117011, [1]
-9.672250278659051, 1.0980147841059655, 2.0247826181858937, [1]
-10.210917319803052, 0.8908811429664167, 1.5410083898547766, [0]
-9.927638213770162, 1.639196611480599, 0.9323471810063798, [1]
-10.16298151709501, 0.8229550212625214, 1.2148484104820267, [0]
-9.644447028556591, 1.1587949942000755, 2.58778214148266, [1]
-10.164747205497425, 0.8168731216824834, 2.804692092636256, [0]
-11.018127730170502, 0.8223340850351705, 0.11562308777533481, [0]
-10.395410691614735, 1.930836890139093, 0.868161518170431, [1]
-9.72046621919088, 1.200399131478656, 1.8821345913487695, [0]
-10.77291347812466, 1.2907656313792097, 1.1817266045121324, [0]
-10.415420815378248, 1.325336902625258, 2.014149825646467, [1]
-9.68076665737607, 0.5218455341854905, 1.2697126153558536, [1]
-11.515450037633233, 0.7249797428987982, 1.957909337853686, [1]
-10.038838077286615, 0.5020597156331814, 2.0232012031241955, [0]
-10.246750135723206, 0.27537151493060974, 3.185168644240683, [1]
-10.764404251863237, 2.1042186239494787, 1.208955483329604, [1]
-9.6229647908125, 0.04554067290282693, 1.7146322439532706, [1]
-9.474214478240592, 0.8407229786869033, 1.5874228852341148, [0]
-10.043272208621692, 0.7913947447422944, 1.9091331924776798, [0]
-9.82979522737186, 0.9241229079615475, 2.9742226747438436, [1]
-10.249286358845708, 0.5929562921475082, 1.1768033100097033, [1]
-9.862193290190765, 0.28814450883831716, 1.572375600747624, [1]
-9.380120128625723, 0.09675145397478158, 2.4747716934796493, [1]
-9.7823436244987, 0.7919989930106799, 2.0115568740817924, [1]
-9.434921865144322, 1.0266379744264242, 0.24337342519166266, [1]
-9.547582851071672, 0.16036963021519565, 1.716799590861049, [0]
-9.824259598735493, 0.7528320125202704, 2.3951952311103497, [1]
-9.61372603998197, 1.855210182084365, 0.6420260910061348, [0]
-9.392837937985739, 0.5698404114849018, 1.6992587790722014, [0]
-9.740612263815217, 1.5879962806359043, 1.7124048713653182, [0]
-9.931771965220227, 0.1929393299730604, 1.7158494062782879, [1]
-10.142910145155163, 1.0539806800808023, 1.7156536933437676, [1]
-9.77522365294419, 0.23599394490060388, 1.742730016589395, [0]
-9.737838362428903, 0.5039696715465236, 0.8712397462388219, [1]
-10.94587417642278, 0.2974874291041758, 1.4176554891172104, [1]
-9.94197448719889, 0.4294637956047297, 2.1402738973874857, [1]
-9.558831984628423, -0.10247920726300208, 0.6364430322747652, [1]
-9.181349021020385, 0.4835455131318941, 2.0611511187204714, [0]
-9.566223683350458, 0.7917801960881465, 1.8222567753846264, [1]
-9.493483858008354, 0.7398713949117743, 1.0657825735110718, [0]
-10.391948446726783, -0.014143071477917019, 1.3461234185078812, [0]
-11.09559658050783, -0.2525634802325356, 0.45641603349111604, [0]
-9.915636763245807, 0.5088522303719328, 2.9731470951631604, [1]
-9.724597506760926, 0.34239439791726045, 0.6966723209093493, [1]
-9.781734535225418, 2.4648510935982264, -0.7516262838819511, [0]
-9.843939871319966, -0.30046181278465467, 1.6544304860169692, [0]
-10.978680742971616, 1.141079157561399, 0.6240419380321118, [0]
-10.12268924442195, 1.0938523184210989, 1.8908783294007163, [0]
-10.253636150321654, -0.08472419476984516, 1.2514038317168517, [0]
-10.014080831322353, 0.3680662545474273, 1.5093990209657977, [1]
-12.042808667799015, 1.8420100900858078, 1.5022551376962587, [1]
-9.417987119990622, 0.8753643552974489, 1.045773731304544, [0]
-10.237755705321128, 1.230227892031211, 1.8661546279882582, [1]
-10.05934979121153, 0.5223132342040399, 2.1805298416432226, [1]
-8.999269532229611, 0.034174384296796534, 1.075903184378419, [1]
-9.8522999479491, 1.531896122614738, -0.6293932816680488, [0]
-10.596540197437044, -0.4776616177615495, 0.751736080327372, [0]
-9.902325526712351, 0.5338910553118716, 1.2397745061193897, [1]
-9.023465074676306, 0.6863039698695339, 1.7806921336370127, [1]
-10.468058618910314, 0.14965846464484878, 0.19469875598477393, [0]
-9.54204726693586, 0.2550139792315439, 0.9528164698565832, [1]
-10.185155047132968, 0.35422100517736044, 2.216594146018442, [1]
-10.94677633519009, 0.6577113091564859, 3.2304429865734408, [1]
-10.646392249353847, 0.5480501230801091, 2.421001734691268, [1]
-9.522567259975018, 0.9230812267599697, 1.760176656385929, [0]
-10.007745779658322, 0.5210208846760707, 2.457054855884412, [0]
-9.929200094984106, 1.1893033629847243, 1.375852514611837, [1]
-9.722850084935938, 0.0809951562280008, 0.5439860805624632, [1]
-9.429177161254398, 0.8534452044245916, 1.6115968201183297, [0]
-9.741885883845862, 1.6796711470239805, 1.5876305225074077, [0]
-9.83737580866508, 0.43241010514128886, 0.6406716663802948, [0]
-9.482885936911588, 0.9323136779542103, 1.8919093765041026, [0]
-9.273603986427108, 0.5946949089651552, 1.1478270179449672, [1]
-9.994331179186666, 1.4826280155438571, 1.7148580377651053, [1]
-9.549979692618654, 0.8949373433631562, 1.702676766530884, [1]
-10.50846814806365, 0.9128407455853262, 2.863179238351936, [1]
-9.697200302148477, 0.3980531315488157, 0.7615041529989952, [1]
-9.792864135379201, 0.7387285833681431, 2.987708721594609, [1]
-10.061403425607905, 0.8944365689047665, 1.5511128308302935, [0]
-9.669526814208574, 0.3481267051605477, 0.5306813949453382, [1]
-10.773342434515893, -0.16795729783314606, 1.438343327308445, [0]
-9.411065002689984, 0.67257135790666, 2.410435522449937, [1]
-9.340001268672738, 0.48035765253130513, 2.858508622775142, [0]
-9.780210953288766, 0.34656478589396145, 2.114578975863511, [0]
-10.82449372311228, 1.1282687425431197, 1.9055213773437119, [1]
-10.102775343122625, 0.49692372516544503, 1.5044249144594137, [1]
-10.4273049060309, -0.4196829590438319, 1.1040845924026075, [0]
-9.809522584368176, 0.606040169011556, 0.42992554191184984, [1]
-10.49763708123416, 0.21541137503682517, 1.1958191276857963, [1]
-10.559806824263868, 0.8634288428839451, 1.7384113650631638, [0]
-9.61546692303909, 0.8056769977955099, 0.6594200100652424, [1]
-9.898081997209703, 0.4621044358872392, 2.5791599278192017, [0]
-9.215353215073025, 0.425372823340061, 0.43545440900304627, [1]
-9.612514815321227, 0.9606285315153265, 1.652439290295518, [0]
-10.155141239476011, 0.6931183346819177, 2.066457963451058, [1]
-10.000198766494066, 0.7038213005321389, 1.3109158025018126, [0]
-9.252975600169213, 1.0914512410048445, 1.5575360888929186, [0]
-10.17929014841401, 1.3444822866070214, 1.3128626434836366, [0]
-9.477455778347373, 1.437106460406901, 1.1492399080662665, [1]
-10.045582741089914, 1.183581481616446, 1.9549890147211633, [0]
-9.985144034859196, -0.08352861146046009, 2.3636365776441743, [0]
-9.782529525368133, 0.40160019221059456, 2.505960935910111, [0]
-8.903500801590733, 0.8828400675273355, 1.8445718682146093, [1]
-9.993217979388842, 0.4182408838240825, 1.5532111791225123, [1]
-9.679713646823933, 0.40780130739325915, 1.4134298235125489, [0]
-10.830820652445343, 0.12712810455524126, 2.6941351096278536, [0]
-9.540748540064882, 1.186311197832767, 2.2375140123417436, [1]
-10.25625837869998, 0.5743419740924918, 1.6708387469604031, [0]
-9.859707422967608, 0.8582751560859179, 1.1870953844163559, [1]
-9.582316391222532, 0.4935275950919814, 2.3129839600999125, [1]
-9.751436464668906, 0.5492150039441537, 0.8774440492063682, [0]
-9.280777593397804, 0.065048468956872, 1.4031183492818453, [1]
-9.760444501474106, 0.4714288152616585, 1.8212564876150577, [1]
-9.58536989345677, -0.14870564263990116, 2.2266570612481287, [1]
-9.265566391425777, 1.2599139360352403, 0.564171758683552, [1]
-10.63993202353836, 0.7914151810279038, 2.241638582277381, [0]
-9.990235857176904, 1.5697474807557736, 1.377336291607563, [0]
-9.792624861007749, 0.04747913856509442, 2.63026419885213, [0]
-10.241076506123692, 0.7636244370707241, 1.9044100140583204, [1]
-9.84421061822221, -0.47400032261926295, 1.2949963177416002, [0]
-10.165715350762751, -0.23442122353512224, 1.1119841325089213, [1]
-10.599337437039063, 1.4106027758518946, 1.7070054056759782, [1]
-9.82260058357158, -3.32143167688695, -1.2113039371982894, [0]
-9.430614028066586, -0.04237443872864288, 2.091165675979563, [1]
-9.478694795082092, 0.2113942791275717, 1.1435035008065562, [0]
-10.84612784829847, 0.3321746241169051, 2.0034102863802854, [1]
-9.879770499866794, 0.7348437705757902, 0.1786872830595545, [1]
-9.653332395089242, 0.3365064271093598, 1.0278651259623044, [1]
-9.177185109882078, 0.7234355796824138, 2.1686894742681515, [1]
-9.821653207857404, -0.699304248810454, 1.375555118826997, [0]
-11.072291109580846, 0.5432447461831982, 1.964988646715938, [0]
-8.794402279139547, 2.211023328470419, -1.4628918664832014, [0]
-10.960755670688707, 1.7901945923177545, 1.0604266222684964, [1]
-10.029587392368434, 0.23207508544170047, 1.8448175338080215, [0]
-9.362250652994874, 0.4403511858265181, 1.3508463630892125, [0]
-9.844571769553395, 1.4702356691666703, 1.5806563617951883, [0]
-10.780441813438653, 1.5323007934049058, 1.2307795749944237, [0]
-10.52068541187421, 0.5444111792160183, 2.189002571590976, [1]
-10.080960064816857, 0.01210849462817043, -0.072466835865863, [1]
-9.204299259633997, 0.24045826456233632, 1.8478698963766123, [1]
-9.884535254287114, 1.5884043394690033, 0.7808963791779269, [1]
-11.6579240572567, -0.2583449976176069, 0.8166388979091578, [0]
-10.29394879687701, 0.5375924879600675, 2.314549364084758, [1]
-10.078777612328695, 0.882478065036183, 1.446599444409795, [0]
-9.675866808732803, -0.598846104218515, 0.4435738699924884, [0]
-9.8742333152275, 0.508495978669709, 2.035107183142652, [1]
-10.175411786457351, 0.6953690180023926, 2.7879677561819527, [1]
-10.304904319665892, 1.117479116352488, 1.749046468866917, [1]
-9.973223015530207, 0.09925690928884978, 0.7174928137184029, [1]
-8.860887599724274, 0.6631277990562762, 1.9901782070341738, [0]
-10.36094137201353, 0.15555751909324522, 1.9442103992954887, [0]
-9.346877275774467, 1.175680324133527, 1.3052089600306318, [1]
-10.038848374738807, 0.4403709258259057, 2.106487251512177, [0]
-9.730327104847431, 1.2391686255677006, 1.7652257931229898, [0]
-9.814576825784503, 0.5789003573037552, 1.268112406093188, [1]
-9.434104671929155, 0.6363312438720372, 2.933692745971654, [1]
-10.501413062052297, 0.08330030691527668, 1.6191262842780174, [0]
-9.890289659671692, 1.0625291840134272, 1.5834929769538728, [0]
-9.219568032654543, 0.312072411144224, 0.4584945983480213, [0]
-9.570837252882324, 0.6129228827012229, 1.9400973105460229, [0]
-9.732028313876127, 0.5031314121635823, 2.105235831780997, [1]
-10.133394981495359, 0.7995574771914886, 0.5077144483550247, [0]
-9.643396494602593, -0.7522973108906339, 1.598078089839216, [0]
-10.027178263616724, -0.3176850764796373, 2.468773844942529, [1]
-10.9288751051552, 0.4977033320043966, 2.688412051648301, [0]
-9.046143122039842, 0.8861117264828409, 2.3044683496009717, [0]
-9.807846700139212, 0.6507122746748943, 1.9042248617634487, [1]
-10.53499451322973, -0.9210395547367173, -0.35927891756783836, [1]
-10.484017939707021, 0.7993614286718331, 2.3248705647514676, [1]
-10.921580008409677, 0.7213615414072143, 2.1094537036839385, [0]
-10.258452988544986, 0.16486101014473253, 1.1114076836780291, [1]
-9.809909441147623, 0.6213818972013136, 1.9384416757155714, [1]
-9.603174609194259, 0.4895945338174225, 2.6139091509923755, [1]
-10.235809781064932, 1.3847415898753939, 1.7774422317252845, [1]
-10.354233643096773, -1.2231899608744943, -0.40281061271250534, [0]
-9.657298314352058, 0.5756647864017824, 1.9278223551361295, [0]
-10.065353123673153, -0.5914198929299526, -0.1674193981804657, [0]
-10.208581082436522, 0.6947901211950284, 1.6191730055840567, [0]
-9.577947811421, 0.15438544878110302, 2.7158381825418356, [1]
-10.218132951624106, -0.27100762419321844, 2.360071949223517, [0]
-10.132388820231212, 0.8857068354018103, 2.6105345863617364, [1]
-9.70257878719695, -0.26401280009571765, -0.1816868497669306, [1]
-11.672542386068095, 0.7810014155918623, 1.1541553371004665, [1]
-10.015767845190666, 0.8239313112069212, 2.5071004634300507, [0]
-8.973345392762756, 0.8638180675837065, 1.7109119239331971, [0]
-9.945106883547847, 1.1379625357248153, 2.4046977893814105, [1]
-9.798520318607796, 0.9841523262783499, 1.3828933863664825, [0]
-9.699595112229893, 1.1536464609800143, -0.2883641705735381, [1]
-9.62655879087275, 1.7123087340830379, 0.16162041048595227, [1]
-9.651471414100703, 1.1919640424381484, 2.343962200434948, [1]
-8.741944931289035, 0.47712116620933653, 1.2933483369870495, [0]
-10.276191861853503, 1.1694710641064459, 2.168577122021628, [1]
-9.535302034102342, 0.4898596067490407, 1.2295447872076746, [0]
-10.423210200307539, 0.4799117410345093, 1.5862962318007678, [0]
-11.941907100624084, 0.805208558151776, 2.1538684530012997, [0]
-10.79455022168861, 0.4102993522133518, 2.6038961269017036, [1]
-10.33487458960071, 1.007904587236269, 2.200035129586497, [0]
-9.685319629636412, 1.0223589477671549, 2.1332041776421997, [1]
-9.889458955065075, 0.306083266173669, 1.8221065274674033, [1]
-10.820490470330444, 0.7366887330339981, 1.8285506895694723, [1]
-10.046011413078189, 0.8273732767609744, 0.4425295669091468, [0]
-10.286208067697402, 1.0119199656853388, 1.4803159293574921, [0]
-9.83572803703995, 0.6532178017885676, 2.5114426236878584, [0]
-9.724420238483175, 0.969560439247025, 2.6818126433726177, [1]
-8.933364416432688, -0.06414743381625199, 0.6789000153929979, [0]
-9.504421368108321, -0.12892180503854955, 2.093488673413826, [0]
-10.140516996716874, 0.21902453364815178, 1.839478883979772, [1]
-9.524139291586334, 1.6340256741445311, 1.133101945044051, [1]
-9.867694682552026, 0.30673311676485265, 1.483153653537566, [0]
-9.566825482413885, 1.5182485807976862, 1.5371417145034754, [1]
-9.600717354539468, -0.24552457317349086, 0.7034139625034509, [1]
-9.362706074754435, 0.8858346505060524, 1.890300969550128, [0]
-9.732603844555973, 0.2209069895311716, 0.9067206877738863, [1]
-9.93547009929657, 0.8127189806441822, 2.9893756610273705, [0]
-9.73264677303218, 0.9108882765661892, 2.4058246441580726, [0]
-11.301460728109305, 0.42642901254096566, 1.9198749231079462, [1]
-9.058727324968048, 1.3438940358595488, 1.1038486879803129, [1]
-10.891159530721946, 0.7682261234977883, 1.5109060931157694, [0]
-12.168123106966572, 0.784245723063776, 2.630147214223713, [0]
-10.225287220485818, 0.33095176815324256, 1.0010776476347074, [1]
-9.258704886650197, 0.5612500372014807, 0.6303197086070924, [1]
-9.64195332326567, -0.07650430458876839, 0.5871530404669457, [0]
-10.916070402067545, 1.367650522793252, 0.9049154319323043, [0]
-9.81147079643872, 0.44515481746389224, 1.3304788942846046, [0]
-9.98069549117506, 0.698751104520601, 1.06233501538415, [1]
-10.414347997912168, 1.3141288691822144, 1.516023593000448, [1]
-9.924217474967806, 0.9521817797372528, 2.445619900344897, [1]
-10.722440075706047, 0.8989966950714801, 1.8941886061440127, [0]
-8.923437409706253, -0.22613251095603076, 1.0787545086580494, [0]
-10.300209569445983, 1.1435439893318473, 1.007921333370485, [0]
-10.176042764015428, 0.8227781277199089, 2.497285096637176, [0]
-9.308411945421431, -0.8707717303126417, 1.2238329093386326, [0]
-9.892252547249864, 0.8167641399165957, 1.9364647143838396, [0]
-11.129106514375279, 3.83713068367731, -2.120901318750271, [0]
-10.248879620733167, 0.006091522022286688, 0.35111390618381155, [1]
-9.343216890483236, 0.7873835067841438, 1.9127302159135033, [1]
-10.152953391213034, -0.47076484722181855, 1.0698150919245406, [1]
-9.135637201326583, 0.8687328165623378, 2.0727612066262555, [0]
-10.205783481882314, 0.3316927369923533, 1.9970152966133323, [0]
-9.456676795095332, 1.879221340762487, 1.7737614596818325, [1]
-9.54319307550919, 0.2441164952165238, 0.4519286707695054, [1]
-9.85740319021743, -0.08886499851108254, 1.374221033857771, [1]
-10.63512951567881, 0.42376242447756973, 1.4601058891994194, [0]
-9.818344863601672, 1.3358994538476225, 0.7473187794856904, [1]
-10.175162011340012, 0.5720309886579484, 1.2575952743034933, [1]
-9.216496626423421, 1.2000976134888939, 1.0104027141878604, [1]
-9.718019805777164, 0.47464409066497143, 1.9359805845111777, [1]
-9.37849728998032, 0.5695216211751226, 1.689271409698063, [1]
-9.849806394591242, 0.7336675328364967, 1.9286395103135485, [0]
-9.469789500406463, 0.09659167570808413, 1.1952830905345657, [0]
-9.359457950192047, 0.8355992676306401, 1.5670480719333184, [0]
-10.133251818076667, 1.1606046228261055, 2.379927781196101, [1]
-10.041243611209913, 1.1887256156648334, 0.42829473086716296, [0]
-9.862052139133034, 1.3695723663648236, 1.216824054645665, [0]
-10.521360851952606, 0.6405840021391898, 1.7753844236899736, [1]
-10.7053737978756, 0.1908576376125527, 1.5609029901282239, [0]
-9.93662302263633, 0.029945052305109132, 1.0403862716164707, [1]
-9.836986224839423, 0.43362073661451295, 2.528578500930293, [1]
-9.421167527804924, -0.3897261894241305, 1.53292256902475, [1]
-10.002677357187554, -0.8963506780623174, 0.44127732220898125, [0]
-9.712814993846516, 1.680654773273195, 1.6851987993136694, [0]
-9.936524313911699, 0.16974179052432192, 1.9453038448692217, [1]
-9.636846873313791, 1.322898649336143, 2.0313735217011466, [1]
-9.904789420786024, 0.5289514891878621, 2.285785058254504, [0]
-9.71993969775672, 0.5726221589008936, 1.8420455311967152, [0]
-10.957842283809386, 0.4772944144204546, 2.292756085420425, [1]
-10.033465796821362, 0.6843112191399348, 1.78466746400245, [1]
-10.188709784356472, 0.6844596386162449, 2.847751073062013, [1]
-10.866042251288532, 0.923887258855488, 1.1665211221567966, [1]
-9.422551966633849, 0.8263521817818993, 1.8597173874050865, [1]
-9.25643155931982, 0.5492988238419361, 1.833508003592595, [0]
-10.853888700062102, 0.3664791585255511, 2.9114087699603504, [1]
-10.667383790119816, 2.001867598937545, -0.031946849298738436, [0]
-10.704226232535072, 0.30409840412982436, 2.416875489512612, [1]
-9.371016299403715, 1.4891505464570771, 0.7867760917729184, [1]
-11.289673335305704, -0.24105747763554497, 1.277422874471254, [1]
-10.197973437801215, 0.20557204993662714, 1.8164157454107, [0]
-10.543619405417383, -0.5823294946435527, -0.19235990643984657, [1]
-10.027056219372904, 0.40793783854835564, -0.7240487420262156, [0]
-11.023139498127732, 0.38518029320241565, 1.8058592528520054, [0]
-9.84253545175619, 0.778067098234013, 1.6424502301921038, [0]
-10.526778299743219, 1.1542857076774342, 2.686437870826535, [0]
-9.363712354707467, 0.12142229240152458, 0.7309456133279442, [1]
-10.120893144109118, 0.5028750136909572, 2.3561356342380972, [1]
-9.795586991764955, 0.6848288809263139, 3.3342670651871713, [0]
-10.514795337100606, 0.8489784641502627, 2.306300714016968, [1]
-9.998258009477182, 0.03391092824056119, 1.9710330659849715, [1]
-10.525571114571344, 0.475522123569601, 2.1941154342744746, [1]
-11.777745357558263, 0.5799197974137631, 1.9800808631494553, [1]
-9.836737357923218, 1.7021446203517285, -2.8174898224886924, [1]
-10.45679608135965, 0.7874913302359798, 0.4778487744545703, [0]
-10.17947218563044, -0.13760423055491522, 2.522847183360993, [0]
-9.915125485852213, 0.5089013969623273, 1.1512967972334283, [1]
-10.181933361958206, 0.5546804744463997, 2.1524484003292406, [1]
-10.62570804338183, 0.9055343264440257, 1.161393673370295, [0]
-10.728851352975026, 0.3889875721552386, 2.295532876045352, [1]
-9.979036000469764, 0.728795668180632, 1.7595545589353545, [1]
-9.668761070744448, 0.365523341856388, 1.858553784412631, [0]
-11.938581075995302, 1.5814320925594805, 1.3848975494063933, [1]
-10.354439855556562, 0.7655203829082117, 1.483420096099846, [0]
-9.765241797326842, 0.4189647572764881, 1.5018254328359104, [0]
-9.487384273763588, 0.2755417022745779, 0.008952296834864093, [1]
-9.610055219284796, 1.474957853384173, 1.3991600475329904, [1]
-10.188762273877478, 2.103338344273129, 0.6266528166014138, [1]
-9.407016873896813, 0.3437560018148344, 0.8651551417108282, [1]
-9.364703952457175, 0.5736878529862144, 0.8416402781458765, [1]
-9.602998460571085, 1.2724003182467194, 1.3170526091493029, [0]
-9.528284775312343, -0.3282774739222942, 1.5775763941209837, [0]
-10.61438029455401, 1.0832346640701938, 0.7634111317560784, [1]
-10.131074652898313, 0.8291218709038024, 1.8255285771510246, [1]
-9.966521508728752, 0.26189888030019404, 1.935581546718182, [1]
-9.491469437470489, 0.0178567615926688, 2.5854524001658223, [1]
-10.558101525495779, 2.0092423012720126, 1.413985553985244, [0]
-9.992455831983001, 0.5908787089563602, 1.9539382583561622, [0]
-10.088277142713146, 0.17002683354034065, 1.86239073229103, [1]
-10.269292912802916, 0.9790366693957446, 2.0228044695114376, [0]
-10.418774629448723, 1.1079161072649333, 2.3542094515245693, [1]
-10.25316173493493, 0.9271785572740179, 1.6043687696862907, [0]
-10.473711650730767, 0.6067109192529592, 2.6068097339163474, [0]
-9.884011485665656, 1.0587528883455086, 0.3391016439036554, [0]
-10.083892571474856, 0.5212003349269623, 2.554290202331444, [1]
-9.82988694719295, 0.9536045026099141, 0.9917123827358454, [0]
-9.720809487726733, 0.26161043504932713, 1.5984532128725881, [1]
-9.72091847290649, 1.0008914860251006, 0.6045792164365398, [0]
-9.311612536366916, 0.6239766990614599, 2.4915569963520237, [1]
-9.671397047892611, 1.3185777013185944, 1.1888879021170555, [0]
-10.427528025145893, 0.4720349334288807, 2.2070084780601316, [0]
-10.178078316949724, 0.9247175441550796, 1.0417631328120978, [0]
-9.562197524816474, 0.6767515248040293, 1.8759718440155455, [0]
-10.971717533164398, 0.8548128947004688, 2.577682890861667, [0]
-9.430803863491077, 0.5393102867265225, 1.4294915669950599, [1]
-10.099660788407597, 1.9164810056996648, 1.0052901999040107, [1]
-9.795644375963452, 1.2250540679581556, 1.3850877037683238, [0]
-9.228714285129621, 0.6924088389495147, 3.080248519741379, [0]
-9.840314592442075, 0.3342612374714039, 2.327051288698191, [0]
-9.372234270847834, 1.1350400725002143, 2.715540509469184, [0]
-10.378290320292868, 0.46884974387977985, 0.17683064340820465, [0]
-9.922948776412268, 0.8348958879180995, 1.4773086380036493, [1]
-9.607818010597803, 0.8307484702367323, 0.533898088361165, [0]
-9.90448957568726, 0.11348527357416377, 1.67204796660511, [0]
-9.458620705415052, 0.801615680940069, 1.546278827146811, [0]
-9.649509923982125, -0.20577554472316084, 1.8922182428764098, [1]
-10.669592840098918, 0.15544005716553766, 2.1377595238673432, [0]
-10.201903662887327, -1.219539500839773, -0.08799129441944542, [0]
-9.91716053640127, 1.530265946183383, 1.696564109508576, [0]
-9.756358249576857, 0.21469772306832474, 1.9112384728849996, [1]
-9.67721346783449, 0.5095466274429423, 2.786324846614237, [0]
-9.890129659368712, -0.20359774757099203, 1.7874066741615988, [1]
-9.697821103041774, 0.3215154708890443, 1.900242600264109, [1]
-10.77968681441103, 0.5795735070561248, 2.7847276392083566, [1]
-9.921233667769204, 0.1485944500654699, 3.0052726785255635, [0]
-10.520764493750523, 0.2538397975102681, 2.5557094663147053, [0]
-9.834966984010682, 1.2610837015422947, 1.4657743738378906, [0]
-9.573796610350243, 0.7835954305233351, 2.126400067970295, [0]
-10.070750365008927, 1.4299029464567512, 0.8437062031821876, [0]
-9.77162468272009, 0.3231484213258409, 1.9993578547865791, [1]
-10.642692597102275, 1.135250214942134, 1.9185258387426334, [0]
-9.819050747998956, 0.7230928290669572, 1.8676232582085115, [1]
-9.715260458071084, 0.45693157104660864, 2.2326132394754277, [0]
-10.551158875116844, 0.7650297423417434, 2.5276854956807537, [0]
-11.77794756453086, -0.3476197585021782, 1.105610304446606, [1]
-10.000276201616686, -0.26736436516328416, 1.9387895784763243, [1]
-9.88523133282735, 2.336796420284447, 0.46183790304044714, [1]
