t=0.03777967313395211
logZ_t=-13.340637646223149
-20.10355326685033, 0.37520446666373514, 1.5577789394777932, [0]
-20.678077149649585, 1.0176895048533041, 0.3912482038020877, [0]
-21.211179905237177, 0.9539542935857563, 1.2655162631750858, [1]
-20.436873448065192, 0.7545041030563138, 1.519306796131888, [1]
-20.959075618750756, 0.43245790050134725, 1.3059367394566737, [1]
-20.45050461471081, 0.5771850711078832, 1.8593656848033382, [1]
-20.959609589768295, 1.0915445740520118, 1.701649993859692, [1]
-21.11550494455894, 0.7804517936577078, 0.8044011884883202, [0]
-20.06318789703608, 0.6506036087386977, 1.3385408386203306, [1]
-20.40013359753621, 0.815356266396306, 0.8788435339264101, [0]
-19.617460013416423, 0.4982779990315421, 0.861157260120579, [1]
-20.5313999250766, 0.673036611847612, 0.8086092082026597, [0]
-19.800798578867468, 0.9959910566972248, 0.7847167848220357, [1]
-20.437826112049745, 0.43470580051816476, 0.8065700734568478, [0]
-20.553278658944684, 0.5952893072512431, 1.308139933560724, [0]
-20.52134397729247, 0.5505778830803694, 1.5408065555533113, [1]
-20.63475276894236, 0.20056191572515925, 0.899385417062287, [1]
-19.216219509488507, 0.8568882805121263, 1.1281044885250293, [0]
-20.631320487552617, 0.6723952258972131, 1.1388165333227416, [1]
-20.526221524800675, 0.11206963426651242, 1.514040074638368, [1]
-19.85188263691199, 0.6044103827172556, 1.0792317246397256, [1]
-22.028847600202905, 0.6085844754536597, 1.2078094372533472, [0]
-19.679011472947206, 0.38700133366227557, 1.7906587608857039, [0]
-19.790057695177335, 0.6186043392306035, 1.0098637653361904, [0]
-21.451324404545186, 0.6457233246864676, 1.2640869238493546, [0]
-19.243555396842776, 0.46951228691859526, 1.6431448013629162, [1]
-21.656153589902072, 0.6019387068125572, 1.1160360312321655, [0]
-20.35179244257468, 0.6574038372993675, 0.9537899453895065, [0]
-20.572919187145736, 0.5621543779511846, 1.3723748374933284, [1]
-21.422589472023304, 0.6525835312534967, 1.4560250052317447, [1]
-19.437931075515312, 0.3095250909620903, 0.8692145630633961, [0]
-21.37701773406809, 0.7406327504415365, 1.9053104242090315, [0]
-20.85307906236276, 0.5398746706640158, 1.4139282481196374, [1]
-20.33095448568241, 0.6087845099775342, 1.5274081342154546, [0]
-20.772601912620825, 0.618102899600393, 1.0842774781490587, [1]
-20.579671460589093, 0.6319393373064015, 0.9444741362238529, [0]
-22.210284164861612, 0.8071089609522852, 0.6393158746325023, [0]
-21.656860499134222, 0.8120752989649859, 1.0235586100887948, [0]
-22.281848509376296, 0.82757303274519, 1.4908110163948596, [0]
-20.941307175957967, 0.7882361429624685, 0.8551343217285476, [0]
-21.442692470598864, 0.8255919821831211, 1.1267446420092395, [0]
-20.537753927942152, 0.5511046040334937, 1.09443360748951, [0]
-19.973250930605836, 0.60481255733178, 0.9855704468302073, [1]
-20.316444865525263, 0.6169690690023681, 1.6816716908578597, [0]
-19.49897612592074, 0.8880507597327746, 0.3791072836272451, [0]
-20.08213519359531, 0.6158827154351085, 1.028068752887068, [1]
-18.858751612232904, 0.5437112598629013, 0.7979235481037684, [0]
-20.427860820339173, 0.3582036088567015, 1.5959251352482557, [1]
-20.009888299843556, 0.6106003816465373, 0.7971731126812953, [0]
-20.63394477301776, 0.9183006351044423, 1.2929447859425816, [0]
-21.8974420606695, 0.654260996997124, 0.12418849739650617, [0]
-20.2334882115568, 0.5610115159373374, 1.4205325089967547, [1]
-19.772776466054076, 0.6343093619828649, 0.5348049702327725, [0]
-20.452777737467095, 0.8075246270193596, 0.5935726903549854, [0]
-19.44667016208402, 0.73673985974441, 1.4477629093282927, [1]
-19.21772155158428, 0.2669079189415857, 1.3033531451161866, [1]
-21.9838380898976, 0.9168032117087211, 0.31003773901789167, [0]
-20.887687818025427, 0.5391512009713884, 1.0520179774580642, [1]
-22.31651364561117, 1.0194632518845013, -0.5137980185717934, [0]
-20.793219917941038, 1.2756821310855646, 0.33806790059003233, [1]
-20.239161123037015, 0.9935028111446955, 0.7202385704579557, [1]
-21.61398662499158, 0.4280339909215361, 1.3378465286374732, [1]
-19.751879835606832, 0.449122155434789, 1.6061552831431745, [1]
-19.91881702027193, 0.44449227457355484, 0.9327478056062332, [1]
-20.67862758692738, 0.5617030761041142, 1.2574059859575972, [1]
-19.882630912172058, 0.5241523599322014, 1.1515731429502247, [1]
-20.170443731834798, 0.40942377949354236, 1.3856271788405918, [0]
-20.17752760433847, 0.6824067557630246, 1.6301949723824998, [1]
-20.18380612655762, 0.5904660857034014, 0.6252454158097651, [1]
-21.058251361833385, 0.5525485636166858, 0.6848617500789282, [1]
-18.821081031617997, 0.7132680531095877, 0.6043540127083957, [1]
-21.62651789417901, 0.6027306835134153, 0.6797935274292003, [0]
-19.946909339921582, 0.4742080813936641, 1.1575787707240774, [1]
-21.852337899385212, 0.2563684565867649, 0.6873714516730891, [0]
-20.279077343877244, 1.0949773332457704, 0.3179979829034012, [1]
-20.39007102823216, 0.8352992134896924, 1.559090862971283, [1]
-20.09518694247511, 0.5976145820054346, 1.6374766764394464, [1]
-21.00407248513442, 0.1782088755634289, 0.20922548660431017, [0]
-21.905222729220245, 0.6409029896254611, 1.0828213089909584, [1]
-20.386876086425094, 0.5491748633177991, 0.9058191988042189, [0]
-21.171225022515756, 0.6545544137357059, 1.2753600724138423, [0]
-19.770334787882582, 0.3641148743875875, 0.8763198605268002, [1]
-20.13882539319242, 0.37347060459139053, 1.2982221928182978, [1]
-22.749230942715183, 0.3332017825055857, 1.0846787308115002, [0]
-21.825596732064373, 0.45324818020495106, 1.1693732401509358, [1]
-20.881463450800844, 0.42715656550954173, 1.4052184420852267, [1]
-19.771152454892338, 0.3028431718841842, 1.162840618462336, [0]
-20.20068809701564, 0.9102229351547811, 0.668277469660161, [1]
-21.53073483081942, 0.8658733697243673, 0.24523128724719484, [0]
-20.749121386432257, 0.6800315532820697, 0.3268214772700495, [1]
-20.085157639493932, 0.4906713340002213, 0.9396430528802884, [1]
-21.670322536256908, 0.2418709264206645, 0.6167138556068479, [1]
-20.381075742495494, 0.8803047013994629, 1.0729419768038428, [1]
-19.928871599205365, 0.5827406073696872, 1.3968100762183848, [1]
-21.038880539332936, 0.9492762745435233, 1.4809423575098881, [1]
-20.66544764521591, 0.8637817415131988, 0.6863014505679336, [1]
-22.33641528885449, 0.6401355421160629, 1.1082528682428643, [0]
-21.33801185059919, 0.9038313665769023, 0.7287280098997232, [0]
-19.60901438035685, 0.314760506857253, 1.3478382076782525, [0]
-21.607730949636085, 0.11523393537210935, 0.9574845441645459, [0]
-19.998504291783465, 0.7891293686788988, 1.040860067257258, [1]
-19.27973631491126, 0.6103013165119489, 1.130961453863485, [0]
-18.819084241362805, 0.8548430583661736, 1.3402979578435754, [1]
-19.81745516467338, 0.7055378751975697, 1.278807807345204, [0]
-20.253247297744235, 0.35358509420860773, 1.0066937148021406, [0]
-21.057759009473305, 0.9396374092682548, 1.5184891967174554, [0]
-20.046311945037797, 0.6114617226414606, 1.5904133263572635, [1]
-20.600206949115204, 0.3056964598384051, 0.9311937375133374, [0]
-19.81564444466767, 0.4428133029011499, 0.6042718736716561, [0]
-20.903974334291124, 0.6933640257038678, 1.5846351482467076, [0]
-20.94144750243665, 0.5335347719023098, 1.103942624815601, [0]
-20.069001057261175, 0.6130791804873803, 1.4258133830375255, [1]
-20.52580182876171, 0.7825988050863071, 0.9549761332008081, [1]
-20.142698847247054, 0.7718880721190101, 1.0668012856964626, [0]
-21.58464646070353, 0.7592961615828258, 1.712568435984256, [0]
-20.685303454108045, 1.1546022560306988, 0.8171929936765026, [1]
-20.289311787615983, 0.977783385626636, 0.24771500653888098, [0]
-20.282966424611477, 0.8350856062298404, 1.1402677942467727, [0]
-20.702627901223067, 0.5421961988177626, 0.9193952710728981, [1]
-20.21444956603018, 0.6011777696462747, 0.8701761730526585, [0]
-19.714445285613127, 0.5775213014315799, 1.2574388875452112, [0]
-20.549616986991026, 0.39143711646324486, 1.3309751729582808, [0]
-20.881814623907786, 0.7101135541376333, 0.41639942219416404, [1]
-20.801971905464608, 0.7834861696585178, 1.251977800480599, [0]
-20.883899831720488, 0.5619599903290906, 1.5465653944205981, [1]
-20.327945772221543, 0.418870000948947, 0.9913620893563264, [1]
-19.384470258367035, 0.6674954804111408, 1.3961847801970144, [0]
-21.225071292797978, 0.6760127839146405, 1.1825805750998875, [0]
-21.540652867689577, 0.6277746919604966, 1.4759448468360667, [0]
-21.177262707820578, 0.8945496698211044, 0.9346500475489223, [1]
-20.095676119079847, 1.0840821794159101, 0.927932841832457, [1]
-20.599776117566762, 0.6435547765402199, 1.231234485087298, [0]
-21.229995132651457, 0.526018291905509, 1.3171215607870481, [1]
-19.04005637453106, 0.6123742696542185, 0.6938400947506005, [0]
-20.474007051258713, 0.48956264737290817, 0.9940355281478644, [0]
-20.558061734543582, 0.9324104649355911, 1.14145050317613, [0]
-20.52734372961964, 0.4608833829481205, 0.7218825327604954, [0]
-19.815742909869186, 0.6935736502812413, 1.236257056238927, [0]
-20.486003520833204, 0.7638239129628169, 0.947654965774009, [1]
-19.913612060509497, 0.5114498797666651, 0.5678093442946538, [0]
-19.478512112615864, 0.5470380519626008, 1.3053459846891797, [1]
-20.166966056247674, 0.2667165428954952, 0.9629792936361141, [0]
-19.993020279776783, 0.5786489921921409, 0.5274732057453185, [0]
-19.98101177873916, 0.757164791214666, 1.0774191280122123, [1]
-21.982137272118457, 1.1414855168629419, 0.9837923287718549, [0]
-19.9036350420515, 0.9451843619149399, 1.202647307879537, [1]
-19.803017916741094, 0.4445809208900836, 1.5277650103283018, [1]
-21.16912616030462, 0.45848255587888564, 1.435688049198674, [0]
-20.80175506603851, 0.220922351059199, 0.9971467962558002, [1]
-19.89161040992718, 0.26265018003385343, 0.44094058678964454, [1]
-20.945538370398005, 0.5470995291838523, 0.9016246973874869, [1]
-19.785108806784248, 0.3910561988797644, 0.6394297355178724, [1]
-21.159760478885694, 0.7035083877737707, 1.0267563362950025, [0]
-19.550349558789588, 0.5137741650489909, 1.6143309975305566, [1]
-21.608484174880626, 0.7129821169414376, 1.4973141243748433, [0]
-20.541846099747865, 0.5175412219068155, -0.14923469717793605, [1]
-19.56512493113203, 0.5950835129675619, 1.3081379455793236, [0]
-22.24112108459648, 0.7265219839952888, 1.040141280275876, [1]
-19.64248685200264, 0.640803205186292, 1.2936778572555354, [1]
-20.62265129305591, -0.07090253541209268, 0.14879313724294507, [1]
-19.56875717661704, 0.33045137620426, 1.1071259337031045, [0]
-19.349481732251146, 0.8435873679187724, 1.6242362925899885, [0]
-20.355548774734533, 0.49183550545163707, 0.8414067704135237, [0]
-21.04227838527894, 0.5763924151108593, 1.2485868905729867, [1]
-20.49041653518516, 1.0248230073849371, 0.5234859461310979, [0]
-20.855398980940507, 0.5647519258474758, 1.5706048591901218, [0]
-20.752727777481706, 0.6572306112366517, 1.82239423178377, [1]
-19.861862869436028, 0.1966554409227703, 0.4237577692627107, [0]
-20.18429461809984, 0.8223551766999458, 0.7328240599172415, [1]
-21.728196516170044, 0.43392016359224816, 0.7627933840038656, [0]
-21.58262380352173, 0.8176201889766131, 1.7172750926424394, [1]
-20.976462273593533, 0.951460957128493, 0.8330725837388369, [1]
-20.83009112053363, 0.7054236876897535, 1.0457453432003956, [0]
-21.812155684318483, 0.4586108542103496, 1.1624603057770955, [1]
-20.595988001539393, 0.8473433459209154, 0.9543694647028608, [1]
-21.661291446652815, 0.8491382008031506, 0.3159070895204257, [0]
-22.90565406018295, 0.7488961689152165, 1.5379673841106758, [1]
-20.680471103499343, 0.5301671209979542, 0.7214393118535395, [0]
-21.23002796781789, 0.4351335548362334, 1.1450296240112552, [0]
-19.822996306559553, 0.5161500726526347, 0.9226942003418639, [0]
-21.8323066626021, 0.3545352129121521, 1.3382918427547883, [1]
-20.02000033155917, 0.6830372505592617, 0.9906088143905902, [0]
-20.798287957492338, 0.6652510942327494, 1.813317379133908, [1]
-20.921044839345548, 0.7620478167561102, 1.1805711258427358, [1]
-21.229492495710044, 0.5279779744148988, 1.2672151338747284, [0]
-20.8204140175405, 0.8233178101847198, 1.0981429790529589, [0]
-22.326455465904097, 0.800158283016295, 1.0960019351927164, [1]
-20.24567592605808, 0.43491753268598865, 1.4429018678787302, [1]
-21.648239885937613, 0.48796230243279226, 1.1630664424016395, [1]
-20.76179566854604, 0.5420156463636467, 1.3532545172889257, [1]
-20.52820039088503, 0.8335632518488036, 0.36349126606974913, [1]
-20.294262188284442, 0.5606268021693778, 1.493392712515091, [1]
-19.72884501067046, 0.4902062506621758, 1.4585745561223709, [0]
-21.812502293008706, 0.5793088105781762, 0.38517021152854997, [0]
-19.805194730324857, 0.8349247478323074, 1.3390841022741538, [1]
-19.78536774395456, 0.5936329910195616, 1.0550745324374775, [0]
-21.135197035256603, 0.410537836665958, 1.645542064855024, [0]
-21.230230401983572, 0.5234303746547622, 1.3644845397708094, [0]
-22.330390443239565, 0.586281807425439, 1.1569760173085075, [0]
-21.812244912046562, 0.8678451194602622, 0.8534935759460618, [1]
-20.48164995824811, 0.5613712620165063, 0.8322626917518714, [1]
-20.964966771705573, 0.2628594546748515, 0.5901337717663777, [0]
-20.88962015310344, 0.6997458282507055, 1.310731109581552, [0]
-20.64305362439139, 0.2528976525924919, 0.5954234487302272, [0]
-20.36171869494994, 0.28869324762420717, 1.3834211589240357, [0]
-19.78840456602064, 0.8351030894210789, 0.7767780977110004, [1]
-20.441180557089663, 0.7066331073004287, 0.6172165998298154, [1]
-20.21985659846287, 0.3869193940762642, 0.673599075022279, [0]
-19.3159439721834, 0.9223786406489691, 0.6127223637467034, [1]
-20.7461034038517, 0.518112469314615, 1.0720957195724599, [1]
-20.052469331989563, 0.9791100645813711, 1.0438256837147306, [0]
-20.931480971746367, 0.9203810550511352, 1.2553963899534333, [1]
-21.252535673542802, 0.7863617790671136, 1.2215169885598864, [1]
-19.68981092260232, 0.5689326140424092, 1.291339208900785, [1]
-21.275340121735706, 0.5760736973584595, 1.5726060696694861, [0]
-23.168838441973833, 0.16321112121386194, 0.906329546496159, [0]
-20.780158450243004, 0.30383088679451137, 1.413691134112339, [0]
-19.49878859658749, 0.8606298705926274, 1.3104143962401935, [1]
-20.952148312254, 0.6693821349301879, 0.15874764374026623, [0]
-20.612019836398304, 0.5611016008876596, 1.2074839114404716, [1]
-18.902640603740718, 0.7364106770337758, 0.18447655344840813, [1]
-19.14279495142979, 0.7957765485454223, 1.0560662415826991, [1]
-19.34005327551865, 0.6457769360446534, 0.9420508574546524, [1]
-20.46847934375299, 0.5711744103369285, 0.430696988077201, [1]
-19.988184141473834, 0.5680564371011773, 1.389518226668431, [0]
-19.311471013463287, 0.8335465475922318, 0.537960325899575, [0]
-19.384391081512163, 0.8848618972647933, 0.8852515376040816, [0]
-18.951369405685185, 0.7882974263352276, 1.3077181971328966, [0]
-20.990021973383122, 0.37374351261698124, 1.2609076355488913, [1]
-21.264632131253762, 0.40088342247593367, 1.0904776534617258, [1]
-21.258836618969614, 0.3674953444968067, 0.9457107748066411, [1]
-19.83954331464757, 0.5387512943580817, 1.5939349317042364, [0]
-20.10468564485408, 0.8164149871979616, 1.2180303131411536, [0]
-21.254909340978315, 0.7772175362266553, 1.169035267587664, [1]
-20.181503481833133, 0.4963978330122978, 1.6431021789581004, [0]
-20.255326297563258, 0.977513713421999, 1.2374320717639131, [1]
-19.759051234873176, 0.6150414252967468, 0.3792464270114051, [1]
-20.70542925821458, 0.3683151074278296, 0.9219113543596583, [0]
-21.806599976863343, 0.10483160964120426, 0.6946006828232454, [1]
-21.40086941923488, 0.5985563936971197, 1.135673663129813, [0]
-20.193184521776967, 0.4256311926817594, 0.9506540115398363, [1]
-21.96717333190378, 0.6065700587938169, 1.0902135874783323, [1]
-21.562139380625023, 0.9007406227419211, 0.9517248385511043, [0]
-22.055995339583674, 0.5513816323295865, 1.465672607610532, [0]
-19.53583796372753, 0.5929257213445406, 1.2346625174852408, [1]
-21.163424437665693, 0.6038550053882052, 1.151151649985939, [0]
-22.5150699862278, 0.674974884650099, 0.744066162558628, [1]
-20.764514577049273, 0.34420633876458684, 1.6858834829016924, [1]
-21.299820834202126, 0.6333826418473105, 1.5747467724916584, [1]
-20.903022143932755, 0.7412909871135881, 1.3973871425851785, [1]
-23.337473661328932, 1.027878195859575, 0.8409316231006628, [1]
-20.32239754307635, 0.6812686890545667, 0.9592669276469704, [0]
-21.341331486943496, 0.7287052700522585, 0.8583634534752671, [0]
-21.54861043697395, 0.6572466425728414, 0.9494204657732875, [0]
-21.17523759575364, 0.7469724838694543, 1.2312770514877116, [0]
-20.152891457783458, 0.45023625457879834, 1.1329773852299179, [1]
-21.368242955411677, 0.7408575633248031, 1.8341399179911224, [1]
-20.936649728649154, 0.5817033019637577, 0.5901833374971137, [1]
-21.334825597165075, 0.5839751322213005, 0.519355611392406, [1]
-19.30918026235215, 0.45351853688090815, 1.2209479866704394, [1]
-20.647990920323945, 0.461875209424972, 1.5297487443952622, [1]
-20.419827535439186, 0.565636396028408, 1.0421449826383897, [1]
-24.3979188393846, 0.42661194691075277, 1.7328335548100786, [1]
-20.053049537663036, 0.5794836521889629, 1.3855909586682573, [0]
-20.44888356447939, 0.7045978861226776, 0.9364185637187206, [1]
-20.40962978478837, 0.7567639306389506, 0.6639988745650646, [1]
-20.28467391478927, 0.6617872285865535, 0.3463929904178681, [1]
-19.052514908290416, 0.575955241316477, 0.7830190906333678, [0]
-20.395115581533517, 0.6248400366169957, 1.6869413553116408, [0]
-20.652142779767207, 0.6234803251489747, 0.4580543129649766, [0]
-20.663950412608877, 0.6071715030250957, 1.0556750360305998, [1]
-21.049597675395084, 0.7952439500744648, 0.5238261321684351, [0]
-19.46620224106133, 0.5663957190464111, 0.9958934669779458, [1]
-19.352699519161586, 0.6119328356099804, 0.8813080250487133, [0]
-19.825805447164115, 0.4165233761516662, 1.4836383358247143, [0]
-20.131385245492698, 0.12349579060409688, 0.7897947416180091, [0]
-19.823661482266818, 0.7018055013256057, 1.3854340650754386, [1]
-19.379692233433644, 0.7853869898911809, 1.058423646384834, [1]
-22.25432892343698, 1.046373063497397, 0.3802429738571434, [1]
-20.042685401596923, 0.706047387284835, 1.0577715759203887, [1]
-19.962136432365355, 0.20908507292681153, 0.789502487950522, [0]
-19.74524761616542, 0.5555973732535668, 1.2755375922527221, [1]
-21.14603140953652, 0.7195986589084025, 1.1122965517605183, [1]
-21.401030374056365, 0.685536913640084, 1.3093993736050953, [1]
-19.216433113167625, 0.8999402810555748, 1.841137262233778, [0]
-20.933627880180456, 0.24712114650038874, 1.1746559554329916, [1]
-21.372215263729323, 0.7458219761486374, 0.8715441332897562, [1]
-21.455893270452183, 0.4940218617627063, 1.2951197493280422, [1]
-18.997028866771622, 0.5059518212671424, 1.3678162805800949, [0]
-20.52967898243863, 0.7897376862052152, 0.5235989613941483, [0]
-21.571101042866584, 0.5556264172801293, 1.1652896293469253, [1]
-20.638876683739394, 0.682933335504683, 1.4529532939967011, [0]
-19.997043192659973, 0.603012993172449, 1.0363543980059897, [0]
-19.328764667643878, 0.5760467475337727, 1.3891595694760892, [1]
-21.66960851621851, 0.4789266934733213, 1.2796547497815585, [0]
-20.56008141049113, 0.430974282436347, 1.521920775912153, [1]
-20.112827560398383, 0.32867242903315697, 1.4869520503672256, [0]
-21.303831322116903, 0.4557792580919808, 1.274815225304835, [1]
-21.40274574342338, 0.5345035435072598, 1.8198476982039407, [1]
-22.091127247474883, 0.8409282256253341, 1.0601200133639666, [0]
-20.399901277271372, 0.6187031415885712, 0.8238872110041459, [0]
-22.524405902238808, 0.6102363010825733, 1.2728249466862451, [0]
-20.174850881240367, 0.6352663516387231, 0.6445352543811342, [1]
-20.54044855055078, 0.6627225948733023, 1.070166284944936, [0]
-19.234301353108265, 0.5716921256194708, 1.0433836073280667, [1]
-20.355181230797196, 0.8332105366490252, 1.0107516908635898, [1]
-19.723866477663876, 0.7734832706492358, 1.7575443680487217, [1]
-20.32182803598517, 0.7980985519898717, -0.11004389900684974, [0]
-20.115403164057625, 0.61125700611583, 0.8990543110123357, [1]
-18.535391512940848, 0.7632480813567759, 0.8095393312162001, [1]
-21.26761560519908, 0.860731736428858, 1.2423651105590692, [0]
-20.124615695795683, 0.3928159851866443, 1.1849789989945085, [1]
-19.913209426515195, 0.6118950815782057, 1.1204173841027316, [0]
-21.188070472959403, 0.4879740206834655, 0.198167712800979, [1]
-20.163502885425267, 0.4442411406234081, 1.3978315277433695, [0]
-20.88171800506825, 0.8633528894924695, 0.7512522047440084, [0]
-21.617813380451828, 0.5919470540789578, 1.5752692316656212, [1]
-19.903719335706665, 0.7680849324380593, 0.9017138345833566, [0]
-19.585232867573776, 0.7314271807175624, 1.2304752057618533, [0]
-20.054742569250074, 0.8695148180909226, 1.444458589756964, [1]
-19.45548540982408, 0.852973681369255, 1.1760896098455609, [1]
-20.422412459014843, 0.9449105720267348, 1.558832515549643, [0]
-20.307871712592302, 0.2464566923978626, 0.8042151741439935, [0]
-20.384867863835385, 0.541005088580519, 1.1102651402648371, [0]
-19.817589875911338, 0.48195069064398244, 1.2100478238154406, [0]
-20.535336351545876, 0.7572465988953027, 1.2999672295776934, [1]
-21.94895176192217, 0.8781246093339131, 0.9027265931374939, [1]
-21.701660221617008, 0.6184827811857397, 1.482820822365822, [1]
-20.067742128483854, 0.6349840248380558, 0.902342908898062, [1]
-19.742419392371605, 0.5942571785718059, 1.2284905444474346, [1]
-20.220130143378764, 0.6592335694630913, 1.313626216305447, [0]
-21.00018806210372, 0.642098995052502, 1.4230128447945276, [1]
-19.455907712978046, 0.49752025259549487, 0.6824178568768582, [1]
-19.45470928430167, 0.4803083175998456, 1.645202895406284, [0]
-20.149995789748537, 0.38409944527945195, 0.8695481702195031, [1]
-20.660875067010636, 0.5722886170032618, 1.60508501449843, [1]
-19.730462244975623, 0.5194410335588528, 0.49019746905046413, [0]
-21.04601847010683, 0.5570346362692513, 0.669437400020778, [1]
-20.125548205349325, 0.60934890048461, 1.1729471053903051, [0]
-19.35310153241857, 0.30387033652312806, 0.6809320711278852, [0]
-19.483488433776387, 0.5064909474914218, 1.0329188512997165, [1]
-20.126686814535656, 0.5240461365971615, 1.781338026225048, [0]
-21.399118789882632, 0.7317352862705069, 0.6418822078053134, [0]
-21.240472887493528, 0.5819683051840203, 1.0612534651447538, [1]
-20.237654732350887, 0.6199195694407439, 1.1562774256817945, [1]
-20.546847688113846, 0.8883394297422507, 1.2851948515044427, [0]
-19.652438161081232, 0.36426372602879087, 0.5948129476396784, [1]
-21.697156197878467, 0.5108975443648485, 1.0878175322022074, [1]
-20.145730814880828, 0.4790489655350779, 0.85037440520892, [1]
-18.792716473261734, 0.32927799727468304, 0.8868713228321311, [1]
-21.10990654941595, 0.5997980318985571, 1.0320415156574592, [0]
-20.405807198828157, 1.1438608739021632, 0.2658111149857804, [1]
-20.707943147568166, 0.896098603414549, 1.1618565024613292, [0]
-21.180014102691203, 0.4901092518034414, 0.7395916621230778, [1]
-21.611569172323275, 0.41863915739127505, 0.5111418049186762, [0]
-21.35196342835079, 0.1374747329957856, 0.8885290770390999, [0]
-19.947993852763577, 0.9876461744481758, 0.8929458978251363, [1]
-20.57587201617682, 0.6919146253390529, 0.6340341291784379, [1]
-20.818355174701658, 0.4736325294543004, 0.4610718242114984, [0]
-20.952964437638045, 0.6495687363117127, 0.3250928443861186, [0]
-21.576406541005582, -0.025572811431298248, -0.0743711839820489, [0]
-20.39099428065298, 0.7550028179867603, 1.4799988040572294, [0]
-20.282807088171165, 0.44161889054512493, 0.818994832702881, [0]
-20.484216220919564, 0.7037271252890213, 1.1552581442551029, [0]
-19.623416831899068, 0.8714505780602324, 0.9725388261292736, [1]
-20.73004103523971, 0.6311983555080355, 1.1781438729817313, [0]
-20.5978503966221, 0.45848333743341557, 1.0270221220917823, [0]
-20.800585732740675, 0.708162367378542, 0.9901698229735963, [1]
-20.874896560193843, 0.186478760297915, 0.760290428908692, [0]
-19.39196904628763, 0.4346469975972146, 1.0295236680618443, [0]
-20.02715082116725, 0.6656673967945773, 1.3022740442845389, [0]
-21.107949818430637, 0.9042561494009822, 1.1284027979854316, [1]
-21.164062165350533, 0.3880957960729301, 0.23711988890938468, [1]
-20.95667571356562, 0.6355740573814874, 1.2727940978114407, [0]
-19.739808964943453, 0.3969552280863148, 0.817492620068027, [0]
-20.493512351009564, 0.5420428794579275, 1.125137899639137, [1]
-22.75507665250576, 0.44926783153201555, 1.0088195736938546, [0]
-21.428069879988666, 0.6058247086218826, 1.543594470733698, [1]
-20.301812381515894, 0.8844159221676824, 0.3494122603726453, [0]
-20.918242226226013, 0.6577375576174085, 1.0804601378381415, [0]
-20.658623123608642, 0.6251803207424469, 1.7942351779768078, [0]
-21.35136068105365, 1.0230888744635744, 0.41853931954787116, [1]
-20.537444743218042, 0.5810641274763999, 0.6634806883979697, [0]
-19.742565605976576, 0.5411457167221905, 0.826261215073732, [0]
-21.045059225467245, 0.49716929169220725, 1.811272090973169, [0]
-19.640696287931515, 0.5674793243456566, 0.637800887508382, [0]
-20.10816583921097, 0.8848837404756016, 1.299550525461582, [1]
-20.14759852147143, 0.7101086316558015, 0.7183740269471222, [0]
-21.01631995914414, 0.6106864024033569, 1.37543884571734, [1]
-21.749412478515335, 0.7252862837459297, 1.6474223024172332, [0]
-20.255413385581285, 0.42386948576597117, 0.9493245750569109, [1]
-20.622311270346405, 0.5245560676179544, 1.1898959239021174, [0]
-19.258747698727102, 0.3452743011651279, 1.4794178751589953, [0]
-20.37536638318297, 0.609451309707222, 1.1418183138571254, [0]
-20.448901558069895, 0.6353723729281884, 0.5416655833448474, [0]
-20.35716356638122, 0.6719801436938851, 0.636813328890905, [1]
-20.184112529684004, 0.4600004266917508, 1.1950728242726667, [0]
-19.97146344240193, 0.4374155083536867, 1.2664251795361086, [0]
-19.747572073881347, 0.5356340576431353, 1.069983562965669, [0]
-20.499394472707312, 0.569024840137003, 1.1183542519876997, [1]
-21.07758855037377, 0.505990969414529, 1.9333989966795675, [0]
-20.06552794996684, 0.5820124471836277, 1.820847299671353, [0]
-20.70146221449227, 0.6474121026547144, 1.3938699451461039, [0]
-18.9283501044386, 0.7226747329244984, 0.7190427439745328, [0]
-19.321175247422087, 0.6053015159495971, 2.037258336631869, [1]
-20.419607565462577, 0.7634145353628108, 1.882352073168399, [0]
-20.91338315928061, 0.7201959205912407, 1.2986621625308876, [1]
-20.288230092905046, 0.7945765378239151, 0.8886350207267789, [0]
-19.386816158446212, 0.49644238664585416, 1.0845405669206416, [1]
-19.952957572541504, 0.4843244131651565, 0.5078547237393378, [1]
-20.888728976862875, 0.6653037598004908, 1.5561750126002345, [0]
-20.4734189761719, 0.7437538286331267, 1.3022259699861523, [0]
-19.402433719092166, 0.3648770186613973, 1.3137435593711317, [1]
-20.85966819658723, 0.8237240487868793, 1.2728387505088539, [1]
-20.688517966575482, 0.680342301278937, 1.3335059896895545, [0]
-20.461890749164837, 0.7266282821325365, 1.1246671056080235, [0]
-19.771838071580838, 0.4795883002505898, 1.1067034383469334, [0]
-20.81296406686761, 0.8287792387665389, 1.2256426427687774, [1]
-21.80132787971403, 0.6542490068769728, 0.8855827213842785, [0]
-21.61176148963083, 0.5050125764313269, 1.2256081069373033, [0]
-21.32051645133341, 0.6625439252240379, 1.5381140015441295, [0]
-19.05191844826689, 0.5409561855368895, 1.2990953657183542, [0]
-20.490942195634837, 0.3734311392613588, 0.9938680967837975, [1]
-20.218236811065175, 1.1123486755600582, 1.1694898238263467, [1]
-21.01196622706162, 0.672133843630146, 0.5421223037524381, [0]
-19.781779280311355, 0.712664523282303, 1.5150701431539773, [1]
-19.45693587729407, 0.7989800059959714, 0.4102590793094593, [0]
-20.677173484954153, 0.9251681197016428, 1.5662866598034964, [0]
-20.843523650322897, 0.43643733320754546, 0.7245656091505115, [0]
-20.082282111994477, 0.2955452244032891, 1.0303260161996874, [1]
-21.238948641980443, 0.4823817932383223, 1.1429928031366516, [1]
-20.1132251988236, 0.5101078110125006, 1.0231516368163782, [0]
-20.0119438183312, 0.8986050806412068, 0.899204421202197, [1]
-20.908010019698832, 0.2998662315903392, 0.9964967232747557, [1]
-19.68438474450166, 0.5661450687789693, 1.3835032085255092, [0]
-20.398304609762086, 0.5990594298178881, 1.1908030046559412, [0]
-20.623448354623456, 0.44616871327565766, 1.3058966144425164, [0]
-18.536102041619763, 0.6446735735169846, 0.917350202846179, [1]
-21.17991017547224, 0.8149701263039681, 0.7292085765082853, [0]
-20.91675930664472, 0.6180530464569327, 1.3584226035706253, [1]
-20.02891404257922, 0.5221853013255097, 1.0641946580527903, [1]
-20.71619528484756, 0.6946773642164424, 0.6081011275478361, [0]
-20.165686379177494, 0.8104653359583359, 1.7309425278503223, [0]
-21.068579745150288, 0.8013970589301462, 1.1315759129240386, [1]
-21.62855143771503, 0.8165683520282162, 1.4450912302575, [0]
-19.825189328590604, 0.402913961785919, 1.2002920116311513, [0]
-21.11683465911767, 0.47512006444054355, 0.41639059835181813, [1]
-18.73922318829485, 0.9465367611263928, 1.1604327256227758, [0]
-20.425409945639693, 0.3814973778992036, 0.9363894012921349, [0]
-20.915956845311143, 0.9003109334060438, 1.21757411959945, [1]
-20.44048185331501, 0.42922427105529404, 0.7977357503054401, [0]
-22.002831577498746, 0.6702279648417196, 0.83968417980536, [1]
-20.363270546289918, 0.5759841644005095, 0.7425783735838659, [1]
-19.609737408612027, 0.7215977501414758, 1.325286583336601, [0]
-20.450383433768877, 0.3408988740484425, 0.7759728652304898, [1]
-20.539540880761535, 0.5223723149122631, 1.2442339555049942, [0]
-19.632963749077028, 0.5565240576376176, 1.3648470462184796, [1]
-21.361376970140096, 0.546443668799836, 1.6584878287061324, [1]
-21.165963167400022, 0.403548561341791, 0.7642965729669539, [1]
-19.537306278825763, 0.8362588628049668, 1.0895123026146012, [0]
-21.765024903402086, 0.6670376813930216, 0.25553385446609567, [0]
-20.257912226489342, 0.5519481202929769, 0.7443822219986505, [1]
-20.09988211214659, 0.6843827462751418, 1.6020067226260981, [0]
-19.66103639486827, 0.7329282413605684, 1.436992710894629, [0]
-20.228507838569605, 0.9194147466302633, 0.8164900475060808, [0]
-22.5352225818804, 0.6132339239800508, 1.0067910977228225, [1]
-19.61614380500806, 0.9017837316263037, 1.230192991752808, [0]
-19.848804532665174, 0.6209335957208221, 0.9463692823296408, [1]
-20.2635422802561, 0.49961402726831444, 0.7129797487769421, [0]
-19.502073896480276, 0.557381401299792, 0.9299276315463527, [0]
-20.45278786244865, 0.7421052165965132, 0.7982076966317933, [0]
-19.33960200056765, 0.7448427630230011, 0.7469954358752835, [1]
-20.406386406695827, 0.6465078705901566, 1.7628770198663433, [1]
-21.174218586128166, 0.8718864515791985, 0.6564872337317165, [0]
-20.745072960432232, 0.8402540317376783, 0.6286225032323292, [0]
-23.84032583561704, 0.5207935111188811, 1.3875243154769463, [0]
-21.62950827694853, 0.5918294437830248, 0.7268100738464589, [1]
-20.72718911882707, 0.34552069298859134, 0.6044156976665166, [0]
-20.899653349785748, 0.7084944079476221, 0.5843428353048152, [1]
-21.800840396787876, 0.6652871028677413, 0.36487409101131685, [1]
-20.165034747394042, 0.8138688008515481, 1.1927655075626997, [0]
-19.280162468363276, 0.6644788762281533, 1.5542943602355939, [0]
-20.512376815664158, 1.07225736674713, 1.0270445179910286, [1]
-20.02536041416433, 0.54307903383396, 1.5561745891326386, [1]
-20.06347641534233, 0.47384097537733255, 1.3788418778273273, [1]
-20.39263400620775, 0.5513099839037652, 1.3054186995206827, [1]
-20.180292788847876, 0.4741132223586458, 1.2403998418966626, [1]
-20.564447550722786, 0.33977815374713993, 1.0295723827172758, [0]
-20.217041264237576, 0.4918586411022611, 1.4293015392912953, [1]
-20.744775980309377, 0.6143512714530402, 1.0171125921950241, [0]
-20.888395977490106, 0.48808578693433, 0.6163428875214263, [1]
-21.353044830980092, 0.5708940963212469, 1.0713045853616003, [1]
-20.577981121031073, 0.46338675362156345, 1.1940246337578624, [0]
-21.03649135861729, 0.5880914910112972, 0.9055732863208177, [0]
-20.98427782695878, 0.5738925675346223, 0.7589371253449453, [0]
-19.276726882388992, 0.509464286323891, 0.48290619668570045, [1]
-18.89709492953335, 0.7605870310776702, 1.6305213443071318, [1]
-20.300222368956906, 0.24555625208731563, 0.717230439058823, [1]
-20.536820694842024, 0.30093321313968513, 1.288180743348498, [1]
-20.16800916574108, 0.807873994755743, 1.1653876412586648, [0]
-20.213393755057965, 0.7268739136348923, 1.5587097870166633, [1]
-20.747311970184917, 0.6300692994975363, 1.499986548077098, [1]
-19.72524668262772, 0.6293656722714331, 0.7464486842866556, [1]
-21.86189739636043, 0.6000637903780475, 1.5920574437144255, [1]
-19.5803378080639, 0.4784340093904535, 0.9461898009244412, [1]
-20.7948257592433, 0.548287473977445, 1.496601006976702, [1]
-20.7672277401595, 0.6649714599872251, 0.6073628528903126, [0]
-20.209764158626395, 0.6602177877898969, 0.9406969328489897, [1]
-20.10225900662891, 0.6190239325148683, 1.4971182110640289, [1]
-21.209692375581234, 0.8399909430557505, 0.8825024539334243, [0]
-20.929376325243894, 0.6075161707445189, 1.2247637356711882, [1]
-20.581584882340326, 0.5092940410321414, 1.1452444162595623, [0]
-19.872560035543767, 0.6954937907787455, 1.0138525093400663, [0]
-20.61583764723633, 0.40722713542066513, 0.9575581109252267, [1]
-21.127899256521683, 0.5151744525994453, 1.1010761836577359, [0]
-19.77830513960557, 1.0955641453271612, 0.5435278576722866, [0]
-22.000217997108575, 0.7207248752198099, 1.615930835723297, [1]
-21.258328840801067, 0.31094212942175803, 1.1676234133382615, [1]
-21.257632215233762, 0.5519892447819386, 1.8616071630205278, [1]
-19.395029465856208, 0.5675115470728108, 1.1919846705605612, [0]
-19.52033084359774, 0.5969995597475198, 1.0367040572785013, [0]
-21.031071145233902, 0.9227731305267358, 0.9330687067093852, [0]
-19.427112751692857, 0.7195710943697591, 1.4180733361788402, [1]
-21.0362916264856, 0.5603131571186181, 1.2734335499665121, [1]
-20.966912222541715, 0.8169962032497187, 1.1902800192118879, [0]
-20.205930084660785, 0.23576720652416377, 0.4332455253184372, [0]
-20.243693167553793, 0.43550821694309927, 1.1229891458057326, [1]
-20.04309165150158, 0.5154965558810343, 1.777560199144257, [0]
-19.74984984392389, 0.6520017825492562, 1.2595774088134448, [1]
-22.826785387821335, 0.6898695408167778, 1.602525214022745, [0]
-19.98446524780351, 0.4677891915698604, 0.035769045609961525, [1]
-21.596363883585052, 0.8281798415708352, 0.8749532672259935, [1]
-21.267146012998527, 0.5318917039499137, 2.026133577354669, [0]
-20.646762841183815, 0.8423151911802323, 0.5268416448800729, [0]
-20.59746447062255, 0.6939004498193642, 0.9880225426438697, [1]
-19.340702283160105, 0.6616682564508952, 1.5328687451318257, [1]
-20.46152083288494, 0.5143385574779288, 1.6231137198768029, [1]
-19.781359859400343, 0.765582770375212, 1.165969899532629, [1]
-21.065403680146876, 0.6195484134731972, 1.9113612469812193, [0]
-20.22969448051681, 0.6643861659239272, 0.8475912423522185, [1]
-20.30243020516825, 0.7336630746696763, 1.0155659241641852, [1]
-20.859483963202475, 0.4470469738661824, 0.8045922774530294, [1]
-20.508663824114855, 0.20996674160432566, 0.12635107922953182, [0]
-19.781063301445762, 0.5691432387335938, 0.9256658597463738, [0]
-20.92513694136363, 0.5962493301891538, 1.2847752809844832, [0]
-20.52590234371086, 0.0983847069139363, 1.2756132644493912, [1]
-21.370933230871415, 0.8839481992063574, 1.005903069206481, [1]
-19.545415287677155, 0.532858453959516, 1.5397923741129116, [0]
-20.476404562077256, 0.5470168719543933, 1.5132525517785955, [0]
-20.57343425235434, 0.9818643455737286, -0.13201704195109304, [0]
-21.0944895353713, 0.8797665660493336, 0.7553406818339252, [1]
-20.496926835608306, 0.8505736471761929, 1.5987786374302564, [0]
-20.824503643623764, 0.636689284679953, 0.10069963417785965, [0]
-20.12591344754478, 0.4761902690265898, 0.8480060698481298, [1]
-20.83348262042033, 0.4838815901462328, 0.8888918908134307, [1]
-20.12489137043383, 0.5840532087629691, 1.3454166520762003, [0]
-21.357191748093868, 0.5034412605580031, 0.9808640495025587, [0]
-19.286432163744557, 0.07648409932258332, 0.43595014920189035, [0]
-19.863297898275682, 0.6344778523895993, 1.0466214539139829, [1]
-18.821901284353682, 0.3843476924329708, 1.1305757288417595, [0]
-22.67324718355612, 0.950624523661344, 0.5545184720439704, [1]
-20.577885966604175, 0.502890823050367, 1.2477291382921452, [0]
-21.60165049480268, 1.056726655188172, 0.441369442349994, [1]
-20.443571778026833, 0.7364785688632014, 1.720253058293156, [1]
-21.21012543493497, 0.7390839895639747, 1.3884530620779603, [0]
-19.824032394892928, 0.6223042678976058, 1.2507396416124412, [0]
-20.64864836175544, 0.7956359618604989, 1.2610995334605153, [0]
-20.13851371672661, 0.8558819742445841, 0.7385125192517965, [0]
-21.886058882189925, 0.6675935351676451, 0.7084551741186893, [1]
-20.38890319302123, 0.9866463278543407, 1.380094059108059, [0]
-19.98333091625911, 0.38097584326592626, 1.1420335661976295, [1]
-21.614136814550687, 0.1966232939069799, -0.10425873374890307, [0]
-20.30083158554941, 0.44383993259310955, 0.938148630947865, [0]
-20.432184560014203, 0.8111314399819898, 1.137341325993887, [1]
-18.78239568816043, 0.31596354703591684, 1.329545392749946, [1]
-20.193958936302288, 0.3535369912539267, 0.7528974157854493, [1]
-21.454079630540363, 0.769882976179901, 0.876635880712759, [1]
-19.727603852357316, 0.6809355736675423, 1.3828951399853906, [0]
-19.62227594701926, 0.7092162863076454, 0.9026290572126363, [1]
-21.84589648378942, 0.309856868757551, 0.397784936524153, [1]
-19.491759532934942, 0.6263513449036799, 1.5259111118561646, [0]
-21.539833912454345, 0.6914726151430279, 0.43347830106832125, [0]
-20.739764782495794, 0.534815556096256, -0.47595002669089714, [0]
-20.617485024325422, 0.5147167499460995, 0.38081362995491885, [1]
-19.924394395541487, 0.5157877454965444, 0.9931220181305608, [1]
-21.999056030296828, 0.8265753976640006, 1.412406534481464, [0]
-19.37677507908507, 0.4918021597333551, 1.354200539423208, [0]
-19.912511751798053, 0.8741808040621585, 0.5420901699588818, [1]
-20.7739530552016, 0.7941887345237689, 0.9331797315993511, [0]
-19.88542638688551, 0.6144562959632179, 1.487082696798878, [1]
-22.535675220743066, 0.5771165715840342, 0.16854145888559768, [0]
-19.62515664646284, 0.6049803002709072, 1.4819783315329018, [0]
-19.48744262599225, 0.5474819930607286, 1.3222144733735792, [1]
-19.757119240120776, 0.9059424449398966, 0.8982843642369446, [1]
-20.38923275732129, 0.7603297546616483, 0.9072413418548327, [0]
-20.480121123658424, 0.596302662928581, 1.4994052143213479, [1]
-19.71161152761888, 0.3672424415893531, 1.207576595661927, [1]
-21.586970529701738, 0.5599736275701441, 1.019768729152978, [0]
-19.742449096469446, 0.6265442546955557, 0.31413616664930333, [0]
-19.45215724211031, 0.5648838917859109, 1.1345792547221814, [0]
-20.17732857472473, 0.757751227607853, 0.841893938754748, [1]
-20.617706635107666, 0.7538102660713217, 1.1623688805346128, [0]
-20.839155095800557, 0.590711885251509, 1.1611135795400211, [0]
-21.461824508463145, 0.6178933267079102, 1.7117068874788088, [0]
-21.33461423210358, 0.38904042573145314, 1.5092704286201954, [0]
-20.667372518844147, 0.8567354141189043, 0.963944965477757, [1]
-19.833213827280368, 0.5771482225218192, 0.8449390688197054, [0]
-20.73471544747491, 0.49646580292263054, 1.5150652533678959, [1]
-21.58139319530284, 0.49748607833304176, 1.0867510875202513, [1]
-22.089161082822528, 0.37379991134658663, 1.5738292850259392, [0]
-21.002460765653815, 0.5519500250879568, 1.3177872829675952, [1]
-20.200295509625573, 0.7864034868620123, 1.0642089093547338, [0]
-19.49315884067767, 0.9259596300621468, 0.3550559346627589, [1]
-19.352983820157103, 0.6211300829610806, 0.8141768314368156, [1]
-21.08144517106779, 0.6247244212274021, 1.6154226706967445, [1]
-21.946256756124633, 0.6085239640427167, 0.9419417602478655, [1]
-19.34516325842822, 0.6030281682188436, 1.3997361657113196, [1]
-20.342114925675528, 0.8143257166504774, 2.0211894164998245, [1]
-20.611289668926645, 0.47062586545398455, 0.640677922254756, [0]
-20.48668540831477, 0.6608113966575789, 1.2456768785802659, [1]
-21.135926689914186, 0.5820100697215793, 0.8823215099804165, [0]
-20.2900294893237, 0.41880362920360975, 1.2796781335506084, [0]
-20.58926816128957, 0.31538948294127644, 1.4706329157432447, [0]
-20.395609892299966, 0.5342510255696713, 2.02757687154987, [1]
-22.007157717323995, 0.7862418765559623, 0.8888569903098875, [1]
-19.028918415579636, 0.5800579995991164, 0.5400286450682139, [1]
-20.53680057427048, 0.5765265543129849, 1.389928965947464, [1]
-19.47759314002225, 0.5428028524887255, 1.197875750535606, [1]
-21.653348863825332, 0.49147056068917905, 1.388892150618143, [0]
-20.134070710677484, 0.6133850648685695, 1.8103107610330857, [0]
-21.232598894798972, 0.5395634466080266, 1.3853960195374229, [1]
-20.479009253134375, 0.4437519739070959, 1.9705191313936896, [1]
-21.317072066307958, 0.5966562616575086, 1.2077085372627894, [1]
-20.128280113295382, 0.8450088204963664, 1.3363250780704474, [0]
-20.320507416669773, 0.6943736850522941, 1.674370818606791, [0]
-19.887837522451758, 0.7941863776835857, 1.0546356264946002, [1]
-20.90725948186696, 0.9732739783446183, 0.801799077162385, [1]
-20.038707718921177, 0.8862874849220739, 1.1931320274558388, [1]
-19.662330441547002, 0.9610771345970995, 0.9853940729565145, [0]
-20.021985467429033, 0.4944466266929688, 1.4184522179692514, [1]
-19.646887375525182, 0.8665792310505454, 0.6258283574655658, [0]
-20.74186923525105, 0.4881480037951386, 1.4575386059126139, [1]
-19.982402342536705, 0.8323131834038742, 1.1639633768928164, [0]
-22.52309737042492, 0.531714190185347, 0.6455111958863802, [0]
-20.010120057581982, 0.5572516401234302, 1.447717409674641, [1]
-21.056407418488426, 0.905186621734842, 1.0355903261662165, [0]
-21.837431934244528, 0.6991708552066176, 1.1816007588550954, [0]
-20.339885531295163, 0.7291321771249644, 0.7198988010421135, [1]
-19.97682314099454, 0.7248940334651837, 1.2731381596763485, [1]
-21.448421970520037, 0.9008505114938856, 0.8265732898022682, [1]
-20.011250260256315, 0.758419652514012, 1.742345181754437, [0]
-20.72379492270613, 0.6784388333019908, 1.3752974831774738, [1]
-21.087167674976254, 0.5517217204309642, 1.3811672864069189, [1]
-19.432484818588215, 0.3640385286413361, 1.5222484105567502, [1]
-19.79864349936875, 0.48084605804499697, 1.722472901621137, [0]
-20.435716299198806, 0.8743722332578234, 0.7512972435637173, [0]
-20.493756335434526, 0.41400868047394496, 0.7483976768825263, [1]
-20.66687007848703, 0.34022600543748216, 1.2244507464211836, [1]
-20.403120625442327, 0.8490949928777265, 1.494611883782286, [1]
-20.03810241865591, 0.5790717796847225, 1.465218948239622, [1]
-20.24965088713608, 0.5128795380343699, 0.8097547733445498, [1]
-19.93618100523267, 0.4981543326683506, 1.1131323507500748, [1]
-19.475056234350404, 0.6226767589410606, 0.39923492731175747, [0]
-20.787317821645054, 0.3386418673725713, 1.123595808252873, [1]
-19.893784406229543, 0.155935270110378, 0.47045232626232064, [0]
-19.68326208675792, 0.44191419671257653, 0.7116617829947528, [0]
-19.664090123023044, 0.8394356498434796, 0.8094665491599727, [0]
-20.56483475553883, 0.6940934308136519, 1.4575030677749337, [1]
-19.956859867231415, 0.3783131716348536, 0.500079912876988, [1]
-19.7893597672197, 0.6192954437141152, 1.3481700488099133, [0]
-19.483383078215887, 1.0379965251463759, 1.0644476307770034, [1]
-21.825407730522656, 0.6203493821806874, 1.589324190998925, [1]
-20.37117337459167, 0.6419954883915281, 0.6364257413112101, [1]
-20.474208661156577, 0.6480678396330226, -0.04095941010452031, [1]
-20.554136868646754, 0.7654850668106645, 0.6919841070313111, [0]
-20.79849929086939, 0.6194485244932528, 0.6750709206919826, [1]
-19.953750675883168, 1.077588055497057, 0.6184660251299667, [0]
-20.12310316385456, 0.30389950757008405, 0.5777461284021082, [0]
-21.786130111682215, 0.608506007583544, 0.5530878605519822, [0]
-20.010527409419716, 0.5163849822826305, 1.16411429968009, [1]
-20.505364663074886, 0.42261878097445016, 0.959454303146926, [1]
-21.90000844408122, 0.4612503535155954, 1.5691050671084237, [0]
-20.534602397976784, 0.7835432025711508, 0.8710822516683389, [0]
-20.97210866805085, 0.7507888391327218, 1.6902776035898337, [0]
-21.079754703247144, 0.48277138552851917, 0.3947560718976323, [0]
-20.20589304816519, 0.28277069682744777, 1.445386081324845, [0]
-20.192011676577785, 0.6837568371363668, 1.3740917870221423, [1]
-22.586849917119793, 0.9932698390184628, 0.627158053152292, [1]
-20.118549367083816, 0.7536773967948845, 1.1506002753634563, [0]
-20.39985495553321, 0.553299547151171, 1.3257699973837358, [1]
-20.873676198947305, 0.6838297863694892, 1.2777009126676344, [1]
-19.01313782474458, 0.609835502710911, 1.4133820989823453, [1]
-19.203182735246266, 0.5543399366004679, 1.2225142633567079, [0]
-21.387776238762648, 0.6717484059109065, 1.0468912254505496, [0]
-20.089734470451337, 0.372462748956248, 0.8035495295607867, [1]
-20.227750332520746, 0.3569938800314843, 0.8938472986699911, [1]
-20.535942287269677, 0.9702060950847053, 0.48246732926332025, [0]
-20.333896841933168, 0.8121277882292351, 1.0900999042362063, [1]
-20.19988366450298, 0.6618658087279998, 0.9258471803694875, [1]
-21.8915551625077, 1.1168176195052921, 0.3751374705978124, [1]
-21.03713030527815, 0.13938706411626378, 0.40348228632419036, [1]
-19.62130504945535, 0.7793291545755117, 1.0666029448532428, [0]
-20.44421842609402, 1.1006715706244794, 1.376049046550011, [0]
-21.02877990937822, 0.5233268654558114, 1.66118302645021, [1]
-21.50370191374363, 0.6356599833484489, 0.8615567901842659, [1]
-20.11498243996882, 0.8786198086970239, 0.27032710027181994, [0]
-20.416235778086364, 0.41641684132751394, 1.6709726191787424, [0]
-21.36698149724908, 0.8353468837452209, 2.0631699864533797, [0]
-19.605978523331917, 0.7587712019356907, 1.4985885145548048, [0]
-19.640399919093237, 0.4745629688389601, -0.054169563565361956, [1]
-22.05359040779711, 0.5830443398639908, 1.2467498475352596, [1]
-20.221015799838394, 0.48514696746340435, 0.931603005868682, [1]
-20.899257798215626, 1.0227268147174458, 0.7958405273246588, [1]
-20.660184540598625, 0.9047572340135182, 1.579144587493909, [1]
-19.791815858102588, 0.49024057688401323, 1.4580515655295094, [1]
-20.34981836252683, 0.7367930851332923, 1.1536304767807821, [0]
-20.300602013419006, 0.16466537751350008, 0.0844833708461458, [1]
-20.54202534801435, 0.7032941936568382, 1.1672999269997195, [0]
-19.649764949412706, 0.41500335507031866, 1.3716430251629546, [1]
-19.451354973559088, 0.4207127642325942, 0.7329967284821953, [0]
-19.424402244473363, 0.8129953296709784, 1.6051648551289701, [0]
-20.609462160030713, 0.765002987777198, 1.2849393392143678, [1]
-20.10306040961192, 0.42512549040247893, -0.0068130782678818, [1]
-19.949500273109088, 0.3734648489690665, 0.8818791081625365, [0]
-20.334179609531752, 0.6986309244407456, 1.4695009007214153, [1]
-20.87637824994503, 0.7622116870329708, 1.2291868068696852, [1]
-20.500566102536578, 0.5622624557651614, 0.5757772745554737, [0]
-19.470367840043327, 0.548481824991382, 1.2624973581944823, [1]
-19.921763221030957, 0.5085976851282352, 1.5276361071105231, [0]
-18.949866980390514, 0.6874152654281345, 1.6898011281595111, [1]
-19.742123977281906, 0.7194198685318328, 1.7325355206786133, [0]
-20.311501352247824, 0.6424902314756982, 1.0332254375857746, [1]
-20.543800820311223, 0.5522597707646485, 1.3550580305318936, [0]
-20.38804260900835, 0.8304562132999531, 0.9665205131338919, [0]
-19.929809809158467, 0.8054319143443317, 0.3375071799330448, [0]
-20.11204769239656, 0.7814238385691616, 1.5094753084126884, [1]
-20.07940506817213, 0.9021343580369272, 1.1879529525756398, [0]
-21.89750731444197, 0.4568308741595378, 1.410957621931997, [0]
-20.026388671843293, 0.1941688711873213, 0.3812108449452771, [0]
-18.690270120924435, 0.866874181227351, 0.8368107830597795, [1]
-20.573107151012888, 0.6933294906010884, 1.573316097717476, [1]
-20.345022978607837, 0.5906928257352873, 0.8589639102373938, [0]
-21.779838438797583, 0.3425353216503181, 1.502803823117517, [0]
-20.18927775001751, 0.7431218302687367, 0.33297596735857315, [1]
-22.100241935387018, 0.4782194467807986, 0.43741143887413025, [0]
-20.111637836719442, 0.3652896063197565, 0.3677096525057452, [1]
-20.40266628889057, 0.35800216216323655, 0.9542325297171941, [1]
-19.54620070395468, 0.5473124299174312, 1.2540047056546197, [0]
-19.106075280110915, 0.5379234982060991, 0.8919341164504188, [1]
-20.29245655791039, 0.4282896312704236, 1.8117518604678313, [1]
-20.155180476430377, 0.769032555697412, 1.3240185971583034, [1]
-20.89024180623259, 0.5003309576095316, 0.6736712993505158, [1]
-20.237279167561297, 0.6287790133342449, 0.9913650797682225, [0]
-21.77367818406306, 0.5701466275612811, 1.0134744309180308, [0]
-20.218188768922705, 0.6303644099026436, 1.363748757792055, [0]
-20.457098168307603, 0.38553263726258324, 0.9959401137502434, [1]
-20.46564657859242, 0.16516036413268326, 0.4559941894421947, [0]
-21.083702092231942, 0.6839121151195806, 0.8378473505867741, [1]
-20.479621363041502, 0.5311133630045406, 1.0495809441027504, [1]
-20.29185979234282, 0.36419759478214114, 1.5397829457267012, [0]
-19.328708971164065, 0.7623943671440657, 1.0542474539902151, [1]
-19.89324644014586, 0.7928155276513904, 1.2140292038816156, [0]
-21.508075695191735, 0.8370854893800109, 1.412450342090905, [1]
-19.226610911047246, 0.5617268644661045, 1.1007377193004406, [1]
-20.605222352621805, 0.483690284273033, 1.3166228862119946, [1]
-19.07606073157671, 0.4675289892743671, 0.882292826974985, [1]
-20.286672385718646, 0.5369740779262071, 1.2170296594027654, [0]
-22.294064710096322, 0.45607389185846176, 1.8162621711435798, [0]
-19.096341491305797, 0.25568321079055245, 1.315458143570447, [0]
-20.81963877747712, 0.28371025763143987, 0.8070530024889448, [1]
-21.49708592282769, 0.6322483733582782, 0.059720040874467514, [0]
-20.566482268230107, 0.38831616044312545, 1.886984042260067, [0]
-20.396777969769992, 0.6122250739517999, 1.3753498805628606, [0]
-21.545491072879397, 0.6506481365707975, 1.151863806512511, [0]
-20.139823747846695, 0.30764455855456374, 0.7211010128376786, [1]
-21.00597342738452, 0.4283206849027712, 1.2446498796437322, [1]
-20.278394168539513, 0.508213225170185, 1.010459259410645, [1]
-20.6969119874632, 0.6201587503248605, 1.7598347523673334, [1]
-22.677339123745547, 0.6890987154893753, 0.26884560379052597, [0]
-21.81734001509662, 0.6675689880520235, 0.8626091357708106, [1]
-20.579420775397615, 0.7023876505485733, 1.3318729107852314, [0]
-20.62467531279401, 0.7347437596050415, 0.6601239114297177, [0]
-20.12482001490752, 0.8672213379490022, 1.0994807426781443, [1]
-20.53149143324793, 1.1724721865325827, 0.5181806092231724, [1]
-20.002878450619036, 0.3597107741700695, 1.2804872059573809, [1]
-19.972157870220567, 0.35484251081829404, 0.7694544788873436, [1]
-20.20551335238158, 0.6292383006902507, 0.7480068052094434, [0]
-21.25419217782065, 0.5905597553507649, 0.6744794918004803, [0]
-19.32298959841917, 0.25619032440944756, 0.9970944198973457, [1]
-21.0750022846754, 0.6452747104055219, 0.5315797335297159, [0]
-19.906714041223104, 0.4850735014955876, 1.4448426386323474, [0]
-19.29052524849869, 0.5493838885856281, 1.3428595549493023, [1]
-20.1314221413501, 0.3998911015903199, 1.1266096153844172, [1]
-21.338993211245402, 0.9423898099896603, 1.3130768347751796, [0]
-20.482200992540815, 0.7143588438999882, 0.9671513351239749, [0]
-19.688542336086442, 0.6631384749783132, 0.9187572542505457, [0]
-20.733082485515258, 0.7520987089270775, 1.1543598350718152, [0]
-20.200945239343334, 0.5629113461879354, 0.4569698153577919, [1]
-20.590335089920067, 0.9874494120619657, 1.243897046425088, [0]
-20.47502371039332, 0.5275663184214445, 1.4568864060966114, [0]
-20.852838097827668, 0.9872465766649092, 1.2027281297298278, [1]
-21.210225024190244, 0.5761800722049826, 1.2762402630429368, [0]
-19.50553939750716, 0.5357341914673214, 1.4563541967841644, [0]
-19.6721453463709, 0.5680344586088062, 0.9759955065937936, [1]
-21.041734656484234, 0.702527497156331, 0.7885220193275163, [1]
-20.627396767854126, 0.4345609305854771, 0.868012348474942, [1]
-20.94953737614706, 0.613234544689014, 1.688536450164704, [0]
-21.390016045043705, 0.587940076273883, 1.3087462410052073, [1]
-19.849794127221763, 0.5445404633086325, 1.0972953490812216, [1]
-20.71108873552505, 0.45896504095883484, 0.37091833058305457, [1]
-21.52569313089013, 0.6701999603955555, 1.2303853650440337, [1]
-20.175953545173787, 0.5777788313992056, 0.8278017189043871, [0]
-20.09136982270281, 0.8134229906485778, 0.5561026216601147, [0]
-20.788300060067222, 0.5683524007507526, 1.1230478466826377, [0]
-20.028928698992125, 0.69026668983142, 1.2859835665906154, [0]
-20.78653633873913, 0.8964381897836226, 0.8965292663822226, [1]
-21.201186161643033, 0.6572539551376146, 1.7216469030279145, [0]
-21.093135006679155, 0.739713445231031, 1.0147610784296588, [1]
-19.999827940419028, 0.48546330635645835, 1.8658852546453326, [1]
-21.905693972956325, 0.7579286955799981, 0.7703046312663455, [1]
-19.850104539207152, 0.5167861449356802, 1.7879917581100504, [0]
-19.152243991644042, 0.1216446887494187, 0.26791035205642655, [0]
-20.22825483364687, 1.058185404008455, 0.6168752977770153, [1]
-20.03214209433049, 0.5245604674027893, 0.00436943006699364, [0]
-19.93571722692466, 0.5959856815686486, 2.004186132903021, [1]
-19.834264464128605, 0.6027796145738301, 1.2324946003792046, [1]
-19.801991195216907, 0.4318757608304663, 1.2846081201176593, [1]
-19.94948156331231, 0.6732949239193439, 1.0140623555426975, [0]
-21.2421565826969, 1.2189625105623778, 0.7005569445145579, [1]
-19.3584239087734, 0.952148036076797, 1.4802903667370648, [0]
-21.070420969019104, 0.3382196492867585, 1.4981308156433155, [0]
-22.4962944126064, 0.9559119843104553, 0.8910175645075437, [0]
-20.555201810279186, 0.7861231803391482, 0.5680647004523802, [1]
-21.113559355683847, 0.23826329023947468, 1.0040330718342094, [0]
-20.0588570168708, 0.48152344035840833, 1.4226240475986707, [1]
-19.96780666589675, 0.7168905235055976, 1.1462774863203287, [1]
-22.39779072879602, 0.7917416978615209, 1.4034448874250833, [1]
-21.970467247716876, 0.6688608107316457, 1.3635413837888857, [0]
-20.797727273538857, 0.35700146267820787, 1.2390355532756856, [0]
-20.15175797081567, 0.918980235844706, 0.7891409290521667, [0]
-20.709410906612902, 0.3843861895652115, 1.6163583544038707, [1]
-19.56244238979827, -0.04215135794440128, 0.4549027707467531, [0]
-20.947073138721535, 0.7607871331084384, 0.9851186864728128, [0]
-20.139507951085545, 0.4912798534311165, 1.698044103240838, [1]
-20.107746332999753, 0.9276679433400414, 0.8588322785940495, [1]
-20.098285558261, 0.42440147266911077, 0.9261761068955019, [0]
-20.656402160180996, 0.757908280868909, 1.0383690842643016, [1]
-19.38490471998429, 0.5365246230733676, 1.2471948608661745, [1]
-20.313511041842823, 1.0035040120144578, -0.5754364470765825, [0]
-19.34028008370234, 0.5091395329490334, 0.7342870544036493, [1]
-20.679861097356913, 0.5528427268509004, 1.6498601077565338, [0]
-21.091770457645044, 0.44014356313796543, 0.6241385919229776, [0]
-22.60427661219586, 0.9338755741837443, 0.989461883503416, [1]
-19.727336774233336, 0.38518838771960917, 1.0373054080538444, [1]
-21.167662460933844, 0.29114459478093413, 0.7181740297198174, [0]
-22.385279536316602, 0.6588766137484939, 1.0097434949570123, [0]
-21.555659511489253, 1.2036962366753932, 0.028699959147652443, [1]
-20.54572219675862, 0.5569053021600239, 1.1475182536512105, [1]
-21.011970478663645, 0.5298898621000093, 1.3856750931497666, [0]
-21.709350672509245, 0.6679499369075144, 1.225298350389474, [0]
-20.106403902713282, 0.7123944217102641, 0.7196882204581024, [0]
-19.90366430205677, 0.3055691486528062, 1.0910938157943293, [1]
-20.99407722088068, 1.1048869319664094, 0.6952832794117545, [1]
-20.482936573864773, 0.8615146888647266, 1.308590971497404, [1]
-20.81002188138736, 0.6020378503834392, 0.760688077587667, [0]
-19.14636233567161, 0.8548218455505991, 1.2492567639236332, [0]
-20.76322662612175, 0.4787830407498901, 1.5040761940587724, [0]
-20.96583226546926, 0.5110668418361041, 0.8153261876969471, [0]
-20.45615018014225, 0.783262015804972, 1.2417719743245401, [0]
-19.73088069091656, 0.26708739243926566, 0.9435571757987873, [0]
-22.041312117784802, 0.44677107600017985, 1.3380297394723042, [0]
-20.77516041237467, 0.737038097684096, 0.694653044619598, [1]
-19.48315041325599, 0.8550270320303976, 1.0456209375435392, [1]
-20.644177704277475, 0.5048244186150233, 1.086418486456563, [1]
-19.951608479650243, 1.0277413466441265, 0.3760008028996304, [0]
-20.118712021144287, 0.6477070780451121, 1.5334149973801927, [0]
-19.67560250051246, 0.964977621589172, 0.6452874440498141, [1]
-19.40344735555409, 0.718140559707594, 0.8038934993538525, [1]
-20.86865927020921, 0.4327849773918992, 0.7847505022372356, [1]
-20.528663762442843, 0.7478329028220478, 0.9601855583596414, [0]
-20.47229380558036, 0.7159782370616478, 1.6583323894534403, [1]
-20.14773435256334, 0.549856445597521, 1.3972645759984357, [1]
-19.94330181888202, 0.5254775391762241, 1.744663232256627, [1]
-21.24613256659274, 0.7496158836049684, 2.1193960051120975, [1]
-19.16718505224412, 0.7615414027580468, 1.169310522294969, [1]
-21.009224237879664, 0.22673181998027225, 1.114214963463275, [0]
-19.795190128705098, 0.7813363811335211, 1.5672107688007428, [0]
-20.060164657771235, 0.7181739036045046, 1.4170012831969876, [0]
-20.728591516052997, 0.7997573171544455, 1.2564336050266074, [1]
-21.891914349963724, 0.5729144466240044, 2.2329223652823282, [0]
-20.392446269412588, 0.67454534391888, 1.3889051003953323, [0]
-20.899485574418332, 0.5057037037209091, 1.2235337889216127, [1]
-20.859432694768337, 0.5657069908966598, 1.6104444261654376, [0]
-21.262940984370513, 0.8042849292224729, 0.8352419813527237, [1]
-19.48269538598543, 0.5510291941863914, 1.3896803378611264, [1]
-19.80597776762679, 0.6062686844157087, 0.441766191533078, [1]
-21.077270136297123, 0.4900680135113123, 1.7781839567155138, [0]
-20.170985145920593, 0.3763139550073811, 0.6889561379646277, [0]
-20.56193376032713, 0.6952079800412938, 1.6345479869524269, [1]
-19.948675948407047, 0.7455674111965365, 1.6613177645420565, [1]
-19.820824147995907, 0.6774154218272419, 1.415805154400248, [0]
-19.954630081218877, 0.7589538250903882, 0.8702746983794367, [0]
-22.28668873759733, 0.7642579789237898, 1.1864847628828712, [1]
-20.28442522675586, 0.8603494402086913, 1.7639620572928878, [1]
-20.28014253238522, 0.7594662292740683, 0.9683115435358065, [1]
-21.59935659465789, 0.47933060465900096, 1.490759605192393, [1]
-19.944306738347876, 0.36239055212272725, 0.07917776131400003, [1]
-20.110012138545986, 0.3626404243111434, 0.42975912087140516, [0]
-21.7342408421683, 0.6753330471900042, 1.0173504618954667, [1]
-21.45164430386312, 0.44471991013271184, 0.7159718866608862, [0]
-20.75357431683633, 0.5551516524126663, 1.644919225261666, [1]
-20.310876498109714, 0.7352601249373455, 1.3261731461600044, [1]
-21.72909470527629, 0.6072281750699774, 0.6012719784289701, [1]
-20.24882219668111, 0.7368111290721535, 0.6916354987571501, [0]
-21.093471146294455, 0.6277573384614497, 0.9571139498103101, [1]
-21.532625963589773, 0.7545180925618283, 1.6821713493673007, [0]
-21.266883927425127, 0.5044139872622624, 1.2252253722843034, [0]
-19.496582719785142, 0.727253053098976, 0.6595448867871679, [0]
-22.77163186886131, 0.5506099516596034, 0.8835394250549036, [0]
-19.77727041051586, 0.5343033975935602, 0.9710431407948878, [1]
-20.193180639659047, 0.5573531351493214, 1.257620060568731, [1]
-21.69657882063811, 0.5244514593888385, 1.5725951083335916, [0]
-21.438309748011267, 0.3510152009964975, 1.3109930738256055, [1]
-21.680485721675712, 0.37292708967054533, 0.845342250208866, [1]
-20.609656891671527, 0.5304070394811873, 0.5352340687055239, [1]
-22.001079928252196, 0.637406374475457, 1.5382606235129053, [1]
-20.754613327289416, 0.778836903912176, 0.965160208658418, [1]
-21.057539162983353, 0.627606444794997, 1.9503321811003436, [0]
-21.256371562173115, 0.5071959112227975, 0.503815341589947, [0]
-20.55413225543904, 0.89407708539769, 0.7110589942255741, [1]
-20.103830687320905, 0.4853127182581479, 1.4346540319653018, [1]
-21.502268911644737, 0.522831192345064, 0.9562040315911723, [0]
-21.224044525978744, 0.6434084403751232, 0.8071934208892971, [1]
-20.838793000433338, 0.883361865467604, 1.0453470533949627, [1]
-20.885032178534757, 0.3813065543754965, 1.0946582589842193, [0]
-22.399936825359443, 0.6980021369146953, 0.6125075292332027, [1]
-20.48088049054752, 0.5423950251146552, 0.6170940365995972, [0]
-19.972735971903322, 0.3207092121698579, 1.1577693293074407, [0]
-20.061687584685306, 0.4005397177042952, 0.7570994830748102, [1]
-20.073586485323766, 0.3543610838928418, 0.4237585743479335, [1]
-20.962224804352612, 0.7692140349227465, 1.838940259543593, [1]
-19.212491828379108, 0.5221361113775447, 1.3879184400557594, [1]
-19.770854433542873, 0.49089925258419276, 0.4439493027411631, [1]
-21.293604783702012, 0.4873036427493147, 0.953061698785967, [0]
-19.457556388142432, 0.5312750867128024, 0.8000240234037953, [0]
-20.521431838213232, 0.47165452208371134, 0.6412612493173659, [1]
-20.796370104985, 0.6466934571271492, 0.551533004268715, [1]
-20.89236843988645, 0.6172389807443124, 0.4192555808887887, [1]
-20.452357842519344, 0.7024295236384723, 0.7525236966778798, [1]
-20.724775241542716, 0.48579205858069485, 1.1714654690203774, [0]
-21.56222460285883, 0.6071772686237534, 1.4824740244040098, [0]
-20.553614847999334, 0.4601276510403957, 1.3430671735679272, [1]
-20.22046063040937, 0.856594103897991, 0.9963780822236423, [0]
-20.829831221382086, 0.6513651230415223, 1.4913191905982544, [1]
-20.450461208283265, 0.47621065997251083, 0.9773680935665647, [0]
-21.05399145629184, 1.013667931227767, 1.2131997027583887, [0]
-21.525125480382496, 0.1734880989559292, 0.9741166503172738, [0]
-20.379105491719898, 0.7776842168923718, 1.7135361357542722, [1]
-20.69903231902791, 0.618886184351437, 1.2578249042787313, [0]
-20.968547431294233, 0.7978237229101626, 1.5888252797292595, [1]
-20.036834036833174, 0.4832290593196197, 0.5698659791637639, [0]
-21.347710039573062, 1.1473198956079589, 0.018459407675352146, [1]
-20.04510552147362, 0.4398161051930136, 0.8985709274665972, [0]
-21.046725249764346, 1.1101019618507744, 0.4411839635976421, [0]
-20.062826562911216, 0.6322578837967372, 0.871755591028263, [0]
-20.197772968491456, 0.5797317515767945, 1.157267088323481, [0]
-21.24094539651219, 0.9123681423651475, 0.9214657868964176, [0]
-19.662671350623164, 0.49492880630568725, 1.9141622133019982, [1]
-21.485419505936186, 0.8275459510734033, 0.8763476761091904, [1]
-19.939736109283825, 0.6351540106534671, 0.8413516070944186, [0]
-19.572808738166987, 0.39635249368354053, 1.6407778363840282, [0]
-20.401497827411063, 0.49738517866000326, 1.5101702116418443, [0]
-20.15424969427918, 0.8847220113029324, 1.4232264592311676, [0]
-21.455991961945845, 0.7861521158781843, 1.2617564614672347, [0]
-19.949869052683916, 0.7156536665455039, 0.2677605863774115, [1]
-20.186776565356748, 0.8181620495706452, 0.8497596669323846, [0]
-20.41068923557296, 0.7961484559920595, 0.4999071050166055, [0]
-19.587459129747817, 0.5461852833967717, 1.6982371595927601, [0]
-20.15819643704919, 0.9351161080191457, 1.3819837135707083, [1]
-21.754630622069097, 0.5609593087238866, 1.0023996121373018, [0]
-20.724951377567944, 0.7657954970389929, 1.3640495253259157, [0]
-20.845482000100244, 0.7526763225670497, 1.0812540648044446, [0]
-20.72672483010779, 0.4016629399441242, 1.4556032160202013, [1]
-20.959961249118432, 0.4462633272918405, 1.4192952535019798, [0]
-21.491924313160393, 0.9697676484064004, 1.1086470989243122, [1]
-20.105539449399686, 0.48610600527465686, 1.0461678102821272, [1]
-21.597911979215663, 0.9887809241969749, 0.8953641938924495, [1]
-20.15239566515034, 0.49023721352282745, 0.9055243977545253, [0]
-21.598899765335933, 0.5830072248987107, 1.5902799288031848, [0]
-21.364890000842276, 0.8052158007222316, 1.6257936494624112, [0]
-19.721584012293246, 0.6533259972624241, 1.7428948506160986, [0]
-20.692405588413145, 0.525165333917806, 0.6590337092393999, [0]
-21.09283418959656, 0.7898260543340467, 0.8770749086449436, [1]
-20.983519947458365, 0.5626671744724041, 0.7357787244915243, [0]
-19.780528873455296, 0.5325530150633057, 1.0076789876825387, [1]
-19.62435102061434, 0.6912170907754351, 1.4462083672953918, [0]
-21.7974516995258, 0.9076374134870744, 1.2629020243895601, [0]
-23.063968958951087, 0.9257067668435456, 1.3258672204932729, [1]
-20.083989937156186, 0.6381350265574721, 1.197677251399132, [1]
-20.94237409739628, 0.6151714024860986, 1.6317113549571076, [1]
