t=5.8881063054214743E-5
logZ_t=-0.4236155307171616
-7.406306161853693, 0.3843319729150433, 2.3756425586261067, [0]
-7.359737415416527, -0.27677086344376445, 2.9770157599529936, [0]
-7.623657509052787, -1.2332050952458353, 1.775281423834593, [1]
-7.4859432647556305, 0.7477183779654477, 2.667719615041779, [1]
-7.622437963169105, -0.695833102506086, 1.016398899382564, [1]
-7.359888756571608, -0.23093166954827438, 2.549735815633851, [1]
-7.459303521505064, -1.453721294223214, 1.6539748716652865, [1]
-6.998023120242429, 1.4956971651087987, 2.458326481923446, [0]
-7.4721256876396875, 0.4351501469658099, 2.8262737704609022, [1]
-7.178729909940553, 0.8416497170315307, 2.904341651226196, [0]
-7.1210419536941245, 0.8974813176950898, 3.0941254421989104, [1]
-8.063274774088518, -0.3334166646228818, 1.5612257213169813, [0]
-7.304724861500016, 0.6872762399497128, 1.7081139630743867, [1]
-7.3032991821515205, -0.6418834626838561, 3.251304730757993, [0]
-7.206904170991365, 2.759348620343731, 2.5578175962318985, [0]
-7.749587810044472, -0.8834002314380951, 2.3516540301903577, [1]
-7.617182636138327, 0.36534784211227284, 2.6022462935536437, [1]
-7.136948536447804, 0.45826422958379265, 2.9985086705384374, [0]
-8.108619324274276, -2.8197991026170497, 0.7011827073371899, [1]
-7.493860644690548, 4.316539628787166, 1.5917555283477087, [1]
-7.391280515441605, 1.3079277064936075, 2.4317006534293943, [1]
-7.557734038367884, -0.6127880309444638, 3.1382812545864853, [0]
-7.256262766267617, -2.0879765188343855, 1.689859184911509, [0]
-7.138254641352693, 1.4450892646684013, 1.8948599836093485, [0]
-7.22275429185008, -0.2664180401053602, 1.4920187459518726, [0]
-7.061802553107294, 3.4235838924902398, -0.009773244921414515, [1]
-7.265943779089034, -0.3934598797029938, 1.5675938671357044, [0]
-7.3400142456377235, -0.27559765936255043, 1.5075457080241241, [0]
-7.134432049732113, -0.5013693062199307, 1.6123297391001516, [1]
-7.754254593296336, -4.645589984739056, 0.9652872147398043, [1]
-7.17914429393598, 0.7768695737032493, 2.124684203717038, [0]
-7.593442263487151, 0.1816241102913183, 1.7311755321280795, [0]
-7.109726165880743, -1.2284374260403594, 3.246830463099882, [1]
-7.4166727514422, -5.287736865751434, 1.1784004094976916, [0]
-7.6676189751915365, -3.716383345640131, 0.3281031457256385, [1]
-7.382560316407202, 4.192271447317118, 2.130567866944679, [0]
-7.855263893845807, 2.209235797782435, 1.2943502171972532, [0]
-8.128389355253299, -0.46331466249174, 2.657010843497085, [0]
-7.960986312899119, -1.9883417200003917, 3.2034101102599073, [0]
-7.225082789480782, -0.5405476213850837, 2.9798801111898316, [0]
-7.4905796840752705, -1.200767596634355, 1.5213632743827536, [0]
-7.639187675185715, 2.7738719767369564, 2.6796204021128336, [0]
-7.12446690376767, -0.16881597533259973, 1.7273214690024403, [1]
-7.278918257378033, -1.6487646767783817, 1.477774262146899, [0]
-7.00123296472026, 0.9925546426687537, 2.3408892097129645, [0]
-7.875763210021494, -1.9233489702327287, 1.4979968236806556, [1]
-7.037915726461881, 1.066387542480865, 2.562884619448143, [0]
-7.317728327107953, -4.841214877279526, 1.9806214499588723, [1]
-7.207553109437054, -0.4031413775048245, 1.2989379256887026, [0]
-7.0954720798374575, 0.29271183463525263, 3.026925477235522, [0]
-7.2733044452774624, -1.7829123358901233, 2.1412223385054876, [0]
-7.136438203886061, 1.7196720896813864, 2.186497442792741, [1]
-7.205941393443367, 1.4153721680841245, 2.583528629760853, [0]
-7.1967526110354285, -1.192684829826903, 3.142184430092386, [0]
-7.302346908704746, -3.0405020665040277, 2.828489610287909, [1]
-7.018460977053947, 0.42547210787918244, 2.4040024532217488, [1]
-7.1126630814461524, 0.8619671796883848, 1.2535550619785645, [0]
-7.339315895003879, 3.542936912949771, 2.3215631271077166, [1]
-7.794931901629866, 3.2636897181498354, 0.6546146227426604, [0]
-7.165509859603577, 1.8255332753264297, 2.3021925079749703, [1]
-7.286731317532199, -3.078313786643119, 2.84015723426916, [1]
-7.360138899409078, 0.5260558038576421, 2.745020471476663, [1]
-7.1285626806394475, 0.4094074292239105, 1.9777838353166666, [1]
-7.435895522393888, 2.6249949429500896, 2.040911890905089, [1]
-7.284946980783612, 0.7230718164402612, 3.3867307418590213, [1]
-7.081340265147457, 5.3792072630576335, 1.8156592104292182, [1]
-7.573317496443828, 3.361220998942166, 2.639635569330284, [0]
-7.840156739893604, 0.9922639579428966, 3.2121722786680205, [1]
-7.421620455285818, -0.5116843200833727, 1.5572267919181932, [1]
-7.249535602417921, -2.1336029756788797, 1.0974915870729625, [1]
-7.357282931429859, 1.9868325763077608, 3.670845687278545, [1]
-7.534188756485263, 3.698579686081322, 1.7185970175938037, [0]
-7.19181334421383, 2.0750304727532636, 2.609259988168878, [1]
-7.692920013426131, 0.57274586435098, 2.3029113714630403, [0]
-7.702218791772986, -1.6461441335544007, 1.8983480730988946, [1]
-7.422451170029321, 0.2561576457082654, 2.7698965931470383, [1]
-7.4076286579690676, -0.8720508950100787, 1.0159819422649767, [1]
-7.207269661316968, -0.7588660171565609, 1.7701334183772564, [0]
-7.712055285126533, -2.33663203391753, 3.2407890191739703, [1]
-7.21645430571349, 1.428801203017325, 2.994326905372019, [0]
-7.3282261566791655, 3.451087765988266, 1.9712277807577865, [0]
-7.220386883549816, 1.0186656754912813, 1.7564101339903193, [1]
-7.085332872840722, 0.9478692113937699, 2.0416437700317815, [1]
-7.712285481850429, 4.601672417215729, 1.7876635786074466, [0]
-7.498425101675953, 1.6002611656916694, 1.963835616906136, [1]
-7.193315809513132, 0.6178267583067696, 3.2232335401010648, [1]
-7.183352369598648, 2.761050863994845, 1.4484953509006078, [0]
-7.404490132066177, 4.270004028348208, 0.7999240310617022, [1]
-7.994790289206068, -1.0295545066658727, 1.8893710420850598, [0]
-7.473505931692307, 0.22523020472838606, 2.663481010976447, [1]
-7.283888561535294, 1.528384549616822, 2.1885144057232875, [1]
-7.411951330647473, -5.082392813859241, 1.9757583356233321, [1]
-7.067899724845724, -0.8918257859948786, 2.0803903663271517, [1]
-7.618486609736134, 2.840133632034494, 3.245415224731698, [1]
-7.341495340528334, 0.9936981470631956, 2.071112639931933, [1]
-7.2296556177100655, -3.1272402737614486, 1.3160188113996598, [1]
-7.79508416130198, -0.26082415186353014, 1.1923648966319271, [0]
-7.0111419615631245, 2.462703629824704, 0.8204803132698409, [0]
-7.2643585022770605, -3.162860902566133, 2.8624294996047173, [0]
-7.451212985161214, -4.52226404966384, 1.9817206384746426, [0]
-7.129747902360114, -0.9981330355271107, 1.0062599913964543, [1]
-7.194383542925579, 0.38861842125077195, 2.5567839741813114, [0]
-7.154671785680181, 0.11120322996964171, 0.8032373226601048, [1]
-7.147261175082972, 1.070860336188196, 1.912406200144287, [0]
-7.22949910443643, -1.793055513826141, 1.5766299689497876, [0]
-7.3252071965362475, -1.31765507140146, 2.986021621153765, [0]
-7.792595607937534, 5.6444348428293125, 0.728343223579712, [1]
-7.4896855649403005, 4.984264910053206, 2.345488152330054, [0]
-7.313950936017462, 1.1219964515344607, -0.21711797144802292, [0]
-7.582313580387881, 1.750258214289559, 1.7096080364457416, [0]
-8.037251584272202, -2.342901119350409, 1.9292866270415114, [0]
-7.08421214256308, -0.9044871013726751, 1.9457068703425646, [1]
-7.272076186352211, 2.130831905110718, 1.8148634432771504, [1]
-7.4992207470900505, 1.0592367930138264, 3.9958030934966313, [0]
-7.584104048469973, 0.14725878993330355, -0.5983558826773772, [0]
-7.1881995813241355, 2.843372716656052, 0.31370963604338065, [1]
-7.359245002491138, 0.9355352411568931, 1.6527872206559986, [0]
-7.5386783976777565, 0.5389726444132146, 0.7836494325156944, [0]
-7.012482898396188, -1.6908757563177137, 1.8861697801022974, [1]
-7.213897549337259, -0.7215425315730946, 3.824368181258532, [0]
-7.054761869453375, -0.1615837882301342, 1.8803010781269816, [0]
-7.181784070488888, 0.37052168926639184, 3.012773550807751, [0]
-7.308978204337832, 0.8085794671199189, 3.162948917398877, [1]
-7.082529280668747, 0.5800612016310093, 1.2855270593050798, [0]
-7.452677468585242, 2.7613274899912232, 1.641313656074299, [1]
-7.147711709396859, 1.4997015557997995, 0.9981009030311703, [1]
-7.312854410327984, -0.45456508038722676, 0.0706920538624849, [0]
-7.923653620354739, -1.1406228123321263, 2.8744757443638713, [0]
-7.915374708984565, 1.9899652891133985, 2.1763567647066777, [0]
-7.771332086719804, -2.267355890049999, 2.399083272406547, [1]
-7.230883889131625, 1.6115542487275363, 1.8158320741625236, [1]
-7.054498015514164, 0.961679347000472, 2.012857212833477, [0]
-7.606982645491934, 0.7040343628351722, 3.307911513131006, [1]
-7.220789691866594, 0.12388129331922715, 1.5909845188548553, [0]
-7.402008845829824, -3.1114887562291815, 1.9676215702452773, [0]
-7.064328925430735, -0.5295901422429927, 1.3674157797783473, [0]
-7.3516200514140495, -0.31626648162441895, 1.6822349698112578, [0]
-7.210185582568969, 3.1182736349988494, 2.306964621828369, [0]
-7.300368766926838, -0.739395000154729, 2.1765325495932, [1]
-7.464429024931574, -0.28733592956955767, 2.8403537529204446, [0]
-7.308223544503632, 2.8389520179266867, 1.549354561681919, [1]
-7.463316933969594, -1.056911566613143, 1.9466997840267757, [0]
-7.5192327530732195, -0.10672041962610557, 2.966085554496975, [0]
-6.996262354716356, 0.716361880729592, 2.668372958835322, [1]
-7.416578240407557, -1.1793421430035451, 2.9219515992672047, [0]
-7.055772460336322, 0.8408887669931495, 2.81264717221022, [1]
-7.216802860876028, 1.336802157852783, 3.0246624461696374, [1]
-7.988652882540119, 6.049918227780224, 0.14044368788675854, [0]
-7.323365202769157, 1.9916283887972872, 2.4323607205278353, [1]
-7.99106879507008, 0.559110380315667, 2.1654098851411225, [1]
-7.4534253946719335, -2.2326949713601847, 3.018464643087244, [1]
-7.070919649032383, -1.2015429052680666, 1.4575021351427988, [1]
-7.395381783818535, 4.774856779765635E-4, 2.1206814850009024, [0]
-7.104091167250374, 0.5282250473519995, 1.6234513760684322, [1]
-7.745318141827504, -5.049780629967696, 1.2551128110106933, [0]
-7.330928268524529, -1.079290758509094, 2.880717802788964, [1]
-7.137734743181643, -0.977114520711726, 2.4993393304465528, [0]
-7.17670318510217, -1.1148480160783822, 1.905414203851444, [1]
-7.359685027629354, 4.782642101758087, 1.7992548811737108, [1]
-7.457737268786971, -1.7509443013378887, 3.2628480960151585, [1]
-7.157179798854571, 0.8057726592764038, 2.7862420669498853, [0]
-7.199906751337297, -0.8086536141048091, 2.2383562520558398, [0]
-7.291624876537648, 0.3899363274869132, 2.2821116791882456, [0]
-7.499396280116152, 2.0220946153927266, 1.1884052122006292, [1]
-7.286743208248756, 7.0108384647506305, 1.6284820391845143, [0]
-7.716392893615941, -0.6221256064172853, 3.0400773468981783, [0]
-7.668586971498073, 0.49498157702612966, 1.197315378337384, [1]
-7.184950348141547, 0.5447658661688899, 2.135365542411381, [0]
-7.366515346612565, -2.0358367661796057, 2.542245382926426, [1]
-7.7938354827783884, -0.8396740539233027, 1.381525057259216, [0]
-7.471522084278441, -1.3325420250405826, 2.096004071520405, [1]
-7.536715979304372, 0.2420952234082152, 3.0733420628538477, [1]
-7.221620662292731, 3.9197371979707083, 0.4308632291612935, [0]
-7.229724699502114, 3.354564510112796, 2.2483940438872074, [1]
-7.445005207581696, -0.7955026432739274, 1.5636324106589716, [1]
-7.917551205009305, 0.8399560980414456, 3.042975993851099, [0]
-8.370622380987278, -4.019062199349063, 1.151673203815045, [1]
-7.482854554954611, 3.380217401628092, 2.9714075328302343, [0]
-7.496459004117105, 1.0154545602704363, 1.15865362776932, [0]
-7.41165244008304, 0.6681381407751555, 3.393059339206796, [0]
-7.628397549525941, 1.4740269988140813, 1.7609744943898353, [1]
-7.138077415685756, 4.374167743393306, 1.524650299818165, [0]
-7.317618627277152, 1.3213355692045075, 2.606398818182639, [1]
-7.24140784513685, 2.372604630573006, 2.9564721258239492, [1]
-7.523753777728574, -0.1958638921156144, 2.9139896401598033, [0]
-7.536491511715233, 0.019499540522032732, 2.1095970242640285, [0]
-7.520434764653249, -3.6982941269814615, 1.8866134556029857, [1]
-7.253023932840991, 2.7629374714111385, 2.2163264589194975, [1]
-8.100789746815494, -0.02183770355420256, 3.1466024394415353, [1]
-7.214069612771556, -1.3678471430411272, 1.4861394870319447, [1]
-7.326246221246853, -0.81293180880597, 3.055998283104967, [1]
-7.542067802307244, 4.559315692466601, 3.4033012452545304, [1]
-6.9935387061419245, 2.4808674526701107, 1.5726175750507392, [0]
-7.090376237278291, 1.6143296841683665, 1.7100606820887716, [0]
-7.136135475965738, 0.9307446177567174, 2.7760700172895705, [1]
-7.212066087859133, -1.627256515043795, 2.55273230277482, [0]
-7.306344333948286, -3.236965032980269, 0.6644084391227052, [0]
-7.212276986152778, 2.3880710867961126, 4.130744104142205, [0]
-7.540479253998055, 1.1619980331008595, 0.1799546641611327, [0]
-7.631135494201144, -0.4718051477739573, 1.0399546683520842, [1]
-7.182718394012405, 3.4003554689905258, 1.5015844953605175, [1]
-7.060459383065118, 3.018929746767386, 2.2633992044392186, [0]
-7.82303184722828, -1.4545916738581306, 2.506837456488341, [0]
-7.48007581160523, 3.976492776588374, 2.9505487861161033, [0]
-7.050668381388846, 2.7834383423277784, 2.152056904747354, [0]
-7.086549963888089, 0.7726886150069541, 2.6431815907901015, [1]
-7.1278628358449705, 1.7923212602055498, 2.1855493211010844, [1]
-7.728904115443996, 2.023633765806674, 1.3142601991938436, [0]
-7.134604989946824, -0.96775285182696, 2.0630932703094063, [1]
-7.424850374953029, -2.849788361719048, 0.49094343384355454, [1]
-7.049287482031792, 1.818016056424411, 3.269279154501765, [0]
-7.335640015811887, 3.341736236775565, 2.775529077128688, [1]
-7.128730070451756, -2.6414492058921217, 0.23637243540734176, [1]
-7.608490751324734, -0.9384105986712885, 1.151585336742488, [1]
-7.126770752050691, -2.800294500559234, 1.6418976456294208, [0]
-7.22122398640079, 0.15430479914203898, 2.8747877823026573, [0]
-7.402901624795503, -2.0219541773534977, 1.4525143155361047, [0]
-7.246486176385112, -2.1402234624747303, 2.448863730489242, [1]
-7.155622003950155, 4.396021674121578, 1.618366482085359, [0]
-7.138688887329756, 1.6120861575970842, 3.250965515241916, [1]
-7.077068229400048, 3.445264708216458, 2.6787400322962855, [1]
-7.342912916243765, 1.2673608468821551, 3.3157956326064832, [1]
-7.469896296190935, 3.453847457132241, 1.2780350226183277, [1]
-7.3441993600036355, -0.6925059919748762, 0.9789186838198871, [1]
-7.127632487689884, 3.498076340913908, 0.6216520963763703, [0]
-7.220593876476599, 2.387455508864602, 2.3812287485663637, [0]
-7.860891333976495, -2.9918537141839456, 2.143604603895596, [0]
-7.003190573148744, 1.5647947678510719, 2.96625708469067, [0]
-7.441736406423587, 1.658456177034731, 2.510725766118627, [1]
-7.170625825787034, 3.3355569954341586, 1.9673069292950582, [1]
-7.61363478400231, -0.31999895955670465, 2.910822061948513, [1]
-7.385919391296078, -2.0920340729915208, 2.5322572705810864, [0]
-7.227414813967314, 2.1665346516306734, 2.2395813305234684, [0]
-7.338896547260838, 0.8177110895899928, 1.8990526230749376, [1]
-7.0440542109734805, 2.0197375676876024, 1.762548609022534, [0]
-7.755914881092979, 3.163891918739302, 1.3801896948992536, [1]
-7.136766683396591, -0.3464237875397529, 3.307847433181062, [1]
-7.273412586290674, -2.2207638055594585, 2.6521365750386146, [0]
-7.33252381667714, 2.066189716894043, 2.7113957809333704, [1]
-7.264416127943035, 2.8059207601388754, 1.7161139451929797, [0]
-7.296783271580643, 1.2642181659612368, 3.5143890767208332, [1]
-7.2708951586712764, -0.08199987117634722, 1.9465682711802303, [1]
-7.112900581275875, 2.5960939530365703, -0.7224938222661899, [0]
-7.373610936932165, 1.744143005217625, 2.2193965604892973, [0]
-7.166168678055457, 0.6556881697294326, 2.0223730041819414, [1]
-7.061756523209116, -2.044491902770849, 0.5309117812973783, [0]
-7.527574651647826, 0.8142448093115519, 2.0320654843410315, [1]
-7.161516233305987, 3.3026534019582243, 2.539708590620078, [1]
-7.08851102646476, 0.24581712604417838, -2.740800670339914, [1]
-7.223559994648868, -3.5352638309774975, 1.9954180921610227, [1]
-7.071039940873155, 0.76234881601509, 2.7168693494980913, [1]
-7.083132581938896, 0.48322726580012254, 1.2835111059553457, [0]
-7.442144613355988, -0.5347374587724165, 2.3443261130813697, [0]
-7.682534540450437, 0.35783600119313275, 2.0521886598108314, [0]
-7.995072989783129, -1.8391105274731747, 1.7077209287758022, [0]
-7.112486484541576, -1.6010561638617806, 2.4029755323230026, [1]
-7.196549087169784, 0.9969413231704588, 2.995828076558906, [1]
-7.527207479316169, -0.6237794641087175, 1.7605161997445404, [1]
-7.217058746779451, 3.174807897249382, 1.6244442978277294, [1]
-7.304267292736649, -0.9083679079366638, 1.1051783944627331, [1]
-7.277716657645713, 1.2461125713355305, 3.05188099159808, [1]
-7.240186516471979, -0.5802787094151105, 1.50857476510598, [1]
-8.272535745977025, -0.12139841453134259, 2.06858724205227, [1]
-7.559028189129634, 1.9999271295290786, 2.1853165174071645, [0]
-7.386904789657129, 2.5873038744859262, 2.0347053115639593, [1]
-7.3524821040374, -1.890791547668551, 3.701107262931875, [1]
-7.579943775600153, -0.8756684286410445, 1.7899044964261286, [1]
-7.173697040915318, 0.7704572790041327, 2.540557780001726, [0]
-7.708152233978974, 2.8104919275000175, 1.7950861853065323, [0]
-7.240397885960068, 2.594193840852047, 1.34595999195352, [0]
-7.708284464353596, 3.39987277018425, 3.8097726558970986, [1]
-7.400425338617315, 2.0486587349927308, 0.36308130532737576, [0]
-7.574184541083875, 3.9430079781902414, 1.8601427394888619, [1]
-7.103702804012421, 1.669238901403477, -1.269592344649942, [0]
-7.18546944253307, 2.2002274725323616, 2.3987477897319045, [0]
-7.125444732579134, 2.1472906070949263, 3.448862428099872, [0]
-7.61060174381279, -1.036318003018505, 3.0911953611232867, [1]
-7.1025959523495255, 2.041198010981206, 2.063939996690868, [1]
-7.242960290981933, 3.0927359980739415, 1.9389588873090915, [1]
-7.333777175130437, -0.9134335163744083, 2.5729004172415726, [1]
-7.414658619650899, 1.737234729628935, 3.035176689842988, [0]
-7.415815661504058, 2.630151494749052, 1.8785116999335396, [1]
-7.649380802163367, 1.071275936784756, 3.406845905480581, [1]
-7.487761115055994, -3.0534871296763733, 0.7588668964209364, [1]
-7.086185736910328, -0.4716834106235748, 2.0107841374423083, [0]
-7.168561740159027, -2.3197117141816435, 0.3724459373409179, [1]
-7.367315049553759, -0.3911638867775795, 2.9185264074190402, [1]
-7.416705728604748, 1.444503175653175, 2.1243941095474272, [1]
-7.343027239289457, 2.0044365398845807, 1.311105037778961, [0]
-7.161346153919044, -1.2000467731863336, 1.2455686498047607, [0]
-7.392753548282722, -1.9591918731611069, 1.7130769908811616, [1]
-7.334152521477011, 0.2783497623984297, 1.3664327432179202, [0]
-7.184574276238324, 2.130729717535658, 2.146998803282875, [0]
-7.254900946770955, 0.8844531495129344, 2.0810584046530933, [1]
-7.182164410106512, 3.6063820347627704, 2.7206164437478817, [0]
-7.419428540536229, -0.07486980541622418, 2.965153173040711, [1]
-7.052434482321469, -1.1032830748826883, 1.3557492944659961, [0]
-7.215778766034947, -1.0354813684776676, 1.6869281124128663, [1]
-7.838692666626995, 4.22451928842807, 2.3493436883150496, [1]
-7.379122472855245, -0.2580692721180702, 2.148905996649745, [0]
-7.496042589295098, -1.2316979456942012, 2.6093788212564895, [0]
-7.999809927791231, -1.1618026164168977, -0.43658472289859285, [0]
-7.255913488229055, 1.317455503399355, 1.1487107672301913, [1]
-7.453710460866688, -2.7738841406177723, 2.159675574449451, [0]
-7.028397055911426, 0.34823285113831404, 2.1674583427415377, [1]
-7.318717601174975, 1.7196456222776308, 1.2552632805642632, [1]
-7.942022165770307, -1.7759402005688583, 1.8986128526568296, [1]
-7.340577473858078, 0.8711741767662757, 2.2668662770949664, [0]
-7.287510739261562, -2.1936866529696175, 1.4874506973584358, [1]
-7.113571233125377, 1.1129915145184945, 1.2991694551035367, [1]
-7.165742884589874, -0.3965039084819585, 2.3742754689248646, [0]
-7.625595481052036, 4.119465971727655, 2.9116419243925993, [1]
-7.437669835857685, -0.796715046693019, 2.1591757161634106, [0]
-7.562543262230905, 7.110770741278058, 1.5550060930277505, [1]
-7.219747842083724, 0.2006566643776858, 2.033383176185141, [0]
-7.046410629655189, 1.7794785022574102, 2.1846461298919833, [0]
-8.378564016848978, -2.1519941578677826, 1.9436889869136653, [1]
-7.254472707594241, -1.8533049390817036, 2.9808212971229846, [0]
-7.147451592560847, 0.24579496010252277, 2.803898670437805, [0]
-7.2494967646552535, 2.804330236303265, 2.868118123516303, [1]
-7.213495356226254, -0.19595343215045458, 1.8729470977593246, [1]
-7.968424246977163, 2.287555199364504, 2.748243446272956, [0]
-7.2899680161123825, 0.9015738630104215, 1.6224433986614504, [0]
-7.120737019946206, 0.3607365154693175, 2.889070581938822, [0]
-7.22116387812527, 2.271446687877671, 1.9938700512514858, [0]
-7.229930567097572, 1.1904523557423783, 2.3510289951280225, [1]
-7.040862869986433, 1.4086571989580892, 1.482454279790902, [1]
-7.820778692810778, 3.510458384802756, 1.5491777982481039, [1]
-7.727433547694389, -1.8962016439603886, 2.7024623028458197, [1]
-7.127404327299101, 1.0629623806421806, 2.7145836653932083, [1]
-7.558564634737936, 1.122524374276436, 3.1863605908231736, [0]
-7.186087982698789, 3.7914286020823864, 0.8260210297297839, [1]
-7.564371480327032, 4.737444828072807, 1.3661465725770978, [1]
-7.256675207605157, 0.7833630253196557, 2.9109147097287655, [0]
-7.494244785110228, 2.151502775526437, 1.6903893719856233, [1]
-7.006262781558381, 1.8194426079830204, 1.699038361221612, [1]
-7.126410996406336, -0.9033289945826422, 2.2051715716720803, [0]
-7.1903063027946805, 1.2590644795983812, 1.3342985599878183, [1]
-7.1174895996245375, -0.005112311232683325, 2.1541724405719003, [0]
-7.139889351048369, 2.1907659707074894, 2.2583542834836994, [0]
-7.299852499000611, 5.5673360488209225, 2.663402399276406, [1]
-7.497960186726274, 2.248550091924986, 1.9892848453932588, [0]
-7.725505110305731, -5.357799679672061, 1.4263041670568715, [0]
-7.219524667171464, 0.9455025936991994, 3.5950725492627926, [1]
-7.198804784586573, 2.10241242757669, 1.4221347330041574, [1]
-7.420090379132622, 4.601539848662533, 2.0904274098988784, [0]
-7.044538531008739, -0.22489539423957594, 2.366665696745506, [1]
-7.006422906364682, -2.5092904893158723, 1.3450342011505476, [1]
-7.281183700430526, -3.611510616293671, 2.3835688596629296, [1]
-7.0793322363575575, 2.182453027254189, 1.2565723501152724, [1]
-7.001775442607787, 3.638761267783719, -0.30801713207648174, [0]
-7.283388187729223, -1.4331093528607217, 2.587229896433838, [1]
-7.500139030023487, -2.615627048321552, 1.7239290805383956, [0]
-7.878294727435419, 0.33053840210737334, 0.7271384242567727, [1]
-7.724621549103773, 1.643130688736762, 0.36671868315054756, [0]
-7.46250818373623, 2.5830811540871377, 3.7331994795831993, [0]
-7.488151373619858, -1.2884383080733475, 0.4901681265542486, [1]
-7.428791855475511, 0.7422300789975738, 1.7587658864455828, [1]
-7.18246727632871, 2.7102010504061766, 2.437464588445421, [0]
-7.494289947268227, 2.0674382393490762, 3.490205510883836, [0]
-7.4040999570278725, 4.247644670832594, 2.0841180647121815, [0]
-7.29741370079058, -1.8223233110352721, 1.856243885951192, [0]
-7.016501696808703, 0.4705057947015877, 2.330840128277149, [0]
-7.27222994898894, -1.2283061408821756, 1.8542744799906496, [0]
-7.153067544652714, 0.6179828977922792, 2.8429088982878294, [1]
-7.566226003954464, -0.7873830174624272, 1.5407632775529891, [0]
-8.042880459204246, 0.7826977412458624, 1.833070791021908, [0]
-7.462117223729781, -0.23265416141898965, 2.424010496373831, [1]
-7.866989113061749, 1.4714620261080498, 1.5311810872900677, [0]
-7.291935970362726, 2.6240067072970623, 3.0784762770087433, [0]
-7.241609815255951, 0.5522495657041393, 0.9756057662554574, [0]
-7.338780514805755, 0.8747612338033677, 2.739757058323767, [1]
-7.102381426008646, 0.22718164828785903, 2.9044486025105094, [1]
-7.55885452344421, -0.5729247283606163, 3.691227787810415, [0]
-7.0468042560821385, 3.3725113483390263, 2.7789167534179393, [0]
-7.530874567305744, 2.192337374349417, 2.7040010860054675, [1]
-7.6193749241991355, -0.8032400079123907, 3.4028953068109296, [0]
-7.500087562253687, 0.9623193268227694, 1.9774994622446724, [1]
-7.070017902068567, 0.6286117363839285, 1.7850476638471826, [0]
-7.1992977479180595, 4.020067067168384, -0.36817821409348994, [0]
-7.227984166634409, -2.2622234362700886, 2.5439326943771006, [0]
-7.591020880932165, 1.5609169221543717, 2.7214372062379018, [1]
-7.15336587664942, -0.5305926451097283, 2.0309704200378165, [0]
-7.4603764601237526, -4.053577798105214, 0.12000447174314122, [0]
-7.08034451167153, -1.3557715760690479, 1.4244978968553803, [0]
-7.19021520781369, 1.1381374972725695, 2.1819717455510563, [0]
-7.108574923105467, 1.8761561283229817, 3.2283568832765472, [1]
-7.264685998585652, -2.477960804625611, 1.6219605786980478, [0]
-7.1244176834784065, 0.306376910075629, 1.3048587603695039, [1]
-7.766552218587854, 4.219240816129397, 2.7047206470572247, [0]
-7.430222725496221, -1.517365033412847, 2.8422484978639475, [1]
-7.295677332532992, 2.2859970845302655, 0.2691267587420747, [0]
-7.267091154567, -0.7974122231734295, 3.1044980366320454, [0]
-7.335708670811188, 0.32020709598301744, 1.9803673904792234, [0]
-7.722157654752013, -1.603200452251828, 2.707013786992962, [0]
-7.9077271409812075, -0.23874162686295541, 2.521672763134307, [1]
-7.155140188391831, -0.20145353477571012, 2.06809729816138, [0]
-7.61085556422709, 3.7231379065835664, 1.853078754643703, [0]
-7.315209386604703, 1.774263327918729, 2.697737473615504, [0]
-7.27650049367158, 3.5515378445398627, 1.7997167718743197, [1]
-7.547415295592791, 2.290266182865893, 2.7850523104971385, [0]
-7.119228499266734, 2.4039232081283077, 1.4209069141964938, [0]
-7.392339281235719, 2.1469890590651968, 1.5380274889338794, [0]
-7.117346145665512, 3.1910435310873115, 1.6967225889618147, [0]
-7.0462306635604, -2.5602317468307376, 2.222699959347719, [1]
-7.28336162624402, -0.7609669381203208, 2.773305720210109, [0]
-7.392076808359985, 3.475253018820892, 3.058022526058875, [1]
-7.413032425218783, 1.4095813042488983, 1.6091391731462097, [0]
-7.037241549607238, 1.4491168838510873, 2.0266824412054714, [1]
-7.059348659044988, -0.29632567294318646, 1.889821103899707, [1]
-7.022627558967204, -0.023457735462591778, 2.5954328741054016, [0]
-7.449589855692523, -0.7417436986639079, 0.7465200133218179, [0]
-7.370061170422479, 1.8392522849278914, 3.0072304342719027, [1]
-7.226228820469553, 2.427248460098143, 1.1253418594003697, [1]
-7.412242925627833, -0.17570091241914831, 0.16216628566075197, [0]
-7.316301242868477, -0.6083835731535288, 2.164785790056075, [0]
-7.045336471826505, 0.1969402853655584, 1.9431273660048936, [0]
-7.430965577002374, 5.326738614900195, 1.7973954834833152, [1]
-7.418836827144506, 0.8457155104670271, 3.507663877227609, [0]
-7.8342398783035225, 2.8879710595690473, 3.245640669840753, [0]
-7.478170454106972, 6.710730053255654, 1.7421288604040472, [0]
-7.175046812064173, 0.21912799650090964, 0.9052344266891668, [0]
-7.463241852541641, 0.8533560610241642, 2.563149667166312, [1]
-7.426070617372117, -1.7283901905398993, 2.170282554262109, [1]
-7.406474213679251, 0.6863847350410291, 1.9801359858225096, [0]
-7.6476700530615656, 1.3242253393985277, 2.3899542429179137, [1]
-7.264834935547434, 0.8056379815088031, -0.3244403801417457, [0]
-7.693352414856018, -2.5332856605207072, 1.7254253597663332, [0]
-7.256561048997574, 3.05393878281645, 1.5837038704218598, [0]
-7.212062883562237, 0.7047309406808544, 1.9116865873733817, [1]
-7.477080168138553, -0.43421189569361185, 3.1518900324029526, [1]
-7.397565652683714, -1.3871388412441379, 1.6293857045121274, [0]
-7.2740035413975, -1.0142455552364513, 2.7874900727529206, [1]
-7.312984956839572, 1.5613739338064803, 1.3006144975549276, [1]
-7.121344486469997, -0.43185120894335416, 0.6364701194758617, [0]
-7.221031718992305, 0.13658397052839333, 2.7106485815348877, [0]
-7.677107837994787, -6.117915621035337, 1.339964506099289, [0]
-7.399081609500486, -1.1560957654480601, 1.8990498282066401, [1]
-7.294529680332422, 1.589800461016446, 1.931008278248278, [0]
-7.190764332571465, 2.6809600737985746, 2.019910827211812, [1]
-7.222536548766464, -2.157663162969322, 2.274822971249927, [1]
-7.2669538390508075, 3.2256402339954713, 3.5571404408867195, [0]
-7.43702473635691, -0.08761566940623838, 1.0911053283249488, [0]
-7.172122020926532, 3.6893695244776707, 0.6793571032720893, [1]
-7.4171787317392015, 0.6116907653208505, 0.5633001148493153, [0]
-7.18290627229921, -0.15477445524890832, 2.8490338137015683, [0]
-7.332209413410859, -1.349814686702037, 3.207215207760332, [1]
-7.121960294232887, 1.2185273329712036, 3.2715703863684147, [0]
-7.075711966642147, 1.151330354198063, 2.6345351716148584, [0]
-7.602283212855733, -0.3808010575397577, 2.4242133122417195, [1]
-7.698203346979765, -1.7687496189264844, 0.8379840073069801, [0]
-7.420625452164663, -3.4781600980409353, 0.46526285627418895, [1]
-7.738705296616599, -3.540259558108474, 1.0395702188731857, [1]
-7.36923289708808, 2.493175908660536, 2.663418099881428, [0]
-7.229046636498454, 2.6722053139565642, 2.8235031240235644, [1]
-7.467783713026534, 0.6436524899677372, 2.4642389765290496, [0]
-7.26867653909884, 1.3060115901772869, 1.5528138928675697, [1]
-7.323518548069923, -0.2779155798691231, 2.6076466355746266, [1]
-7.15927322522414, 1.7082947170364258, 1.8747682266200745, [1]
-7.279796476455358, 0.3971890875028286, 2.785478001026955, [0]
-7.321751040320809, -1.3873661316518453, 2.2321158425840237, [0]
-7.477177890125789, -0.36997867345029545, 2.4495814184390645, [1]
-6.994546664290094, 1.17735286886588, 2.9445382396366018, [0]
-7.270847614136693, 1.8214343841180698, 3.7734356268390163, [0]
-7.446020054793901, 2.9638694185672807, 2.2452507804457946, [0]
-7.721164984714295, 2.758914374101775, 0.6172894544496357, [1]
-7.037169892169229, 1.0791320956514912, 1.3636644685415895, [0]
-7.051957194516861, -4.197123497053532, 2.3579883485067485, [1]
-7.339466660496788, -0.6413748395112022, 2.6313278733076455, [0]
-7.094133286427381, -0.5574136206254181, 1.881252988918636, [0]
-7.480857261124814, 0.4246420121157759, 3.549612565211098, [0]
-7.324008964783425, 3.0820866158196005, 1.1653640645992245, [1]
-7.400571768387592, 0.6580308784239892, 1.4811587085498235, [1]
-7.410389947937029, 2.37954936283772, 1.4805077951312984, [0]
-7.555219303616404, 1.9932512840815, 1.6716377952535137, [0]
-7.830381681821645, 7.004156373759331, 0.68635944160561, [0]
-7.6570188353382305, 0.9186711279021105, 2.76261541691912, [1]
-7.247046378973307, 1.505236943145722, 1.5290435100814697, [0]
-7.538159741160942, -3.778331721014883, 1.6550856391014213, [1]
-7.58732084731325, 2.3276285679865785, 1.903885876823706, [1]
-7.501656320957816, 3.9614139866141276, 2.8875587741646584, [0]
-7.467020989482864, 0.9169643516249801, 2.3252993883538533, [0]
-7.113069515181018, 0.9228208065369654, 2.6057276879918323, [1]
-7.3305122545815555, 0.46143302897324867, 2.905615366280781, [1]
-7.145415032889581, 1.6753057936899003, 2.2098085480409932, [1]
-7.358056364703733, -0.7197047245574695, 3.304342087128992, [1]
-7.452352139768514, 3.6516783340186, 2.8333492266491787, [1]
-7.131721703892085, 0.05712163147456417, 2.8733136197488838, [0]
-7.2748823743291, 1.8831103332717398, 1.4207331237061014, [1]
-7.65504639035062, 2.251846904612048, 3.3912913071058486, [0]
-7.7995731183916455, 2.8054980528603486, 1.9822523085382728, [1]
-7.723365059172325, -0.1448987182588457, 1.5602999671245565, [1]
-7.176931507661079, 1.6506705629326963, 2.5500245707645126, [0]
-7.834325700479845, -0.3279108228370782, 2.2688646214298913, [0]
-7.275709848428528, 2.598181134781326, 2.959567309192287, [0]
-7.147323438280097, 1.0307672166376798, 3.136307479765294, [1]
-7.061255736356062, -1.2955579656608553, 1.620889974571832, [1]
-7.2148292053882965, -0.23456639616677255, 2.5265636235697704, [1]
-7.251310931856689, -1.0230882720593852, 1.8901677388444054, [1]
-7.385629077415883, -0.592295304881562, 1.4275041009931875, [0]
-7.14765853971142, -3.0686990941722914, 0.46364527006885314, [1]
-7.9798619376331335, -2.8092599982389848, 1.886851117749631, [1]
-7.355061514351058, 0.4447225251949895, 2.355389110393969, [1]
-7.135214571302386, -0.08410841836973293, 1.5683264635335696, [1]
-7.103845202548767, 1.5315990937505943, 2.021366060872461, [1]
-7.641059929173314, 2.1505049002160845, 2.077430454418997, [1]
-7.169082194396962, -0.33511044879726604, 2.4881545721803513, [0]
-7.047538482648314, -0.7083774797386808, 2.182802098164161, [1]
-7.481313131365081, 0.3483963426558203, 3.2575978522233493, [1]
-7.861615561324311, -0.5912631987160091, 3.439702775625356, [0]
-7.4825281145502975, 6.041464532069097, 1.7239829934885438, [1]
-7.296438253755313, -0.8727234829243249, 2.250544583299595, [0]
-7.052340121030857, -0.1338631263686052, 3.308682443034824, [0]
-7.256950144309619, 1.7042350752778281, 3.3737203579119877, [1]
-7.671633718315912, 3.602135076755088, 1.7738080475428921, [0]
-7.23546021692193, 0.6585219560198853, 2.347622815850098, [0]
-7.320994483914144, 4.404912379171982, 1.0750493618244028, [1]
-7.673216649551127, -1.339162129261691, 3.5621546604051364, [1]
-7.673372704294717, 3.1301538708005125, 2.086984578084753, [1]
-7.182987550882175, 1.0737278692471635, 3.472252949194046, [0]
-7.2307448323181855, 2.706158736959327, 1.9342043612669482, [0]
-7.135407796319132, 1.8975452304958051, 3.135346121050688, [0]
-7.346653643807022, 3.343318366583346, 1.8080146866294327, [1]
-7.159223700047714, 4.820130565996964, 0.11887010701606826, [1]
-7.1919300131973305, 4.643316881446626, 2.064149153158656, [0]
-7.459920944836304, 3.978189233374108, 2.3092861045348645, [0]
-7.328669782446554, 1.4298421688105762, 2.073759931753149, [1]
-7.424899934103344, 2.407524403111906, 2.2069908317552493, [0]
-7.289016489374489, -2.3634039768110306, 1.3716621927335986, [1]
-7.673090831087746, 0.9882788593958359, 3.65673843214098, [0]
-7.2259179043083295, 1.4990035887508903, 2.1788679460147486, [1]
-7.792686970156013, 2.0990974544814294, 3.5029566520513176, [1]
-7.232484287929157, -2.700810775527133, 2.4566779378761074, [0]
-7.3107290440133985, 1.3691889338766416, 0.8265555264838826, [0]
-7.390380000801959, 4.056395820209819, 1.3654571915836198, [1]
-7.2995704328878634, 3.2401716295618224, 2.549631599769447, [1]
-7.063943312851434, 0.0037806766669137293, 2.6379307677103268, [1]
-7.315985404038519, 3.757167041441876, 1.8153024729929834, [1]
-7.090286981220015, 1.9392522832680636, 2.213342442612074, [0]
-7.301337468126036, 1.9267225727843258, 1.8279269845813448, [1]
-7.478141101978112, -0.576899492674624, 1.7542758689579552, [1]
-7.3901967063528025, 1.7057448642622077, 2.870985808321524, [1]
-7.6104306738196685, -1.1433486901221244, 2.7201489528796854, [0]
-7.700425791722277, -1.1222767180819901, 1.322787298190318, [0]
-7.317872679736695, 0.14430410981673858, 2.8981461766077095, [0]
-7.326288148110924, 2.7931971839073273, 2.43888299209095, [1]
-8.308182050992391, -2.054497740751656, 1.3635777461102447, [1]
-7.253707661305006, 1.74208334366738, 1.801522279616223, [0]
-7.174223152251889, -0.6690292516136807, 1.4619408165969103, [0]
-7.350934508708241, 3.4359431212311975, 0.8033553142870955, [0]
-7.072159904244779, 0.5158902505404002, 2.4772789839314555, [1]
-7.373302926114325, -2.7851332929795385, 1.570790789255169, [0]
-7.1070137308950265, -0.6504405333898435, 3.255210884251669, [0]
-7.161317892155833, -0.8081609264323325, 2.397515985445813, [1]
-7.602074169953843, 0.1019140798707742, 1.5686482408756481, [1]
-7.192221352837874, 0.5094051117342053, 1.0183737129346133, [0]
-7.332757802081974, 2.3272367818315223, 2.8188983997362125, [0]
-7.413783325569404, 1.4340590245553608, 2.8286594900889965, [0]
-7.384083037530097, 3.855752016742036, 3.0337465017950267, [1]
-7.369288314658721, -2.741158929127623, 1.8089873759985289, [0]
-7.7389715582020715, -2.17018133239651, 1.0441738323426182, [1]
-7.086731430522468, 0.805170977813081, 1.849195613895149, [0]
-7.516712104443718, 2.2085192847511914, 2.72607532368119, [1]
-7.3883753793057405, 1.6885156108650388, 1.2373931823162532, [1]
-7.0245551435328615, 1.0408155577695664, 1.9990674226614804, [0]
-7.335368864346515, -0.0682794133058644, 2.2809441747304393, [0]
-7.370423526408837, -0.5546863707930976, 2.378889797884995, [0]
-7.16112753047449, -1.003015801522234, 1.1269817422699122, [0]
-8.58934630673417, 3.081018366440956, 2.0337031226467865, [1]
-7.150342844149458, 2.0449336022511297, 3.1506862376505786, [0]
-7.279537105743206, 2.7889492620259886, 2.5697917887846233, [1]
-7.165051748028454, -0.751686932046196, 2.7762490083366216, [0]
-7.296177752642443, 5.43409706680739, 2.439241440124976, [0]
-7.4108658822065525, 3.9381569204867968, 2.07873771427219, [1]
-7.059845882588681, -1.1170809717678463, 1.9489546230865735, [1]
-7.601821886969616, 0.4511792649972504, 2.858817355177147, [1]
-7.365910693594427, 0.25281006108969395, 3.2459328030280354, [1]
-7.02914359414889, 0.7186962600534317, 0.5877445484229116, [0]
-7.175421437150148, -0.41808599692802284, 2.3231313558551108, [1]
-7.206196647366163, -0.7195264650589791, 3.350938589147571, [1]
-7.2004515042894335, 1.3430618878470366, 2.4146476494650986, [0]
-7.313008351783021, -4.180266994664152, 1.2879259419283322, [0]
-7.990851134841228, 0.7010347225751943, 2.7194338032295904, [0]
-7.223040259803875, 1.7186991173148762, 2.852238719175781, [1]
-7.315782073970107, 1.5464879811180157, 1.5900182587767009, [1]
-7.476164893570924, -1.675943550365683, 0.9681866694971187, [0]
-7.317600746631637, 0.29580661448941115, 2.14708678445873, [0]
-7.345342925022997, 4.535709888589858, 2.170191297377875, [1]
-7.799940366691576, -0.8451964603920648, 3.2559622935638, [0]
-7.135397992466786, 2.6976591108439947, 3.2074448926303263, [1]
-7.527735936401381, 2.8241233678647912, 2.8601256133408373, [0]
-7.101868729174044, 0.3397449933966256, 2.7479591182406615, [0]
-7.034196661460207, 1.3217256104952018, 1.3252608510831898, [1]
-7.215916710829326, -0.21217906072903459, 2.6172582501532533, [1]
-7.58601351469231, 2.056913485470341, 1.3668198922884207, [0]
-7.093743137317618, 2.3175102631182423, 2.3791980185225303, [1]
-7.244591388219807, 2.1967003046521367, 0.9704822553472308, [1]
-7.35500413426876, 0.19603087337517278, 0.975907678345548, [0]
-7.115545428660112, 4.796838691547403, 1.1008285901219186, [0]
-7.133712300624202, 0.7946991881973848, 2.9741124190176405, [0]
-7.320367287779909, 0.5002204789206584, 2.218840497476951, [1]
-7.241620994291455, -2.3657905046274204, 2.6712765872838986, [0]
-7.303427951365432, 1.9621063638200844, 3.5347977769165837, [0]
-7.432489664712707, 0.637950678313701, 3.338889363944782, [0]
-7.434623285852437, -2.1076470137016035, 3.126524396126751, [0]
-7.443433808235003, 1.1396980092166582, 1.610062771887695, [1]
-7.451057556373365, 2.794459528072607, 0.9539028506712153, [0]
-7.572528444281776, -1.3400453624316238, 2.900063223186593, [1]
-7.25726084059776, -0.3346146529260938, 2.7449583521555447, [1]
-7.8753124001623185, -3.77218060567772, 0.6489371305126799, [0]
-7.377871142916099, 3.322279356404708, 2.9060298159174764, [1]
-7.440261992762673, -0.20215559560244034, 1.9133105559158534, [0]
-7.125806181741251, -2.5662600283347308, 1.1644360666332152, [1]
-7.162780723005985, 1.8796285805956376, 3.1811758979743887, [1]
-7.1045838907880485, -2.344483309164667, 0.7996596521648129, [1]
-7.093302400119785, -2.3964734542251924, 2.0558240266221106, [1]
-7.08356334335062, -3.376056624060737, 2.166245236992079, [1]
-7.270876124349365, 0.8720150211273827, 2.058635772597624, [1]
-7.622919189365738, -0.4412780564655474, 2.0973521041421876, [0]
-7.531455107972358, -3.7712979586714392, 1.315249676860584, [1]
-7.621398526192426, -1.505242018668101, 2.4494653724527664, [0]
-7.344881189701626, 0.11267105365053331, 2.5080046261533013, [0]
-7.268858678743342, -0.23112732493776522, 2.2138751459315618, [0]
-7.331835399571852, -0.6403359684638052, 3.1045030871945105, [1]
-7.297703795762571, 1.9353916784831748, 1.8789241959143612, [1]
-7.262093839798619, -0.7988151224223536, 2.476087696947955, [1]
-7.343340716090565, 4.977511377238481, 2.1891969867788696, [1]
-7.021187378924301, 0.20699887303438552, 2.373351330549961, [1]
-7.094640687146894, 2.2468623208892775, 2.0251850500911868, [0]
-7.105607779913806, -0.4348126531919143, 1.3424648188727406, [0]
-7.2746656591732215, 2.5527991680142055, 2.694946460247861, [1]
-7.061874986778285, 1.5712373392759142, 1.4674403777207337, [1]
-7.285714703653343, -3.266341401141216, 1.1548726303551318, [1]
-7.23092473488886, -1.6004229802218024, 0.5060612197547869, [0]
-7.050580769468961, 1.5882242797148123, 1.803967472228455, [0]
-7.261095800471459, 0.2390876893289262, 3.3631360307372176, [1]
-7.156038108962646, -0.16629763369006456, 2.2216803801877125, [1]
-7.321772100180499, -2.4435801535321877, 2.2573989242918975, [1]
-7.5857467409815, 2.598260976416994, 1.3333386899002095, [0]
-7.73906652675091, 1.6395159967021993, 1.9909632839728504, [1]
-7.235447867133156, -4.307923325524458, 1.4722844880701105, [0]
-7.094730666985585, -2.6624429501001083, 2.2294273243765015, [1]
-7.806576888455915, 6.879742473464693, 0.6751881513700304, [0]
-7.6452977272756915, -0.6501997367765744, 2.3628264618549837, [0]
-7.526882028599049, -2.550006444572961, 1.5105302864007317, [1]
-7.092999610467592, 0.7548647798227512, 3.7216241372614394, [0]
-7.224834049347255, 1.7821196664134693, 2.3472913876888275, [0]
-7.41117160671036, -0.7936685205225977, 0.3305365065613439, [1]
-7.165212755370868, 5.905685123077632, 0.9996253770532404, [1]
-7.57148197404655, 0.08504168631549991, 1.3932250331832503, [1]
-7.195283301950386, 2.6512754721279297, 1.1313336456612375, [0]
-7.518481422922716, 1.0395027195117263, 1.4662243535674768, [1]
-7.06583025940286, 0.31602798389601594, 3.0060639102639914, [1]
-7.380973332779471, -1.8705910602017781, 2.194791525191087, [1]
-7.053014261604199, 4.029323260704495, 1.2597312972291406, [0]
-8.073025652517828, -0.4965105122733986, 2.1334672576136033, [0]
-7.1665663148152765, -1.3103594976524722, 3.455969922643805, [1]
-7.188555208692151, 1.8467554717450543, 0.4557137350052498, [1]
-7.424666838870806, -0.03528149535058578, 1.9552621924997684, [1]
-7.2083472944653435, 2.1847541305975513, 1.85814168356525, [1]
-7.695227008058614, 3.055613203488891, 1.494952812406824, [1]
-7.116824666187484, 0.5636760801375456, 1.0204150466944737, [1]
-7.224001710352879, 1.3970540670798597, 1.8343937625627518, [0]
-7.126031452569836, 1.3613348428466057, 2.4683280019307023, [1]
-7.19365344259042, -0.9482402629025318, 1.7900554608814303, [0]
-7.221956993090951, 1.1408182437104526, 1.7317803141127048, [0]
-7.600182958025889, 2.0691454106068834, 2.921147481203541, [0]
-7.099137182852532, 0.17852546215207488, 1.5296123833795388, [1]
-7.201047688200688, 2.495893246760679, 0.8906015189539982, [1]
-7.15297180667427, 3.346372967208163, 2.7859463580857984, [0]
-7.17356552754945, 1.184687996608288, 2.8557079980250037, [1]
-7.1337722840872235, -0.0019195466255861326, 2.0719458542865556, [1]
-7.78718023809355, 0.45671837496274237, 1.5578347865988158, [1]
-7.11658346765345, -0.40728324911125147, 1.20593484392115, [1]
-7.115175242178053, -2.759724983009715, 1.7585598550315278, [0]
-7.629192377543375, 1.2329702292782834, 1.5769334028253568, [1]
-7.609717936179647, -2.581099075528221, 2.594597370674104, [0]
-7.309969937969995, 4.695453168156286, 1.3722384442496782, [0]
-7.913886902307983, -0.38875864950051364, 2.3878562732363706, [0]
-7.3328870721550885, -2.3873100499029296, 2.0473152165614557, [1]
-7.198730185808037, -0.490056504194753, 2.9640641746007037, [1]
-7.310826676836213, -0.638535808519235, 0.4435770594921373, [0]
-6.9543920980764815, 1.4987214247989005, 2.063161791139226, [0]
-7.306814941827765, -1.1748230915744657, 2.427136520067136, [0]
-7.419547332605637, 2.1868903339396506, 2.685522773256301, [0]
-7.483455892416701, -1.27079089469072, 1.034457725616252, [0]
-7.3985203005894995, 2.876024688716426, 2.4518257907407097, [1]
-8.132044369150506, -0.5027715733860278, 0.3488822096537351, [1]
-7.621830480717381, 1.1857320021124105, 1.8028127055695757, [0]
-7.515394875705829, 5.064470324038001, 2.3798885389599578, [1]
-7.347108310480329, 0.2625923493157205, 2.2576561335141507, [1]
-6.932468379920508, 0.6147258101822098, 2.318026108249228, [1]
-7.546334507330443, 0.9485347789610901, 2.4449938859346094, [0]
-7.32888627535155, 1.1057176159530604, 1.6563617059607227, [0]
-7.281452323906869, 2.676456175968271, 2.723814677386724, [1]
-7.05954256538984, -0.8551688111319855, 1.727729905980581, [1]
-7.149691639051245, -2.0766172177541438, 1.6435299100837946, [0]
-7.18491761096736, 0.8965850069129373, 3.018577494931061, [1]
-7.4604617288901425, -2.5718242730294594, 2.6491325256518006, [1]
-7.348696228510511, 1.810870639558566, 1.8630503834680718, [1]
-7.546022991830602, -2.776790728101476, 1.4323826668665163, [1]
-7.3064306925729445, 1.336487090504277, 1.0763153981611033, [0]
-7.2983790111508995, 0.5985822879734612, 2.1242964190170253, [0]
-7.169451791909397, 3.556318180018255, 2.2199460706387, [1]
-7.022366832174392, 0.8662845126399552, 2.2200655722297866, [1]
-7.28357942890693, -0.20327353004857862, 1.570539423992151, [0]
-7.234314068219502, -1.0767550877569234, 1.5534474982877926, [0]
-7.316329876087461, 3.5708879656994617, -1.102888125304409, [0]
-6.983421504985839, 1.2013848533076528, 2.5551574685036185, [0]
-7.277354339189794, 1.6420058219737792, 1.7579394807022157, [1]
-7.487330914176491, 4.743547570290191, 1.6545138304818854, [1]
-7.139697818996907, -2.014605182101085, -0.5398606557627557, [1]
-7.403767609395713, 4.19396894019342, 1.996067978796167, [1]
-7.530837124955273, 0.04208104063983642, 2.3896499534799975, [1]
-7.076228476037053, 3.030482751339787, 1.9451817145479717, [1]
-7.421878910177839, -2.9181935758973925, 2.6674534122294156, [0]
-7.59939716567748, 2.770988209449617, 2.5359255484646925, [1]
-7.4668103182001015, 1.414541938599205, 3.34038244120236, [0]
-7.26046170197566, 1.0564576570897168, 2.5306732225600514, [1]
-7.3261006240520885, -1.2272305119002993, 2.405771718866912, [0]
-7.361348081680956, 2.829100882195184, 2.0478138689052776, [0]
-7.983910771687666, 1.0712874174414062, 2.8024083467457954, [1]
-7.35801804168186, -0.8639227821484354, 1.126583972197462, [1]
-7.242403536388942, -1.3070584564838656, 3.733340585104573, [0]
-7.275111520577224, 2.801293997721475, 0.9818087652789846, [1]
-7.4679927806238755, 1.1242813377522665, 2.0716146110279037, [1]
-8.385068269398696, 2.7997431699967623, 1.1188786203617034, [0]
-7.158584958007858, 0.014257985276938667, 0.8402514745057013, [1]
-7.246413484629038, 5.811814566466167, 0.9053440207488312, [0]
-7.218619701220894, 1.011624978710275, 1.782677351929245, [1]
-7.167556780824567, -0.894684389600048, 1.7310182421009803, [0]
-7.768881320139329, 4.278097349903046, 2.9376153425677343, [1]
-7.154590464080586, -0.5040522384637325, 2.1640032136775176, [0]
-7.0662672359073655, 1.2856161549183143, 2.2344278177316395, [0]
-7.78117300911589, 1.340901086869965, 2.0048881356408352, [0]
-7.02943185204617, 1.222466592627668, 3.031787937379881, [1]
-7.6281677166811255, -0.26259696480060546, 0.9074727727279759, [0]
-7.301633442701524, 0.9076803038988008, 2.05115237087975, [0]
-7.404280561964901, 0.33210036853749914, 3.575099657797937, [0]
-7.002178368251622, 0.04853673601401, 2.0211284419240227, [1]
-7.364334487977789, 2.047584762097104, 2.1073292938128843, [1]
-7.079281741889032, -1.9617495573197363, 1.839506983450229, [0]
-7.359967607761115, 0.40193714406274617, 1.885832275373751, [0]
-7.082609302832383, 1.2424265876191514, 2.458775555564359, [1]
-7.574852051346332, -0.22686801105818422, 0.4398188099520759, [0]
-7.140643416913578, 1.2124800462548162, 2.036491505257051, [1]
-7.40596038758465, -2.094564006800953, 2.1973387062733982, [1]
-7.3398523078631674, 0.8096837627910237, 2.1721114945562014, [0]
-7.034837454642883, 0.4968088619824673, 0.33947703620411906, [1]
-7.356322569207296, -1.153309446392866, 1.5107083012721378, [1]
-7.280527428588538, -0.20458784400954722, 1.399266586266371, [1]
-7.10171198866004, -0.09337195095211204, 2.198314212794133, [1]
-7.231147497180222, 2.3027675263301757, 2.7599608258590758, [0]
-7.129303298587558, 2.7402073845256107, 0.199281682948258, [0]
-7.5408029927293185, 0.7965402579002105, 2.857937516280387, [0]
-7.335424402874453, -1.1315126905571036, 3.049745745515724, [1]
-7.588889494536017, -2.2525419720943707, 1.560510553850054, [0]
-7.619959611005805, 2.6817213698863065, 2.1203270873872317, [1]
-7.078553705660226, -2.7552239125166498, 2.5641380435818455, [1]
-7.272176830192747, -0.6120896892705783, 2.3270661166945947, [0]
-7.058948770971857, -2.294191829338363, 1.0232059701830098, [1]
-7.0992618064638515, 0.9439120109225834, 2.576690387457634, [0]
-7.336382742265401, 0.7946449033683609, 3.2182578148238683, [1]
-7.165237978382968, -0.7718480667056535, 2.7559478485220064, [1]
-6.986968064489673, 1.517530399787371, 2.9798917753192917, [1]
-7.140580918644179, -0.8955219372000781, 1.9252712123188607, [1]
-7.458717074240204, 3.3755273773636993, 2.1945569396640954, [0]
-8.142027092634617, -4.774489202907833, 1.5381304116272185, [0]
-7.174184420695701, -3.286146380161415, 1.7610083034341204, [0]
-7.7823914904890525, -1.8329442923821126, 1.8723486219270369, [1]
-7.218248505795888, 0.5626123268268183, 1.1354794475744714, [0]
-7.187911024660057, 1.9433413354495461, 3.0426497624133857, [0]
-7.2997939691645195, 1.6380042701401802, 2.102276221432019, [0]
-7.066703106986774, -0.8493030084004656, 2.2667350683985, [0]
-8.40391119619084, 1.1328800990324024, 0.9818186329286711, [1]
-7.161271669643063, -1.3471876779254761, 1.8914452842772695, [1]
-7.472593599480889, -0.7127649444234949, 1.639403557154016, [1]
-7.318428945271907, 1.2780576011598295, 2.224506815550974, [1]
-8.111203125870095, -2.7002921740978567, 2.261436242106627, [0]
-7.21595435722941, 2.270853921899238, 2.4077904928738025, [1]
-7.181474732387509, 4.177822349151594, 2.5096103704278363, [0]
-7.381447745718687, 0.3556818794199432, 2.776299478571449, [0]
-7.48639524531071, -5.141237295521572, 0.7015486922759804, [1]
-7.305525333850938, 5.076740524094767, -0.340311640083526, [1]
-7.167746002906268, -2.5946891079663903, -0.06807487323752515, [1]
-7.543515883701221, 0.2666179126099595, 1.5146149093033565, [1]
-7.080874265963795, 0.005471405021302278, 1.5574105423105553, [0]
-7.292975731139699, -1.2867185453170267, 2.3833812057418466, [0]
-7.159932645538424, -2.780613591625796, 1.9902807876389759, [1]
-8.006995103214566, -1.9593225402409506, 2.3355457308328473, [0]
-7.146437204732389, 2.0717053625806123, 2.989667882644345, [0]
-7.21458408461514, 2.103126705128669, 3.142251635866468, [1]
-7.111574838291448, 0.3475200320073015, 2.334535154469931, [1]
-7.22757667925241, 1.3106193068274272, 1.705370645743759, [0]
-7.580438530057027, -2.2030719024343606, 1.8393172991109632, [0]
-7.237401869609377, 1.095060595374187, 2.34907845218717, [0]
-7.362838331279713, -0.008769221216022971, 1.2236721545918456, [0]
-7.127530603947446, 0.01500099096871832, 0.9405428301625403, [1]
-7.104847996005211, 1.1566998033261866, 2.669891450524039, [0]
-7.1279956942694955, -0.7572329261569082, 1.6666698853737878, [0]
-7.193058784633451, 5.301252039208199, 2.277672903116506, [1]
-8.491923077610318, 0.8405297157311997, 0.07715040109053417, [0]
-7.420052634664912, -0.9892971136529461, 0.17910252410172323, [0]
-7.465289745599182, -2.3306265718260293, 1.0782340332223983, [1]
-7.1478324283815, 3.630714593958616, 3.6177614578823105, [1]
-7.38992506468606, 2.3629277498577035, 1.4588355994203623, [1]
-7.46253029082474, -1.7242226808991696, 1.8350533023267241, [0]
-7.5549418570780515, 4.509021187919331, 3.2649018033675796, [1]
-7.457957309716231, 1.426003710893474, 1.616284107750499, [1]
-7.2707819054035365, 0.45801827941562334, 1.8497367021495048, [1]
-7.292988094733539, -3.0896250746613663, 1.58161393842797, [1]
-7.984172826127563, 3.6121561470851518, 2.137586005124489, [0]
-7.060379843281809, 1.0566801207363432, 3.045782881580987, [0]
-7.36127686594715, 2.5537683030025247, 2.657214138056328, [0]
-7.737050425535591, 4.389261629675222, 0.7881352949887441, [0]
-7.133282181176746, 1.5424363362641063, 1.2076063038005764, [1]
-7.157675951753352, 2.8217066201730656, 2.631937755717384, [0]
-7.17060821352947, 1.8770562084348403, 3.0799097333393664, [1]
-7.328481905581825, -0.9088399183074991, 1.8420381883685164, [1]
-8.283938181768654, 1.1283254411015333, 3.2997845551447935, [1]
-7.237361527573977, -0.237104510562129, 2.5935634697659955, [0]
-7.2179122497077275, -0.11450985576414019, 3.2577756128372632, [0]
-7.259251098203092, 1.4091741717250996, 2.239751140226721, [1]
-7.2752217418100855, 2.1053777226246777, 1.8994508418086056, [0]
-7.285174216029815, 1.6444994547045244, 1.4595266200914792, [1]
-7.690364982992033, 0.5100818465944454, 1.6986541601119798, [1]
-7.275713067939684, 1.46677285056504, 2.544817299915259, [1]
-7.179480528461885, 1.5938342872084479, 2.116875343132399, [0]
-7.1940346633317285, 2.876896579492124, 1.9261743739260617, [1]
-7.408105563287746, -0.8402449825674438, 2.5116084863696497, [0]
-7.404407076560557, 3.7062409574317607, 3.3986319977066692, [0]
-8.691520205011194, 0.6982345984890967, 1.8402861217356028, [0]
-7.542334262720977, 0.12429219021874816, 1.4879871320739664, [1]
-7.588902161559359, -0.9975432533319326, 3.2060636373653923, [0]
-7.204543711859099, -1.3856393299249565, 0.26968690795363637, [1]
-7.370578304922427, -1.0344056120346488, 2.727937492204758, [1]
-8.563683336532009, -0.32813509412189074, 1.7564167910215962, [1]
-7.297473847651066, -0.6470069656820006, 2.396705196369384, [0]
-7.875887620800028, 4.184364757472615, 0.23694996028713677, [0]
-7.050802799675885, 4.044842264943422, 2.57012355720411, [0]
-7.135573816921893, 1.3035718456485246, 3.008044495136358, [1]
-7.043575596176411, 0.02875780315007881, 2.5256283442070213, [0]
-7.122825640952638, -0.4159743317669571, 2.429421706938469, [0]
-7.817076022096767, -3.410359447692022, 1.9104201699305077, [1]
-7.164602249627124, 2.1643604867024906, 2.9741916498247596, [1]
-7.630115422518177, -3.255604267995346, 1.526872254646463, [0]
-7.243444901193813, 3.096815803724277, 0.48440291988134243, [1]
-7.563082358502397, 3.1434448523114016, -0.8324758819513303, [1]
-7.193234568942461, 2.221802960048854, 2.232640504175934, [0]
-7.168363357940974, -4.0506677088425285, 1.7091522982682896, [1]
-7.184273993809991, 3.624393138765902, 1.9552850792889598, [0]
-7.084441012014862, -0.8569744997459989, 3.118282815446072, [0]
-8.056451572994124, -1.372408553721433, 0.18648069309779958, [1]
-7.2897624422070475, 2.729778071501042, 1.82272406290512, [1]
-7.275838034302414, 0.011878132460310553, 2.516218555631892, [0]
-7.925496179344732, 3.6728105492721737, 3.3359326729942076, [0]
-7.704527470528608, -1.3369548648123972, 1.271405215988874, [1]
-7.116674322817875, -0.18128588280584673, 2.448745748026507, [1]
-7.070101392918291, 0.5074075695507827, 2.540163351661704, [0]
-7.34704958918964, -1.2502154463731145, 1.4993147273870355, [0]
-7.208720750906978, 0.16161133687840534, 2.4146922374073454, [0]
-7.079421766329399, 1.068165033836245, 2.6605613319395345, [1]
-7.448241304088613, 2.2383412509355365, 2.7475312895623762, [1]
-7.113135519062806, 0.6455445933555259, 2.021235959301853, [1]
-7.355336984402267, 1.5077802986622895, 3.3489587375209373, [0]
-7.025023267267796, 1.7105858058640002, 2.705155532270603, [0]
-8.067420154093885, -1.8740989002242503, 0.7064224250952829, [0]
-7.528919492202329, 1.0352051891530414, 3.0094874494128954, [0]
-7.140732049003113, -0.5099769127740225, 2.9457911677665605, [0]
-7.537784914968355, -0.7925837853622664, 2.541662339898777, [0]
-7.966345234768857, 0.6786979704128662, 3.4902475349952886, [0]
-7.087010543059896, 1.8650530789056856, 2.129654184280979, [1]
-7.334568576360604, -1.151864655816723, 2.172416750536885, [1]
-7.172675975258431, 0.5237901758045922, 1.2026414040781273, [1]
-7.105040654404053, -0.017942516626017202, 2.5918619254843343, [0]
-7.511592668990662, 3.2566500796786233, 1.8720854553997377, [0]
-7.094886770358915, 0.9689814334557492, 2.2067460025110157, [1]
-7.43016945268849, -0.30190893646571715, 1.5155934156003545, [1]
-7.241322412030852, 0.7614954477036077, 3.2624426222702727, [1]
-7.193606750651357, -1.5448662280180439, 2.099056370547638, [0]
-7.292709389394907, -2.685236849085921, 2.7580478131937154, [1]
-7.357519613729419, 2.5260242249865597, 3.088455533909979, [1]
-7.196397630757948, 1.6820874026435055, 1.9891344271797935, [1]
-7.718385544066472, 2.37396370403919, 2.040429969790723, [1]
-7.459746422323804, -2.5100514229901623, 1.5088416394062252, [1]
-7.382239380950149, 4.410418274647379, 2.743520902533234, [0]
-7.152666376043061, 1.889459231923462, 1.5998736141796464, [0]
-7.300816686085569, -0.43416694372706294, 2.369440033251048, [0]
-7.248957240307889, -0.038699773249549096, 2.9567814626604694, [1]
-7.252750716902644, 1.676745336393794, 3.0482856514460854, [0]
-7.4198284535530235, -0.745666242875386, 2.604963280671808, [0]
-7.3631721664489405, 1.010665231354151, 2.345626585898666, [1]
-8.029632880725552, 2.461682345240506, 2.6243067524997326, [0]
-7.430472914267735, -0.7958157925824643, 3.540235207303864, [1]
-7.355201333745015, 2.142870166681489, 2.6031167872489602, [1]
-7.218689126058571, 2.0281479347840587, 2.1259848271748147, [1]
-7.179200266371651, 2.2418465084473325, 1.9406276626785939, [0]
-7.045508611664909, -3.846157156436381, 1.0441655601169981, [0]
-7.206676299017913, 1.382668445896981, 3.4667670234153785, [1]
-7.108947908616272, -0.40427599287591864, 2.395935388402892, [1]
-7.582828507014979, 7.978840783255231, 1.6878738335391243, [0]
-7.381107451660757, -1.2166335237413954, 3.694752560091625, [0]
-7.53385010017775, -2.747193608158277, 1.0964186517763623, [1]
-7.746979907913043, -3.752113296340947, 3.180009914429615, [1]
-7.416464819571739, 1.0086484061717003, 2.4597524972259763, [1]
-7.744302236208321, 1.4042668746576918, 2.546785024279062, [1]
-7.010703986653985, 1.1075495658459662, 2.7516846899719827, [1]
-7.192482537651324, -0.015409809936226981, 0.7575979202007206, [0]
-7.640765758608666, -0.5982411604721738, 1.7440683066706049, [1]
-7.206961053745044, 3.6518924975791083, 2.23954057269438, [0]
-7.331033614874547, -0.24759124355942852, 1.4362669628202214, [1]
-7.091378145604877, 1.2027531850218698, 1.9236995261362009, [1]
-7.3213498636309735, -4.040576656974488, 1.005240130371484, [1]
-7.817284143196745, 4.825311979636154, 1.5703069012675732, [0]
-7.811089751071641, 1.1119929045003523, 1.3136570610494132, [1]
-7.15546826501733, -0.39558960756487505, 1.8908700817590482, [0]
-7.913118958741805, -1.6124119173592566, 2.6891464284669886, [0]
-6.977809516428263, 0.8535717574268592, 2.8898403600927436, [0]
-7.18624052513075, -2.5202792877646916, 2.2490673543986732, [0]
-7.537831187448123, -1.7084503733138434, 2.216261114362174, [1]
-7.11286834930934, 1.0779300427942518, 2.7901924273905916, [1]
-7.209544422431932, 1.4830342987981822, -0.3165451706675786, [0]
-7.284848665591804, 0.8990078060787239, 3.0825415496046857, [1]
-7.348641535161227, -0.2386282028157405, 1.6831471738829833, [1]
-7.020704559076222, -0.24023839094510846, 2.7549535153111564, [1]
-7.793161882505739, -3.902030767347954, 2.143361428593319, [1]
-7.178532803623693, 1.3236638498902926, 1.812668592818569, [1]
-7.565757198657895, -0.3244622199710274, 3.2734863980537243, [0]
-7.1198215352446335, -0.28806951557551064, 2.8437681535366384, [0]
-7.433971527820401, -2.7182839660383555, 2.5774798248665824, [1]
-7.19195872264222, 2.7129771100252436, 1.7754115531657915, [1]
-7.427991322573412, 2.479875916823522, 1.6210766689775071, [0]
-7.353320150543886, 1.5760234551932977, 3.861264139306268, [1]
-7.1365546500793435, -0.927309264508209, 2.378614726072001, [1]
-7.519335949817382, 4.779595949218271, 1.5072127682735863, [0]
-7.830330933786543, -2.765089221733245, 1.8933079759974527, [1]
-7.458865385707258, 1.4289488040147669, 1.009192514392185, [0]
-7.161838071887127, -0.4823064332141571, 2.751261514435048, [0]
-7.03001930831879, 0.878357932117698, 1.7364714349266062, [1]
-7.4137888970895585, 0.7468122786385152, 3.21754126619935, [1]
-7.248792566648344, 1.2255494048833988, 3.32886206910962, [1]
-7.492659281850358, -0.7351541095688297, 2.47632734448193, [1]
-7.20901496631574, 4.3969510695655245, 1.4560803756568972, [1]
-7.29566403190884, 0.20346517563301503, 0.03347664765616448, [0]
-7.080583197768361, 2.8201112253518597, 1.021184463575223, [0]
-7.6698841082274, 2.599451465975026, 1.3303693302787478, [1]
-7.211305709131773, 0.7545409452032026, 1.5553501394201263, [1]
-7.468067612054875, 1.2106778219380991, 3.654557124975232, [1]
-7.4494836453559845, -0.9187472076681666, 1.7456474208655992, [1]
-7.301029830242964, 1.651863094040125, 3.355470674217474, [0]
-7.5637935439516415, 5.015903238143283, 1.4595145747483471, [0]
-7.1489420776947945, 2.1984111961880357, 0.08035362528353462, [1]
-7.707996949534239, -4.734251748288408, 1.8720564386178962, [0]
-7.904785294295724, -0.21066565428702333, 1.2584336074595734, [1]
-7.495756768111983, 2.025450761830088, 1.520933840963977, [0]
-7.376990352244845, 2.507317922722334, 2.735570629456719, [0]
-7.249757954859709, 3.895123873968126, 0.9416161030055007, [0]
-7.113965094954746, 1.9751679490082017, 1.8636945300430536, [1]
-6.974993430179143, 0.7297941836912357, 2.496160805552618, [0]
-7.336778048959314, -1.6993256155655494, 1.4980786550721232, [1]
-7.1182932626898285, -0.211969098491402, 2.378671211724921, [0]
-7.2717788171054, -0.915482834403758, 2.308641696341249, [1]
-7.364960321116444, -6.366455672579701, 2.3761328049464456, [0]
-7.40222958305424, -3.0012586574315834, 0.7610506531524923, [0]
-7.512395745501771, -0.10198625855758792, 1.702117165659036, [0]
-7.359803155496026, 2.1048115703557606, 2.7372387632105237, [0]
-8.25141490347417, -3.889846810693073, 1.6027681858836993, [0]
-7.256895523165585, 5.461334177087487, 2.002693719081398, [1]
-7.609007341480995, 2.655271602085828, 2.950920580626568, [1]
-7.335066103034471, 3.6197091467432685, 3.310648777150785, [0]
-7.105307789671627, -0.6438896789331706, 1.5225632187144167, [0]
-7.66485310007169, 1.8425654055385148, 1.8166167569408784, [0]
-7.5195781552358625, 0.5343085834387464, 2.7998417170653536, [0]
-7.554782074559996, 0.6717452664029008, 2.2149679476638098, [0]
-7.327374421731021, 0.4242122299348756, 2.9032821233803006, [1]
-7.481087471716468, -2.4124528659843643, 2.513505361220724, [0]
-7.216564722154322, -2.51126475682888, 2.291532832338463, [0]
-7.221931622907064, 0.635554155257797, 2.0677668333713908, [0]
-7.142835680647886, -1.2143887342137303, 2.644556731949794, [1]
-7.366131260067924, 1.6042148362489173, 1.7436154935894257, [0]
-7.408428860352516, -0.3873956029262464, 2.904963784374837, [0]
-7.306846598654056, -1.8784662004442596, 2.256388864209379, [0]
-7.5404835408280455, 1.0765107672151701, 2.3177299058756007, [1]
-7.263851542001806, 0.37234831062947005, 3.770306586228533, [0]
-7.288177201946339, 2.6756795817858956, 2.170468107011764, [1]
-7.442320209003039, 2.1299547630444984, 1.7851341200119692, [1]
-7.374677934235527, 0.2647810957811134, 1.4986771464560096, [1]
-7.469323187954001, -0.3956471272771718, 2.1193569791841833, [0]
-7.184127921503203, -6.258885359421502, 1.6945612160968426, [0]
-7.027850437107501, 1.7232785040731198, 1.9449648426493786, [0]
-7.231404941343854, -1.1867634206941866, 2.7576600543083893, [0]
-7.3511744365382325, -1.7660216077907789, 2.1351268488306014, [0]
-7.197332211037164, -1.0875506291112818, 2.0389350933690853, [1]
-7.62033083765907, -0.5703405288085035, 2.2700733409948786, [0]
-7.253198576784911, -1.3321270519451471, 2.2768863039273923, [1]
-7.111069350213466, -0.1789959518214408, 2.2660165856249384, [0]
-7.7308159505236285, 3.6982021636649893, 2.116438277784801, [0]
-7.724076228242377, 1.565800442410282, 3.9234049163997406, [1]
-7.2028417926780905, 0.21054127155366897, 3.5450950403812143, [1]
-7.0582244693266905, 1.1521729912727658, 2.142838151907622, [1]
