t=0.11342524864530416
logZ_t=-31.83084204384315
-38.71808877876147, 0.6762185962339817, 1.07344073660689, [0]
-38.57978549534426, 0.7083369447874224, 0.7706247603214724, [0]
-39.608922047899945, 0.7600254260399767, 1.1954304496610275, [1]
-38.72836156701206, 0.6714543629497383, 1.1954402656391285, [1]
-39.75951888827365, 0.6812480143305013, 1.1006599231968919, [1]
-39.162220482880784, 0.9770353728319754, 0.9503473632003515, [1]
-39.19986977220728, 0.5518283116534283, 0.9386281398460997, [1]
-40.151545512745486, 0.5017478848669956, 1.266225785341566, [0]
-38.53461590768087, 0.529985915815628, 1.0851583775986269, [1]
-39.22345833240331, 0.8419522981168694, 0.9226307959912554, [0]
-37.757416660795414, 0.5970416382134143, 1.0868050087784595, [1]
-38.883045025349915, 0.8542195834148472, 0.6689575340706602, [0]
-38.606018458354605, 0.5743166248443661, 0.8074610819493047, [1]
-39.069846346836, 0.47172679667157746, 1.0363769712917155, [0]
-39.07696862699414, 0.5603214624674805, 1.0432491605446015, [0]
-39.425133567386126, 0.5688836330802989, 1.2846795512852234, [1]
-38.84818285246586, 0.6042278468789972, 1.4151704187773362, [1]
-37.500464839248636, 0.49808090524194504, 1.4100577056295815, [0]
-39.06236443372657, 0.7108341146540382, 0.8391447822114793, [1]
-39.91955867534316, 0.6053434762218401, 1.1295530177967918, [1]
-38.19361987367289, 0.4566980230111203, 0.9136684650557723, [1]
-40.4740409508626, 0.48904190806640657, 0.9415402095034624, [0]
-38.61137937952863, 0.7066813315096635, 0.5816275290685049, [0]
-38.679034804162455, 0.5338920416958084, 1.3899098684443856, [0]
-39.83226118448804, 0.673670237699953, 0.8325043679517082, [0]
-38.14869817821285, 0.48043330696348363, 0.8456173864991466, [1]
-40.91369115027185, 0.6657164669763714, 1.2780199619932644, [0]
-38.94002704428932, 0.6353627597321219, 0.7449755922207699, [0]
-39.014640284459475, 0.6315487230747641, 1.0292821043357823, [1]
-40.1880407189308, 0.9089368153353399, 0.8805595322679707, [1]
-38.94537531787825, 0.6502264174374334, 1.140420862043288, [0]
-39.84789462095856, 0.6173280541693054, 1.0100576799095622, [0]
-39.80111157394967, 0.40470180589301363, 1.162969614304547, [1]
-38.985738081900024, 0.6413788838566744, 1.3282771099890716, [0]
-39.60225049758773, 0.6154857117351313, 0.6405881473923896, [1]
-38.99249879206024, 0.5224767630452367, 1.2402170742352054, [0]
-41.50522253489503, 0.5259088897897328, 1.2787707318559618, [0]
-39.48647669171654, 0.38857141152927177, 1.1218441203012326, [0]
-40.49248888574702, 0.5223824814050192, 0.7562255094568298, [0]
-39.295649964991185, 0.5723054514701829, 1.3147198579939012, [0]
-39.90082095452377, 0.47887342148256806, 0.7840142374382613, [0]
-38.695391042377814, 0.6065152343396163, 1.2430881397908395, [0]
-38.85583137897423, 0.5073717815925932, 1.5438223686261947, [1]
-39.311331918392966, 0.6113850089980932, 1.1113062537203957, [0]
-38.85097567426903, 0.6889910146237815, 0.7597165816161093, [0]
-39.20703411862898, 0.7180790113284714, 1.007216862876199, [1]
-37.37057472045757, 0.42582818097661423, 1.2366319649910185, [0]
-39.13909325177378, 0.695015619545513, 0.7870141697062261, [1]
-38.40636747963651, 0.5990735208856085, 1.1903322892071586, [0]
-39.31062573137689, 0.36555316285811124, 1.119986078492064, [0]
-41.518868523514634, 0.37664157545744514, 0.6122740529124332, [0]
-38.62908807347228, 0.8685491941699777, 1.0042662986303632, [1]
-38.257764576326636, 0.4868429749864709, 0.9714159771789899, [0]
-38.773626153146985, 0.7840664524899977, 0.8380590673112273, [0]
-37.89002230248116, 0.6185420315766569, 1.276986062904221, [1]
-38.4189743898346, 0.4620156529669255, 0.7806620516109269, [1]
-40.85019230926563, 0.43435362004343686, 0.3982459185667895, [0]
-40.15876045859037, 0.41604211221404364, 1.4413707115150467, [1]
-41.19839632265293, 0.5369222806078262, 0.8610982860281678, [0]
-40.33433789771478, 0.6213869715707292, 0.7601122143570743, [1]
-38.44170644089263, 0.6651929619762025, 0.9783144663035497, [1]
-40.61598853255272, 0.5352037858571529, 1.0323858826822057, [1]
-38.278759985840686, 0.6435382113627619, 0.9150423164314894, [1]
-37.9242498968137, 0.6472397519994182, 0.7489535957657805, [1]
-39.09597015478762, 0.5846025104122546, 1.3317095141390807, [1]
-38.37491912228997, 0.6819980345524594, 1.183679836054431, [1]
-38.35620535639212, 0.6270201308006691, 0.8717526706460622, [0]
-38.446785022970275, 0.5286424374809741, 0.7523019611282133, [1]
-38.72028715932675, 0.5462540535082602, 0.763765916344258, [1]
-39.13645998410585, 0.7148749463670946, 1.1238106653768711, [1]
-37.3144840973152, 0.8009666769700737, 1.086057841393047, [1]
-40.16826911661828, 0.4411562702925115, 1.287634573819201, [0]
-40.193083705565904, 0.6036097455260612, 0.9704461819525935, [1]
-40.71812263099593, 0.5643740609993715, 1.118662452526861, [0]
-39.770464215187495, 0.7018742812171954, 1.0353290095504901, [1]
-39.04623190074094, 0.5583944385858678, 1.1348558762068375, [1]
-38.67515124495364, 0.5811936768234517, 1.0485059703481934, [1]
-39.644942971062946, 0.5178557704203839, 1.1717121789133966, [0]
-40.30731911835494, 0.5039939639277736, 1.2712904284526965, [1]
-38.82357837520242, 0.5015784164527972, 1.155052417254164, [0]
-39.42911243573116, 0.5249362937068022, 0.9614119299508803, [0]
-37.99945663372653, 0.7041823696155706, 1.483091633465444, [1]
-38.90620353582504, 0.7042935132976074, 0.6707453348052573, [1]
-41.83216202368311, 0.7194044743969921, 0.509195654931889, [0]
-40.39597804216209, 0.7762172416396502, 0.7342085309021978, [1]
-39.34644137543705, 0.5618825744693009, 1.059237172906421, [1]
-38.08686077323523, 0.5306696725681217, 1.1025100416111941, [0]
-38.783209020807256, 0.9744102951234881, 0.7376738377086618, [1]
-40.49782604826121, 0.41779896025114627, 0.9804104804012155, [0]
-39.13496197341461, 0.4461454641142574, 0.8253040522735834, [1]
-38.29147594119225, 0.6596833121639682, 0.1943853050876664, [1]
-39.835530787758664, 0.613177705927963, 1.1544261823051425, [1]
-38.80665276787022, 0.5590219085367714, 1.4430904013912809, [1]
-37.969594538105895, 0.6558926860936409, 1.1677863316153203, [1]
-40.06666392768382, 0.5667995286746907, 1.2267951600116414, [1]
-39.22093687582826, 0.6773802280167666, 0.6469908590241207, [1]
-40.506368000361796, 0.5460429839697385, 0.958865779469689, [0]
-39.54162633551609, 0.624470532842624, 1.1841537771211288, [0]
-38.83003314696688, 0.5687718779793283, 0.6947175539804041, [0]
-40.24036983323433, 0.6149534774871125, 1.3040734349503922, [0]
-38.083205105068586, 0.6540013209180942, 1.1764530224130638, [1]
-37.913097855830344, 0.7309189006694349, 0.8125796299572902, [0]
-37.37912256958619, 0.5377848775961567, 0.9149481400136462, [1]
-38.299110645700246, 0.5121854367896603, 1.1336554613170942, [0]
-38.502432649511704, 0.5219588530565372, 1.1089975363773017, [0]
-40.29975746528185, 0.6228703335645945, 1.0470233874596007, [0]
-38.24533873424457, 0.47595500316131695, 0.6830818670707566, [1]
-39.23072176410801, 0.7036187121188505, 0.9617713052126435, [0]
-38.82398684731941, 0.6975211441546022, 1.469589678913076, [0]
-39.83061305108449, 0.6935940139835741, 0.8655623638921037, [0]
-40.48103622559474, 0.6256328357127471, 0.5530817850370277, [0]
-38.17710801978971, 0.6015918345718755, 0.9506209653445592, [1]
-38.85439543524373, 0.6492526312912131, 0.7424656666212116, [1]
-38.59406645667445, 0.39006526805598607, 0.6675273932896221, [0]
-40.328863688370056, 0.45052453662458614, 1.0631941882221734, [0]
-38.990672077032784, 0.6018803678111152, 1.1202677503838292, [1]
-39.01956507958103, 0.8045447544137398, 1.0454702248624244, [0]
-38.50959956969527, 0.5660878251136476, 1.1159922564917268, [0]
-39.291479379874886, 0.7146276219055239, 1.2945996502207149, [1]
-38.657340501713556, 0.49142895284127514, 0.731453333305428, [0]
-38.018625440587826, 0.6125764009712842, 0.7015858675614566, [0]
-39.776491130906415, 0.480329921015613, 1.1121228181849188, [0]
-39.542101033864725, 0.6941629546896548, 0.611476077161769, [1]
-39.37748405920249, 0.6984825615081065, 1.4216428867996602, [0]
-39.79847619791281, 0.6480001192675625, 1.1733973264439952, [1]
-38.14234285651302, 0.7027381312304583, 0.9790482261748327, [1]
-38.095611786914326, 0.7494809610421413, 1.2262932839024847, [0]
-39.24888322534179, 0.6845331450393783, 0.6272053853634829, [0]
-39.88882067037333, 0.7522304924248537, 1.033950109542953, [0]
-39.28038969470813, 0.7910162143008674, 0.5982062615612009, [1]
-38.52877084467931, 0.38767727198145585, 0.7269726326306947, [1]
-38.70687151631069, 0.610028353993888, 1.127386114656502, [0]
-40.14645105303796, 0.6749721513246919, 0.7308730989849819, [1]
-37.295627792182955, 0.4944509296735855, 1.0991193532978574, [0]
-39.13224019825254, 0.6602367838572717, 0.7616157498898842, [0]
-39.1307645015055, 0.48826319019726244, 1.064629939534459, [0]
-39.09499389773099, 0.5784223201103706, 1.4073695895753509, [0]
-38.45303228316721, 0.6520928101321941, 1.6997362155288724, [0]
-38.926537091715204, 0.6088128260663073, 0.9029669130734426, [1]
-38.40566224104139, 0.6660691438772504, 1.204414866248555, [0]
-37.88243186432063, 0.7668386823056936, 1.2064837400929, [1]
-38.77821052603607, 0.6070532211623183, 0.2605888058339503, [0]
-38.51902612560017, 0.7408857304538392, 0.3652441720779127, [0]
-38.43768121222881, 0.609930397760835, 1.0695502355289002, [1]
-40.52627417743289, 0.671346340614591, 0.9501824117652918, [0]
-40.35663751288946, 0.308279127770334, 1.080042981963041, [1]
-38.698391347339125, 0.6465677156358809, 0.9418846766304, [1]
-40.16673329138329, 0.5604581531329554, 0.4697045302618887, [0]
-39.41934017062459, 0.6516173919249206, 1.2908105761437463, [1]
-38.37996950855312, 0.7313201555818901, 0.9139576749965602, [1]
-39.64667893808159, 0.5504264189310122, 0.911212199401155, [1]
-37.95036293063249, 0.7421931172664333, 0.9422204279841412, [1]
-39.50991077471321, 0.719590108953756, 0.9250653066712411, [0]
-37.729060568132695, 0.5954130915743265, 0.5230856274519622, [1]
-40.009088790418936, 0.7492848465256176, 1.3993268400677839, [0]
-39.610185512377605, 0.5311100230320426, 0.5062203217597954, [1]
-38.18786141944297, 0.657367568556072, 0.5674223021287712, [0]
-40.34073257119977, 0.6741678367879288, 0.8240503031497148, [1]
-38.19494881132603, 0.8532839731370707, 1.09726343140002, [1]
-39.46990711935315, 0.5990906823017451, 1.1993926700683528, [1]
-38.31978344519466, 0.7505442770518069, 0.8815757809455484, [0]
-37.527802592132794, 0.6247444890514581, 1.0888741924604988, [0]
-38.660818424737826, 0.524143254528351, 0.5831482412664355, [0]
-39.813796857988635, 0.6547342574078276, 1.2712431962796749, [1]
-39.70118280019887, 0.7789822765553751, 0.7981804958720847, [0]
-39.01824864080482, 0.7298368372178221, 1.0270178308096645, [0]
-38.696708768457235, 0.6728242922297522, 1.2054317172806495, [1]
-38.64776564112582, 0.7032829682004931, 1.0441842604679936, [0]
-38.919260459762924, 0.7333748775570702, 1.0539511727331867, [1]
-41.028786891506364, 0.5931644177035861, 1.435523785293648, [0]
-39.75819694268617, 0.7490074066647201, 1.262017985899938, [1]
-39.788590787650136, 0.3509574925552293, 1.2375254707711068, [1]
-39.81083354903683, 0.6228576349582913, 0.874822500212056, [0]
-40.09802182382164, 0.3838263419402217, 1.28722428429049, [1]
-38.535223985150324, 0.7717978704680174, 0.9152967616043132, [1]
-40.20932613809825, 0.7670796546535792, 0.9112476198314838, [0]
-41.20265459272933, 0.8291272098049375, 1.1690475687008073, [1]
-39.04067408358908, 0.5749029943173981, 0.9667005889304809, [0]
-41.37594388172463, 0.49823524531568747, 1.2420120186020824, [0]
-38.4862796929144, 0.5406458591208122, 0.8098184303758913, [0]
-41.284539246222735, 0.5240153219298938, 0.5583171245715264, [1]
-38.38110975535434, 0.48805497558318933, 0.5641587027239663, [0]
-40.31039624318336, 0.5893136167706339, 1.205926826674317, [1]
-39.8415418704873, 0.8052845805911968, 0.5792629086008972, [1]
-39.51482207110294, 0.6420870903730963, 1.0451220187076788, [0]
-38.872743617274246, 0.527010073250865, 1.5585549996881893, [0]
-40.835234377922845, 0.5457293733169526, 0.3018697661257598, [1]
-38.50464746528716, 0.8063635559387095, 0.8451853096266739, [1]
-40.384508090712764, 0.5376679136538888, 0.6996621176236053, [1]
-39.37864523360939, 0.6706478352364416, 0.9428647517854387, [1]
-38.49617876085043, 0.6641829227619089, 1.231521805966048, [1]
-38.72083262352662, 0.7906095205857487, 0.9617592232398209, [1]
-38.29915896359721, 0.7031870786596626, 1.005990112944995, [0]
-40.41012233172068, 0.30031285170607325, 0.881312012339925, [0]
-38.10327219551382, 0.6601484094367497, 1.4743011610970125, [1]
-37.709421044517725, 0.655479309919123, 1.0728501951321434, [0]
-40.32669650325055, 0.6709753324331926, 1.0848978604192736, [0]
-39.33017835702527, 0.6903893761235678, 0.9266625060512159, [0]
-40.79861358887079, 0.6960643894312147, 1.2062034330026976, [0]
-40.34699778336291, 0.5925859570374412, 0.7544949656534721, [1]
-38.42334539549552, 0.5360254139825017, 0.8619691696782317, [1]
-39.26257264727418, 0.5555453263787345, 1.184516813891837, [0]
-39.83051950197148, 0.7414655807450875, 1.410585079717399, [0]
-38.709749636462846, 0.37513805511292886, 0.7025961624557759, [0]
-39.65451209379551, 0.5545964941268985, 1.2337701744390719, [0]
-38.94268154296756, 0.4926346379689024, 1.284551687599049, [1]
-38.85735258391242, 0.6636610655451255, 0.9307911611820688, [1]
-38.57149508986611, 0.6885188684894399, 1.3287748392791332, [0]
-37.391587774227865, 0.5826451196860987, 1.0633499492776959, [1]
-39.52472653861595, 0.6904147584346967, 1.1298477718591884, [1]
-38.89158915796531, 0.45631840257222606, 1.0007368565399892, [0]
-39.698823487149056, 0.8336669505670395, 0.9404118562400433, [1]
-40.434074987060235, 0.5386128379672056, 0.840761538649762, [1]
-38.56716908199139, 0.7619011526295945, 0.9981051534111149, [1]
-40.32536119678855, 0.598857760249513, 0.8767458194311981, [0]
-41.410226015395935, 0.5917431923556149, 1.2221897622957776, [0]
-39.25456914005126, 0.6648535058993934, 1.130608539943701, [0]
-37.76416549183017, 0.5046032023643544, 1.197123880302649, [1]
-39.56948168067763, 0.6053956249093692, 1.3475623165800599, [0]
-38.62877139432225, 0.718191453903997, 1.1961323293969823, [1]
-37.78039305945141, 0.5088979763374021, 0.6341086250233395, [1]
-37.6384583783354, 0.4264065456797982, 1.0213662496049503, [1]
-37.699004938161636, 0.6715548304828299, 0.5841720658207696, [1]
-38.88191653479384, 0.6307640492474509, 0.9454199939747965, [1]
-38.0187165498756, 0.687460906542062, 0.8724613393301335, [0]
-37.41655762829048, 0.6997485145461773, 1.1556493053353893, [0]
-37.79290227517179, 0.31561289782985247, 0.9016378881627837, [0]
-36.939060295609146, 0.47860507137863945, 0.9522570618139694, [0]
-39.885724750505396, 0.7251773701551069, 0.9103642693841775, [1]
-39.74990781802518, 0.6717480587801655, 1.0787983977628046, [1]
-39.87649894729772, 0.680464840037381, 1.0084129182316812, [1]
-38.09975210888557, 0.48959444461091717, 0.7068479327806403, [0]
-39.133069642154176, 0.6432320405380254, 1.0990686248170247, [0]
-39.73688573857325, 0.6934112980304705, 0.7924180242198251, [1]
-38.982554096712676, 0.5617020137286513, 1.3098880236658512, [0]
-38.693689678927825, 0.5607620829360545, 1.128145214750494, [1]
-38.26222023101774, 0.46361502870067517, 0.7621725777920242, [1]
-39.17981131735634, 0.6109977485861435, 0.9294022447409012, [0]
-40.459491623434374, 0.7230499520220173, 1.3917459561067316, [1]
-39.382696944175834, 0.5954558424282668, 0.6629061976692556, [0]
-39.10333170183806, 0.35406119616344267, 0.7244787051305109, [1]
-40.4089147113553, 0.709014586800291, 1.199398222916882, [1]
-40.41183895055376, 0.7091011434208513, 0.40549524202669923, [0]
-40.60270016658065, 0.6316617247432206, 1.3055860578376937, [0]
-37.86538469026665, 0.7111757744258098, 1.2178192879719423, [1]
-41.015232645905336, 0.6167751187204961, 1.0166101296190817, [0]
-41.037490575012285, 0.3834787838827922, 0.3322125078241285, [1]
-39.778148390767356, 0.6790811571846751, 1.2057031014354804, [1]
-39.61393181786239, 0.6265510101461932, 1.1159257650792178, [1]
-39.38170595634486, 0.7132882332326651, 1.277980401481274, [1]
-42.00099836099147, 0.7479980774117705, 1.018842828319983, [1]
-39.44335471979285, 0.7465709993986416, 1.65976608189151, [0]
-40.078107006207, 0.6364213542525058, 1.1651350028184415, [0]
-40.15204900612444, 0.7042289056629473, 1.2699865897915603, [0]
-39.6632841069619, 0.5869072143604412, 0.6996367435014271, [0]
-38.44075707117167, 0.6880580879745339, 0.8573745600397955, [1]
-40.24645107696134, 0.5305504517104392, 0.5096044958849684, [1]
-39.180189801661854, 0.7140751501041424, 1.1435466259722125, [1]
-39.64240751856162, 0.6242393163868756, 1.2002711750749342, [1]
-37.567472414906646, 0.43433372173354984, 0.4666002477799243, [1]
-39.022919226064964, 0.4868438482130338, 1.4337181080498977, [1]
-38.79947589619855, 0.8166209577139814, 0.4376617829345024, [1]
-42.94506976737579, 0.7334021809883219, 1.3254461786550609, [1]
-38.40737847454652, 0.5311293712275018, 1.0099879184499023, [0]
-40.912184866076934, 0.6932387082888525, 1.371684905254326, [1]
-39.44406049848595, 0.6409794856370864, 1.4766037831749261, [1]
-39.10868835982635, 0.654175309853386, 0.6755927177185376, [1]
-37.45386829577709, 0.5548125851888205, 1.1149532132790667, [0]
-39.00880632384437, 0.6717295583934031, 1.1421420270832934, [0]
-38.99010684258018, 0.9467274827152224, 1.0576321399737387, [0]
-38.73945593785957, 0.5815167355569388, 1.1862923725098542, [1]
-40.299521563976576, 0.5629812131690742, 1.152376495985631, [0]
-38.519127592767084, 0.6794468595864376, 0.588586320356061, [1]
-38.33873840665276, 0.6022473441086253, 0.790178745794208, [0]
-38.329566585688866, 0.583498235280234, 1.049168018538299, [0]
-38.648161781841644, 0.6321446942849821, 0.7588247682364105, [0]
-38.0633809061113, 0.6330062503904161, 1.2810776925270864, [1]
-39.3739851286545, 0.5500695901820662, 1.239491421796861, [1]
-40.66931673420286, 0.7233842274785734, 1.1475300490635874, [1]
-38.55981235356217, 0.6806477427810145, 1.3004851615258641, [1]
-38.345327037992014, 0.7891126512061752, 1.3436498549032796, [0]
-38.66504230224957, 0.8150623364140104, 0.8485808954152869, [1]
-39.791663951931916, 0.672026992876804, 0.5881829189059667, [1]
-40.609157670278506, 0.5221595890596674, 0.8675048894961673, [1]
-38.700898238856354, 0.6168774838976073, 1.2095526552952633, [0]
-39.777580203037, 0.7527782450877069, 1.2454598676985655, [1]
-39.91498651693263, 0.6754050726543634, 0.859665724136007, [1]
-39.85230524947007, 0.6642640339935988, 0.9886850871860172, [1]
-37.13926114320124, 0.6789437230830911, 1.2662807558685205, [0]
-39.227815842784814, 0.38949368145197655, 0.7800475138056995, [0]
-40.10313281363023, 0.5794542495918104, 1.3025835318209509, [1]
-39.413690698274685, 0.8282093395415133, 1.1083619783088512, [0]
-38.212334611350876, 0.5905674180037197, 0.7511953849058303, [0]
-37.59787368783539, 0.6777753561752393, 1.2322010090711069, [1]
-39.951319764196136, 0.4971129338619998, 0.831436522677044, [0]
-38.69557254187589, 0.63993076778582, 0.9988215800772993, [1]
-38.637632494283174, 0.44539211318418515, 1.0915226126518478, [0]
-39.5681963282896, 0.4797347028900081, 1.183825077857145, [1]
-41.70441650872428, 0.5405538876120373, 1.1835024921618353, [1]
-40.67856619491606, 0.58873212625058, 1.1105079983895592, [0]
-38.214455841428155, 0.5680558766491365, 0.3917997622998024, [0]
-40.60735912018199, 0.6554856025459473, 1.1280495568593616, [0]
-38.35642707277912, 0.44955809716749995, 1.0017784177083529, [1]
-39.21862292796095, 0.6508123352288063, 1.0652855847636231, [0]
-37.711700639813245, 0.6332739119474939, 1.028374452945237, [1]
-38.38891551475978, 0.5791694280543911, 1.1092285061138383, [1]
-38.27581222750451, 0.6207718614839661, 1.2117262045596944, [1]
-39.72008628745204, 0.8914023455366558, 0.6738366401030207, [0]
-38.361249925550645, 0.5975304665498107, 0.9320226090414911, [1]
-36.98970688926303, 0.6376939921714447, 1.1595503815514685, [1]
-39.35009591757875, 0.570315283063658, 1.3345751914686586, [0]
-38.700372395897475, 0.5622181325960899, 1.171800751135015, [1]
-38.469265681136676, 0.6309918686648968, 1.2499025312121153, [0]
-40.14779751548619, 0.5306972699576742, 0.7390975470349532, [1]
-38.80345124744938, 0.7847027393721946, 0.9640316316026101, [0]
-39.27433209745176, 0.5744018997740217, 1.101564750978802, [0]
-40.304688159614074, 0.7822362273601282, 1.04896411992621, [1]
-38.267294826375775, 0.7342645123789519, 0.676364067340203, [0]
-37.98033463429163, 0.695762314092341, 0.9020753755724966, [0]
-38.69759898601532, 0.522141673625148, 1.4801596123988834, [1]
-37.62321396317114, 0.6665753525590014, 0.9397001975444506, [1]
-38.94719526672689, 0.7148541893545891, 1.060258533959262, [0]
-38.706987272346126, 0.48641887838150083, 0.9673958255412014, [0]
-38.78571103273897, 0.6759767552246138, 1.2220349155595909, [0]
-38.51694102248666, 0.5332881769431964, 0.8928529702427244, [0]
-39.85505165854532, 0.6018768029173911, 0.8697359412943866, [1]
-40.452669107795764, 0.5160094582034642, 0.4499370353478714, [1]
-39.82228133907102, 0.6554593057813359, 0.9984367956241637, [1]
-38.83079195703885, 0.8168830006726564, 1.2203566881178127, [1]
-38.070010867779935, 0.5255094477430766, 1.1296596263912908, [1]
-38.17410808513953, 0.6034857416660393, 1.1629735500513871, [0]
-39.31436705770842, 0.5713981097499052, 1.3772766743920963, [1]
-38.00291397140618, 0.7492391545559021, 1.0693311487600894, [1]
-37.734186215147716, 0.46507192037361916, 1.0162753501951893, [0]
-38.87830604420016, 0.6412613665417812, 1.5271539571168327, [1]
-39.07136144750683, 0.6140386408541001, 0.846213933607205, [1]
-38.01462769983928, 0.6147805801302381, 1.23157531747727, [0]
-39.41718810257425, 0.5552872807453065, 0.584862702763657, [1]
-38.385459044627666, 0.6707974577039078, 1.2403491188508988, [0]
-37.56537081094281, 0.6249121476839801, 1.171473069750924, [0]
-37.85610897916109, 0.8240533766072639, 1.3006588996577662, [1]
-38.64220325917611, 0.5575319054334198, 0.9224412969933796, [0]
-40.119293312208995, 0.6755201517916661, 0.9558630399549425, [0]
-39.51625441168971, 0.6430962519969635, 0.8388798310525152, [1]
-38.62796901143227, 0.5594051275857123, 1.258539669690394, [1]
-38.836927671724496, 0.32794572110863507, 1.383440213909704, [0]
-38.32486433085963, 0.6878963105065558, 1.4367167542940924, [1]
-39.71149199419368, 0.652767129231128, 1.2432485278738292, [1]
-38.76423243996551, 0.6556082180296171, 0.8586123789770469, [1]
-38.13496518304582, 0.6772534509577738, 1.2547737785094875, [1]
-40.372909946225874, 0.6836661366653174, 1.2516487367138658, [0]
-38.87679570559483, 0.5223950492046251, 0.8347917597601706, [1]
-38.91263480753529, 0.6467094502448489, 0.9931194388888631, [0]
-39.58913397763224, 0.5046048458778232, 0.6778255661732682, [1]
-39.75297850539431, 0.6314584921935619, 0.9554641430628015, [0]
-40.40698780335321, 0.7735511630778256, 0.5696528309170634, [0]
-39.34065629628759, 0.5408048931245888, 1.1885986117557414, [1]
-39.58655180241934, 0.5904932825556723, 1.4093569046343521, [1]
-38.94489253140042, 0.7313016010284498, 0.7656311206806634, [0]
-39.70966870361616, 0.4158996825448147, 0.5639988433996279, [0]
-40.32661998341741, 0.6496190258008109, 0.7154052112042282, [0]
-38.75674294027786, 0.6017297183591283, 1.148745686294116, [0]
-39.77172494254934, 0.7325961656658976, 1.757842019884619, [0]
-38.393680031840425, 0.6186054299951996, 0.9331411594804158, [0]
-38.06912999315673, 0.7411231298862936, 1.5062247781905012, [1]
-39.55975912523596, 0.5595336869191379, 1.1268379844559822, [0]
-38.823484562508, 0.7102683651786297, 0.851904823123288, [0]
-40.4567857914981, 0.7496843791197644, 0.8650250625557038, [1]
-39.14989934108971, 0.5676885255650669, 1.0216302376377855, [0]
-38.1929740735813, 0.4115137201749762, 1.3976973864817683, [0]
-38.89106953905358, 0.624832442433938, 0.9826905675104662, [0]
-39.858644373048364, 0.5210589137994468, 0.9324818762870105, [1]
-39.69768393008409, 0.5404568484297592, 1.1522102322119088, [1]
-39.827255093285686, 0.6981090307496934, 0.9857928331276746, [0]
-38.64196721434508, 0.5035036504682467, 0.7488645557596814, [0]
-38.472225106613394, 0.4678981827105797, 1.211295059793581, [1]
-42.03306626250267, 0.5217012881159828, 0.9342324023954754, [0]
-39.93432213274645, 0.5647532254269567, 1.0800288165960763, [1]
-39.02513548583399, 0.49899007927638045, 0.7455875301209152, [0]
-38.863810784054955, 0.6088272581920442, 0.8777245601477254, [0]
-38.71118836595757, 0.4434004886820675, 1.1772656942870539, [0]
-40.445683239574784, 0.7053112112528869, 0.8890522088703017, [1]
-39.12597378490362, 0.6565911444280963, 0.9294181810704771, [0]
-37.73311312828805, 0.7744711435602198, 0.8778127359029754, [0]
-40.21799693005684, 0.7221347031084953, 0.47144149961498705, [0]
-38.15218003320975, 0.6782604981649014, 0.6007405600482261, [0]
-39.68609099327243, 0.6612971910674341, 1.3181513461142975, [1]
-39.30535506438419, 0.7163614572537516, 1.2374334628376498, [0]
-40.09391115178173, 0.3827306023025087, 0.7940201027733864, [1]
-40.5618826080172, 0.6605821401326579, 0.8959220835591784, [0]
-38.780560974413056, 0.6499768417720577, 0.6626184838398212, [1]
-39.37824507291833, 0.7173009099122323, 0.6872137817105857, [0]
-37.37389754607023, 0.6035615950170596, 0.8178848564093402, [0]
-38.921868832314935, 0.6030068075594162, 0.9903138037993704, [0]
-38.82685734656943, 0.4756770049539043, 0.7016603615641259, [0]
-38.56040232489591, 0.7436990844375723, 1.3070816189846215, [1]
-38.56426389232382, 0.6349485595133271, 1.1437300254538647, [0]
-38.361705651554885, 0.5499759245135297, 0.6357819054942042, [0]
-38.90755705253812, 0.7976092883654389, 1.052215046214471, [0]
-39.798336162354914, 0.6747644448651, 0.9210202527195552, [1]
-39.96837177420782, 0.5149190438386323, 1.1723428037278614, [0]
-39.69971868217126, 0.6811287695519458, 0.7637885795251372, [0]
-39.54262934316004, 0.6167889675382969, 1.1953242353933113, [0]
-36.88249953604101, 0.5301211267399204, 0.7411656430915539, [0]
-38.341116115000744, 0.49389430781821, 1.0943196841940923, [1]
-39.31954970469703, 0.6841265722591016, 0.959751761846962, [0]
-39.473066605143956, 0.6995118866864258, 0.5169981472447884, [1]
-38.80633130739959, 0.7689586286857484, 1.0811332568982617, [0]
-38.01087738742745, 0.5716649258237623, 1.0306753670865294, [1]
-38.01825563659253, 0.6230177313357927, 1.1484163809525076, [1]
-39.49894350809683, 0.48510426454807376, 1.3520809112819137, [0]
-38.607573764663, 0.6123948992244099, 1.4345714848781876, [0]
-37.49232057781493, 0.5669698731720021, 0.9976009564506618, [1]
-39.28235221897658, 0.5688750799216653, 1.2204938688412506, [1]
-38.726426712425514, 0.3753707793306609, 0.8699540880040904, [0]
-39.06029552135448, 0.717000152318604, 0.7969974465625224, [0]
-37.89882499335653, 0.4652366497962561, 0.7588221599343588, [0]
-39.90400414863527, 0.4454879987800394, 0.5467814869849495, [1]
-40.4081610942146, 0.45048211951687994, 1.1314361560121116, [0]
-40.16890441647971, 0.6161059690990579, 0.8791443724619041, [0]
-39.34918543198212, 0.7507369009027817, 1.3279327804495453, [0]
-36.96209220443492, 0.619087687013819, 0.9778625742676559, [0]
-38.91070809739869, 0.794345197553711, 1.010127572953086, [1]
-38.56184113089204, 0.6967726566932742, 1.2553485761697831, [1]
-39.577112244526326, 0.43399594683424314, 1.241360200342363, [0]
-37.97623737058138, 0.6344122437743308, 1.0657653323793053, [1]
-38.863661283221816, 0.5219316522417041, 1.3626981370872775, [0]
-40.56894088151703, 0.8128323765897167, 0.3942472936754102, [0]
-39.22136020250842, 0.6773216413602728, 0.5749095134113166, [0]
-38.421956355037274, 0.6870338102294145, 0.9673636253277001, [1]
-40.047624690541205, 0.46894869438182957, 1.0895725211147649, [1]
-38.778450486915204, 0.7391597145266764, 1.0849469347751386, [0]
-38.544239191550574, 0.6421323471182188, 1.1422397322533733, [1]
-39.58387699814955, 0.43111633094170115, 0.9869804604135919, [1]
-38.18313462299156, 0.7185622262054743, 0.24501702899671407, [0]
-38.29418645588151, 0.7537223478257753, 0.9183074827740099, [0]
-38.868861322834704, 0.469867024895569, 0.968739659637527, [0]
-37.34370311995716, 0.5211606700235666, 1.092161252805451, [1]
-39.74578040861712, 0.6495445547940601, 0.872453723060778, [0]
-39.61326817119693, 0.5458424018593415, 1.0102328730655354, [1]
-38.74595562583175, 0.6008104242265194, 0.8728789567215696, [1]
-39.39683731742501, 0.7114846768799744, 1.329110144385285, [0]
-38.90854850897325, 0.6212197268344293, 0.8174294302752037, [0]
-39.34812840451454, 0.6486789197916399, 0.5775834470180748, [1]
-40.10514325085884, 0.5503816612306123, 1.2440905576721437, [0]
-37.99481969119556, 0.5488631913697156, 1.571427097035685, [0]
-39.63685092753015, 0.6944096688678815, 1.2819638166707907, [1]
-36.98074857956097, 0.6806765493212141, 0.7323770872100986, [0]
-38.94048721154032, 0.6339182729186035, 0.7431635895025896, [0]
-39.59652463438074, 0.6843405317044948, 0.9173927296181362, [1]
-38.90210619235861, 0.5654177952710601, 0.8417379079058691, [0]
-40.72831526167525, 0.4493932687766666, 0.7636912894231694, [1]
-38.57809056984775, 0.6155782670542067, 0.6941931862148791, [1]
-37.80135675748707, 0.7199734022303943, 0.8165917238480445, [0]
-38.93629179971058, 0.6044391239755257, 1.1967070714656631, [1]
-39.10363868700688, 0.5454391750333087, 0.9207431310543996, [0]
-38.756610751246406, 0.5567344617302247, 1.4037979519417254, [1]
-39.559243398743966, 0.6918585865636769, 0.8529999761391209, [1]
-40.20120889691179, 0.6609461322139191, 0.8240506834443013, [1]
-38.21927361293701, 0.6291418440152652, 1.0484827493177602, [0]
-40.17430548786912, 0.6050127876031439, 1.0159184613241286, [0]
-38.39652807299427, 0.7714937395914292, 0.8292443174622204, [1]
-38.25276385351934, 0.7166754292913623, 0.6934723838705945, [0]
-37.904499287114476, 0.7147783470636782, 0.7923750800944442, [0]
-38.68110356742404, 0.39400539108701316, 0.6084089887286805, [0]
-41.22118735656254, 0.4031758512811097, 1.0764848329069598, [1]
-38.0740869407492, 0.7184730516367506, 0.9723370617643354, [0]
-39.00755040884169, 0.7972516478433743, 1.2040690657950126, [1]
-38.72360342026049, 0.6890891910276223, 0.9555015685104358, [0]
-37.64594645415011, 0.5683974675689444, 0.7522133565687419, [0]
-39.24746200677215, 0.7018237449663095, 0.7622915282301693, [0]
-37.80985345637504, 0.5788617783725915, 0.8767471031265328, [1]
-39.511665010051324, 0.8610551078580319, 0.5735058067151558, [1]
-40.03846108263103, 0.7832487220399545, 0.942291225215366, [0]
-39.600062205129284, 0.6537680819906622, 1.154235478343113, [0]
-41.85750134607729, 0.6764100968569688, 0.8486424296312073, [0]
-39.893772173417204, 0.5826151954422825, 1.6307817577570833, [1]
-39.769424106127474, 0.42593408090416474, 0.40615505266207064, [0]
-40.04304374480658, 0.49679906214189473, 0.7378099101215349, [1]
-40.400694078822106, 0.8027412722856972, 0.8409734731182588, [1]
-38.61497540355499, 0.7466978907011752, 0.927736097542363, [0]
-38.1228915333329, 0.6387239338859481, 1.5232551260355502, [0]
-39.08723006518965, 0.4897386710742854, 0.7432856059219147, [1]
-38.29918597624461, 0.6716245259458063, 1.2776941557472428, [1]
-39.70966526277725, 0.4933933580475831, 1.0517497090842163, [1]
-39.524643687289036, 0.7122805045760754, 1.6528064405721352, [1]
-39.07432004267176, 0.6396394843667061, 0.7425306966236068, [1]
-39.886171889340176, 0.624745433883, 1.2582972055382666, [0]
-39.57153181742265, 0.6120907808000176, 1.1567178559520592, [1]
-38.78620081828026, 0.6221942650865196, 0.5411097938798115, [0]
-40.20037961614049, 0.7935667337472102, 1.018143671214477, [1]
-40.03148398053543, 0.5246427222321437, 0.928613632501968, [1]
-38.75107450784117, 0.6953286933124225, 0.951667065479157, [0]
-39.04760445996799, 0.4072888686730861, 0.904048856080067, [0]
-39.17117494019344, 0.6071893605064302, 0.7619162848610275, [0]
-38.409353301510514, 0.6503880466164805, 1.3898185688827474, [1]
-37.05087313621164, 0.741371452932635, 1.063181696738542, [1]
-39.04047287355958, 0.5725789787415599, 1.060118163830313, [1]
-38.81484818514925, 0.6360084342592006, 1.3480914087636402, [1]
-38.924301004552234, 0.4415647365356096, 1.1331287822012033, [0]
-38.352632949502905, 0.6368028903432036, 1.466854922015597, [1]
-39.49764853125468, 0.6456954534927101, 1.0170700994882675, [1]
-39.14623065495314, 0.6561296385538885, 1.6072984378305604, [1]
-40.311746241813765, 0.535619176539189, 1.0995079686860394, [1]
-38.099931145975745, 0.45557566724294163, 1.3072896046217288, [1]
-38.74626518857394, 0.6201730219328279, 1.021194415103181, [1]
-38.67673725250579, 0.6421634917918493, 0.9487516949869684, [0]
-38.541224601367595, 0.7462651570726602, 0.94432455090944, [1]
-38.23825656646124, 0.6447692178116209, 0.9443011232458385, [1]
-39.22362626974106, 0.8688214678520274, 0.9280720100291469, [0]
-39.725939356941836, 0.9432832264998673, 0.5055414125409822, [1]
-39.099744222516776, 0.5138277282367214, 0.7096231190729417, [0]
-37.97574425428306, 0.7219054751746335, 1.0964737126880595, [0]
-39.46316025216042, 0.5565980311746617, 0.9168813035329781, [1]
-39.706213643119675, 0.5953245981180088, 0.8902601347874667, [0]
-38.79786672550786, 0.5764548529879939, 0.9598059722819836, [0]
-40.5106778125273, 0.7796529115998103, 0.9113432126370097, [1]
-40.253634966756906, 0.41585772680204863, 0.47005977569730323, [1]
-39.44366923456981, 0.5626521292310187, 1.3697878037859017, [1]
-38.58337339169882, 0.6363041616136538, 1.4203681573673215, [0]
-38.206912433757445, 0.9347881744819468, 0.5200375163976599, [0]
-39.685606549451585, 0.5914819876002632, 0.9507290030207557, [0]
-37.81283707478768, 0.6769618710796997, 1.0045810570602405, [1]
-39.63793518687342, 0.8302613879430556, 1.1440938383185213, [1]
-39.09958861302035, 0.3923552196616887, 0.763239854807118, [0]
-39.47134365299886, 0.8370948830897224, 0.9002499205671458, [0]
-38.93291159245967, 0.6232209567399626, 1.415033057079411, [1]
-38.87148559682056, 0.7427089637437098, 0.9854621731172951, [0]
-38.625796405591146, 0.6511105348487751, 0.8541858500597698, [1]
-41.38461730853831, 0.66990906331187, 1.2492462327391003, [0]
-38.35624487837164, 0.5560265560381283, 1.1139948721415727, [1]
-40.66071875593873, 0.6724166200234142, 1.656939050446151, [1]
-40.95589431698517, 0.475966270872473, 1.0054782259645207, [0]
-39.062841102526306, 0.46177604368123754, 0.8720366168425423, [0]
-39.52484395178036, 0.6144951333694226, 1.1295162100556664, [1]
-37.90668607987831, 0.6245103717203, 1.0913686609913529, [1]
-38.40578892046301, 0.7283384972405643, 0.8323247152401969, [1]
-38.658502383360535, 0.5551009287331025, 1.0386281484389286, [1]
-39.905208610329545, 0.5766713390347974, 1.0021264123300635, [0]
-38.34699569324222, 0.6566266602660131, 1.365732604266745, [1]
-38.36165398300314, 0.7468582252248507, 0.9028767436013689, [1]
-39.12300898813723, 0.3432742077715796, 0.7849315500565869, [1]
-39.41701354423797, 0.9874374079870788, 1.000724256267731, [0]
-38.164120945616766, 0.48116261467859056, 1.1914894767567912, [0]
-39.82534238482842, 0.6786398697625544, 0.6519897206591672, [0]
-39.37895103476176, 0.528533749535016, 1.0931810393639214, [1]
-39.88358615482727, 0.703813955187676, 0.8587181187770241, [1]
-37.96264736342035, 0.4536927481274261, 1.2185831723556722, [0]
-39.15714342127338, 0.8816816822656314, 0.8763811975302449, [0]
-39.71445239270388, 0.3807369455302228, 0.6937027737531171, [0]
-39.43579654816802, 0.5707252513851215, 0.9718745904973554, [1]
-38.895654271786896, 0.5619374330577844, 1.0812746564290199, [0]
-38.957430147629125, 0.6110630718001328, 1.0766122674107588, [0]
-37.97361609005928, 0.7976478807266122, 1.0385247609376704, [1]
-38.90589619584851, 0.7429526828536549, 1.0149027948905474, [1]
-38.42263210936494, 0.5375082966998604, 0.9270704927071731, [0]
-40.00170373866907, 0.713875231766196, 1.3030499005905796, [0]
-37.60922158518839, 0.6906146730374592, 0.8738298466847944, [0]
-38.14105639907508, 0.6896323102947318, 1.1231614072870635, [1]
-37.075498851295016, 0.5908927812266176, 0.7539535404834394, [0]
-41.72794569751395, 0.5469124313511096, 0.931298923686903, [1]
-39.34133060562344, 0.42120885450544465, 1.2490393895933427, [0]
-40.29945536769726, 0.6440641936084496, 0.637594581070739, [1]
-39.320148769206526, 0.5494298567911784, 0.9343854334616892, [1]
-39.41649296978775, 0.4650488565583699, 0.4804099220695004, [0]
-38.2672058473611, 0.7688536452545767, 0.882176303347205, [0]
-39.77093665481479, 0.7440864704034658, 1.2657926997229993, [0]
-38.508109024019724, 0.6946746954725587, 0.9361260879045272, [0]
-40.62362586923714, 0.5477448579791582, 0.7889684717986262, [1]
-39.366398254604, 0.6082533983536769, 0.9555186745835561, [0]
-39.627376381255715, 0.48712078210295046, 0.5875917128343605, [1]
-40.372552613152365, 0.6380540074482552, 0.5473210558139914, [0]
-38.8680463214758, 0.6612372810210458, 1.1728674329198383, [0]
-38.85947660961213, 0.5147105635156413, 1.0850813512178659, [1]
-37.10150817397723, 0.6392647740105071, 1.2248867275760753, [1]
-38.54164031637933, 0.7131483136680239, 0.8984773728712486, [1]
-40.943410645950635, 0.5141611051336814, 1.3782486466672017, [1]
-38.14277329101807, 0.6011763269099758, 0.6019928909601308, [0]
-38.420427151475536, 0.9514497950190145, 0.6590428349931451, [1]
-40.04306928939864, 0.6193565689621736, 1.0381512794939232, [1]
-37.65056332148387, 0.7076961063562085, 0.656461854124758, [0]
-39.72483818648116, 0.5731882939201771, 0.9729090960639879, [0]
-40.236011025165325, 0.9001546303803735, 0.7882684560233482, [0]
-39.031609123337894, 0.4705123391106374, 1.003783918234938, [1]
-38.010386998637586, 0.5840801518194472, 0.8121429073495654, [1]
-40.31602558151386, 0.6417302574297576, 0.818818985319321, [0]
-38.060944804031315, 0.6668269546292063, 1.5633126511470912, [0]
-38.041178557642624, 0.6823364267265782, 0.9864178076952215, [1]
-39.91926141448276, 0.8552949593650091, 1.4147325138935074, [0]
-37.923025665857665, 0.5526184863097431, 0.9498235878326272, [1]
-40.90355442544635, 0.6188502533518181, 0.9646605822119987, [0]
-38.350900977340395, 0.5781340236836778, 0.9051495119401701, [0]
-38.37837891435788, 0.6562951155168839, 1.662328475095424, [1]
-38.22211042945724, 0.8443881473479984, 0.9416500304709989, [1]
-39.406225456566176, 0.382516615850443, 1.338581839636912, [0]
-38.457626756053166, 0.6662099129203648, 0.9200961892148284, [1]
-38.85772171175134, 0.6139628131254913, 0.747191854380932, [1]
-39.82398759784848, 0.6892306805125841, 1.2746074168684602, [0]
-38.19766636249703, 0.44343501812964686, 1.1611258977206953, [0]
-37.927055919984745, 0.7317197521111192, 0.7408492390851097, [0]
-38.60853459803734, 0.6504394554597138, 1.0472891112669662, [1]
-38.60206323517045, 0.6884120650391822, 1.0727376754611957, [0]
-39.541071516019095, 0.37204419618891554, 1.1255017345176048, [0]
-40.368483802895284, 0.6258690546429642, 0.9415822385230216, [0]
-39.729852184984026, 0.6042602954957901, 1.0806393679969326, [0]
-38.684778550369266, 0.6280729491772026, 0.8877068914522418, [1]
-37.931443716724736, 0.6925541424724327, 0.867609954785378, [0]
-38.777700301858204, 0.4125347833666296, 1.3961139473222013, [1]
-40.96662514626127, 0.7818262693963584, 0.8738290161138571, [1]
-40.858126388885076, 0.75890904031485, 1.2092950476975362, [0]
-39.570235606446246, 0.4771953289459135, 0.6369347097014094, [1]
-38.92877737093008, 0.5648171697079394, 0.812535797644124, [0]
-38.4362929963191, 0.5044173657908875, 1.4648599982499666, [1]
-37.361103172799616, 0.5812949283812645, 1.2342916853414245, [1]
-39.620954122917894, 0.832072729165205, 0.741673008486746, [1]
-39.93565559927392, 0.6316878453707893, 1.1290784312503497, [1]
-38.22079962872521, 0.7443805335114182, 1.0040599659827163, [1]
-39.775689367299925, 0.46109048971281674, 1.130285394759896, [1]
-39.0100291799272, 0.5344691737518631, 1.3866801337412782, [0]
-38.955456443356795, 0.6528091452768836, 0.583985095691679, [1]
-39.73638981400104, 0.6232428882888601, 0.8271621448756059, [0]
-38.548852334147746, 0.5167600321648906, 0.7344356573891335, [0]
-39.08447126879822, 0.6010581889346658, 1.2067613299338484, [0]
-39.657592507392785, 0.8556476993441117, 0.8090389722886964, [1]
-40.27367784378925, 0.7662481271105539, 0.9822896314031141, [1]
-37.18098922752847, 0.39497013204016407, 0.4316047348508746, [1]
-38.841989940517486, 0.5816022092110897, 1.0263768304349763, [1]
-37.99480036159823, 0.5721478305394689, 1.0942810749693788, [1]
-40.126747756018425, 0.5688597455149168, 0.9401635487605255, [0]
-39.331629731340634, 0.4413124038302683, 1.202049897765509, [0]
-39.56576591748244, 0.6135808379031784, 0.8273403100307914, [1]
-38.99099002009525, 0.6816997407014416, 1.012394463829743, [1]
-39.78340849217346, 0.7223356714391928, 1.1386199675648154, [1]
-38.54919118776106, 0.620490321508685, 0.9074003042028839, [0]
-38.80979773286504, 0.7736343888353661, 0.531709752279137, [0]
-38.58648188422025, 0.7310311046503644, 0.7864312104804934, [1]
-39.460713206602314, 0.700473232072704, 0.7681400839287709, [1]
-38.07334738504188, 0.4300943522789432, 0.67695277679046, [1]
-38.46505702864662, 0.8062538405517421, 1.0495730173395612, [0]
-38.98466902526729, 0.5466358727035912, 1.2077873843527893, [1]
-37.94480330862671, 0.6596418220857574, 1.082521112697917, [0]
-39.11166907594047, 0.7457336297057084, 0.9894866027743863, [1]
-38.79188313471791, 0.5454020585275865, 0.7874903766862047, [0]
-40.729296586124484, 0.5888884181620547, 0.7735631115493689, [0]
-38.74085655121834, 0.412398929158832, 0.7624985802434819, [1]
-39.80853638418945, 0.7333727516679124, 0.7689572644168396, [0]
-40.33762287276839, 0.7000405207791531, 1.5077973029748348, [0]
-38.53322673399396, 0.6221281013995344, 1.1113047621733532, [1]
-39.1500627052144, 0.45584073893685134, 0.7546867455941755, [1]
-39.67171742937334, 0.8034007143474264, 1.308979915320005, [1]
-38.38527815919489, 0.30967079077689424, 0.29466307712215256, [0]
-38.9216659143137, 0.7628843945524213, 1.138432193170929, [1]
-39.74478777871855, 0.755491654947183, 0.6807990531542867, [1]
-38.311319569599235, 0.482437368366884, 1.435793658078297, [1]
-38.051633830027974, 0.7054878252465152, 0.9942117167603931, [0]
-38.96446232065868, 0.7299119233431017, 1.3475672845517443, [0]
-38.7797478154558, 0.593934573218335, 1.1589112594873607, [1]
-40.17495979778536, 0.5202506398200197, 0.8144734510932613, [1]
-39.60603347535889, 0.6940263188414403, 0.7343446981257895, [1]
-38.37303616794216, 0.6519402273407414, 1.1068132140061715, [1]
-38.822038214218, 0.6054437444620606, 1.283168085186879, [1]
-38.71072440701046, 0.567772231951033, 1.1500073416861216, [1]
-38.102074194976716, 0.6090710495704845, 1.1972851437229284, [0]
-39.73439614876578, 0.6621099295084993, 1.3468328634787363, [1]
-39.468835924470426, 0.6600254019650071, 1.5903253531166377, [0]
-38.37506671883268, 0.6373933799858845, 1.2792311151839681, [0]
-38.670311860175474, 0.22947915987219786, 0.6953392918051053, [0]
-39.37183943013647, 0.553938424568149, 1.1682202582501322, [1]
-38.59192824137492, 0.355116094619875, 0.47885125210115514, [1]
-38.13395809563859, 0.7572957797191994, 1.227783829165709, [0]
-38.013898080888886, 0.6535910231818987, 1.024639169951434, [1]
-40.983586418318914, 0.5222908822932714, 0.2698070056550691, [1]
-38.64928644135482, 0.6909362080231484, 1.0958392834812312, [1]
-38.86934480139568, 0.3872973426171943, 1.146969537623547, [1]
-38.720757410703435, 0.5185758458100759, 1.144445973295948, [0]
-39.18167006643013, 0.5904374857588066, 0.8307235206960248, [1]
-38.224644212517795, 0.4465838832680984, 0.8435032396029591, [0]
-38.30993539245139, 0.6861129378070319, 0.8617911574542247, [0]
-40.04567002937883, 0.6248010917216582, 1.2420174604230172, [0]
-38.75797346669179, 0.42316272497315044, 0.7767573481617965, [1]
-39.300347147127106, 0.5083718453728568, 0.5562004620548767, [1]
-40.464045489666944, 0.762878349301735, 1.0464653630029062, [0]
-38.829862211135215, 0.46800604195346335, 0.8779713194790906, [0]
-39.44195896090639, 0.7408039772598582, 1.0828295746162495, [0]
-40.626456571685196, 0.7470544428881412, 1.04985224179621, [0]
-38.95878076901578, 0.5367119637146951, 0.8456297179963465, [0]
-38.94720256468652, 0.5713033071374156, 1.5911314125833795, [1]
-40.837094797664555, 0.6877744014568696, 1.1558357064287184, [1]
-39.04398461155075, 0.5334629928333612, 1.2131060140787493, [0]
-38.62100870735487, 0.7944776150911022, 0.7722282038940614, [1]
-39.22461523634102, 0.4807989472553622, 0.7743318200895268, [1]
-37.69082553050506, 0.8105374157928493, 0.795973935075557, [1]
-37.68699902177177, 0.5923128744974064, 0.48329796017469356, [0]
-40.18951282561789, 0.6009989596047033, 0.4799116888818431, [0]
-38.90053669345058, 0.6759238883607177, 0.628304915931841, [1]
-38.82867525289169, 0.6249709336412435, 1.3211793967234573, [1]
-38.50559713906593, 0.6350134512896831, 1.1544521584790952, [0]
-39.43661299114501, 0.789348686672994, 1.2626893459568802, [1]
-38.81693306519996, 0.49575859718731036, 0.5723527981931663, [1]
-40.61466707672463, 0.5317401391292949, 1.221988933270796, [1]
-39.22187066329041, 0.7196096190857433, 1.1008572198739506, [1]
-38.16965259286144, 0.5903082047758611, 1.0388734218551055, [0]
-39.75228650956349, 0.5745029857444139, 1.3279471558446576, [0]
-39.490470097143614, 0.7240854292720804, 0.7934021967844825, [1]
-40.284901179332074, 0.700409566468292, 1.2955683675970888, [1]
-38.11656012549519, 0.4966037087642926, 1.168522224738273, [0]
-39.30692645587238, 0.743225025046792, 1.1268558810442608, [0]
-40.38382870824999, 0.7237302379072094, 0.8873940972001999, [0]
-38.206851823715716, 0.6197884942461722, 1.091319913065837, [0]
-37.95255788463242, 0.6783004138818622, 1.2667288575371138, [1]
-40.13883488331878, 0.5983300226192438, 0.7141271652887315, [1]
-39.26361919097651, 0.6422699403773392, 1.3072516769278466, [1]
-40.42539226688892, 0.621673368088547, 1.0207370479618667, [1]
-39.11101118701077, 0.4474918086928085, 1.0475759123955712, [1]
-38.289779365153805, 0.7367400799243222, 0.5562341742818853, [1]
-38.62163731694569, 0.4656696742932413, 1.0085960131010665, [0]
-38.9531928493069, 0.5709756673379085, 1.157356720389872, [1]
-38.565252480851505, 0.5634879622152784, 0.9377231941941241, [0]
-38.29785885848895, 0.5011262764774116, 1.1074991486343495, [1]
-37.619218911068295, 0.7300322449181298, 0.9001325340837032, [0]
-37.428584158093194, 0.746887353474752, 1.1188908967403874, [0]
-38.83071155053615, 0.4583514137125799, 1.125928518902539, [1]
-38.065765977817044, 0.7485939199276839, 0.8864930470997251, [1]
-38.31084614263018, 0.6807757940064674, 0.641274487148, [0]
-39.035033174987234, 0.6202075100072922, 1.1088912244955207, [1]
-39.2144443189803, 0.8136114091845834, 0.6223295723071239, [1]
-38.73474993698069, 0.46691766472615703, 1.0829013131397605, [0]
-37.366407054285155, 0.6571038292835937, 0.30767042562409813, [1]
-38.52957549858703, 0.4607824965464479, 0.6791924206496192, [0]
-37.63156020276001, 0.8450384014794936, 1.103772259491189, [1]
-38.460802542909384, 0.5386073976697471, 1.3224758840707356, [0]
-38.759835064873734, 0.5237362831577222, 0.4990625252897683, [1]
-39.237640251280475, 0.7124503467273985, 1.1020985739271643, [0]
-39.28100972215381, 0.8880010473111144, 0.5195915844820762, [0]
-38.35182909479001, 0.8168947828210129, 1.0695199623363318, [0]
-38.447912691450846, 0.6326209025329685, 1.0389896899373494, [1]
-38.417737783616474, 0.6509025841627496, 0.9910452752228425, [0]
-40.56257508781405, 0.6542047870772714, 0.9638849858105143, [0]
-38.26672736454382, 0.48788947599712984, 0.9458950869035901, [0]
-37.087744907952576, 0.540319614264303, 0.6371661916481467, [1]
-38.8276470165033, 0.6213094192036063, 1.1791475834171912, [1]
-39.19144100197482, 0.48140588975706156, 1.3051459937088197, [0]
-40.50622178633193, 0.7513300898124131, 0.9929312540636239, [0]
-38.80058382981983, 0.6147271431769376, 0.9941949258822624, [1]
-40.787921294237435, 0.5449829733551776, 0.8910656059592998, [0]
-38.16921478052188, 0.5892039461258038, 1.3134431183517852, [1]
-39.13985082277017, 0.418255957903695, 1.3176091721211558, [1]
-37.61058721654359, 0.6268775826705194, 1.2030549888958477, [0]
-37.026306875208164, 0.6088885524275911, 1.3343574751682243, [1]
-38.615447904547985, 0.6290094288905205, 0.8826288315595028, [1]
-39.00235455297443, 0.7741113955204941, 1.1230944684082451, [1]
-39.363569182610135, 0.6745490625385056, 1.0923063050444182, [1]
-38.578757482224226, 0.794899361056015, 0.6628735088393962, [0]
-39.85421093944178, 0.710792091062539, 0.7182785871596848, [0]
-38.268145360923185, 0.5875147297680636, 0.963600342064763, [0]
-38.791861535161395, 0.8633115318091213, 1.0209185679552908, [1]
-38.827599035352705, 0.530537368948481, 0.7260990937592139, [0]
-39.643004622692146, 0.5552730479647883, 0.8703531288646762, [1]
-39.03291783294333, 0.5369387391996971, 1.0719360351260407, [1]
-38.55266417301668, 0.7301947824024062, 1.1072505793157967, [0]
-37.78035150740706, 0.7383451948097401, 1.6273181539753923, [1]
-38.40552527552197, 0.7128135079034643, 1.0064115754969443, [0]
-39.914973563016694, 0.768082808932694, 0.8747298636374667, [1]
-37.7971094148686, 0.600028548844911, 0.7879422564557963, [1]
-38.94891604292938, 0.5464945560642964, 1.4030561918101243, [1]
-37.60246654244016, 0.5827122400969738, 1.0109285445275706, [1]
-38.82180788621489, 0.7195200281608953, 0.9841206291527219, [0]
-41.93280280207967, 0.9186751665246686, 0.7123475995236077, [0]
-37.508007101404935, 0.5429434588373514, 1.1191631326456768, [0]
-39.07316856268289, 0.5519900254280546, 0.8438799417778488, [1]
-39.76369878338572, 0.6763998776747302, 1.3063542414268912, [0]
-39.47558884125098, 0.49418501902060186, 0.9124203590944505, [0]
-39.26179563447487, 0.5925264825531188, 1.073768154129483, [0]
-40.10680638701852, 0.694664920626769, 0.9678146088732477, [0]
-38.68413478586032, 0.5343094859559305, 1.241687342444808, [1]
-39.603677899582564, 0.8702240738315998, 1.118076896582709, [1]
-38.527145346619626, 0.5257733717422115, 1.2812027790625116, [1]
-39.746442929875826, 0.7888606523185155, 1.3653002201149664, [1]
-41.385333623803064, 0.4677334100249587, 0.9734553175516785, [0]
-40.907951461812644, 0.5852521166981506, 1.3320270000009298, [1]
-39.341383535269784, 0.36781857747401714, 1.0588818876042163, [0]
-39.38812285321949, 0.734614618032609, 1.2045428913638676, [0]
-38.19639903513366, 0.42762520273185756, 0.5142369060363597, [1]
-40.09385835450903, 0.7427063829671022, 1.1958239333690894, [1]
-38.89240029746806, 0.5990021919287912, 0.9396911807917748, [1]
-38.64090704548243, 0.6194165097139795, 0.7825203621303926, [1]
-38.376234298869825, 0.5997864425586792, 1.0621542503690322, [0]
-39.825419958091956, 0.5498861195830438, 1.0517528428015206, [0]
-39.03735397341621, 0.5664202451029472, 0.9068947971457461, [1]
-39.532949941215925, 0.6896197831740337, 0.4458790872325663, [0]
-38.283148275250966, 0.4116852141919143, 1.069869281985294, [0]
-37.92338714344962, 0.6478823105834637, 0.8126454584999125, [1]
-38.55973576533937, 0.5303824800053221, 0.752074753410491, [1]
-40.72549837543686, 0.6112762535448912, 1.5618244173598352, [0]
-38.52268606578202, 0.44157663171939354, 1.2360122105931848, [0]
-38.09310489467495, 0.44422532221639505, 0.877029550380489, [0]
-40.560433029753234, 0.6562102818071691, 1.604053215185226, [0]
-38.748100395623815, 0.7735004146164125, 1.037782385003176, [1]
-39.506423482450096, 0.8181405238707459, 1.2015258452657127, [0]
-38.650703253230546, 0.6700009981723982, 0.7218192313478451, [0]
-39.69473321765, 0.46300039441042606, 0.9372037267371036, [1]
-39.851998474317455, 0.4763330103361496, 0.2232912522743865, [0]
-37.72174009296955, 0.7003155833275583, 1.4486971986758466, [0]
-38.34379313658601, 0.7148571912866095, 1.173021173082219, [1]
-39.703940053068564, 0.508886198487051, 1.0032766707412242, [1]
-39.17150624125437, 0.6854442174045958, 0.7855189875300683, [1]
-39.025986857795125, 0.6383580981493904, 0.6909009536866929, [0]
-40.00789537321012, 0.5153945794246507, 0.5466907875831365, [1]
-37.92624843686648, 0.8588704003603375, 0.9155163521961838, [1]
-39.20334094861491, 0.6540551143585516, 0.3735219617360042, [1]
-39.448823782216245, 0.5492677561956957, 0.9105164850869981, [1]
-38.87604730190499, 0.4863903434471024, 1.1815786212995765, [0]
-40.06167922724367, 0.4527866315274687, 1.0846863753775047, [0]
-39.405224033531134, 0.575797450686665, 0.72572765755097, [0]
-39.03795334193943, 0.39190492312115865, 0.6773152938095879, [0]
-39.330630171756695, 0.5138278507848351, 1.4184018405742833, [1]
-39.26337203738766, 0.6427741389955652, 0.9259901362114052, [0]
-40.08540673459956, 0.73925095680685, 1.4539154048771454, [1]
-38.316075650255804, 0.6677461568341176, 0.718660229086815, [1]
-40.82081325339791, 0.409147946918632, 0.3957059500935465, [1]
-38.443503753623936, 0.5943943509634021, 1.3138564109769013, [0]
-38.0799091968517, 0.6443594807668803, 1.222483020253309, [0]
-38.401898890853424, 0.5408074559622933, 0.5704632778780762, [1]
-38.45710811735537, 0.6208446483115703, 1.377717464309578, [0]
-38.61010303198152, 0.6415189698880438, 1.0034758390679537, [1]
-38.16272256095083, 0.5001836436992451, 0.7436327721316573, [1]
-38.08566848807846, 0.7389623713173659, 0.8134340110961303, [1]
-38.407779920049634, 0.7691582801700572, 1.0770479318618251, [0]
-39.499635093044425, 0.5767767670460192, 0.7766129817171952, [1]
-37.88691761694296, 0.719241029751501, 0.5736559341065884, [0]
-39.79856370128755, 0.5943856838233472, 1.1430501882611563, [0]
-41.06324051832303, 0.5043055940807636, 0.6089835516972076, [0]
-40.13000778896129, 0.5504951820897171, 0.3113915394721617, [1]
-39.69576976381525, 0.5543009946353932, 0.9651740237226817, [0]
-38.38401920836909, 0.5556491251837979, 1.0700906778976365, [1]
-38.36296834089174, 0.7415116099345958, 1.554014870605013, [1]
-40.55096259517062, 0.6822677263363323, 1.1651411628468713, [1]
-40.16170210648441, 0.6694090282764741, 1.1284709720786574, [0]
-39.248264919071914, 0.5169988059012005, 1.0435864065711729, [0]
-39.55471810720887, 0.8266482744786403, 1.5332460637327008, [0]
-39.33273551926244, 0.5602324548950226, 1.1786009680133644, [1]
-38.65090357193674, 0.7491289568561594, 1.2628047213466715, [0]
-39.30375166263328, 0.529572797520665, 1.0340239696627689, [0]
-39.34957560499945, 0.4764219458894352, 0.7107952068446534, [1]
-38.60547778476537, 0.6469793811794016, 0.7936234814764431, [1]
-38.75244574229828, 0.64516579612082, 1.1273931703283648, [0]
-39.04628272810191, 0.6576567412134038, 1.1886331228929958, [1]
-38.55544622252403, 0.8058088636451634, 1.0228926881222749, [1]
-39.321529588120924, 0.6878981664303789, 1.544957647953662, [0]
-37.40400187250776, 0.8102641216889329, 0.8515670297392505, [1]
-39.66195091709209, 0.7408077270679478, 1.5500821395639335, [0]
-39.303377376672124, 0.5248639174425169, 1.0577529794211284, [0]
-40.78475050840151, 0.5711251333560973, 1.1503390257051531, [1]
-37.63577349518285, 0.6731193498187651, 0.7120014486067308, [1]
-39.70699640249768, 0.6301241860201066, 1.1206388995721996, [0]
-41.018571428528546, 0.6926895376173273, 1.0539825582407962, [0]
-40.11917593587807, 0.4883936199004267, 1.1849735508999608, [1]
-39.469555997709534, 0.5545359723122063, 0.6912985279334134, [1]
-40.08656586996175, 0.6675783205899577, 1.1883020340150263, [0]
-39.88339648512566, 0.7564378774826064, 0.6457364451823121, [0]
-39.86782795444392, 0.6073623183306762, 1.0223134426603366, [0]
-39.148010885719714, 0.627293498745734, 1.3574198162799602, [1]
-38.6184912504777, 0.4320328068762112, 1.420170259405624, [1]
-38.694077293178054, 0.5195480470054674, 1.0976984264297371, [1]
-38.93421201462763, 0.7453403791096996, 0.9454849535562599, [0]
-37.66916180781788, 0.6832813720914035, 0.6750721582663741, [0]
-38.96351495794893, 0.4645781928129591, 0.7394461169546078, [0]
-39.05824007785867, 0.67679167870536, 0.8644119995315993, [0]
-39.51198707458176, 0.8424082597027993, 1.2579194845574484, [0]
-38.01642998706702, 0.5495700965940852, 1.1241006818361439, [0]
-40.69520578159922, 0.4852649686717685, 0.7134996275527173, [0]
-38.75944738691323, 0.6810280768576001, 0.8621272277758636, [1]
-37.79344959659926, 0.40493834153911806, 0.7137036154152234, [1]
-39.13972999594531, 0.6997677712121506, 1.2452102127674798, [1]
-38.76122821568422, 0.6660543782448647, 1.3571979521240118, [0]
-38.40562961344968, 0.44872714366126853, 1.1798737912871768, [0]
-38.36704777236245, 0.6235379928321452, 1.2367589956767249, [1]
-38.18639466457364, 0.7295838687137063, 0.9911268127597671, [1]
-39.152880857047755, 0.7266759342762869, 0.9245391883199784, [1]
-38.92122592744404, 0.592831028715678, 0.9358896616158047, [0]
-38.69508697175334, 0.5970945349021506, 1.091605612038658, [1]
-38.29500593017026, 0.7736479322890807, 1.1925444076270617, [1]
-39.08983271775579, 0.5480559042110107, 0.7565550733794831, [1]
-40.673642058392524, 0.5977533907752322, 0.9070529320625079, [1]
-37.8507062537318, 0.5308658710526719, 0.995746928625989, [1]
-39.756105434073476, 0.5508339238281271, 0.7517478722319055, [0]
-38.277790754002496, 0.5786842806443896, 1.3184491279083033, [0]
-38.46902464727462, 0.623691436287477, 0.6953652992736513, [0]
-38.96420146916956, 0.7135280922735292, 1.0563095203671007, [1]
-40.35096295906026, 0.6871670648009526, 1.2867083860798767, [0]
-38.537212593741266, 0.8355129147838287, 0.9937633012150392, [0]
-39.387885102937254, 0.5217184138131153, 1.215297104002853, [1]
-39.996071505270265, 0.5216492982639052, 1.3912257036433147, [0]
-39.86681653914993, 0.741393224496092, 0.7529717396826521, [1]
-37.80144742748473, 0.5161102192212126, 1.116795619899396, [1]
-38.110672311242695, 0.7263474519138633, 0.91794488640127, [1]
-40.520186077478414, 0.8618620792410869, 0.7644791986789758, [0]
-38.56582393222031, 0.47571368671248154, 1.3123823098793836, [0]
-39.040667945396855, 0.6249176921875935, 0.6881517950473193, [1]
-38.455448102091026, 0.5688108794349549, 0.6344863146421182, [1]
-38.67685544563867, 0.4804711620414486, 1.2301103969950584, [0]
-38.110356640521566, 0.666655202552453, 0.7803318285486316, [0]
-41.06740453303157, 0.3385118961012077, 1.3455968336253046, [1]
-38.745522781773765, 0.6354320364471454, 1.1308880677106694, [1]
-38.67386374563061, 0.6993021569323539, 1.3627976712222634, [1]
-40.15232423905184, 0.6505035976890066, 0.9115807902722053, [1]
-38.52583359344222, 0.6862682000097787, 0.6744280113509675, [1]
-38.314659417401764, 0.4020296246059578, 1.2097345790770637, [0]
-40.302199682222366, 0.5341553761819777, 1.086958178122031, [1]
-39.931176834181365, 0.5595042793975153, 1.0594058788135392, [0]
-39.13059685523559, 0.6119650728432635, 1.3095805885278142, [1]
-39.22070684614048, 0.7419040493338608, 0.9795491512242761, [1]
-39.97892641494661, 0.6332054640605204, 1.0059737192387501, [1]
-38.50270028906687, 0.5746341396314623, 1.1705454883547426, [0]
-39.38151452566471, 0.6315642352989694, 1.1517304179881322, [1]
-39.71665515390712, 0.6089168704449514, 1.0015201993959177, [0]
-39.17288689377741, 0.5705322653647786, 1.0531142297973382, [0]
-37.6084421302455, 0.5820893943019733, 1.0566200043115268, [0]
-40.67342852115709, 0.5555163648812277, 1.1050798210926913, [0]
-38.247924952041714, 0.7862379889857328, 1.0261799967174294, [1]
-38.84454636332556, 0.6707621249476754, 1.1383863569988646, [1]
-39.806225883972665, 0.4172365175084132, 0.5022234053098982, [0]
-39.76768306435655, 0.654536751510512, 1.1798829397479897, [1]
-40.7964172112818, 0.8469062320776082, 0.788470039881369, [1]
-39.10955960743879, 0.63173284549411, 1.1294931014358305, [1]
-40.21236675204489, 0.6983744858349049, 0.8197807686962305, [1]
-39.033620919915045, 0.5614332532975328, 0.836112440261731, [1]
-39.57461727177999, 0.3581636657691454, 0.8509154992830367, [0]
-39.634066985305076, 0.6384645231693998, 1.3807374148495497, [0]
-38.85029397947139, 0.4685240750091615, 0.6441453209990277, [1]
-38.16402773100794, 0.6179962766303609, 0.6060345003169239, [1]
-40.00107626295622, 0.7057215799384569, 0.500436199284255, [0]
-39.92292953085867, 0.8267988164912278, 0.6356515618716747, [1]
-39.77461124331956, 0.7116752001732142, 0.9726940165035223, [1]
-39.382337145469414, 0.5856009924746814, 1.6597884468248485, [0]
-41.106749304467286, 0.6753312188288707, 1.3413777024911706, [1]
-38.42063144058082, 0.549780351026825, 0.9188345420707409, [0]
-38.55214007603025, 0.6070436989140429, 0.2532021002515912, [0]
-39.280943387479375, 0.7992890531351063, 0.755048494703115, [1]
-39.006498433262394, 0.6955558304122764, 0.7050115233410603, [1]
-39.75093205493345, 0.7917365135129295, 0.9790651669933949, [1]
-37.67313435077748, 0.7861349221168238, 1.1865103089741635, [1]
-38.153142076362215, 0.5436386512873238, 1.3707351782821364, [1]
-39.36795705261697, 0.5029897243958656, 0.9969672318285482, [0]
-37.82581062776182, 0.7334962700188195, 1.1766870330543506, [0]
-39.079895470686594, 0.6665457479665758, 0.7802027854407646, [1]
-39.85647320204667, 0.9000127353452849, 0.25054725388445326, [1]
-38.733080558585236, 0.706773546601127, 1.0917510862013422, [1]
-38.93053786902069, 0.49870815047524486, 1.0785005913013122, [1]
-39.011841231995966, 0.4971484669396031, 1.2919278926352442, [0]
-40.11425835318754, 0.9447349168237625, 0.6170278383718169, [0]
-38.621630478562565, 0.5467974477134916, 0.8982120931148414, [1]
-39.11967524304664, 0.7584163064350804, 1.2667871633005583, [0]
-39.06534371644373, 0.2792318182230442, 1.0943380028194103, [1]
-38.43130685798477, 0.6929715101624501, 0.9783849786166117, [0]
-39.830207935055384, 0.5421265244107935, 1.08889503540957, [0]
-40.20174672161179, 0.7432738059972132, 1.1180156090284437, [0]
-39.5164127055391, 0.7842317689301694, 1.2832438478206223, [1]
-38.840902525203276, 0.8096093421079941, 0.6974062252839389, [0]
-39.77435051343418, 0.6966937614694703, 1.080019785576276, [1]
-38.490530507393125, 0.6775809522797851, 1.3258835751973685, [0]
-39.9813574080192, 0.5351727550299841, 0.995238769393981, [1]
-38.60602269533747, 0.7348683494312694, 0.8720602391987363, [0]
-39.54884040081368, 0.5085636166342966, 0.9859309986660552, [0]
-38.69961307078251, 0.5220108166508595, 0.9268568155840393, [0]
-38.61334581089151, 0.8704195499565682, 1.166296012838964, [0]
-40.120807341815166, 0.641501393310912, 0.650234125452556, [0]
-38.2566833903259, 0.6194228336561783, 1.1024693567289896, [1]
-39.644774515830186, 0.6475751179203848, 0.8828740263252682, [1]
-37.87017054190479, 0.6044478747222027, 0.7838649548391952, [0]
-38.24785031955812, 0.6854521844678322, 0.854607437702894, [0]
-38.66273041367963, 0.5988167832427295, 1.0405520000060098, [0]
-38.524309761180405, 0.7735711880777685, 1.1540524039732039, [0]
-39.575681327221496, 0.6629023134142065, 0.9476766494983777, [0]
-38.400053352845305, 0.5170289270202707, 1.1685201470278304, [1]
-38.707916049752605, 0.753002492534632, 0.7333874163705719, [0]
-38.66616371368804, 0.7453454745277183, 0.7097557927040625, [0]
-38.32271657545682, 0.5717655210331739, 1.1364113567657004, [0]
-39.08188080673192, 0.6840963133969445, 1.2555001085507256, [1]
-39.90057807851524, 0.5798774881789427, 1.14292386618063, [0]
-39.32146454108681, 0.6816990902826732, 1.0568844182250943, [0]
-39.06247928650569, 0.47984556410344736, 1.1371862007295024, [0]
-39.99064238674522, 0.5939516709263166, 0.8642533559163239, [1]
-39.7991249676411, 0.46476051198481705, 0.8549999450287509, [0]
-40.160297065601576, 0.5778888302592726, 1.3059002688990895, [1]
-39.064415060920076, 0.669550807590341, 1.4738780616545204, [1]
-40.277296905328335, 0.3408413589661264, 0.7637016068869874, [1]
-39.526899895043954, 0.7353297667682256, 1.2066744048855713, [0]
-40.611191286836046, 0.6333463143871957, 1.399341393717915, [0]
-39.740398750001184, 0.5431071728587739, 0.8053601519024225, [0]
-38.13307077907132, 0.5146688474114955, 1.2374411055684649, [0]
-38.478901704548115, 0.6341614095768806, 1.1760140373204202, [0]
-39.4719363543572, 0.6572238663353658, 0.8679132395187495, [1]
-39.8244340641198, 0.5394126556823431, 1.467022804629527, [0]
-38.54633600380601, 0.513338458733215, 1.0981726813686554, [1]
-38.03559592621901, 0.4352155475710562, 1.1633413285667722, [0]
-41.04575215425402, 0.4391419298689919, 0.9145604562060629, [0]
-41.91532573941646, 0.5517672442467862, 0.6326771043216627, [1]
-38.20974227165398, 0.5089377477558049, 1.1913307282748993, [1]
-39.541343192061895, 0.6643958059967184, 1.1272251600262058, [1]
