t=0.011042422598461924
logZ_t=-6.006325400088665
-13.09620734849356, 1.4301106764970808, 0.8033483667864364, [0]
-13.346109108288244, 0.720051188752878, 2.2177050996673358, [0]
-13.432992296505121, 0.7969081696832908, 0.8544271351154242, [1]
-12.952751185180572, 0.6967510186789204, 1.3848344533172856, [1]
-12.873315052823008, 0.8445050126553768, 1.1426589303782826, [1]
-13.316280883459157, 0.6882849797657553, 1.1262157080828907, [1]
-13.152313491661173, 0.4012544960625057, 0.9441857813385651, [1]
-13.407816255094023, 0.15323441160139184, 1.439872512779639, [0]
-13.074566660273893, 0.9162080233399733, 1.7444468629618892, [1]
-12.484748038191114, 0.5126832442686322, 1.507194113628645, [0]
-12.414067531942974, 0.20045751485201802, 1.4079340165243093, [1]
-13.455602738144357, 0.554581098916055, 1.9150488668709453, [0]
-12.332644162468037, 0.4230588305003309, 1.6508092458204136, [1]
-12.863151865868316, 0.7082870743262989, 1.1934501087146119, [0]
-12.883017874834524, 0.5867047139911462, 1.0132775422337423, [0]
-13.486821061796967, 0.6797940743087871, 1.4632791552882538, [1]
-13.298977538384953, 0.3451654809876851, 1.1048600720120727, [1]
-12.146939594931297, 0.5827166502861612, 1.9633638628158665, [0]
-13.635493064205468, 0.22919647137411758, 1.567291711225808, [1]
-12.945011258852096, 0.7836691290193003, 1.5275579785484845, [1]
-13.054046219070653, 0.4662036320683466, 0.98727979408998, [1]
-14.13079197045337, 0.8629675909790082, 1.5168064311075449, [0]
-11.79913985326115, 0.6108590441871927, 2.3395814032915387, [0]
-12.122219229651208, 0.6768279610228887, 1.7147791197649744, [0]
-13.76885443286798, 0.6507676972566117, 2.238490050819154, [0]
-11.851180042074969, 0.9931999084685613, 2.130399513887592, [1]
-14.433584974535524, 0.13483596626239747, 1.1753484729245616, [0]
-13.547523713686985, 0.9483444172935545, 1.585097723309127, [0]
-13.31933114006471, 0.47042845938253725, 2.173191726644144, [1]
-13.570680236716827, 0.273366024335017, 0.5283480243855052, [1]
-12.592754671462611, 0.7501566475199015, 1.396402428763832, [0]
-14.155495834066448, 1.1343598398432826, 0.6876012939093199, [0]
-13.487550652144565, 0.851153707413699, 1.2993606902270312, [1]
-13.221641737975856, 0.9105411042653513, 1.5433594142048657, [0]
-13.702107098617818, 1.0081320925001902, -0.01356123441982171, [1]
-12.869689660786056, 0.45603076035086393, 1.3943678537091604, [0]
-13.859153151385495, 0.21936711993807, -0.10391423475399031, [0]
-13.695541462750718, 0.6614667622676281, 0.7935283180294386, [0]
-14.974253945433354, 0.3177965178725705, 1.327056807196136, [0]
-13.318376548830319, 0.5112443579977461, 1.812798125886833, [0]
-14.054325957667391, 0.6819742838007476, 1.3826285497426045, [0]
-13.369738455716934, 0.3191557270011969, 0.44345365379497437, [0]
-12.288970847296095, 0.5881720973287439, 1.4327531703040872, [1]
-12.929458833600933, 0.48802043372983844, 0.5976783292755719, [0]
-11.984449152204274, 0.6593061319567102, 1.3611597645553561, [0]
-12.915070030953736, 0.7254188508911731, 1.331422538667495, [1]
-11.784337891478016, 0.9311484680252415, 0.8946817280544646, [0]
-13.439407082526158, 0.8369485133110397, 1.6142175656400404, [1]
-12.279996666302262, 0.9258718013554936, 1.518539791872941, [0]
-13.202173438517857, 1.2542981921237737, 0.6673473348732247, [0]
-14.437272059750743, 0.676793074937526, 0.7232278116370279, [0]
-13.068852640527918, 0.6353206765596365, 1.5856357561595325, [1]
-12.446720366816313, 0.42101549777491154, 1.2694760568811718, [0]
-12.409924636673917, 0.8698946777524066, 1.2404378534614917, [0]
-11.80710486722602, 1.1265709277088771, 0.7308875145313557, [1]
-12.125612088718995, 0.4567925154189999, 1.3961739094312853, [1]
-14.511220409600488, 1.151436923631071, 2.0828773612558917, [0]
-13.416463893331112, 0.9054413980822456, 1.6804722757200787, [1]
-13.969647413176233, 1.1044422799486822, 1.2261870846990686, [0]
-13.50495129704511, -0.062221290934879825, 0.5818698084274652, [1]
-12.732263145444662, 0.4777475731161761, 0.8043459736327497, [1]
-13.307321128390578, 0.3863840278823525, 1.233204687945896, [1]
-12.853899637794308, 0.32391234260158186, 1.2597833714578432, [1]
-12.441906377110392, 0.45110045662934817, 1.0250895635116297, [1]
-12.803630864039246, 0.4721701465288696, 1.6966313142851759, [1]
-12.718883122710254, 0.7268420938704702, 0.3385219226740446, [1]
-13.240186641269167, 0.7943627771781417, 0.9855212481634196, [0]
-13.222169428704952, 0.18311169085527035, 1.824666589787186, [1]
-13.216878711632265, 0.2064277724283462, 1.7828713355068095, [1]
-13.384328393907113, 0.8132955821151199, 2.4064200336684722, [1]
-12.043066187312304, 0.8151540395761165, 1.3028896243896853, [1]
-14.482521557266448, 0.9776854463793532, 1.7399771435119864, [0]
-12.199805258253289, 0.4515435959665931, 1.9148116006680271, [1]
-14.258914159190711, 0.25654717191785115, 1.692916420989043, [0]
-13.080931152022425, 0.3840193524418025, -0.14469446227261062, [1]
-13.091707643425785, 0.9298711138562049, 1.2289231695240268, [1]
-12.534793742372072, 0.4975422579499558, 1.3023268685684766, [1]
-13.516931516418762, -0.5071815774792983, -0.2644917119872411, [0]
-13.500881489273668, 0.2595816454245551, 0.3350621323953694, [1]
-13.019710562140752, 1.0734945031394987, 1.0093401802505049, [0]
-13.579268042231087, 0.5359333287630761, 1.6661128555671714, [0]
-12.806218868050687, 0.5476849880351984, 2.1091181447464264, [1]
-12.206184767148539, 0.9374334618883126, 1.892877755415061, [1]
-14.629030198575197, 0.25652660037227115, 1.2618239236225695, [0]
-13.828492080653819, 0.3567296281023821, 1.8812734301671992, [1]
-12.825045799616685, 0.8674140138540887, 1.179825293617475, [1]
-12.733302316859055, 0.832193339367594, 0.8815548778604715, [0]
-13.42394517423286, 0.2306580512226939, -0.21387349469985795, [1]
-13.803547557308201, 0.3283840265378749, 1.729431916283523, [0]
-13.314483790551728, 0.48237391622365977, 1.3434860670473134, [1]
-12.483016430452844, 1.3922346643992043, 0.7840349887532199, [1]
-13.599586316545142, 1.0495034519688784, 1.2268134155142585, [1]
-12.979804519088004, 0.719749095608337, 2.347863401753668, [1]
-12.669959436340422, 0.7469582961627215, 0.3346427557506865, [1]
-13.154465640885418, -0.02419185232461077, 0.3335380595579789, [1]
-13.458739824727976, 0.5510087764132104, 1.4524570963479944, [1]
-14.683696638434869, 0.7547377210300517, 1.8367828704840194, [0]
-13.222600729277886, 1.2273493848712047, 0.6745217835116415, [0]
-12.674277404094063, 0.6053238118748547, 1.93811095423421, [0]
-13.639807121215442, 0.890746735783789, 0.6529161891017243, [0]
-12.737512044010163, 0.9023136620840331, 1.3685588817809564, [1]
-12.028996387325462, 0.2955812300003672, 1.3202463251488856, [0]
-11.739718577826624, 0.7685612556948046, 1.458028102704332, [1]
-12.591926554049333, 0.5107929395561336, 0.23470671044753114, [0]
-13.262373436485133, 0.20576966515220974, 1.8069344538411387, [0]
-12.24364389564236, 0.6151189597514412, 2.0349317453877234, [0]
-12.78423307260198, 0.6817495189595284, 2.260272983430293, [1]
-13.02470872617596, 0.10726541373901122, -0.09827483320609252, [0]
-12.708241870288852, 0.7108347053438161, 2.102236647238429, [0]
-13.49376139763054, 0.024736313742198757, 0.7296485242146901, [0]
-13.385936073605547, 0.7049842637481197, 1.5526140948666416, [0]
-13.003791970729063, 0.7388938612637996, -0.5037209553933694, [1]
-13.673605075456846, 0.0012035478725606064, 0.49705649694501974, [1]
-12.073908811384436, 0.5990419304790826, 1.410658878492929, [0]
-13.711707668891723, 1.0698151196548467, 0.8772909905244985, [0]
-12.709769914292492, 0.8261008163639494, 0.10694609715185432, [1]
-12.67417674050646, 1.3511044398533643, 0.9913838061062615, [0]
-13.206437054144583, 0.3002446958810817, 1.732163655804051, [0]
-12.333613719531872, 0.4691884198194065, 1.8669746877020243, [1]
-12.936854061985006, 0.9842499383405402, 1.5045154812435722, [0]
-12.5496530350053, 1.050997309442722, 0.9787259092839626, [0]
-13.654402278978079, 0.4283141472113724, 1.8128975790311908, [0]
-13.796003435834166, 0.797129744906067, 1.2479987643974852, [1]
-13.576303312295085, 0.6111884753164851, 1.3262259946051171, [0]
-13.32196193058094, 0.26135644253308127, 0.24175143299420898, [1]
-13.041009838675327, 0.44826779603050937, 1.3489640312307465, [1]
-12.686960721803223, 0.5778248442910103, 1.3026465109411571, [0]
-13.73970318264936, 0.6143569740685365, 1.3472064151374639, [0]
-14.489491847606775, 0.8566601372093208, 1.9771109566926506, [0]
-13.923804457065788, 1.2226499587890234, 1.5439754002730663, [1]
-12.979333266400587, 0.9565351687321668, 0.7159213275292241, [1]
-12.984213674320243, 0.7810597469838041, 1.3257668653455092, [0]
-13.043628253323718, 1.0540639668893357, 1.501950276480151, [1]
-11.966152201445206, 0.801683975807082, 0.5477624531677048, [0]
-12.976069317492334, 0.7828280024998338, 1.509178847425825, [0]
-13.088545355053046, 0.7426960511066454, 1.9557091562169608, [0]
-12.89603103236151, 0.7017127038678237, 2.1329866695377158, [0]
-12.61348511310525, -0.16752428417638165, 0.9626893966957055, [0]
-12.874055941969106, 0.5959911993312955, 2.313371053010252, [1]
-12.912418931475424, 0.3915831306024231, 0.39753583492064976, [0]
-12.36402593038044, 0.4108931255360948, 1.4569696803980183, [1]
-12.736378896435124, 0.7424725478494012, 2.2045228102680112, [0]
-12.447292510456105, 0.6515571900147269, 1.5375942499854502, [0]
-13.050934163881536, 0.9905928942145914, 2.098304821080263, [1]
-14.568659834665413, 0.3134113978877411, 1.6591918455138948, [0]
-12.582300539379178, 0.04803749332760232, 0.3794967089093344, [1]
-12.440807795218747, 0.7460789489681722, 2.0052944819195906, [1]
-13.621719261941958, 0.007860299448990693, 0.9344411116569944, [0]
-13.56135872332496, 0.3260117482063437, 0.5521834568211006, [1]
-12.60493776388932, 0.6879269555797738, 2.0145827079771403, [1]
-12.53294684192028, 1.8146022497006475, -0.7263511281926225, [1]
-12.452112860229816, 0.9335592267015825, 1.3162724591943504, [1]
-12.872438541680847, 1.5406352821489921, 0.32353715911686143, [0]
-12.767295872729438, 0.6782814075268827, 1.4537854016024063, [1]
-13.97997164920282, 0.7777754123754601, 1.962462798478921, [0]
-12.651144644700825, 1.4753398638075053, 1.0645686471768803, [1]
-12.4522211158289, 0.7464152976071703, 2.29870741642128, [0]
-13.973000414696733, 0.07476756630595399, 1.906664838777117, [1]
-12.542649199374289, 0.4574425742664886, 2.093809986060607, [1]
-13.242223066511, 0.7866359440513369, 0.5811002185996366, [1]
-12.084967962299386, 0.17979240816606168, 0.8906722016172711, [0]
-11.677434928299963, 1.0692107821203545, 1.2005046313765533, [0]
-12.696464806333061, 0.590989801970951, 1.744296565450588, [0]
-13.13369513815962, 0.16733704754243106, 1.149321445017033, [1]
-13.422683524848797, 0.5078296644762493, 1.9314311991166537, [0]
-13.336028630948805, 0.4501847593049738, 1.9606256824758506, [0]
-12.871448150747284, -0.10150485820244892, 1.4640783449880397, [1]
-12.339075612160116, 0.613587556416662, 1.5424963136770486, [0]
-13.06205311092655, 0.6433437004469302, 1.3555771449626142, [1]
-13.627593607282309, 0.33480176919827553, 1.9866340031197638, [0]
-14.185850577163267, 0.5981105687892184, 0.21920509612617622, [1]
-13.122965106500391, 1.3730252246746164, 0.0432998711132625, [1]
-13.688748821658013, 0.35703715614898657, 1.6509047727336008, [0]
-13.729494550181876, 0.6023616751464079, 0.6377321187244213, [1]
-13.290040070889223, 0.6236666989821285, 2.33160202495589, [1]
-14.021051102863085, 0.8092766935585558, 2.198054263599548, [0]
-15.04653665314608, 0.4350841657402092, 1.438665367819177, [1]
-12.972163929646715, 0.47140083563831026, 2.3975989881745585, [0]
-13.840037580372812, 1.6578382301405772, 1.2945856801077997, [0]
-12.669453859796164, 0.3417475944345658, 1.0865384567855507, [0]
-13.924482247773053, 1.0821586586697003, 1.5355790380197682, [1]
-12.818690974723713, 0.6798396108519228, 1.0030772536728985, [0]
-12.89713462912335, 2.023306104902006, -0.025400507502181202, [1]
-13.44676174782306, 0.5747787481283301, 1.4920584669010997, [1]
-13.413857036756516, 0.5778892588757701, 0.46064311999837904, [0]
-13.44211706450745, 1.2013155121414691, 1.1337049709941476, [0]
-14.705656378918727, 0.47221915278150567, 0.7083171769558418, [1]
-12.974235112256704, 0.4496814440529009, 1.3315909522429417, [1]
-14.234393068160449, 0.6012882322648903, 1.4090599371128296, [1]
-12.815266806246688, -0.2868227452306786, 0.6186158902803214, [1]
-13.607754179786035, 1.2624016115152403, 1.352325789477987, [1]
-13.478097570475828, 0.6749564706860511, 0.8521190566759549, [1]
-12.509382964171854, 0.8605345246217901, 1.9120619897016706, [0]
-13.835030522123793, 0.625176781996698, 2.2373669425677116, [0]
-12.822654370801793, 0.8278595033831209, 1.1690181371990607, [1]
-12.91764991945914, 0.6126275716378831, 1.3734601270397746, [0]
-13.807908771759907, 0.47133721124908823, 1.4737526831725882, [0]
-13.757970808648794, 0.4161221900157493, 1.97833545294165, [0]
-14.07613880786356, 0.6210280921458915, 1.366953354875838, [0]
-14.56129440188821, 0.30137834004542974, 0.5594298933944652, [1]
-13.314771186300502, 0.5985954467672615, 1.7096848964575861, [1]
-13.560613058826423, 0.4301724044309067, 1.2824419302350254, [0]
-13.262115879122826, 0.8215134713486835, 0.9814474404811062, [0]
-12.912744325548484, 0.6664067671905145, 1.0800963802502273, [0]
-12.166582261359276, 1.2470619119678437, 0.6520668125481329, [0]
-12.768094706475685, 0.8223433208899983, 0.5714278159420823, [1]
-13.279255922880235, 0.338113105220832, 0.9625776048038592, [1]
-12.816479911516776, 0.08589678869449902, 1.2593054128609789, [0]
-11.621106645692668, 0.1568659486914269, 1.2562486184893413, [1]
-13.60274439287574, 0.6036516030179738, 1.4125389194910394, [1]
-12.38203415925437, 0.7345445156588385, 1.3078955847498839, [0]
-13.62984173186581, 0.8799631428382115, 1.5206515834343408, [1]
-13.722594012097717, 0.4679044617886104, 0.7702838581884032, [1]
-12.502563997009267, 0.45134426276088996, 2.1050173976492252, [1]
-13.65553964852708, 0.4037268685865185, 1.8500048649158993, [0]
-15.526441752176249, -0.18587039031264063, 1.0226221591993356, [0]
-13.166373385636218, 0.2857523509572592, 1.240483007883667, [0]
-12.385289586890618, 0.6851193791531038, 1.9596984663154853, [1]
-13.145974538931798, 0.5372351032540937, 1.2331603005507943, [0]
-12.948338082405357, 0.5319175990538823, 1.8952984010751046, [1]
-11.498672892228686, 1.1872939538675822, 1.3424362830126917, [1]
-12.29819835507526, 0.4625738597540532, 0.29877598265132177, [1]
-12.477916900252609, 0.6665516313876505, 1.2430731835125897, [1]
-13.68886992402753, 0.21710523951282718, 2.084693224444961, [1]
-12.548520971578025, 0.46071811651735706, 1.9897892357080247, [0]
-12.154978213122806, 1.3343562050815585, 1.3023506945412038, [0]
-12.65902215486891, 0.7164282519979501, 0.7075027397413269, [0]
-11.755139459004374, 0.44984219242579615, 1.546430403807141, [0]
-13.447344342653738, 0.38989010502986765, 1.920576344258106, [1]
-12.913431397200235, 0.4833225702779634, 1.7622818154103834, [1]
-13.598949520676458, 0.8011869761417759, 1.2161295745824674, [1]
-12.467830279453057, 0.45039929148770597, 1.5488173757425152, [0]
-12.971411609940859, 1.1369557020363492, 1.109937958727576, [0]
-13.482229819206383, 0.43603077938027335, 2.12465487223411, [1]
-12.569143660059785, -0.13118127798318502, 1.0849039460892596, [0]
-12.702613513927696, 1.3613670061450327, 0.18304034087479926, [1]
-12.505047476405684, 0.5846185039226837, 0.4534737217554834, [1]
-13.815575779246581, 0.46858060306775734, 1.620098125527793, [0]
-14.107391497083439, -0.13095823651256622, 0.31509517501291867, [1]
-14.112967247195302, 1.000826307691684, 1.410699341393563, [0]
-12.089009958912783, 0.21495554352559965, 2.0843378602451272, [1]
-14.552081518179486, 0.1927089641613441, 1.100355299816315, [1]
-13.714028817453858, 1.3510442887766339, 0.8414475948657785, [0]
-14.178566153108985, 0.3272584274325747, 0.6634443662094324, [0]
-12.482184212698675, 0.9547930063954161, 1.4264037414093031, [1]
-13.72579107313298, 0.7723339984832441, 2.0464931917112077, [0]
-13.752560133203847, 0.540046867730433, 2.4193069806200596, [1]
-13.026220479560614, 0.6197565680907452, 1.558367688045525, [1]
-13.995458022301246, 0.7019174212637163, 1.1583038339501979, [1]
-13.470031987956048, 0.7966670157221141, 1.9772438454121906, [1]
-13.884452395289935, 1.0552790030898704, 1.0335631475520832, [1]
-13.20808339235804, -0.4134151254214071, -1.870552034928188, [0]
-13.598657921213364, 0.888735073761484, 2.1757252135137017, [0]
-14.131943203174597, 0.1630901787130402, 1.9516210907851077, [0]
-13.727392030574302, 0.8247939931437811, 1.3511911152958558, [0]
-12.991941505399044, 0.8332144915155929, 1.1655234069252376, [1]
-13.579444467465063, 0.15997735357570486, 0.9495941884863625, [1]
-13.147067019285938, 0.2581083211320882, 1.4732709774311332, [1]
-13.903420596341281, 0.9792788513863155, 1.6595078423305738, [1]
-12.220836143860485, 0.6657235300945805, 1.6211331813087198, [1]
-13.457264616274205, 0.3261496887095721, 2.031656384488725, [1]
-13.084737668965987, 1.2073406338526613, 1.3622050331986715, [1]
-16.96842627367298, -0.010656536935053751, 1.2758712850178955, [1]
-13.131442016192125, 0.3325924473084666, 1.7311260698714723, [0]
-12.506629587299184, 0.5956408889035554, 1.2347718986564817, [1]
-12.8414680499917, 0.646933147486083, 0.884380880021513, [1]
-12.80429256606843, 0.771405941180685, 1.7398115357386015, [1]
-11.750089003106176, 0.008462022120040796, 1.4238890773903845, [0]
-13.460475250002322, 0.5304981312968731, 1.9253745886331737, [0]
-13.433784867609896, 0.04855974780556102, 1.4155643508146984, [0]
-13.52290020854111, 0.8339636828954531, 1.4097764732189932, [1]
-13.331282346873282, -0.1389848261502522, 0.743866148341507, [0]
-12.333202208097509, 0.09875132291575617, 0.6518938499231023, [1]
-11.985705154561314, 0.2867574082508533, 1.8176712581462326, [0]
-12.57346994281651, 0.5812119839221442, 2.149968686016985, [0]
-12.698046185914244, 0.26099061324499173, 1.77293986380778, [0]
-12.45432531387753, 0.9609017223378814, 1.67398406005541, [1]
-11.619506979312582, 0.6863463855226203, 0.562633808137017, [1]
-14.962601373452149, 0.8197136620245662, 1.7300251258992296, [1]
-12.963394745409003, 1.1378974824061125, 0.5972137712847675, [1]
-12.663211812538417, 0.7132828990740063, 1.3897623187691777, [0]
-12.578209355477329, 0.4889664233427128, 2.0553486139017774, [1]
-13.29209328278423, 1.6524514028118749, 0.5174772356377237, [1]
-14.018249225826457, 0.7223869374443135, 2.2743448533604322, [1]
-11.88619594609183, 0.624711447038059, 1.1972775390228778, [0]
-13.339918424898368, 1.1963067267340908, 1.5902966381075592, [1]
-13.473331795657865, 0.6533761041562464, 2.0763169226576537, [1]
-13.197977273043554, 0.9474108320631681, 1.8628181662613723, [1]
-11.947804676276206, 0.5234038131083367, 1.8524906599275504, [0]
-13.248760131450053, 0.574303246242727, 1.8015919288267814, [0]
-14.620838848159458, 0.41297965458577024, 0.8465902108161532, [1]
-12.854141299155403, 1.048937077786569, 1.400519654532288, [0]
-12.86557262542929, 0.5823807468547973, 2.1824315240445635, [0]
-12.531240785844503, -0.09359574642821467, 0.6710331948605202, [1]
-13.503121661619737, 0.6550302704051452, 1.6064208261233432, [0]
-13.181565010211896, 0.18234402171808528, 1.7753360255307327, [1]
-13.086966745201593, 0.8888722811723149, 1.4085042558853589, [0]
-13.533159249904752, 0.5914789282178121, 1.6033039956258264, [1]
-13.849545454158548, 0.39465638155966065, 1.2282074878144797, [1]
-14.936404877789137, 0.1571619654927685, 1.0211316862766602, [0]
-13.241980131993834, 0.5472199430799412, 1.6165764395723192, [0]
-14.756284360874954, 0.7356184860799168, 2.5357241089131937, [0]
-13.066790165523347, 0.4482954133260461, 1.1117289739409513, [1]
-13.500817109049244, 0.4752164436307749, 2.362832869551851, [0]
-12.303155996395093, 1.0194750917927526, 1.192053837124024, [1]
-13.104658389890167, 1.170900392024317, 1.50620518890067, [1]
-12.757248647749073, 0.6264177316987989, 1.612874166601802, [1]
-13.222042941332514, -0.22633226077373791, 0.7475966518996637, [0]
-12.961733996066723, 0.3416537998305913, 1.8707153623812451, [1]
-11.462409215079083, 0.7296815909187963, 1.3998615913922625, [1]
-12.850724979131154, 0.34720322889077826, 1.9318503638971407, [0]
-13.16383302873092, 0.6749522823592111, 1.4104746856444177, [1]
-12.658547218041164, 0.17142901048781123, 1.2167565960007274, [0]
-13.749351764547674, 0.7715130055172749, 1.3352521727133648, [1]
-13.108436284916252, 0.5536024117232443, 1.464117273836512, [0]
-12.949788324821002, 1.0138567301628438, 1.3831355736364386, [0]
-13.973603572354419, 0.4793036734600393, 1.9352648104505177, [1]
-12.367070011093798, 0.7474807866594074, 1.8114793379549166, [0]
-12.496645809337318, 0.6725055056743577, 2.043260338053668, [0]
-12.822441518043588, 1.250201827031535, 1.304488170070962, [1]
-11.997298119153635, 0.6117761954602741, 1.790546348256224, [1]
-13.761494419147592, 0.5723365024382746, 2.288748305427323, [0]
-13.46599122576823, 0.39105839219737726, 1.3904167719672909, [0]
-13.132875418428574, 0.7281163883326348, 2.885037001753179, [0]
-12.17370987271517, 0.2677921433952042, 0.9506086882479352, [0]
-13.708127330104318, 0.9305578528272862, 1.4003598726965163, [1]
-14.344071321155017, 0.4816118297888658, 1.950854642510296, [1]
-13.92681025485054, 0.3230733306486908, 1.3068278394688324, [1]
-13.337691099969257, 0.2867530880477991, 1.4595806201902102, [1]
-12.566773999684328, 0.6965176139624648, 0.9233762056366426, [1]
-12.901018120813594, 0.8810903121054996, 1.4175542306335829, [0]
-13.843287898319145, 0.7451500940630643, 1.8872204628013274, [1]
-12.496389391480834, 0.38784074240856115, 1.7989668493824886, [1]
-12.468321638089106, 1.1251002169593465, 0.7602278450549851, [0]
-13.129390940600308, 0.5822421099917181, 1.495076032487276, [1]
-13.04984254698859, 1.0052751911361182, 0.46841846302201734, [1]
-12.615400224769768, 0.8423442456483841, 1.3923847035163057, [0]
-13.752917994016254, 0.1283709300133567, 0.950108769611253, [1]
-12.963273759629786, 0.9608875900251341, 1.0861138011430898, [0]
-12.128361750080623, 0.5200861470836483, 0.6306885466884447, [0]
-12.336449555068645, 0.4262424125206098, 1.4659160780454703, [1]
-12.749268927797171, 0.02083595479629552, 1.0559787321609546, [0]
-14.25794067399584, 0.1775833967577448, 1.0783889149137258, [0]
-14.090129307866718, 0.41224409346698776, 2.287866028271199, [1]
-12.84068956268807, 0.8636972792717601, 2.262811704982016, [1]
-13.147821147146045, 1.073889466545988, 1.2937957808514975, [0]
-12.280991061650843, 0.5151092082721879, 1.7950838504149473, [1]
-14.462945014551277, 1.0272259735864462, 1.9691230810145202, [1]
-12.662081305237018, 0.7619020415909948, 1.5952817770258854, [1]
-11.91114518890032, 0.2938825287839055, 1.1043175065972692, [1]
-13.045265003130181, 0.44120891697923637, 1.1907120651335845, [0]
-12.852116185227223, 0.9597310595153085, 1.1889644520164686, [1]
-13.75381104605846, 0.03371660646401364, 0.8083566453445554, [0]
-13.750660090989383, 0.7286688233388592, 1.6136186786542137, [1]
-14.094338369698903, 0.5671007459369435, 1.5363860640774718, [0]
-13.570657026681559, 0.6308234228729881, 0.9575284747180768, [0]
-12.454706220170001, 0.6598903240525759, 0.9125964601173708, [1]
-13.36105674438758, 0.6516392218522914, 0.9385406806068973, [1]
-13.650539999010899, 0.28472583573101606, 0.9774011023112875, [0]
-14.044737433676577, 0.199455116166864, 1.679989066277131, [0]
-13.083486460941003, 0.8300483929926988, 1.6189553099512406, [0]
-13.00141769620988, 0.5099434751819902, 2.21512141177019, [0]
-12.124984104304245, 0.5266569277176456, 1.7675191300895086, [0]
-13.131212105848338, 0.9475614694483043, -0.7882010508796328, [0]
-12.642505637642522, 0.4767308561329904, 2.0292953735322388, [1]
-13.699046403890314, 0.829828701542201, 1.811585319046216, [0]
-13.25158465586441, 0.7795153522850263, 0.9394947648205006, [0]
-13.257447753561554, 0.7651705117637279, 1.5956596293240835, [1]
-13.072575123975199, 0.3430187316095812, 0.42261331880744046, [0]
-12.215644186954297, 0.5312981934025505, 1.9041946998085046, [0]
-12.979173240364872, 0.7805357235229469, 1.331005389991073, [0]
-13.522511143287325, 0.812615514006287, 1.7246052374105716, [1]
-13.586139420276059, 0.793122190049907, 1.7049135864130829, [1]
-13.505700694667599, 0.587780315670114, 1.2664619865758966, [0]
-12.706542758056646, 0.40431394318291525, 0.5575952763081485, [0]
-13.396913804731746, -0.02936282393230008, 1.210877725637471, [1]
-15.023402254820864, 1.5141687324634259, 0.9182830460238699, [0]
-13.588390666379528, 0.26981902474630964, 1.5182283776219003, [1]
-12.967348592014986, 1.675930757171018, 0.1772649557825076, [0]
-13.660757120716745, 1.0026983869446564, 1.0151260793385768, [0]
-13.744176506975736, 0.6996052371799997, 0.4009212995172011, [0]
-13.69104370486922, 0.9594589592510502, 2.3669766403085726, [1]
-13.157341513314453, 0.3303156831407015, 1.902796990620226, [0]
-12.58305986867585, 0.32894090660949704, 0.5717134104846928, [0]
-13.424672961471993, 0.6865595176224958, 1.4296256259113043, [0]
-12.172484577483644, 0.3353646314665647, -0.5781734796437364, [0]
-12.602753570603507, 0.46888284055003354, 1.9886222177862098, [1]
-12.958878881458375, 1.005701901201431, 1.972071293156121, [0]
-14.05905457029726, -0.037952147494611954, 1.4927968271039054, [1]
-14.337239842616125, 1.495181323368245, 0.4393033995420026, [0]
-12.78705219227591, 1.0896938062258823, 0.548432302838284, [1]
-12.818059688475083, 0.3183451292585455, -0.016498575806099536, [0]
-12.111142032089095, 0.7998548609306744, 1.0459541179467866, [0]
-13.170988462586172, 0.4280346735717909, 1.0498715922236888, [0]
-12.810585660330492, 0.3323948621248257, 1.6222459562843565, [0]
-13.435111770868488, 0.7903370709635025, 1.6173714101841616, [1]
-12.853577103903934, 1.0609594763195043, -0.18844902349894643, [0]
-12.735820824169776, 0.961354045819379, -0.1340348078176954, [0]
-12.693986362900121, 0.09902928915249642, 1.219501744338593, [0]
-12.977356412138624, 0.31865389482176887, 1.5588290117292452, [1]
-13.639752167515532, 1.2083539717712253, 1.2646462437454962, [0]
-13.358482210987177, 0.015944594557061764, 0.9486528229331923, [0]
-13.065985923085746, 0.8058457642694341, 2.278563652535531, [0]
-12.130163511875063, 0.717857612916312, 0.6223883098256477, [0]
-12.11029472256212, 0.48356007805287776, 1.759408800756805, [1]
-12.874453888189759, 0.8601903941031868, 1.3337968576169903, [0]
-13.810824849432926, 0.5619612506071019, 1.4316112281002613, [1]
-12.980789418521725, -0.5371614307725635, 0.3361733620653641, [0]
-12.483247761111762, 0.03543432409115993, 1.5117634686774037, [1]
-12.83273988658848, 0.4750066765066172, 1.315811213630038, [1]
-13.611938349394894, 0.32344358452793504, 1.835512052834453, [0]
-12.930564011902874, 0.9844592560611822, 1.7347718939534262, [0]
-12.132379124735508, 0.34741379863934674, 0.2780639637994109, [1]
-13.700135378792867, 0.9786909170856896, 0.8779452321630866, [1]
-13.107137260829926, 0.42304778978847934, 1.9956812514724007, [0]
-13.501657949939037, 0.49779958096756594, 0.8214910467410617, [0]
-12.48964153586165, 0.43059386712650505, 1.8582387984648039, [0]
-14.016131342039692, 0.5321762620364611, 2.009096132236151, [1]
-14.008511699944387, 1.670082562898183, 0.6409969758316045, [0]
-14.578388673698173, 0.2930641680179089, 1.3962479720321186, [0]
-13.783830457923578, 0.5598452058525375, 0.7243957194569131, [0]
-12.250148107726961, 1.0372587811147058, 0.9908398184299222, [0]
-13.512546552409365, 0.37263742294185875, 2.057688647880687, [1]
-13.569147076248985, 1.163310107703749, 1.1155047003953418, [1]
-13.33779331106864, 0.6746699098369898, 2.23328887242704, [0]
-12.87372794934699, 0.5306624863589564, 0.8137185062205361, [1]
-12.256280769661151, 0.7129499137164893, 1.3981010654241182, [0]
-13.431081644683893, 0.24155973520807983, 1.149344435217309, [0]
-13.55285983282556, 0.834182215514372, 1.7071072436914603, [0]
-12.869747831602576, 0.7213898167101391, 1.462776094036606, [1]
-13.000043384486746, 0.6848218776598975, 2.524425691469543, [1]
-12.741391174888575, 1.4174277865178202, 0.8190040692624854, [0]
-12.190280342503618, 0.3800873385596347, 0.9624769941194263, [1]
-13.284074823125913, 0.5733183979606885, 1.3589300512298885, [1]
-12.725393751949289, 1.2082855531746188, 0.39765085555587687, [0]
-12.256217922063104, 0.3470216443688341, 0.49749218457793826, [0]
-13.534371851422117, 0.7815382745640594, 1.8179244689515306, [0]
-11.704775191607165, 1.0398194104257992, 1.5861858370070383, [1]
-13.508191673586273, 0.148733895059095, 0.07288824415687961, [0]
-13.399270865515716, -0.171977365571914, 1.5657678936809694, [1]
-13.161773456446038, 0.18923845105110426, 1.7273116706419844, [1]
-13.152112554397092, 0.011489937889909332, 0.9378922081666763, [0]
-12.606632260430498, 0.40854934314072183, 0.974485638710285, [0]
-13.47405876583922, 0.364564359329141, 1.2572145483341055, [1]
-13.542634922397289, 0.25019720583468935, 1.67233185811919, [0]
-12.525625698977327, 0.7628051199931881, 1.3267412994276822, [0]
-13.316466781645001, 0.4216867203548822, 1.28342083439144, [1]
-11.8398999754894, 0.687512125768591, 1.1278003172327187, [0]
-13.219903669683777, 0.7508824795502309, 1.2391051151334254, [0]
-13.141302996956998, 0.8495343660323912, 2.4885265955120843, [1]
-12.945665771534546, 0.7180107775987693, 1.3856553832547625, [0]
-14.717004618647701, 0.2538781572267316, 1.7048599862322817, [1]
-12.891911396121344, 0.3683238166917716, 1.9714443223299778, [1]
-12.36399246499973, 0.7695450124718093, 1.1798085788194685, [0]
-13.078680347401098, 0.8585730662449547, 2.3129127836083803, [1]
-13.29878050434622, 0.5679087212988985, 1.3344637063631464, [0]
-12.229081631638312, 0.6965375339100734, 1.7925279595235541, [1]
-14.077988340467325, 0.11959593725906315, 0.873126027950813, [1]
-13.512319339436983, 1.0566457522122168, 2.149277619715934, [1]
-12.38131805958765, 0.468881847555859, 0.7309657640015796, [0]
-14.343887312058907, 1.0351143432541798, 1.002282271260014, [0]
-13.44597996446772, 0.5122563026230615, 0.5468711308656804, [1]
-12.65766126784344, 0.7907963933817669, -0.28688891608418565, [0]
-12.531102626298845, 0.461899018520032, 0.5035718896270549, [0]
-12.890603733283173, 0.9169114375752416, 0.8958360398117888, [0]
-14.801070508135346, 0.9400322937043207, 1.8141288513116962, [1]
-12.22531913446346, 0.6953900612428274, 1.3210113220791977, [0]
-12.753275837151799, 1.5843353097977033, 0.8696262842222405, [1]
-13.139763015730345, 0.5603645589738468, 1.4393223519017142, [0]
-12.498177201876608, 0.16810251189194286, 1.3981827565756633, [0]
-13.468388545775996, 0.9403082930012007, 1.865775573762305, [0]
-12.285761250426718, 0.6344790791388611, 1.2297664415273823, [1]
-12.971806847272028, 0.5102518601605882, 0.7250627886351144, [1]
-13.538300464027131, 0.34181191858350884, 0.6453895091163095, [0]
-13.693667120671163, 0.5688481950859356, 0.9159143775846058, [0]
-15.151912070081844, 0.19376671382452182, 1.9238666683830856, [0]
-14.163595278568382, 0.35745611984054826, 1.7804473857767602, [1]
-13.200345616485244, 0.7494749338049258, 1.7317648394638252, [0]
-13.306159287588866, 0.4319952741771312, 1.1172376500549164, [1]
-14.21120346127206, 1.1371587043810816, -0.11445368646466188, [1]
-12.818409263152942, 0.5957640009686017, 2.4433845208734857, [0]
-12.068246000314199, 0.4580177037712629, 1.3780426429503183, [0]
-12.527189722318845, 0.5716943008337326, 1.3780337472296624, [1]
-12.748966214160902, 0.3609752361381674, 1.3915866111554978, [1]
-12.616629951469754, 0.4290526097805518, -0.2902619970033842, [1]
-13.12914080414295, 0.47466926709091156, 1.2214600074778557, [1]
-12.826605748269259, 1.1161777867715437, 0.4544409212453202, [1]
-12.986559589806442, 0.5234658216613338, 2.699906895069762, [0]
-12.870772492691795, 0.22055078935400782, 1.4342660706546362, [1]
-13.40721871946339, 0.1408242081268165, 0.340352178295946, [0]
-13.402939521641214, 0.4037724564365951, 1.7204004789239848, [1]
-14.001783485305516, 1.074433067126096, 1.2925009600736856, [1]
-13.323997381805972, 0.45341111511514776, 1.1465915640287605, [0]
-13.625831786940587, 0.9750415464337816, 1.6288867287037945, [0]
-13.821109461918729, 1.114537637669762, 1.3823694056976263, [0]
-12.165661673965941, 0.5860856753735453, 1.628575281032615, [1]
-11.803567189599027, 0.468064633051112, 2.10470769297465, [1]
-12.894402869096748, 1.3132342239918713, 1.511101783392336, [1]
-12.692251017732577, 0.29050636556629317, 1.0563811810407804, [1]
-12.728214333860308, -0.4376103758553971, 0.5732659170036691, [0]
-12.274271631469544, 0.6153442059630342, 1.1883419737068128, [1]
-13.252170975897618, 0.4601235948929203, 1.9620827995798569, [1]
-12.293229329321731, 0.41078870302312126, 2.0374763576757515, [1]
-14.852523259597167, 0.6093646850147724, 1.2326268211896463, [1]
-12.130371116107325, 0.4599674112132906, 1.9879875036556656, [1]
-13.477831871206957, 0.36991576440387197, 1.1999422624204146, [1]
-13.106755508834517, 0.3425239378937583, 0.638358315187459, [0]
-12.585688820978145, 0.6819958445936547, 2.1759364055697787, [1]
-13.346326262647182, 0.2655393722999173, 1.0516760077143026, [1]
-13.259567909303996, 1.0361531177282772, 0.04906207138240015, [0]
-13.522458307350735, 0.6161687688730514, 2.2029730802919243, [1]
-12.983221676861913, 0.6061831081505413, 1.6197391526957954, [0]
-12.401848908175305, 0.4160559868788263, -0.5220581866083922, [0]
-13.381520364202943, -0.0730865611737529, 0.8558689945819823, [1]
-13.604222643616842, 0.3768887532819982, 1.8776377221309146, [0]
-12.735212493083296, 0.6677689844772278, 1.0429291390651925, [0]
-13.848482238998589, 0.9261447805885252, 1.6400905730971544, [1]
-13.923119528172315, 1.1777616386449223, 0.8053889999976103, [1]
-12.822156142426119, 0.6246340243187998, 1.8820456042998979, [1]
-12.029694276099123, 0.3919182987913695, 1.1992054746138865, [0]
-12.06418220476772, 0.3131566926484069, 1.5003790119222964, [0]
-13.371208070384322, 0.5965020739335706, 2.113818637666975, [0]
-12.185803525949035, 0.5104077194034438, 2.0479359929494714, [1]
-13.259750802270993, -0.035724357069713775, 0.5891607851267727, [1]
-13.565276190704642, 0.7990736690260625, 1.8446346748374491, [0]
-12.796905750003262, 0.1741118451262782, 1.8758657590448156, [0]
-12.902022923875052, 0.1764328243059679, 1.574309732013377, [1]
-13.008048909075118, 0.8164994636606725, 0.6234139840628449, [0]
-12.928041010834255, 0.2446448700700446, 1.2287735725517015, [1]
-14.822685256930322, 0.6014071474198636, 2.681562372751948, [0]
-12.726846156290888, 0.38140270662572273, 1.784341668790006, [1]
-13.734266717270444, 0.9164544420694356, 1.1854394834732531, [1]
-13.310325089971093, 0.966745097089774, 1.201650786021803, [0]
-13.79793203378964, 0.7332102298983753, 1.5041288016253382, [0]
-13.688220459524787, 0.8728794887391451, 0.29380152310485375, [1]
-12.22750607182074, 0.5653321047126523, 1.1844627574594153, [1]
-12.859792545193558, 0.15927580020189847, 1.2369235247964978, [1]
-12.76312454443929, 0.545212043117182, -0.4426228274557571, [1]
-12.691317254402819, 1.0635180190689333, -0.27237954671425124, [0]
-12.680537638020436, 1.080205088331248, 0.29332265018787207, [1]
-13.301754343979736, 1.1806711065143953, 1.5963626661099624, [1]
-13.19210256954074, 0.7093775366662631, 2.224666175293468, [1]
-13.286673359930328, 0.49965212757117483, 1.995303641228251, [0]
-12.76655907879277, 0.6579927795767933, 1.2326448755077588, [0]
-13.213607438607534, 1.5093188829735265, 0.16942167058745006, [0]
-13.101230172392134, 0.6648250000525391, 1.6105705850693073, [1]
-14.464038707018267, 0.5463230571944222, 1.6344212984638191, [1]
-12.203056511170434, -0.06332889259171703, 0.4565421248632543, [0]
-13.13239802922794, 0.11943528455005392, 1.6561695885635555, [0]
-12.54795363750844, 0.4922021624326387, 1.3369862047318626, [0]
-14.0091373611734, 1.3695412349482643, 0.7346702215818843, [1]
-13.349457821552598, 0.50574366142454, 1.1676625583333038, [0]
-13.590783634832489, 0.587699122772069, 0.8438933579979506, [0]
-12.851910295789084, 0.48602020625563824, 1.9456474710503837, [1]
-13.645647433659214, 0.5771403394023606, 1.2543008250394163, [1]
-12.94178477405254, 0.6092528092710214, 0.09161042701286065, [0]
-13.854908559657307, 0.2499417471059024, 1.4118772497595582, [0]
-11.680747841266642, 0.32905968851000006, 1.6343480306040687, [0]
-12.722959213003364, 0.43569763762436575, 1.7891450845001562, [1]
-11.870424566411925, 1.0221073370381373, 1.3688900198625444, [0]
-14.528809981328768, 0.6189895567994287, 1.4686098748943048, [1]
-13.046961520927614, 0.5621929027697403, 2.276315658850586, [0]
-13.591834950141157, 0.8684770723494589, 0.13554643472929873, [1]
-13.138829751092059, 0.7540255259791835, 0.6211385645358918, [1]
-13.482065774981868, 0.8476515805814303, 0.912810592279624, [0]
-12.751282382804552, 0.8629232894307357, 1.7846208837010593, [0]
-13.10726202343468, 0.9753561965656593, 0.8209480093375989, [0]
-12.587954768470174, 0.18356920516621544, 0.7052248036105323, [0]
-14.561833717699448, 0.6572156778782713, 2.0031650070303795, [1]
-13.07034908285293, 0.7754414470699786, 2.6153002805887016, [0]
-12.93720854367115, 0.4314743978928554, 1.7992016280904288, [1]
-14.140203716781146, 0.7251662848574677, 2.2482473662484153, [0]
-13.005108276170976, 0.28773995586710716, 0.8713394527400593, [0]
-13.04806799801711, 0.9403542100141438, 1.187951057238214, [1]
-12.26541507000158, 0.42335733270148046, 1.6470102106303215, [1]
-13.392477047115053, 0.7625262272758729, 1.0899519136608613, [1]
-13.691899900008014, 2.047331758914885, 0.2842517258518152, [1]
-12.658466206160595, 0.37894201174123765, 2.1074012241455535, [0]
-12.631018661219448, 1.7258259592243586, -1.3134792067318146, [1]
-14.277910461357648, 0.5613530237523668, 1.2250873890287404, [1]
-12.578903640125365, 0.5849780850361868, 1.752566335525915, [0]
-13.478937472375156, 1.5366188701392076, 0.7633278191279032, [0]
-13.052627448914267, 0.9388623356003505, 1.1087169378718973, [0]
-12.79254626189197, 0.365583784601561, 2.0097761308668165, [1]
-12.37614597110972, 0.32169398987901576, 1.1147475518230066, [1]
-13.294968055944977, 0.5596699664964, 1.300999908737366, [0]
-12.342356720869684, 0.5940165192853812, 1.5310690462680103, [0]
-13.054984567699746, 0.40014999340296153, 0.9352215513431114, [1]
-13.437214737295193, 0.7086912037533297, 0.6368876877681309, [0]
-12.839965500320401, 0.8994840717824465, 1.907940712491287, [1]
-13.873482375289441, 0.6258295424279519, 2.406996161054362, [0]
-12.277614873619411, 1.3191575667282855, 0.5641637013077077, [0]
-11.942778757023849, 0.7102448288974409, 1.5617200176628032, [1]
-12.559203361312226, 0.5784009148766851, 1.7421021334714664, [1]
-13.073408701138817, 1.6803572080474838, 0.6671243315103649, [0]
-13.11625703439999, 0.9830186341519811, 1.0263223932508265, [1]
-12.801342107903867, 0.2980341989394816, 1.1802989195120686, [1]
-14.417118787715319, -0.0541230979618853, 0.8529577033127638, [0]
-12.919085513697494, 0.9514085437716482, 1.083939190480803, [0]
-12.971572113544395, 0.10803714719223118, 0.5185709943890012, [0]
-13.114027537966694, 0.41813272380856786, 1.7952179493762315, [1]
-13.478080109493208, 0.8839614915524797, 0.825468981621597, [0]
-13.592771352268121, 0.9923478184556133, 1.452865234405874, [0]
-14.028211752267156, 0.3238840036683892, 0.5301514190094789, [0]
-13.680906834728576, 1.0934742522022707, 1.2579510037256993, [0]
-12.876327983338362, 0.5198263310286502, 1.7470290533143609, [1]
-12.395720769121088, 0.45777625653998383, 1.481635655322646, [0]
-13.487684175236915, 0.5877402182285706, 0.5324483442933745, [1]
-13.7590469276941, 0.7839715199896256, 2.0512401199698593, [1]
-14.365295903251482, 1.3616080736255691, 1.57430407305516, [0]
-13.03136334609533, 0.4790688991879102, 1.9620415459646166, [1]
-12.689295136549791, 1.2857340008032534, 0.7337986586669433, [0]
-12.571248407688257, 0.47871185909338954, 1.5303788514618168, [1]
-12.51599876165278, 0.8855597077027381, 1.9268646019697746, [1]
-12.937597506153253, 1.2978290492708386, 0.633556395429331, [1]
-14.469073829245268, 0.9353334988083164, 0.6566288379825284, [1]
-11.920651983854405, 0.32469004072887997, 1.8301136453059912, [1]
-12.31694201744517, 0.7862633128217392, 1.113439836824226, [1]
-13.790745554716004, 0.6168834022859242, 1.6210487698831746, [0]
-13.345032277505423, 0.5098738024577393, 1.4140651654183072, [1]
-14.071029722637068, 0.645752804396813, 1.0256634864188179, [0]
-13.101398043765354, 1.2916758524352308, 0.7298832715195729, [0]
-12.981047283080542, 0.6455597996773805, 2.1412786071185486, [0]
-13.043426712123793, 0.49109378724109676, 0.9330810988538063, [1]
-14.758634456376754, 0.9650963079021003, 1.0944682008992523, [1]
-11.857475029305888, 0.8038189359257546, 0.957511653058295, [1]
-12.977165924845357, 0.30686856418127256, 0.622402382526795, [1]
-12.305569720327107, 0.6418569982001645, 1.4062760342802774, [1]
-13.561868481768181, 0.789221059270091, 1.4320888446499582, [0]
-12.602498135847066, 0.4366470377380295, 1.2135023491240524, [0]
-12.959995168800871, -0.23224070497757876, -0.28909457989078724, [1]
-12.413889265192495, 2.2513515897559624, -0.6935259319001914, [1]
-13.418237392241885, 0.45369458392573836, 1.7458460443005674, [1]
-12.854265820420586, 0.7930866506548685, 0.9721615740981677, [0]
-13.162714573212943, 0.993595179688211, 1.039533505535715, [0]
-12.338427556690508, 0.5394509904834008, 2.065808491861631, [1]
-13.014972421086913, 0.7134568889472673, 1.587980650386924, [1]
-12.540978585551162, 0.8158732288880096, 1.8783267523751002, [1]
-12.7654893141382, 1.1193597106376054, 1.5686931057633213, [0]
-13.019786663851354, 1.0698159951459902, 0.3040202316517649, [1]
-12.899435330177209, 0.5539986340580885, 1.3466002368182055, [0]
-13.297938252500892, 0.7612534215521048, 1.7943003058950202, [1]
-12.927388483702277, 0.4990527700823086, 1.3984128801968907, [0]
-14.868556673280088, 0.14366317464333922, 1.3694219320020908, [0]
-12.780710002108352, 0.9167165320907338, 1.4525852333859812, [1]
-12.83815004549623, 0.5055951968085762, 1.9837057472571233, [0]
-14.1655809136319, 0.20341462853873638, 1.195912424963542, [0]
-13.713597737327014, 0.7340139996036481, 1.0800433607627278, [1]
-12.712863495366102, -0.014590417682131027, 1.4123433678701303, [1]
-14.32175535969597, 0.5416798514722245, 2.0401649648200504, [1]
-12.641507406492078, 0.1926911108252872, 0.7595442509055582, [0]
-13.833283270687247, 0.931588077015562, 0.8960521658610632, [1]
-14.30366787897395, 1.0606208414948464, 1.7102096725158058, [1]
-12.69133502914436, 0.6610981027710319, 1.6727376975632824, [1]
-12.668471390185186, 0.378231969793181, 0.6229276858477922, [0]
-13.153626767245266, 0.7183100952470799, 1.375471897093349, [0]
-12.99356820922722, 0.6415552696689023, 1.6089092146442487, [1]
-13.238487566707029, 0.9278584409061136, 1.571259254342364, [1]
-13.161621195262532, 0.3303195352117635, 1.4903732621533157, [1]
-12.719637838591161, 0.5950994419637137, 1.2983874104129747, [1]
-12.666077973705985, 0.7957258172256041, 2.0298274864858374, [1]
-12.540066179232042, 0.7487219382407969, 0.2277197552623711, [1]
-12.364643866094433, -0.03954637871347333, 1.1575450002271783, [0]
-13.300409896775829, 0.8918518088777903, 1.7664564590167051, [1]
-12.650921274915596, 0.005560601976878576, 0.3638045322473582, [0]
-12.19865011236828, 0.22708366574365974, 1.7011055740842416, [0]
-12.212618094457472, 0.6925103030986766, 2.1800535413616635, [0]
-12.621280622918068, 1.2611693534554032, 1.1133977538640794, [1]
-12.84241998160407, 0.7265986133694629, 1.538238991419687, [1]
-12.614816031028871, 0.7822776775226619, 1.6025234205831134, [0]
-12.289615130950281, 0.1133250115697918, 1.6658440439563778, [1]
-14.06141615316336, 0.30094302756671676, 1.0806451441164138, [1]
-13.140853536247228, 0.3769858419089455, 1.7125957035940202, [1]
-12.792940401704604, 0.11199222688855678, 1.548244988591786, [1]
-12.710837508314286, 0.4417205108837956, 2.491847310380578, [0]
-12.623648367613123, 0.6924750839857126, 1.4208675800324353, [1]
-12.066190880892067, 0.5533727293428463, 1.1308693886575076, [0]
-12.886728504593359, 0.14415890182342994, 0.871280143268342, [0]
-13.988110943885609, 0.4132872290725651, -0.08243691350643623, [0]
-12.82762018835222, 0.42037848216351675, 1.8861442217680346, [1]
-12.612480281165167, 0.4081201265880402, 1.883918782337737, [1]
-14.276940569454192, 0.9111550859446635, 2.342427343337579, [0]
-13.424000582797861, 0.18223859681326038, 1.9828940390234706, [0]
-13.629226555053014, 0.3490583104811466, 1.6331753163230867, [0]
-13.575601075367484, 1.8251305612928777, 0.7177420586842806, [0]
-12.857073055538043, 0.8426245076558123, 0.807717212245076, [0]
-13.072811555313638, 0.6626790270210089, 2.387073966090097, [1]
-14.737627799912719, 1.3443423284002196, 0.6266069801252799, [1]
-12.905520700953494, 0.8124346004913197, 0.5346708990780562, [0]
-13.508756793958288, 0.3594738667235674, 1.4354689109744367, [1]
-13.748735793684677, 0.6974258869081039, 2.085679840588069, [1]
-11.513967168541281, 0.8676120985082971, 1.1396001180712574, [1]
-12.518052841919499, 0.8359499059325898, 0.9655716482513672, [0]
-14.056706459006145, 0.2839031222565177, 0.8109298924847685, [0]
-12.885449680908978, 0.7168146731277544, 2.080114711068926, [1]
-12.211755423028409, 0.2712879359144402, 0.8040852791000747, [1]
-13.235730526475235, 0.5149642527869291, 1.9839520498694, [0]
-13.082671551486914, 0.7529515874600204, 1.1938576597924517, [1]
-13.103653994551703, 0.5070345758539395, 1.859908787328218, [1]
-14.428098980821778, 0.6187207612855956, 1.0081040831837575, [1]
-13.64395461025266, 0.2942728288068109, 0.7914743304235434, [1]
-12.460817119696074, 0.5946730936272083, 1.018323273668638, [0]
-13.124661525337201, 0.6524518306694277, 2.303754146205464, [0]
-12.919457148037301, 0.9378077677102568, 2.0378733764069845, [1]
-13.255306653498224, 0.7731150082528335, 2.7171954011974884, [1]
-12.646904502892085, 0.851512424812979, 2.07648368460366, [0]
-13.522557808039155, 0.7411850055011586, 1.2097387263541417, [0]
-14.09724805246528, 0.19553137051156536, 1.8973480749766056, [0]
-12.446290719488914, 0.5373459553285114, 1.9008849872019618, [0]
-12.069769389486531, 0.2900714270165565, 1.8897013003224818, [1]
-13.483565280412327, 0.27163424574966166, 2.017093096721619, [1]
-12.500582762918254, 0.7989266349376332, 0.7473628102409136, [1]
-13.484555248445293, 1.0333466977399246, 1.0010312381743962, [1]
-12.557199513459924, 1.0618123693392314, -0.014205912217300165, [1]
-12.878351239858675, 0.7296690919786682, 1.0475293930912828, [1]
-13.090642047103263, 0.21097354900511012, 1.2423905649337732, [0]
-13.13992407558613, 0.3544166968451169, 0.6316493404640868, [1]
-13.460843918943127, 0.27107336473364363, 1.814020473075879, [0]
-12.58858233465274, 0.7907483454147625, 2.3374056036749553, [1]
-12.411152838047794, 0.6070099756972522, 2.290106204799283, [0]
-12.63975559728622, 0.5331854088306012, 1.7070174636857294, [0]
-13.52663199050753, 0.43297812910569783, 1.3903830612891097, [1]
-12.671069606623757, 0.6463772677718396, 1.3607191857578524, [1]
-13.067430754519073, 0.5123199004757613, 0.726101938580341, [0]
-12.839806909132488, 0.7121004734611955, 0.9217171682530676, [1]
-13.263226099812048, 0.6634043135656588, 0.9544536641705065, [1]
-13.36319586898423, 0.6607901145139066, 1.626850233824689, [0]
-12.63919047945613, 0.8559134756630473, 0.5014443183113894, [1]
-12.524568811523444, 1.0267083967044717, 1.180130247155027, [0]
-11.964185464974843, 0.45195580786571365, 1.2994714197067991, [1]
-12.366399499829292, 0.5121462078927215, 1.0400104057132478, [0]
-13.239049459431822, -0.3152692784086544, -0.08368518593773813, [1]
-13.393664498062044, 0.7649965337686954, 0.778692249616518, [0]
-12.214031765057495, 0.33961942336434214, 0.8306822647200844, [0]
-12.831189509891605, 0.21700035593422473, 0.6260099041888294, [0]
-12.137177526091454, 0.7490824139858048, 0.7942871038748613, [1]
-13.090416845787923, 0.6312065593219507, 1.049531135185362, [0]
-15.145526028369735, 0.5637714734887216, 1.1446807714540532, [0]
-13.124445825028168, 0.6411305755936525, 1.654966414443551, [0]
-11.609828886754467, 0.4884901961202639, 0.18389233599968957, [1]
-13.319239599505142, 0.4719393121225408, 1.9909387753920043, [1]
-13.150925267466766, 0.43293068247534083, 1.2799436212832362, [0]
-13.73341598828078, 0.32189527201971035, 1.5431832354323625, [0]
-13.263893758478401, -0.37884259670276144, 0.9113257599590103, [1]
-14.224152624006235, 1.008600783721226, 1.4321756877426792, [0]
-12.578704589815393, 0.6396314642319014, 1.4868705565863207, [1]
-12.727882723751753, 0.23970277043869992, 1.8057062637278465, [1]
-12.75582358867934, 0.7091848891360274, 1.4358521836222948, [0]
-11.97002284284871, 0.5539918168022335, -0.028335230614008777, [1]
-12.945862620969745, 0.1822082557073204, 2.0191619356109722, [1]
-13.027923513919193, 0.337498856956334, 1.2877480885490775, [1]
-12.460798169215279, 1.18715571446869, 0.8357025048568039, [1]
-13.42890652143579, 0.3214251531002881, 0.8058875540063515, [0]
-13.975057248215775, 0.8511143817322631, 1.4025649595349847, [0]
-12.553327571155538, 0.02650028770040458, 1.3675529844737304, [0]
-13.35535175484217, 0.6922306612063098, 1.393060688175704, [1]
-13.40212015940098, 0.6036210057680563, 1.6369750575106312, [0]
-14.039888012071174, 0.6896509043653882, 1.0726819226675568, [1]
-13.318567550339097, 0.6252304238914377, -0.1056438414334877, [1]
-13.262715461978107, 0.6561230625256851, 1.1136912835298718, [0]
-11.960829469900446, 0.517964589217802, 1.6802842868910688, [1]
-12.417822887712507, 0.6089958476476707, 1.5877354562050912, [0]
-13.917435099480356, 1.1053813345612857, 0.7840687761801991, [1]
-12.282554565473655, 0.8684750184094725, 1.0002120540949089, [1]
-13.180048568756272, 0.3204660065469318, 1.9782068095395595, [1]
-12.19630593410288, 0.3260660875583413, 1.5602938586970558, [1]
-12.879730823107414, 0.7488187318734736, 1.2078201459375542, [0]
-14.435077859062478, 0.5538781856851724, 0.3024509821578536, [0]
-11.599733339126862, 1.380065190097918, -0.4329497777212842, [0]
-13.586291517517619, 0.7231157121264407, 1.5870005139452537, [1]
-13.515580893730581, 0.7979406974229382, 1.6020900272064034, [0]
-12.664762030892456, -0.06432347002413297, -0.7270591540806226, [0]
-12.704566432652808, 0.4802144199547507, 1.6488008015753, [0]
-13.512197946290279, 0.395324552182794, 1.3329070368868958, [0]
-13.421435763074674, 0.4228217801962293, 1.2514743405992375, [1]
-13.494220356411384, 0.08984926117856173, 0.26846691536355793, [1]
-12.676025414696465, 0.5594863097336716, 1.4623554580460678, [1]
-13.126246306618274, 1.315902727148785, 0.8964230977145458, [1]
-14.79023419343436, 0.9599021544270463, 1.6569355902600724, [0]
-13.326739509181943, 0.40050953793296534, 1.611775362668391, [1]
-12.761522505761251, 0.751735690665729, 1.577037986109235, [0]
-12.686177613997906, 1.221494893625239, 0.7445154710267947, [0]
-12.814384265436175, 1.2401766393235656, 1.5924765479549485, [1]
-13.459676141002312, 0.581792739218673, 1.2518815669088268, [1]
-13.230750902707275, 0.7389321282825654, 1.3488881760399052, [1]
-13.170498832225944, 0.14600741587373411, 0.4970093436810137, [1]
-12.220774552808201, 0.6300341497829085, 1.7211965367374678, [0]
-14.091168697962111, 0.505377193104459, 1.049336085437198, [0]
-11.961605887770329, 0.5392898285065313, 1.4319151250314395, [1]
-13.48253267732537, 0.8099693083807178, 1.785794141932394, [0]
-12.649222943838753, 0.2820867908243026, 1.1499588949049313, [0]
-12.330451243984278, 0.40091912016086995, 1.845433492260975, [1]
-12.113920661132159, 0.9454575813356095, 0.8684092687156113, [1]
-13.413771990485875, 0.6249602573740056, 1.0379148826513411, [0]
-13.059210872321254, 0.9774060534208768, 0.7949861241365246, [0]
-12.055955411247513, 0.20405804827096252, 1.4313979781881856, [0]
-13.351438705229887, 0.8114871949191389, 1.698450720813778, [0]
-12.666053464138074, 0.5228847458495105, 1.8906255177553688, [1]
-12.880133762262158, 0.39932655620406843, 2.153922006385538, [0]
-13.178282405643131, 1.0683586033090802, 2.1717207391340123, [0]
-13.509799054888205, 0.46416498356160435, 2.1461722278009363, [1]
-13.863879513598198, 0.5263159963345627, 1.4132150526165241, [0]
-12.38093179149834, 0.3171469170643376, 1.6078794800262428, [0]
-12.951472012967983, 0.7720459300650725, 1.9224623956893976, [1]
-14.369717333061041, 0.6767339249557712, 1.606261274123447, [1]
-12.755744964307793, 0.4798758055070206, 1.2732725123421214, [1]
-13.636830877628766, 0.5651547716212026, 1.2079249701240142, [0]
-14.157879598557624, 0.3602549373022051, 1.980669181510884, [1]
-12.6277100922158, 0.9732698311534838, 0.816416433200041, [1]
-13.139702001283421, 0.8472656877139215, 1.019891281663459, [1]
-13.937753515765317, 0.2944406176796547, 1.5659107620646147, [1]
-13.238432798668764, 0.8813917619394939, 1.0013849272619288, [0]
-12.179444528293518, 0.38520310792262846, 1.658167651137432, [0]
-13.531356491707832, 0.8863109045401846, 1.4230363699170225, [0]
-13.151397229970643, 0.7232647330903658, 0.5369658458343636, [0]
-12.629733546463218, 0.6565249499811072, 2.227246036093704, [1]
-13.599443200156115, 0.12482503968665827, 2.465095881674185, [0]
-13.025149029499755, 1.3449914240229006, 1.0912691200104891, [1]
-12.380275071832626, 0.8762719869309148, 1.9824938156330307, [1]
-14.241762291194513, 0.371394047539808, 1.1409867869533534, [1]
-12.603195862865688, 1.3642435131999622, 0.6539430876228959, [0]
-11.619803573630891, 0.7709499700779178, 1.51602217737676, [0]
-12.876737217274423, 1.000540828702784, 1.3489159997183826, [1]
-12.771842197738493, 1.1262716164917084, 1.2208820996140524, [0]
-12.658383050914816, 0.5398855283825519, 1.62854368913186, [1]
-12.701703381825894, 0.6579845601799156, 0.31308135995907793, [1]
-12.23142735162969, 0.48810934490810765, 1.5636582914731778, [1]
-12.128095777482088, 0.4630083373418491, 0.9555025678070848, [0]
-14.13910234382667, 0.7214497994539807, 0.46208898599204384, [1]
-12.226311829025512, 0.7518890823820801, 1.0760421787568537, [0]
-13.70645156790663, 0.7322460230432356, 1.6044882502952764, [0]
-15.084699546126881, 1.1357761559996917, 1.369653494975527, [0]
-13.675388273787023, 0.11002099291874057, 0.17538765688222574, [1]
-13.22521459258508, 0.8822244484224857, 1.8001138014761329, [0]
-12.733240823162115, 0.5278316379486842, 2.434139963288093, [1]
-12.735060735170032, 0.5577098448507194, 0.9947769895021468, [1]
-14.465270099518985, 0.6959684354380244, 2.1133341542798085, [1]
-14.16329580681173, 1.002447099912732, 1.719954961985854, [0]
-13.579201522907079, -0.16190622470323673, 0.5983995612656556, [0]
-12.897821634760819, 0.869603295647988, 1.5333646418355644, [0]
-13.18618174769352, 1.1496879232768418, 1.174518462561522, [1]
-12.544631258189439, 0.8224809804302898, 0.4624461779291684, [0]
-13.383997732241346, -0.1579649756233814, 0.7564111471643151, [0]
-12.910311812154331, 1.281482283122323, 0.77231256405624, [1]
-12.753262459952031, 0.8272261062733317, -0.2648070351268093, [1]
-13.119506106400173, 0.48362205223166443, 1.5911627323945359, [0]
-13.321170647377292, 0.41515373189429744, 2.2855781158064694, [1]
-12.201138493507045, 0.4693402635559373, 1.446984544302842, [1]
-12.188951410955005, 0.801632333436025, 0.951035880107471, [0]
-12.315736777208238, 0.9824545809530121, 1.1354638738490082, [1]
-13.046763257335252, 0.7439261675365918, 1.3052655751011129, [0]
-13.074847406050633, 0.6843574915907342, 2.166983254246089, [0]
-14.440063124406752, -0.44931949898962, 0.6233183625739368, [1]
-12.780900404061185, 0.947030497683552, 1.5763294141106552, [1]
-13.58060084461769, 0.623506947142443, 1.5311852908302863, [0]
-15.232167253944802, 0.8255571453215695, 1.29305336532209, [0]
-14.239224717966577, 0.6684131613558411, 1.5095283905000993, [1]
-12.674014675712089, 0.03622656950762915, 1.0736868044722905, [1]
-13.02538918544492, 0.7147265484997725, 2.025360989701569, [0]
-14.750391492705381, 0.4877164211137141, 1.0674247100915806, [0]
-12.861212239799892, 0.915471566324797, 2.0741437075838123, [0]
-12.574727040323562, 0.2674034442764845, 1.0139351230971259, [1]
-13.687627770763086, 0.9133374482323995, 0.9377409003268031, [1]
-12.922158538336422, 0.7438523171979381, 1.027543556778472, [1]
-13.609797223137216, -0.3545838677672547, 0.4013788897424653, [0]
-11.742238883508382, 0.7247847741882936, -0.28997046627446244, [0]
-13.327459953293516, 0.31463796072966543, 1.5105862835578445, [0]
-13.209158840928131, 0.63535452431694, 1.7544478293427619, [0]
-12.828726960016596, 1.012697368235714, 2.5271802085223927, [0]
-12.788580019094088, 0.7469632865794078, 1.520534905613916, [0]
-14.40159541685314, 0.541481120737108, 1.3844717112448268, [0]
-13.180056660487606, 0.4008159831053122, -0.3486962344900275, [1]
-12.461530323845327, 0.641213955905537, 1.805456288721703, [1]
-13.509169096486099, 0.39193863396450845, 0.6680090405559773, [1]
-12.233518499842901, 0.7460381522900681, 0.808371115367596, [0]
-12.793638921969078, 0.7589569836122116, 0.870437391113331, [0]
-12.605675877035754, 0.45018021969017724, 1.1651587054874932, [1]
-12.297391354545262, 0.7729069625574481, 1.603579271362566, [1]
-13.156523579164862, 0.425257640991653, 2.085280460963857, [1]
-13.454391302310235, 0.7574204420714473, 1.9243957772190927, [0]
-12.60267138984336, 0.6818763917157726, 1.0911751907740084, [1]
-12.905525041236764, 0.7955113773740115, 1.3301401543230806, [1]
-12.013282303150934, 0.1823005662231365, 1.1903487558552843, [1]
-13.542200385292288, -0.24321487604633218, -0.9867672643429695, [1]
-12.301370900389053, 0.7785001518688839, 0.471940877821056, [1]
-12.679818466637863, 0.8799901983001821, 2.196633416300268, [0]
-12.227299796939214, 0.21424517743114813, 1.5090056001865233, [0]
-12.492327192680973, 0.17537008501417367, 1.286082808994303, [0]
-13.050262044351829, 0.286972661642213, 1.179226661459624, [1]
-14.547745235914283, 1.2874418775188288, 0.6522508446702076, [0]
-12.870315491598816, 1.383436549937813, 0.3145748254619607, [0]
-13.536502637657065, 1.127981212938379, 1.8920275754569233, [1]
-13.649598399478224, 0.724605591352371, 1.8131844590670525, [0]
-13.616018969451321, 0.3321316925142775, 1.8861025813900794, [1]
-12.529173055674857, 0.5195070927001672, 0.854694896122895, [1]
-12.741301784197303, 0.7006287393371498, 2.3712581664938734, [1]
-13.493257848514034, 1.560505827436636, 0.3583638431480474, [0]
-12.804731920364604, 1.053985995476821, 0.18221373598679058, [0]
-12.60691605540643, 0.37119798585278135, 0.7646948953871873, [1]
-13.204501075288167, 0.9270618288559984, 1.268161932843396, [1]
-12.759274210939596, 1.191592168246348, 1.2638554415557262, [0]
-12.747242925617034, 0.557297742235086, 2.309875561729994, [0]
-14.044368337148375, 0.43405759288199386, 1.3720462854156803, [1]
-12.85787801699116, 0.7410498256983906, 1.3490481444775824, [1]
-13.402497123606324, 0.3456587262608803, 1.5575812090472354, [1]
-14.430251906588609, 0.25266185045171574, 1.430803659456152, [1]
-12.63374947463434, 0.6387623597154634, 0.8806164132709191, [1]
-12.433971984755857, 1.272564928721826, -0.24887875517611008, [0]
-14.638797139174585, 0.7899023347324725, 1.8912775840775433, [1]
-13.827488155378061, 0.5237316135368233, 1.70022899539275, [0]
-13.549579995599995, 0.29796681950240783, 1.7209398150323112, [1]
-12.743486704411627, 0.5338393987306238, 0.4942553754005436, [1]
-14.027136585158425, 1.1753753862136223, 0.9331504384566386, [1]
-13.1346308332408, 0.9019693991427659, 1.757408730041848, [0]
-14.007343336533683, 0.6196916435349077, 2.5472657671716665, [1]
-13.424815617086395, 1.5571305875634796, 0.3062776678420221, [0]
-13.98977493764964, 0.7659299455470089, 2.2593002933704396, [0]
-12.310724954054123, 0.8772721590064702, 1.8160281601348063, [0]
-14.184591407360548, 0.2733480624525054, 2.3126222702587462, [0]
-12.55269004727996, 1.2537014648731581, 0.7995208401755045, [1]
-13.05724516498486, 0.36741368881022074, 2.0889350732170024, [1]
-13.8831272507472, -0.11694945849696609, 1.2159646499320016, [0]
-13.631255912922143, 0.5950567303882307, 1.6057377460126387, [1]
-13.535983762008362, 0.8776997349179917, 1.022914618268988, [1]
-13.599604042835946, 0.8883899408197647, 1.5394081046729111, [1]
-14.935685937086994, 0.5616719184927834, 0.31908221181362806, [1]
-12.85142335390957, 0.4446801388499626, 1.67530691271999, [1]
-13.553237967127227, 0.24786172672295106, 1.0699989472090565, [0]
-13.80215463319276, 1.1456283617467808, -0.07478926591620161, [0]
-13.064463645265924, 0.5298122991469449, 1.0476895647020308, [1]
-13.079043511757426, 0.7573222046698683, 1.7568055284442392, [1]
-13.68910533536539, 0.5230841991079009, 2.02410038464373, [0]
-13.395596569207827, 0.44408877067360863, 0.8965253977691254, [1]
-13.445989046302433, -0.019160494419895535, -0.2822797839302512, [1]
-13.009195554779751, 0.6519642766893747, 1.2555757430335643, [0]
-15.192946802999389, 0.16746280705047223, 0.5331390196797893, [1]
-13.455178177702521, 0.25869639003915396, 0.9738399596723898, [0]
-12.453190105035059, 0.7968286764112347, 1.652586425679539, [0]
-12.964843093744825, 0.08435354772205976, 1.1349151423062183, [1]
-12.392990951075914, 0.49303324290652195, 2.102176136100727, [1]
-13.498764258391667, 0.5771919749328256, 1.3917344008308181, [1]
-11.941432409096043, 0.8986367658399634, 1.8958845851858273, [1]
-12.444643220250246, 0.5135139916435021, 2.1163417471519077, [1]
-13.766238471984785, 0.35943527486459637, 2.123379691559966, [0]
-11.989046319875493, 0.2391379196458941, 1.6406898575564908, [0]
-13.517828941530029, 0.42620254384593, 1.4569782747297566, [1]
-13.486405966516005, 0.660212730491873, 1.9851981741674851, [1]
-13.138722000933502, 0.5896805476168104, 2.1152629474454407, [1]
-12.721840386911637, -0.254205286958051, 0.9575998386854672, [1]
-13.555590621149934, 1.256033796981219, 1.1824255082361343, [0]
-13.720410682392973, 0.7854056973764252, 2.4107593880450944, [0]
-13.074465555114513, 0.0978069865186243, 2.1554544203366977, [1]
-12.597674373381897, 0.5393632056987344, 1.3856407112351736, [0]
-13.626626641946073, 0.40740957789337817, 1.2706692960664423, [1]
-13.487139620238835, 0.2384804892049014, 0.16470177368097272, [0]
-13.197024770788374, 0.3330831659869357, 0.774831007711579, [0]
-13.309257732806289, 1.6935052704756937, -0.6122451245742946, [0]
-13.33312874513863, 0.03702663229561365, 0.7803761306019252, [1]
-13.098953661732772, 0.6004996270350585, 0.1835248132139003, [0]
-12.922186772563188, 0.9647919822998847, 2.4509191409517954, [1]
-12.715766197266468, 0.5075254375975101, 1.1394952385093522, [0]
-13.00232341178273, 0.3330616183796633, 0.9085094285440782, [1]
-12.677713898206456, 0.7234463101595194, 1.7020112650108075, [0]
-13.333977364345923, 1.1010847792997445, 1.5623487031787622, [0]
-13.00920913349057, 0.6550811572947121, 0.6545143104561573, [0]
-12.715167150606739, 0.6649627980083872, 2.5032508804251865, [0]
-14.238670559526572, 0.4870893842782178, 1.1257252151235664, [0]
-12.116246261386637, 0.6775259928601467, 2.5999940123402503, [1]
-13.04580626946883, 0.08646538641643997, 1.5329931638020482, [1]
-13.025298265151593, 0.6659422926739839, 1.1232761325888732, [0]
-12.24010131508559, 1.0802448484853906, 1.3638611458116152, [0]
-13.209152365266124, 0.12452890395025129, 1.3304436059434486, [0]
-12.995257772047884, 0.48109482446347096, 2.2801344163518076, [0]
-14.191159166173035, 0.47298130026755625, 1.6588360859467364, [0]
-12.772246994228297, 0.7102486146666345, 1.5490172399894353, [1]
-13.137022064370496, 0.9666942430398606, 1.3184252513442556, [0]
-13.107535668606198, 1.3012424143033523, 0.9826020053923314, [0]
-12.519276411630125, 0.8217133360986235, 1.756233469311689, [0]
-12.643866835009588, 0.6415244542424325, 1.5312618147009303, [1]
-14.013244103114047, 0.04980007183372459, 0.17024368933311884, [0]
-13.636160564213963, 0.872266532133454, 1.2469355227061234, [0]
-13.510344613138285, 0.09951773693060328, 1.7347312785967215, [0]
-13.176639797636481, 0.5712499126492363, 0.5499956271307223, [1]
-12.90683540436644, 0.8232750778600711, 1.7142257564539018, [0]
-13.718992963618604, 0.7121288460806596, 1.21057501622652, [1]
-13.07393316951673, 0.3512758474275285, 1.597054321578051, [1]
-14.013079195029642, 0.7320433103197571, 1.7238984616567337, [1]
-13.256853892356297, 0.6039753873186493, 1.1944777241723024, [0]
-13.979569914848463, 0.9777945704610136, 1.0081803031019352, [0]
-13.455574793584933, 0.3539938262858178, 2.238939651838388, [0]
-12.419794511928611, 1.5655562140107093, 0.7647867118478011, [0]
-13.273140646252457, 0.5438124770174625, 1.7743420231232678, [0]
-13.289546173972607, 0.7896139776247371, 0.5995612053923696, [1]
-13.709898248859842, 0.5788230728254729, 1.7631799697699297, [0]
-12.555684117665033, 0.4364144674149577, 1.7676428244803626, [1]
-12.605296234978548, 0.14875231104637832, 0.8374759861980438, [0]
-14.415151032874283, 0.19931670109722388, 1.4565758006170912, [0]
-15.003967248099796, 1.1308115443781714, 0.22391567275560764, [1]
-13.317139048727302, 0.5421360744184485, 1.820660780053778, [1]
-13.108286158647426, 1.496237590403467, 0.6954138274615554, [1]
