t=0.13316033506105981
logZ_t=-36.52294173572382
-43.331565132104544, 0.37925227433811265, 0.8324199428315342, [0]
-43.17036959416163, 0.6475545756820744, 1.1158670224475193, [0]
-44.46392160586755, 0.823258179163794, 1.2223487149767702, [1]
-43.364521803657055, 0.6714543629497383, 1.1954402656391285, [1]
-44.42374782769692, 0.5322381738871551, 1.2487623968653867, [1]
-44.32423932570739, 0.42542936748512306, 0.6920315973231822, [1]
-43.82571507894471, 0.5676673622215468, 0.5142797272817237, [1]
-44.815145953125985, 0.6493856623028418, 0.7755801463630598, [0]
-43.208132664671695, 0.7621749218456707, 0.7976366906814948, [1]
-44.050698272213054, 0.7037917422962294, 0.505751106181199, [0]
-42.3238669869373, 0.6649991668007271, 1.0147712880145958, [1]
-43.83197762286459, 0.6547998829657619, 1.493372106749863, [0]
-43.18992797400661, 0.6694515473220002, 1.0918710042264905, [1]
-43.75181513110902, 0.5660935102103922, 1.1541176932620345, [0]
-43.70834218468303, 0.4803684172205628, 0.8144746802670675, [0]
-44.07212703949622, 0.5588386176798411, 0.86240793058971, [1]
-43.69583266810643, 0.40301782672460235, 1.0846479833095786, [1]
-42.246539683417815, 0.6127949521669755, 1.2001858124696376, [0]
-43.68159081217925, 0.7433374059373059, 0.6898716371894867, [1]
-44.50157695709621, 0.6053434762218401, 1.1295530177967918, [1]
-42.89144599341519, 0.6665743981140444, 0.9475341840941469, [1]
-45.25980977870156, 0.7283599139969557, 1.3779132114171313, [0]
-43.40904729222099, 0.678472337432344, 1.3798620890737658, [0]
-43.60094861124381, 0.6593339098965816, 1.511002733175318, [0]
-44.616245212779695, 0.42805393136859154, 1.0529028074368376, [0]
-42.87833115842682, 0.5571163135580129, 0.7293508789696569, [1]
-45.62910519493265, 0.5593203116844236, 1.3079646871590864, [0]
-43.53067457253323, 0.6353627597321219, 0.7449755922207699, [0]
-43.613092984808425, 0.5184791943002935, 0.9724915786033198, [1]
-45.214876217060024, 0.6720157980097972, 1.5332091594296209, [1]
-43.559730111833545, 0.5656752729161065, 1.143484262995204, [0]
-44.69363123241215, 0.6708226263597662, 1.4623232969733104, [0]
-44.636186592520424, 0.7463667402479884, 0.780823199111859, [1]
-43.62679473606083, 0.5533356779595147, 0.771943456746649, [0]
-44.171856146088544, 0.6627263390877376, 0.8661767270838906, [1]
-43.7251794036764, 0.5224767630452367, 1.2402170742352054, [0]
-46.19326494255444, 0.515138420998369, 0.9297581519290702, [0]
-44.17087240160011, 0.5129151692645315, 1.0265764515644884, [0]
-45.21602819804711, 0.591211988901112, 0.5439779805348222, [0]
-44.00869549465321, 0.7444709969637457, 1.2901594687217302, [0]
-44.58315023527884, 0.47887342148256806, 0.7840142374382613, [0]
-43.34927366346524, 0.6065152343396163, 1.2430881397908395, [0]
-43.90001674820311, 0.40679328649067226, 0.6920117809497203, [1]
-44.023779307201615, 0.551290691990619, 1.2733206299721762, [0]
-43.46594518491131, 0.7324708513732358, 0.9291096745460222, [0]
-43.84869528877544, 0.6609998596472099, 0.6207209512928131, [1]
-42.29247806602343, 0.6475002466903008, 1.0259539222538232, [0]
-43.70831635290875, 0.595328100808683, 1.0590623666960766, [1]
-43.01309213570527, 0.7311571678809492, 0.9549772069012586, [0]
-44.060643022632945, 0.8264014070315777, 0.9297996125148432, [0]
-46.39669104137023, 0.923598464039725, 0.9482069929014736, [0]
-43.481606642314944, 0.4038643749973087, 0.9367947749915393, [1]
-42.879584741194954, 0.5234027721209517, 1.007791100074932, [0]
-43.695512749700015, 0.3634446822738848, 1.2760542638224939, [0]
-42.57128181515665, 0.6185420315766569, 1.276986062904221, [1]
-43.10866144361892, 0.5763533735404613, 0.5033663834839548, [1]
-45.82360659579849, 0.5877297989658016, 0.5002640442081021, [0]
-44.78444724038298, 0.5853990232990656, 1.1118836368671459, [1]
-45.75111120819243, 0.5996351044475371, 0.8968861528728981, [0]
-45.02047849587209, 0.6457301974352906, 1.314778416050022, [1]
-43.15212858610115, 0.8540634392244001, 0.9178406566402431, [1]
-45.280856878758755, 0.6546312817373009, 1.4104443049885296, [1]
-43.262111326279474, 0.4651064812561837, 1.6180535979168742, [1]
-42.5789879765532, 0.5214668493316391, 0.8037284626671377, [1]
-43.86954690537536, 0.8304110826167124, 0.7817366065400374, [1]
-43.03153374776878, 0.6247359433350821, 0.6846659387302128, [1]
-42.93665986993766, 0.7556032768372367, 0.3446020610805738, [0]
-43.25460591550643, 0.6572522711735809, 1.2541920324007139, [1]
-43.41814636309814, 0.4568237353413426, 0.9595429049149683, [1]
-43.82666182856502, 0.6084378782939985, 0.7218434115757278, [1]
-42.126123521059235, 0.6536091118575398, 1.1905474588258447, [1]
-44.910021247119516, 0.633673432476172, 1.2404995521549813, [0]
-45.02384585048827, 0.39595501271301303, 0.732286847712702, [1]
-45.33561746615299, 0.6499590812264067, 1.1885225407164735, [0]
-44.34345194382243, 0.7036980379640079, 0.8972531062231353, [1]
-43.63359738807277, 0.7503962224168875, 0.6594800902759417, [1]
-43.48065408887437, 0.8251893139930306, 0.8292096120609469, [1]
-44.32977321873224, 0.5284960685545622, 1.1817317281815638, [0]
-44.933391227442314, 0.6250416245751828, 0.5831500806433738, [1]
-43.44646478703305, 0.49403325783446034, 1.0526724012571673, [0]
-44.06414494541189, 0.7184631067618128, 1.1017567040243894, [0]
-43.08309902535155, 0.5327645852108205, 1.515782722216622, [1]
-43.56490772701608, 0.6656301470962892, 1.2857861021369525, [1]
-46.902694988726076, 0.4177535703402231, 1.3309042047758428, [0]
-45.06714500575057, 0.6727122565554595, 1.124725979369213, [1]
-43.95065996520827, 0.7435846408101143, 0.7572136083881387, [1]
-42.69822371786853, 0.4616484382505076, 0.9230918222673018, [0]
-43.437781014958375, 0.7030180763220353, 0.9357208475704455, [1]
-45.326811778998156, 0.655665314655507, 0.8891862781574902, [0]
-43.79959128431081, 0.6797223401341058, 1.3654592007642279, [1]
-43.36191115171143, 0.4698393195284948, 0.40476730947970274, [1]
-44.425072508042845, 0.46998178250047185, 1.0231382835540657, [1]
-43.41807870036141, 0.7733368538124712, 0.875438426832909, [1]
-42.684342344485984, 0.7737283183667525, 0.797528725453932, [1]
-44.734907936528046, 0.5658356283103312, 1.257131942938157, [1]
-43.90303609024964, 0.6748905958586926, 0.8933833124941157, [1]
-45.07790604065496, 0.554916904532999, 1.0033214611280012, [0]
-44.16210616616649, 0.579739329246492, 0.7385615598250093, [0]
-43.53733441137941, 0.45539364384126385, 0.6869362745628553, [0]
-45.13326970269705, 0.4465003684477151, 0.9126009963589456, [0]
-42.685442417568915, 0.6144071817510606, 0.9772756241003131, [1]
-42.52652919528728, 0.7045589801614452, 0.9898074206326245, [0]
-41.960059036860144, 0.6783598721684057, 0.9218537800136046, [1]
-43.03540823623083, 0.6366108357180215, 1.3542442515644586, [0]
-43.17054062036671, 0.5757315467273824, 1.1669580209087858, [0]
-44.91327719852131, 0.5356067546052667, 0.9752592166709517, [0]
-42.86606536534191, 0.6590897907978083, 1.3221643175389883, [1]
-43.86828484466975, 0.5076298903859808, 1.1820831949153439, [0]
-43.63104895791283, 0.6104530927686256, 1.107872149744678, [0]
-44.470869428586305, 0.692705461887464, 0.7854980527986215, [0]
-45.40611560214859, 0.8722423944326569, 1.1889436928349328, [0]
-42.728760361739006, 0.5751043170527205, 0.9871592610265862, [1]
-43.477726759534306, 0.6728302636363633, 1.1838093030837047, [1]
-43.29049308688461, 0.5810082807515744, 0.7573249789025264, [0]
-45.03410424604499, 0.6127939095088024, 1.344667024431228, [0]
-43.6946476635083, 0.6937754812739096, 0.7120552324485381, [1]
-43.70938619050623, 0.509451309130364, 0.8968956675740306, [0]
-43.10549200970235, 0.6039591418487108, 1.0982824731965675, [0]
-44.00385342280738, 0.592189494588558, 0.6463643243552651, [1]
-43.2452151048415, 0.7395141115673518, 1.14756543874707, [0]
-42.74227858892581, 0.5577985059464247, 0.9481826177935743, [0]
-44.4677451269943, 0.4724858431884931, 0.866968113259458, [0]
-44.24721181633931, 0.6193594250378728, 1.2558727255372217, [1]
-44.15163214148594, 0.7383148285519245, 1.1836182545386174, [0]
-44.86592453410736, 0.65321972298086, 1.5262809798025574, [1]
-42.761995928201614, 0.8163317764208081, 0.7514456802713912, [1]
-42.74483384911548, 0.7838397242530111, 0.9555921557509189, [0]
-43.98932328874949, 0.6859888714300248, 0.866281500422065, [0]
-44.5580614110688, 0.4577113448162308, 1.0603460661943906, [0]
-43.936095245759574, 0.7709457798975909, 0.9409488747181086, [1]
-43.189620665149164, 0.5408603240248356, 0.7615587264988157, [1]
-43.34024307520449, 0.7066376814237192, 0.8305091470730354, [0]
-44.76187967460185, 0.5496081619225713, 0.8440503877212332, [1]
-41.855649481639944, 0.6741271193153487, 1.1264787686207007, [0]
-43.99600380879058, 0.4195998654967483, 1.2159039465586328, [0]
-43.75314736782997, 0.6915996424052683, 1.184533700417341, [0]
-43.88930277537486, 0.4942190880627206, 1.1809556749417323, [0]
-43.48212263680108, 0.535155739362599, 1.3213204636763478, [0]
-43.473453931751024, 0.6661180280658668, 0.9387671594727832, [1]
-43.15713341286825, 0.7454145025221978, 1.2959773706814348, [0]
-42.675373828823105, 0.5039440393814572, 1.0084104814133523, [1]
-43.555416420960036, 0.47481080654050306, 0.6666513512152707, [0]
-43.21158481909128, 0.6619122181872574, 0.7920159103112132, [0]
-43.10345664703112, 0.5302634046878225, 0.617974237997805, [1]
-45.27551656565774, 0.5031011847179447, 0.7174889709506544, [0]
-45.191882779016424, 0.48067867624545, 1.3533666330540484, [1]
-43.31765005724635, 0.6424133587957375, 1.162466723311059, [1]
-44.845828483397284, 0.5456766764733966, 0.9386575388652625, [0]
-44.043960732369726, 0.6776973002250664, 0.9988298577108694, [1]
-43.114766787653934, 0.6595158330575648, 1.381100599343538, [1]
-44.455479061876176, 0.6579779466577047, 1.4763968613396152, [1]
-42.58797759783447, 0.7319255965423606, 1.1213015321878625, [1]
-44.27911177998749, 0.45707078400448364, 1.1798305867925434, [0]
-42.413650640023235, 0.4701715666567826, 0.9229747797666716, [1]
-44.61346958219712, 0.6134407365973319, 1.001847365892721, [0]
-44.22464455532304, 0.6889738019549997, 1.186554466217526, [1]
-43.16373260446057, 0.7288400016706392, 0.9215614596255668, [0]
-45.24579602362143, 0.580754057623027, 1.4138913169783098, [1]
-43.02803563917626, 0.6140824316098523, 0.8952637530405951, [1]
-44.09366091985869, 0.6348869446539737, 1.083211339053272, [1]
-42.96247452283821, 0.7505442770518069, 0.8815757809455484, [0]
-42.100273060874585, 0.7202364488508392, 0.9908263674831218, [0]
-43.398374864758104, 0.5931759325564213, 1.0379845518560942, [0]
-44.47799721651742, 0.725877658563198, 0.9596434581986796, [1]
-44.32080149608799, 0.3602389153420105, 1.2049907297447275, [0]
-43.66558510851917, 0.6757185738169063, 0.9116821487648613, [0]
-43.3725770883903, 0.4499347501311931, 0.7887550847394369, [1]
-43.278057104428484, 0.6758709891935265, 1.2115205395289377, [0]
-43.52164779822073, 0.5732573279113308, 1.2953354700430768, [1]
-45.71626565381746, 0.7007865033342902, 1.0700676946611052, [0]
-44.480423801871325, 0.5165534455322569, 1.1008507976501163, [1]
-44.811762304967274, 0.41543900581808396, 0.8963327629794545, [1]
-44.386130040877894, 0.8433822417879231, 0.7584226788758405, [0]
-44.94280830666377, 0.5627132678342038, 0.6812267066076675, [1]
-43.213739634331475, 0.6535615706092922, 0.6286139026417541, [1]
-44.89178708891301, 0.6157110707947626, 1.4255937672071006, [0]
-46.13469578504477, 0.6479594605119563, 1.2443813128388443, [1]
-43.59814653867083, 0.5568073861946458, 1.0099926991113957, [0]
-45.96577575749367, 0.5592301494568506, 1.4201099333931406, [0]
-43.096524506420984, 0.6687604577650514, 0.9578137251230738, [0]
-46.04816681207796, 0.8258338446772546, 0.6599727887574386, [1]
-43.190822092148956, 0.8177192080455802, 0.486028194916191, [0]
-44.94441688636626, 0.5227149241705066, 0.6664723012856423, [1]
-44.471415527084446, 0.5407572494694011, 0.8913416467569231, [1]
-44.22778571375732, 0.4485351092272061, 1.1444317792468774, [0]
-43.76251929119121, 0.7016462657452982, 1.2981226651404896, [0]
-45.70229258140338, 0.4611179919039649, 0.6942436639433374, [1]
-43.126071386683684, 0.6151231935272873, 1.1752613312001516, [1]
-45.2124351221355, 0.5122704159514859, 0.9850142298679314, [1]
-44.021703783362845, 0.3686415612940592, 0.9488182629839346, [1]
-43.27356739351496, 0.6206026514134594, 1.4621634790658238, [1]
-43.570089976232104, 0.7580577707705594, 1.4023646555405858, [1]
-43.01175630895924, 0.5899508094450306, 0.5032509860725007, [0]
-45.172240385073934, 0.7645858058892009, 0.8612192898945938, [0]
-43.13743397892887, 0.9180847861234387, 0.6296521137789439, [1]
-42.278392060048034, 0.5100703075229085, 0.7897644503380856, [0]
-44.89483925707937, 0.653298941124915, 0.9286250378522103, [0]
-43.987458030062406, 0.5920367553026783, 1.0238927437422676, [0]
-45.4570067104106, 0.7197015462014729, 0.6001051581635752, [0]
-44.93097863557319, 0.6979857599735266, 0.9723980940773755, [1]
-43.05248908045438, 0.5787020715354222, 0.7654972100790999, [1]
-43.90753494450088, 0.649173937222176, 0.9683387210221148, [0]
-44.64365419299374, 0.6194026066905483, 0.8903262743435832, [0]
-43.40563937762341, 0.5857586946206476, 0.9951538668671459, [0]
-44.306197977353655, 0.5850555896900167, 0.6080804787985848, [0]
-43.567697689495645, 0.5370322272053129, 1.0241356766716552, [1]
-43.4180336288155, 0.5756915700349271, 1.0468480938469789, [1]
-43.24440454953869, 0.7573323262696203, 0.9945320949031523, [0]
-41.95647107080372, 0.6360805983922836, 0.7977156915416096, [1]
-44.147506494505556, 0.7315721323896265, 1.0263593288781996, [1]
-43.61454421156371, 0.5920720678181354, 0.7792098202193528, [0]
-44.298967772924584, 0.5638173707943135, 0.8183876287826621, [1]
-45.18603117076728, 0.6576224360807842, 0.5841474373202423, [1]
-43.23544178794616, 0.7340810396137851, 1.1276321814687316, [1]
-44.95224845915699, 0.5651901689695515, 1.3986116902100698, [0]
-46.07985416392536, 0.7669971488906997, 0.9765011886629626, [0]
-43.84666504670619, 0.6093329618318817, 1.1508413770825474, [0]
-42.541624104137874, 0.7841281318030997, 1.2838030285469757, [1]
-44.23620795146525, 0.6072567909898057, 1.0033140048824618, [0]
-43.31079187650614, 0.7306245887357006, 0.743629582818168, [1]
-42.47349660567014, 0.5064419065319279, 1.1449208379354898, [1]
-42.35420910730891, 0.7229952910901168, 1.0458996842934385, [1]
-42.51948261022896, 0.23792595677632442, 0.6764376619385167, [1]
-43.63075874637676, 0.5188738173624954, 1.1495809786047064, [1]
-42.749975152712146, 0.592074426137933, 1.041845605652675, [0]
-42.23637046955944, 0.7258056532462055, 0.5907582049093298, [0]
-42.596628634822075, 0.6346899864767419, 0.8506546129966084, [0]
-41.53772537734635, 0.6369982577946006, 0.9208993436290095, [0]
-44.48323657011104, 0.5763753095053149, 0.9538543078684742, [1]
-44.42150228121966, 0.7826498626974522, 1.2730675936110765, [1]
-44.43328774990982, 0.5539847765311356, 1.0999818183577357, [1]
-42.815540021949865, 0.5065728419714645, 1.0962266659728097, [0]
-43.96410773764413, 0.7474016573357354, 0.37715551314330065, [0]
-44.295968347733975, 0.6649164701883494, 0.8853173263147242, [1]
-43.65025431501729, 0.6523251098022473, 1.0852336193363752, [0]
-43.301164440713656, 0.7145930158134485, 1.3019700773040501, [1]
-42.95611743244679, 0.6112926948539593, 1.010859149718995, [1]
-43.81483729895952, 0.4962832683813606, 0.8556409578280866, [0]
-45.24563063762435, 0.38926304273091283, 0.46440277429728966, [1]
-44.06243276271929, 0.6200530251646814, 0.7637941540497406, [0]
-43.90439039712055, 0.6547271713766486, 0.56168063833436, [1]
-44.97225723592569, 0.639099110323001, 1.0583388226729058, [1]
-45.39930121245497, 0.4730331628418441, 0.20443519861782022, [0]
-45.34720676219247, 0.40251637109146293, 0.7363410571382326, [0]
-42.53146361513627, 0.7262169443956116, 0.9863889386630273, [1]
-45.66509781614077, 0.8002795446242874, 1.0478926509784752, [0]
-46.127144894382006, 1.0531688527887937, 0.8225030913441955, [1]
-44.41785861645297, 0.5598155632307915, 0.8250563435661032, [1]
-44.21833966259863, 0.5571085195960561, 0.7413615748788978, [1]
-44.07644284800456, 0.583489864112279, 0.5296730874860285, [1]
-46.602454256587514, 0.4994722416934263, 1.0579249572343754, [1]
-44.13825119799243, 0.5716673906293799, 0.747522948403404, [0]
-44.76737793672266, 0.8165192720921122, 1.013522338623927, [0]
-44.93870603785954, 0.7553909263055023, 1.3432166727464263, [0]
-44.265202958879485, 0.6482686696775478, 0.738125055331528, [0]
-43.12301306753328, 0.7449735763009879, 0.7860190033878071, [1]
-44.99488072249262, 0.5762379947037843, 1.1791299328659897, [1]
-43.91479194980082, 0.6272962923615617, 0.911034012985722, [1]
-44.30828167870815, 0.6921893812200728, 1.265244528219761, [1]
-42.19650022659413, 0.556470955337484, 0.7805641855142611, [1]
-43.64148485334642, 0.5157961390192396, 1.06705165039919, [1]
-43.54788865212881, 0.5488346562821513, 1.0147819745132955, [1]
-47.629696931021954, 0.6212262415069602, 1.2606560950591317, [1]
-43.022169086662345, 0.5084531728401793, 0.8556966320628575, [0]
-45.7510502155824, 0.4702341227120437, 0.8431212314927813, [1]
-44.31152251681072, 0.6447073538121136, 0.4348332561724017, [1]
-43.776953944040905, 0.8009666649528927, 0.8451813220506709, [1]
-42.13129467396394, 0.8233818505633573, 0.8887650272398396, [0]
-43.66333281947047, 0.769967163302472, 0.8478446257298673, [0]
-43.84616364309176, 0.7254974912182909, 0.7608254923261146, [0]
-43.38772050692735, 0.6106774200443196, 1.3387721039765221, [1]
-45.080448169981594, 0.7186520898707524, 1.1636893089164555, [0]
-43.090912304040465, 0.5771638531713443, 0.8380823556579318, [1]
-42.934244185430764, 0.6948341627235581, 0.8480682681979151, [0]
-42.921148881068234, 0.6611334877252911, 0.9340665279434572, [0]
-43.25374383450138, 0.620606545415058, 0.9376838433738391, [0]
-42.798219486864696, 0.690556004405791, 0.661791223384341, [1]
-44.09751359870529, 0.6014164790297744, 1.1940196456876997, [1]
-45.34558457381544, 0.7010087260170406, 0.74954288402258, [1]
-43.307908948242286, 0.5122600657016414, 0.9031010012217668, [1]
-43.02896334866806, 0.6523856950359026, 0.4870822192542743, [0]
-43.34044259088123, 0.7116623532308761, 0.9964691206808046, [1]
-44.54750108327252, 0.5782574743478979, 0.6718842183333528, [1]
-45.25704287030986, 0.47362606775764904, 1.1160642838430144, [1]
-43.426137828670626, 0.6015765469079695, 0.8758183020817346, [0]
-44.529680733070855, 0.6491247876734079, 1.1503472191550004, [1]
-44.481974573249204, 0.6754050726543634, 0.859665724136007, [1]
-44.420968586848325, 0.6170131522904285, 1.1383121800857636, [1]
-41.77923872002533, 0.507900026315504, 0.9222002784962996, [0]
-43.99623916671586, 0.5293892771001951, 0.8300792646703922, [0]
-44.754250950025046, 0.5248281070746232, 0.8251263376649418, [1]
-44.23694676417534, 0.5828811979516104, 1.0627366931418525, [0]
-42.81846321203126, 0.6177778783324586, 1.2940872319609336, [0]
-42.20010138833582, 0.5967329205633681, 1.1760864543974336, [1]
-44.58792803845125, 0.6641998170973964, 1.0528465418158917, [0]
-43.24096988131005, 0.5884103718324271, 0.9745545400778054, [1]
-43.27354672636149, 0.6188313736337422, 1.0518368521076147, [0]
-44.2905006579313, 0.62339818825944, 0.6980768797330847, [1]
-46.282433965358884, 0.6574872080283337, 0.7424630115989046, [1]
-45.31708074712106, 0.7559992207730545, 1.1340045943166108, [0]
-43.185683107275416, 0.54666635745221, 1.3490235037697218, [0]
-45.15637409457447, 0.6258188007595578, 0.9544434359335184, [0]
-42.97221620236703, 0.6412378626281967, 0.9645007573493849, [1]
-43.78025384822571, 0.6508123352288063, 1.0652855847636231, [0]
-42.25975670716284, 0.6332739119474939, 1.028374452945237, [1]
-42.973569449197356, 0.632412478539995, 0.8102149664714364, [1]
-42.85700598579529, 0.5846918166426898, 1.2408396827740007, [1]
-44.84640887888234, 0.3780394651550061, 0.5580842389735816, [0]
-43.14267153460143, 0.458854814087187, 0.8279127946953485, [1]
-41.60974135405657, 0.6315161799325963, 1.1978282390996886, [1]
-43.931159780447615, 0.587984654713467, 0.7721047620487864, [0]
-43.54303671977071, 0.7398093308104072, 0.6150504117790088, [1]
-43.09889399652777, 0.5096364056099199, 1.107725147995522, [0]
-44.84931546305059, 0.7301242376249005, 1.1843668340621947, [1]
-43.528188308794626, 0.7264392551490098, 0.5004129989130944, [0]
-43.89308072912115, 0.6341749138945431, 0.9638781506045822, [0]
-45.04938379784192, 0.5034349986354058, 0.9541848795812029, [1]
-42.923115588323064, 0.6207767390582682, 0.7463485011608577, [0]
-42.59955901822913, 0.6509596280488312, 0.8161602396928955, [0]
-43.59013620405761, 0.8204837078383678, 0.780195628056256, [1]
-42.32306633622529, 0.5417744177424937, 0.7627609092318913, [1]
-43.53816729838527, 0.7163082054055077, 0.9281726378332653, [0]
-43.43507465004898, 0.7249948677783453, 1.1336248984207127, [0]
-43.6509927906152, 0.5863887138386503, 0.6492188449076098, [0]
-43.13150801968974, 0.7776603356982981, 0.8676245136761505, [0]
-44.578215617136216, 0.48433636263330193, 1.0791556168231289, [1]
-45.309545462158084, 0.5335273204933376, 0.40696425648091655, [1]
-44.45402882043392, 0.46607852552284185, 0.6400381923142674, [1]
-43.60713109113612, 0.6833048133375591, 0.995965378446158, [1]
-42.90035150924418, 0.693791276152349, 1.293114695508354, [1]
-42.77383267079271, 0.6034857416660393, 1.1629735500513871, [0]
-44.18268941134513, 0.6547960041695438, 1.2430096388637881, [1]
-42.84103321041152, 0.9651286388075744, 0.9970119664250717, [1]
-42.37940521799406, 0.7205043948698382, 1.0026653404275783, [0]
-43.7456250007961, 0.905688208342775, 0.9684947218307718, [1]
-43.63411903850765, 0.7254550600491926, 0.8619313429934488, [1]
-42.682165889625196, 0.5610065763215901, 1.2735742086218669, [0]
-44.06732885086424, 0.5163017315100215, 0.8857480399833649, [1]
-42.95489307336625, 0.614645691470884, 1.02635068919574, [0]
-42.40926808561061, 0.5818670751312734, 0.6635359497365567, [0]
-42.573530681846954, 0.7363873911699462, 1.1943897981850808, [1]
-43.37036062793197, 0.5111635526887638, 0.5106867193904764, [0]
-44.78786616754262, 0.7635929418995904, 1.0581205224621133, [0]
-44.25613578747731, 0.485896877364391, 1.2424161911663132, [1]
-43.326294294717336, 0.5594051275857123, 1.258539669690394, [1]
-43.91810318037648, 0.6357770209223514, 0.2781237669297122, [0]
-43.13128519402258, 0.6287249406393757, 1.3488339814093657, [1]
-44.342936925098705, 0.601278134992892, 0.9333266399656307, [1]
-43.31786303056011, 0.6110474570974908, 0.9018845827925678, [1]
-42.892915105914675, 0.7350220676667494, 1.0777891789660727, [1]
-45.008467261625206, 0.6769084742728765, 1.1221168817881602, [0]
-43.62278421694066, 0.46539518960265264, 0.911447818289755, [1]
-43.50406217037044, 0.5359498694512839, 0.7606199629319523, [0]
-44.27977280207224, 0.5046048458778232, 0.6778255661732682, [1]
-44.293914741825155, 0.6314584921935619, 0.9554641430628015, [0]
-45.238986071311146, 0.3865367222409389, 0.8634424840072855, [0]
-44.002379953501986, 0.5991182277815765, 1.1959121963603379, [1]
-44.43021183389857, 0.614471647654677, 1.0687206546212697, [1]
-43.61566962011669, 0.6279941955495739, 0.5464164919197375, [0]
-44.38521712793203, 0.6727645026907451, 1.2957664767670156, [0]
-44.90548727112651, 0.5183265258349844, 0.8189513047580078, [0]
-43.9351830544558, 0.3500475085910818, 1.199478943864793, [0]
-44.70974082219884, 0.6908415334933954, 1.2187495478716315, [0]
-42.962808515830616, 0.6186244348828719, 0.9730620962919699, [0]
-42.818043526550746, 0.7219967647643776, 0.9128210734732596, [1]
-44.34060316194137, 0.45478039313758717, 1.052112507331349, [0]
-43.43905171920467, 0.5217953817276137, 0.806228449805632, [0]
-45.12376614181247, 0.5870606436393602, 0.5865257489102199, [1]
-43.87486034900926, 0.7481085348676881, 0.813320639915352, [0]
-42.86194778599095, 0.6661331894519263, 1.2375045591357683, [0]
-43.47009335124321, 0.513717641294871, 0.8013263322782083, [0]
-44.48755117692527, 0.46611838343717, 0.7592509120238335, [1]
-44.472901903588266, 0.6073047055474876, 0.4713314440488275, [1]
-44.467032597313946, 0.5106088591022787, 1.077371626882024, [0]
-43.36457942010748, 0.68646675867528, 0.6494064580309226, [0]
-43.214045667585154, 0.4215513334890333, 0.9181695856073008, [1]
-46.75796393154714, 0.38491150429516274, 0.9307025903901969, [0]
-44.51825492761702, 0.5647532254269567, 1.0800288165960763, [1]
-43.76432319628876, 0.611937043243134, 1.4401332413876, [0]
-43.58168184369377, 0.6519532248635973, 1.4372081438474036, [0]
-43.461779567238985, 0.6690603705070223, 1.1500512381773025, [0]
-45.027172851514536, 0.5537725043988115, 1.04961766319925, [1]
-43.78969155500705, 0.5400616551170965, 1.1276600107287769, [0]
-42.44606705335605, 0.7524662456382223, 1.2439927686682986, [0]
-44.979214815904655, 0.5026332922161781, 0.8484489257497908, [0]
-42.841040901525176, 0.6782604981649014, 0.6007405600482261, [0]
-44.39320941096816, 0.7797190904789386, 1.1249410747136714, [1]
-44.10192778336558, 0.7571367702028678, 1.044288658839967, [0]
-44.73729751900168, 0.5796830240197381, 0.8137013559101846, [1]
-45.49708226410714, 0.8632796502980749, 0.5569093751502363, [0]
-43.484802749823324, 0.576406068938048, 0.5543256409633958, [1]
-44.026790664725446, 0.7404009828670487, 1.0161728452741698, [0]
-41.96191876737426, 0.7421287666597993, 1.1514323183761983, [0]
-43.7006898745012, 0.7782413936031566, 0.662229213673412, [0]
-43.50438230692544, 0.629364525086701, 0.7053008839886022, [0]
-43.28790974932327, 0.698810904800614, 0.7060382791123536, [1]
-43.13894248570479, 0.6168613188365408, 0.8320639464485824, [0]
-43.00319042970161, 0.6438140663955475, 1.0325331407541198, [0]
-43.73880921376427, 0.3067051370433898, 1.0644562725274664, [0]
-44.52918227194259, 0.7715000611558831, 1.4253006876069008, [1]
-44.58315986968573, 0.5439817968718477, 1.3210464543790317, [0]
-44.28719455323725, 0.7766244078271138, 0.7723594243464197, [0]
-44.14988455080435, 0.7830357115131503, 1.0502720158202585, [0]
-41.49382445760241, 0.799236399783857, 1.0462013334435665, [0]
-42.896446487076936, 0.6688873610918405, 0.824845137879172, [1]
-43.93024323780103, 0.5567481935963826, 0.603873987266784, [0]
-44.240810584915124, 0.6740428437447381, 0.7351921194437288, [1]
-43.502028404135906, 0.3755693383943196, 0.9223802665933866, [0]
-42.83489140146079, 0.9213943146597807, 1.1998113435805027, [1]
-42.63821920496928, 0.7409828599780044, 0.963305000614167, [1]
-44.22782151520138, 0.6279414777443215, 1.0221914010708568, [0]
-43.34077445757283, 0.5800022141831426, 1.289061050435533, [0]
-42.12269898134391, 0.4971204808724412, 1.0477903574307759, [1]
-43.87994030118423, 0.5994802122264966, 1.1606104252203382, [1]
-43.391988916404486, 0.6351528743531628, 0.9980129745521553, [0]
-43.67532748158698, 0.6619525291818219, 1.161649407481805, [0]
-42.63010205631643, 0.6112590879562015, 0.6093763794128526, [0]
-44.63917830721839, 0.7277604772429456, 1.5112598986923773, [1]
-45.03234026205225, 0.5228080665132274, 1.0094091495859807, [0]
-44.78635546913648, 0.4717655649273271, 0.9689473982910894, [0]
-44.009413649343365, 0.5907276649818631, 1.0242661680311818, [0]
-41.51782061096056, 0.5832992548489737, 1.0493491783278233, [0]
-43.52768722613457, 0.6581577000546546, 0.9029516397143127, [1]
-43.27093217676376, 0.6967726566932742, 1.2553485761697831, [1]
-44.506952557631934, 0.7538207059541111, 1.2769725952260196, [0]
-42.533321005444066, 0.6194794083752041, 1.0182360125955148, [1]
-43.6222134647211, 0.46655479179653897, 0.8207798086046949, [0]
-45.666179274726666, 0.2680518409844416, 1.068507503220737, [0]
-43.97548846599317, 0.5102164953771523, 0.46175179711721426, [0]
-43.01964417152059, 0.7057810108690972, 1.146921521846907, [1]
-44.69871086904352, 0.6688175484268788, 0.6469382369605022, [1]
-43.54610711286838, 0.6935916878938974, 0.8276000212259919, [0]
-43.11737972560031, 0.587444311092734, 0.8951556768542656, [1]
-44.358897840563245, 0.7814502850510427, 0.8576005471875593, [1]
-42.780217357210525, 0.6579465740292187, 0.9523378453215817, [0]
-42.98152175798964, 0.7620542573765939, 1.0136584206760937, [0]
-43.50508069248662, 0.6015338942185497, 1.0952964745368678, [0]
-41.97799889756158, 0.6795760586998199, 1.1768979590452082, [1]
-44.41679137879028, 0.469032530842758, 0.9522484268971979, [0]
-44.19631160958389, 0.5458424018593415, 1.0102328730655354, [1]
-43.32677415087893, 0.5161028322230125, 1.2053009727369157, [1]
-44.19606104055327, 0.747492180403188, 1.143587883363316, [0]
-43.532115986842165, 0.544445851599648, 0.9024791210201479, [0]
-44.15749479340697, 0.5957224278612108, 1.3671858671822825, [1]
-44.83096413838858, 0.658826424188496, 0.9374305654635717, [0]
-42.80830742165964, 0.5424132186030471, 1.0640515867685956, [0]
-44.46582675986531, 0.8393030658708082, 1.1064035827335696, [1]
-41.69466058720891, 0.7499449095606809, 1.1942823527529876, [0]
-43.52912714433629, 0.6698842965543687, 0.7827840956618177, [0]
-44.2650242608385, 0.47811623388348823, 0.7803212392451635, [1]
-43.51271493185233, 0.7017338536672293, 0.6963171723689732, [0]
-45.41695815127712, 0.583156773362181, 0.6173933746412131, [1]
-43.30083941324405, 0.44328856703258007, 0.8308888185447802, [1]
-42.47301835439886, 0.800025899296535, 0.2578596874408844, [0]
-43.66036481022739, 0.8284069904943601, 0.7261121594972219, [1]
-43.76993377114182, 0.4476493843270879, 1.2946790085466162, [0]
-43.634474367142765, 0.6656717067203392, 1.2153096968981505, [1]
-44.24712223191274, 0.7626992125640939, 0.7870319218082213, [1]
-44.77421853385847, 0.5766319608343676, 1.0753681777662558, [1]
-42.775241010636115, 0.5209970749093454, 0.8814866169318853, [0]
-44.72131724998782, 0.5929942629772732, 0.880944667201696, [0]
-43.027510324507745, 0.7038421471311592, 0.7170178770217086, [1]
-42.960603012323595, 0.6128828564156775, 1.2061397781411975, [0]
-42.49376252143485, 0.6835160499820192, 0.8539876399018298, [0]
-43.48177967052112, 0.45853540532077197, 0.895077037195561, [0]
-45.85477816459367, 0.5377918622749135, 1.218795501435001, [1]
-42.690313386093976, 0.7665227363742108, 0.8318775402826452, [0]
-43.805673373792125, 0.6310162088281482, 1.2181513837784206, [1]
-43.310449034940696, 0.60389859746441, 1.2344571921307903, [0]
-42.40903528674381, 0.49221840738221223, 0.6491977432626571, [0]
-43.87802308737847, 0.7075708951990084, 0.8527854258959542, [0]
-42.393232293954014, 0.6301120126253742, 1.2327573245222552, [1]
-44.16451285248019, 0.6363677737761515, 0.6083255103667882, [1]
-44.69525945312019, 0.5600973931480102, 0.8803891308879229, [0]
-44.20231220618775, 0.7160792086354446, 0.6887693794276524, [0]
-46.54128113317113, 0.5782974328646833, 0.9641861356131407, [0]
-44.665145805024835, 0.5696952181060994, 1.2051796047989138, [1]
-44.46638193309809, 0.6296449682363807, 0.7323218313236991, [0]
-44.774770495586715, 0.3877296368403969, 0.9244041557339265, [1]
-45.08651624278686, 0.5158037142242834, 0.9661337418827056, [1]
-43.208804713888675, 0.433267225829708, 0.8004924510647382, [0]
-43.15520527501228, 0.5586277423743067, 1.5279403434285994, [0]
-43.708851821356596, 0.879272571068016, 1.2185195912182705, [1]
-42.958693421499454, 0.7375865942868335, 1.0474619670613872, [1]
-44.38608549676636, 0.731206915863756, 1.2003286701927642, [1]
-44.92266256474352, 0.534546841936743, 1.4820912173067289, [1]
-43.870707194461325, 0.3432545448929186, 0.6279526255094368, [1]
-44.548174854352304, 0.7433719413191463, 0.9136114408883221, [0]
-44.316356518053176, 0.5851706700259517, 1.0127653025791417, [1]
-43.47609532976648, 0.5568556884617698, 0.9571783374306168, [0]
-44.87459719682205, 0.6364050058712257, 1.0898752798626044, [1]
-44.62375247874859, 0.7962534378488466, 0.7988389230586899, [1]
-43.347731123632286, 0.7041979838003036, 0.897957031671726, [0]
-43.72665481048356, 0.6207514566895724, 0.5908430831971431, [0]
-43.79583358780044, 0.6592766572960843, 1.1037614995659557, [0]
-43.049665990180586, 0.5070330257249557, 0.995108604021184, [1]
-41.69503394788882, 0.5214916237080257, 1.1620895911027909, [1]
-43.60456300900519, 0.5908499184422361, 0.8531358668361498, [1]
-43.495375101137306, 0.7065913804454405, 1.1339661020868328, [1]
-43.82456992740269, 0.711218687941381, 1.4454654594931207, [0]
-43.03337315099667, 0.5366813399579304, 0.7934048218798555, [1]
-44.19623321394802, 0.5467138358031569, 1.2648123637344122, [1]
-43.98568608289657, 0.7408823285480667, 1.1934069008575634, [1]
-45.14595663854198, 0.5925958647993529, 0.7895462075523241, [1]
-42.896900364219285, 0.8149119108332457, 0.6186630178624641, [1]
-43.58645106926085, 0.46303367450430116, 0.2805204874907172, [1]
-43.31826472225448, 0.48218950997819465, 1.103578018742024, [0]
-43.1529965447143, 0.6948350819768325, 1.1447061337334017, [1]
-42.809750812200335, 0.7697301187235593, 0.74801557139293, [1]
-43.89999177044502, 0.4827596240478351, 0.8925330257527619, [0]
-44.489883189906344, 0.5048493828003561, 0.780625252489443, [1]
-43.7372412999579, 0.6856685899331902, 0.8763399439781564, [0]
-42.56509348277704, 0.6590290857043187, 1.0467852340019475, [0]
-44.15581495861615, 0.7484955303783756, 0.7992211968529991, [1]
-44.30050029414338, 0.6764189602794511, 1.1788764825734002, [0]
-43.43255481329167, 0.7542132598560596, 0.6404313654318095, [0]
-45.247259387029494, 0.5344732395033978, 1.020411898672835, [1]
-45.08712245367865, 0.7586206411562355, 0.47328456075453323, [1]
-44.11108992517922, 0.5845389073667289, 1.106227505542995, [1]
-43.664898815499555, 0.7612525668597057, 1.4972509523190736, [0]
-42.98564854553513, 0.5872147954351983, 0.8009341538999389, [0]
-44.29235586879151, 0.5887002604471556, 0.7902862864595012, [0]
-42.4818442776071, 0.5761377997014588, 0.842727601950612, [1]
-44.28509665191669, 0.5979475578680117, 0.7793035402779829, [1]
-43.78342301292216, 0.6702833504708572, 1.22956256752346, [0]
-44.18721416136944, 0.58334321636903, 0.5538859523587976, [0]
-43.77457238536603, 0.6232209567399626, 1.415033057079411, [1]
-43.49910764075957, 0.6410719766446117, 1.202289414050707, [0]
-43.222601615973936, 0.8315800014232896, 0.7999196804433616, [1]
-46.06872023291987, 0.6395925025275235, 0.6558134312246374, [0]
-42.977020281082034, 0.5286193584809207, 0.8478463121011826, [1]
-45.5539456973098, 0.690546806373941, 0.7732568934873622, [1]
-45.55333689089877, 0.6638178021560789, 0.9425893687000524, [0]
-43.81989992311991, 0.7444014608578078, 0.9123395312971171, [0]
-44.122600857554595, 0.40867207890262724, 0.8113739936009546, [1]
-42.47543108486783, 0.7047578225308876, 0.8978460348157086, [1]
-43.06550954922098, 0.6288054797653396, 0.6788997526877893, [1]
-43.24351433920805, 0.5750780236388282, 0.8371880612069971, [1]
-44.47450061750444, 0.6717925518577599, 1.1011573665535337, [0]
-43.153379874797345, 0.7190914854107002, 0.7090801264601758, [1]
-42.95125755379769, 0.6822059749199776, 0.86010372286026, [1]
-43.96381536323309, 0.70951024423308, 0.7516173899238761, [1]
-44.66313446361961, 0.3682948755691764, 0.5291122039934446, [0]
-42.85689309278522, 0.5490290439268156, 1.3618932597871083, [0]
-44.51105326156852, 0.4242387928597593, 0.7809508374244698, [0]
-44.002357659209316, 0.6773297654944556, 1.1472126206291073, [1]
-44.48116732273137, 0.6397352750518239, 0.7350103652996037, [1]
-42.80345790997399, 0.5843344418536804, 1.2718325575143317, [0]
-44.05708104950516, 0.45255655546427453, 0.9309954448113129, [0]
-44.47678516823653, 0.537384365960509, 0.4654365834409409, [0]
-43.99990178429549, 0.7144914182999211, 0.8516043948303342, [1]
-43.538818720522976, 0.788401807411877, 0.9978671175887406, [0]
-43.72959828804976, 0.3897546387429453, 1.201968998016418, [0]
-42.633535465310615, 0.6341797047096607, 0.6389494761253103, [1]
-43.63009782423365, 0.7144385479445503, 0.5913942668020695, [1]
-43.01395998611169, 0.42881158473212855, 0.8249308491885057, [0]
-44.67287570646197, 0.49414003512240007, 0.7987931789477704, [0]
-42.188106599877194, 0.5743001592564607, 1.2997797168042384, [0]
-42.751776355178386, 0.6896323102947318, 1.1231614072870635, [1]
-41.69742418131864, 0.7612705881297712, 0.9942859350034516, [0]
-46.39353447424291, 0.60529867559062, 1.1053395665681967, [1]
-44.057785256542644, 0.5715902304859906, 1.227319712000844, [0]
-44.94390659904596, 0.45318634974630473, 0.7945577213055237, [1]
-43.93620672131616, 0.5565496514924964, 0.727583158234562, [1]
-44.245853036819625, 0.6625339533427512, 0.5276383838966063, [0]
-42.8824769382999, 0.5557943031787063, 0.588067694697582, [0]
-44.563976698505954, 0.818667207176463, 0.9281997947015521, [0]
-43.18529741885667, 0.7898496263576479, 1.1536207540809786, [0]
-45.18029324854959, 0.6358563221374901, 0.8659861924515105, [1]
-43.92789900713018, 0.6465817872720557, 1.123895454037217, [0]
-44.38447026138089, 0.5481392287482576, 1.4669212797068663, [1]
-45.12411592442254, 0.5587460201308834, 0.912119076654343, [0]
-43.48262049069464, 0.8227875615017131, 0.8351810500905326, [0]
-43.49277239210384, 0.6532298944336229, 1.1650280954190293, [1]
-41.72707058689961, 0.5007501601170409, 0.6004390639971149, [1]
-43.13988109114068, 0.5370960410726295, 0.9135098133782182, [1]
-45.63346585422553, 0.4048038040559183, 1.2534000274868566, [1]
-42.81628470712879, 0.6270143276881818, 0.5870548827615525, [0]
-43.38889009568818, 0.5201600463795437, 1.1483998324452616, [1]
-44.80486755122451, 0.894684428620136, 1.1486914229818423, [1]
-42.366220481127876, 0.5127617740119697, 1.2366954201879239, [0]
-44.27808826883301, 0.6209066601586212, 0.910371441785655, [0]
-45.07598619581092, 0.7918939157538015, 0.9634523529092649, [0]
-43.74125672433889, 0.5652301310885255, 1.2983376541240135, [1]
-42.84699757492124, 0.8763446660432799, 0.9672639909947255, [1]
-45.20614133123703, 0.5056819207902168, 1.451231681435995, [0]
-42.68889501727851, 0.5772674837019032, 1.2573392028691106, [0]
-42.70917953476294, 0.7818524293339508, 0.7068319682442739, [1]
-44.96605672559681, 0.6771078747156541, 0.8817456976481749, [0]
-42.4937553033363, 0.6834517926948699, 1.0577634562518574, [1]
-45.710699545717645, 0.5965442985761811, 0.3902217580289724, [0]
-43.12549342931658, 0.4967667628185313, 1.3313076880735253, [0]
-43.546842141269465, 0.7195985140652246, 1.49635852311843, [1]
-43.154717231485485, 0.6690888625895725, 1.4521459854856937, [1]
-44.1655259874293, 0.5515706790113947, 1.261217561972767, [0]
-43.07738390459366, 0.6757682119976626, 1.2716285122695705, [1]
-43.46602087200148, 0.528209254830772, 1.1952063685362528, [1]
-44.518477030602895, 0.5355968625708368, 1.1605119243274165, [0]
-42.9796410635404, 0.5722367716503249, 1.2054153109188566, [0]
-42.73096560396928, 0.3837280238550235, 0.9989221727231341, [0]
-43.21887647145981, 0.4418560465747472, 0.608935188672353, [1]
-43.2692634178559, 0.6006006545390237, 1.3455154219679382, [0]
-44.17151835273385, 0.5485193571837932, 0.9314693982448256, [0]
-45.04479531282532, 0.4946488158400994, 0.9649176287226682, [0]
-44.41260997932423, 0.9440242006539815, 0.4932507851347816, [0]
-43.320862925998256, 0.6352929614414317, 0.8759650692239772, [1]
-42.544908135681915, 0.5062451014863507, 0.9544433536082919, [0]
-43.72944335554058, 0.6826613555427229, 1.205984753018333, [1]
-45.581381888183145, 0.6753908143616402, 1.1431117124967636, [1]
-45.461734487888215, 0.6853497134232639, 1.043680252811022, [0]
-44.39481162375306, 0.6302242035747874, 1.169500740565225, [1]
-43.67177849562738, 0.39597336660702076, 0.6394004002464233, [0]
-43.46835001154571, 0.8201645047163459, 1.1856803952628403, [1]
-42.01682101802182, 0.4914908638389279, 0.8188382414167024, [1]
-44.56629238649287, 0.7478068324044032, 0.4648800017255005, [1]
-44.515980807123555, 0.6316878453707893, 1.1290784312503497, [1]
-42.8952763376141, 0.6472563972457183, 0.9779724050101624, [1]
-44.37351012870168, 0.6301947385408553, 0.9215802589152358, [1]
-43.79216400559334, 0.7329707960732434, 0.6119636563401358, [0]
-43.67218962508038, 0.5555800017104566, 1.0485898801248854, [1]
-44.421621522174505, 0.7730538765315063, 1.0402285238650797, [0]
-43.16714756075591, 0.44960517009569057, 0.6230304104076898, [0]
-43.77743973206698, 0.8215168419385346, 1.0799158920878047, [0]
-44.34503221199031, 0.6479840593535521, 0.8558969997164847, [1]
-45.04584612039082, 0.6820336108474698, 0.3647689107905875, [1]
-41.93743205206873, 0.5240349207804792, 0.9472985030363212, [1]
-43.42695180724673, 0.6034993036842855, 0.7333821744744434, [1]
-42.5806658061144, 0.6104894977534809, 0.7350258121565106, [1]
-44.71620460142207, 0.4186731345784135, 0.8968380099572323, [0]
-44.16879784464622, 0.8586383613205859, 0.9010466977512228, [0]
-44.274773758259535, 0.49702299361107705, 0.8994645688039772, [1]
-43.63824652504638, 0.799229403374147, 0.9487917449387325, [1]
-44.388243281412954, 0.5662887563269893, 0.644176514903609, [1]
-43.311980152322604, 0.6862583887228768, 1.420827402126883, [0]
-43.53656962864053, 0.6934498544747808, 1.1287717393177312, [0]
-43.892891013991985, 0.42980845666176126, 1.4955215054980822, [1]
-44.17959922221317, 0.6628236526439495, 0.43482855821272415, [1]
-42.702359762317194, 0.6872107749492766, 0.789146675462479, [1]
-43.359555171157, 0.5261162963986622, 1.1653372454843587, [0]
-43.66145368747377, 0.7134536531219086, 0.8168070347399214, [1]
-42.54092905118092, 0.5265793617126304, 1.0202592391328444, [0]
-43.75408902436912, 0.7486688211932248, 0.8530320372583644, [1]
-43.451603014930676, 0.788502761657353, 0.7660613380321974, [0]
-45.40753018606068, 0.8181603816526302, 0.9755551466257754, [0]
-43.59456990448094, 0.4303254076752472, 1.0089347884702817, [1]
-44.589721970005535, 0.7340017038453218, 1.0037959470937186, [0]
-45.123505368246214, 0.6724352169418635, 0.47847472512851363, [0]
-43.14781937324646, 0.5298315727445286, 1.1089736344514998, [1]
-43.80438270887536, 0.5923903485634359, 1.1397035612211244, [1]
-44.44094114783621, 0.5900684264108127, 0.9228560107108725, [1]
-43.10335736392708, 0.4428246394471515, 0.8791267703097455, [0]
-43.55836003557899, 0.7105032324531144, 0.8585543556174955, [1]
-44.50892845302041, 0.4162869189593422, 0.6566214899659183, [1]
-43.30457376532301, 0.4911361544440811, 0.62848058785527, [1]
-42.72054925172345, 0.5363931810658518, 1.3195936090042952, [0]
-43.674945379589005, 0.5681968394043931, 1.1360183721955206, [0]
-43.429163308732626, 0.6093583030088449, 1.2609098913772592, [1]
-44.94155340961837, 0.5853960995358481, 0.8358863749593252, [1]
-44.288480636905824, 0.7209435488183469, 0.7016254815201571, [1]
-42.95452125391855, 0.6035866317170416, 0.7777652391533147, [1]
-43.473392452147195, 0.6436468492594165, 1.0298325710366356, [1]
-43.32335559027982, 0.567772231951033, 1.1500073416861216, [1]
-42.735719932482375, 0.4327213556934043, 0.9632005132229194, [0]
-44.42630269395333, 0.5507360214498412, 1.0122625265104015, [1]
-44.40935555930708, 0.7778662935567597, 0.5706682159006268, [0]
-42.99712665020407, 0.684387854839354, 1.2963935976244356, [0]
-43.77909852561534, 0.3278846107045895, 0.5420382751808757, [0]
-43.953164370880486, 0.6138491222414033, 1.034570309824218, [1]
-43.280388147720494, 0.7129517123505098, 1.125086821643785, [1]
-42.9002846432546, 0.48417381566343104, 0.5533574656157842, [0]
-42.568940833363804, 0.6657157940947974, 0.958640571164551, [1]
-46.22791440663499, 0.5333923576815056, 0.28269824700753005, [1]
-43.2474840754772, 0.68602059824352, 1.097203799705609, [1]
-43.626966165538725, 0.7442251503406353, 0.7594188498853176, [1]
-43.36671210034763, 0.7376000837189345, 1.1608590990179488, [0]
-43.808738430510665, 0.4995793139787319, 0.964068271182639, [1]
-43.057922871223894, 0.38051482062630076, 1.1257485045574886, [0]
-42.938028592485054, 0.5451193782954227, 0.9157899309593072, [0]
-44.700678778838046, 0.7427549487756294, 0.7557012224350314, [0]
-43.377785393970086, 0.6908235455255061, 1.0484877633995253, [1]
-44.05538779911281, 0.749896834139332, 0.9129215659453846, [1]
-45.22995311547012, 0.4134940267665314, 0.7935338664551952, [0]
-43.737759650290876, 0.6288676345074111, 0.7223470553167143, [0]
-44.04541756959299, 0.6560983146462318, 0.6384320323665937, [0]
-45.38178571972329, 0.5671864907714862, 1.2538561003651565, [0]
-43.76990955251811, 0.6313956620250228, 1.0172265966526712, [0]
-44.01422039900067, 0.5144454333123827, 0.8402356846156274, [1]
-45.49703802476171, 0.8017937973059058, 0.9407157494645502, [1]
-43.680876449015095, 0.6366274980636857, 0.8069713262177118, [0]
-43.23091375834044, 0.6791414328515003, 1.0005882782106887, [1]
-43.98853792074342, 0.6679406718047504, 1.317629889147648, [1]
-42.376528890517754, 0.509482743012591, 1.154725830095769, [1]
-42.43719206505296, 0.4902505608675664, 0.9784499249543159, [0]
-44.89886835948839, 0.9078159886580328, 0.571808886457519, [0]
-43.61871644350171, 0.777731892235349, 0.6938168804791994, [1]
-43.47343308664189, 0.7572718552678122, 1.049652891748236, [1]
-43.09273744006538, 0.5182699816863239, 0.7940543194153463, [0]
-44.17149207148695, 0.6011457460384853, 1.048653796458799, [1]
-43.49544518605611, 0.5243887418603169, 0.9419731509286309, [1]
-45.312062580306176, 0.7602496267671036, 1.257641894411612, [1]
-43.828401421520034, 0.5473076412441285, 0.9193119659154604, [1]
-42.72596000278867, 0.5903082047758611, 1.0388734218551055, [0]
-44.47477462172314, 0.3479242357591691, 0.6016161506712407, [0]
-44.41379178519909, 0.6091951673955898, 0.8900230050812156, [1]
-44.93658805496356, 0.7112658346795637, 1.0390066953884243, [1]
-42.72687798195129, 0.6055112614395148, 0.8809482913618567, [0]
-44.065835878342064, 0.7312725276179461, 0.49578852407022855, [0]
-44.978147957208236, 0.6393077205353294, 1.2600585648343139, [0]
-42.829235612460664, 0.6821167482776888, 1.2632763877297513, [0]
-42.60900003623026, 0.445640956714067, 0.4340398104310686, [1]
-44.762566463701866, 0.6960139806680695, 1.142429511595742, [1]
-43.91689144687702, 0.5498645237370136, 1.1749355203819876, [1]
-45.04369414972776, 0.721321290386572, 0.9472061084995104, [1]
-43.69872179237567, 0.5937435945410626, 0.9371065360759208, [1]
-42.962779012411886, 0.4848807326680389, 1.0092899573593606, [1]
-43.407109933208325, 0.6018908403292376, 1.2383475763057703, [0]
-43.567309794912184, 0.5709756673379085, 1.157356720389872, [1]
-43.29298602016666, 0.5660555486041622, 0.6417630593662269, [0]
-43.0148483564512, 0.8477953664859665, 0.7904796297864267, [1]
-42.240448558579345, 0.7540926279490126, 1.099240092884987, [0]
-42.12622680316757, 0.5901584816899299, 1.3622706774634752, [0]
-43.55248108120318, 0.542754500800771, 1.1924690204321253, [1]
-42.774981049375064, 0.9049050409431574, 0.6861436213658031, [1]
-43.0310235272003, 0.5630800961905476, 1.250601151739876, [0]
-43.70893841493095, 0.826378909282132, 0.7732409554449244, [1]
-44.00736552202016, 0.5561804179180321, 0.48916587431367675, [1]
-43.36215000304771, 0.5568777366095634, 1.0894462130053402, [0]
-42.19672320728672, 0.6054361583438309, 0.8243554300076295, [1]
-43.234772971498124, 0.7901724911582212, 1.022681913807779, [0]
-42.342772172657064, 0.5450453166929796, 0.47122145514249747, [1]
-43.25083503306367, 0.5386073976697471, 1.3224758840707356, [0]
-43.57152078372115, 0.4949305350237846, 1.1951109296842668, [1]
-43.87511911199643, 0.7668654823174056, 1.0664515441889557, [0]
-44.01197651049348, 0.6889444730355186, 1.20163153814265, [0]
-43.14282374361255, 0.7958530122201363, 1.0851907306158228, [0]
-43.27010040635226, 0.5857321733072194, 1.6449546282163312, [1]
-42.96515392918094, 0.6509025841627496, 0.9910452752228425, [0]
-45.29387645390493, 0.691381967239119, 0.8689961016073326, [0]
-42.95848323325037, 0.5998856940580413, 1.1003879592386794, [0]
-41.886695718611165, 0.47623768391279164, 1.1919631341586276, [1]
-43.42705810575885, 0.5906610411048189, 1.0991552961058195, [1]
-44.02918243517523, 0.4348407108258215, 0.9640682487249154, [0]
-45.115318034792956, 0.7375849961067052, 0.8668603447403801, [0]
-43.53921445749281, 0.5186802471474252, 0.6924361030350626, [1]
-45.43085337137446, 0.5425305644317611, 0.7033490903185752, [0]
-42.949827466094995, 0.6215510146022284, 1.2332291021969966, [1]
-44.11598297890585, 0.6076081123795876, 0.7958437183071262, [1]
-42.215993878175546, 0.5822286543279749, 1.1221558188812752, [0]
-41.623069498210036, 0.6490101972583571, 1.218705214241891, [1]
-43.18405307887482, 0.4847701905981503, 0.8672190614350486, [1]
-43.68782615325284, 0.6551182502596773, 1.251588108813235, [1]
-43.96798774806766, 0.6154130645349676, 0.7675641782162046, [1]
-43.48776073412172, 0.45312292227638346, 0.9788001065000069, [0]
-44.49027578883207, 0.6661328154591827, 0.7341144975691207, [0]
-42.860060147202056, 0.6896512075345664, 1.0884910987812073, [0]
-43.447686375212754, 0.5469340433293937, 1.1853724517530386, [1]
-43.633935193929155, 0.9612029787047432, 0.5447003800306616, [0]
-44.25692485962132, 0.5716276284846721, 1.4583602898737174, [1]
-43.73980679503943, 0.7574134982802212, 1.1263132308229278, [1]
-43.393066228439444, 0.48208476335409, 1.5180223416154237, [0]
-42.85318892757235, 0.5790808102298737, 0.9976378056342103, [1]
-42.99474031498673, 0.7569187381573712, 1.0387622789112967, [0]
-44.81204436319411, 0.5851131389392549, 0.5477363047855923, [1]
-42.36439574318501, 0.6788790243831136, 0.9997720353964237, [1]
-43.85400343607874, 0.6061313711029599, 1.553655648322601, [1]
-42.34146660106444, 0.741118888024898, 1.4157595981506592, [1]
-43.47864373831084, 0.5988523010370836, 1.166209943427369, [0]
-46.789401737333925, 0.6277352908722782, 0.8525941312332623, [0]
-42.2267626676697, 0.5558258767026139, 1.1908675726279672, [0]
-43.67169860494364, 0.6531529031935622, 1.1961896916716932, [1]
-44.46234261484479, 0.7899380355938308, 1.136159416393092, [0]
-44.19748427698178, 0.4869019058083463, 1.0779061368520668, [0]
-43.94911209387756, 0.591819869701474, 1.1807742871086935, [0]
-44.694105352627446, 0.7562147256489208, 1.0137561427437332, [0]
-43.297985351502945, 0.5531258671043304, 1.2640777328597699, [1]
-44.273321571640594, 0.5515285693551009, 1.1070235172135274, [1]
-43.14758630007946, 0.6701141706929092, 0.9777905420836872, [1]
-44.57617028239303, 0.6436342996093789, 0.8934705239408185, [1]
-46.054870782711816, 0.7202776931642527, 0.9290058653486537, [0]
-45.547589777196556, 0.6174195495842361, 0.8422100674012634, [1]
-43.946467461279774, 0.617526494605522, 0.9472476805009901, [0]
-44.0124704143449, 0.7333985347879192, 0.9598617540995432, [0]
-43.00062829802633, 0.4160935826399123, 0.9247089581422556, [1]
-44.876565747339264, 0.8087218664089935, 1.1621121237490486, [1]
-43.55071305421927, 0.45553309119202673, 0.9012290964881984, [1]
-43.21961180902003, 0.5452550506623447, 0.7853223967860978, [1]
-43.03256995895893, 0.4801012963925793, 1.0068478852944978, [0]
-44.43822717465824, 0.7177451396474943, 0.8142596218066044, [0]
-43.62599398413809, 0.8320818420781644, 0.6577792161631937, [1]
-44.42253728906674, 0.6098485989381955, 0.2997988907692789, [0]
-42.96599932814574, 0.6171288818091426, 1.0673057425401182, [0]
-42.51588853503694, 0.5832833537513048, 0.9225147770961495, [1]
-43.1558161334334, 0.5914470130605348, 1.0219104971925121, [1]
-45.62730302742429, 0.6003551158712959, 1.3246587402144836, [0]
-43.11782529602968, 0.79395045036417, 1.0669735302948593, [0]
-42.689513404094605, 0.635919935947982, 0.8447701112131607, [0]
-45.67913523651693, 0.5751532459900612, 0.4377220054453935, [0]
-43.36077151334914, 0.561851238322287, 0.9830684684039533, [1]
-44.25652808759276, 0.6483692410386125, 1.1377614598631356, [0]
-43.37650861766394, 0.7663913220040919, 1.2940101037879905, [0]
-44.37256566045303, 0.7725428070144542, 1.1753632139222225, [1]
-44.55530333459105, 0.6655798837660339, 0.7539787795882855, [0]
-42.653972045713424, 0.7574951663955565, 0.8125976721860991, [0]
-42.941415159351564, 0.6955607987703002, 1.0587285253451602, [1]
-44.332046563904306, 0.508886198487051, 1.0032766707412242, [1]
-43.7810683632958, 0.5500547100607092, 0.5991584739557443, [1]
-43.60577962057562, 0.6211516751849284, 0.9523036488876833, [0]
-44.82988675731584, 0.5932537422266716, 1.0937356636131348, [1]
-42.67224838439444, 0.7811985935786127, 1.1317849309854768, [1]
-43.85216771707648, 0.6904422094236162, 1.1105384888326926, [1]
-44.24434764816517, 0.6216558258862817, 1.164511653133276, [1]
-43.62447225626021, 0.7056701891851567, 1.271656524378837, [0]
-44.81518549280463, 0.748446389059465, 1.1063927188269864, [0]
-44.04801106068931, 0.5093103692595642, 1.090313119780551, [0]
-43.87184645794858, 0.5525729703517426, 1.0198425734785306, [0]
-44.06621020118009, 0.7625467979839587, 1.3187273024254853, [1]
-43.80729080659141, 0.6427741389955652, 0.9259901362114052, [0]
-45.07222261144044, 0.6352373416449812, 0.9689186077586607, [1]
-42.993733425679764, 0.5563825755521019, 1.1167196664820327, [1]
-45.645078626723276, 0.8157032880584996, 1.0872076668912016, [1]
-43.17119624750622, 0.7699317043534075, 1.1663072216997068, [0]
-42.709251070537746, 0.6752354700452373, 1.0400053085457335, [0]
-43.160256969540185, 0.6706900738946874, 1.1281171593049428, [1]
-43.248592812710015, 0.6208446483115703, 1.377717464309578, [0]
-43.1559461516442, 0.6415189698880438, 1.0034758390679537, [1]
-42.97380025246174, 0.6503517003054697, 1.3114713069168793, [1]
-42.72318735544574, 0.7389623713173659, 0.8134340110961303, [1]
-43.12477824767636, 0.6217904092901242, 1.1702746847832228, [0]
-44.1155211121726, 0.7450605509975796, 1.1909549805170887, [1]
-42.60875999580978, 0.4918970197342769, 0.658379208937518, [0]
-44.42838609414712, 0.5465851187318889, 0.9777452096374467, [0]
-45.85080259130233, 0.9973377935437631, 0.6860860493913812, [0]
-44.94658551698975, 0.575659052702601, 1.1299051818342352, [1]
-44.2959035735445, 0.640337550621316, 0.751360829378726, [0]
-42.970280787556966, 0.7834725931799567, 0.9880346229828186, [1]
-43.16191244164625, 0.5424783697179514, 0.8734697185618594, [1]
-45.24453006880796, 0.5676433367740726, 1.083153290767072, [1]
-44.869643869880065, 0.48890866433562935, 1.1855554591671777, [0]
-44.03081327910242, 0.7860348085711941, 0.9137014206539549, [0]
-44.866875537750865, 0.7316483965840179, 1.0322783466204424, [0]
-44.00267724070144, 0.6018851759106121, 1.42780996536715, [1]
-43.3898114911478, 0.7485507093011867, 0.8147748678568782, [0]
-44.03741828743001, 0.6151928755169704, 0.807857664866541, [0]
-44.118965114739, 0.5413172152554175, 1.3937944288346173, [1]
-43.17868262035916, 0.8867014831280089, 0.8258224336670723, [1]
-43.366296933076164, 0.7468036522323608, 1.0535001226798975, [0]
-43.67512680073544, 0.55547049644407, 1.0622311905922825, [1]
-43.29032308684605, 0.529061349915074, 0.68576215111265, [1]
-44.235315718406056, 0.6978185176962739, 1.2615419890992214, [0]
-42.068456173028565, 0.7108839594006175, 0.7940993310101072, [1]
-44.33473858672679, 0.639289097079487, 1.325297514783313, [0]
-43.923179575050824, 0.6774810133626946, 1.1263714157779041, [0]
-45.388202125395104, 0.5659825545213906, 0.7709716350477198, [1]
-42.30135991422028, 0.7019856312962293, 1.2959241720372723, [1]
-44.285393247216966, 0.5470528786694686, 1.088401287730043, [0]
-45.605851598617306, 0.6926895376173273, 1.0539825582407962, [0]
-44.87282825150959, 0.7854844424071612, 1.087630618232115, [1]
-44.108724366971224, 0.5545359723122063, 0.6912985279334134, [1]
-44.751966567995666, 0.6498210943152587, 1.3189959271890919, [0]
-44.556492786795005, 0.7760674327000209, 0.6924694853507782, [0]
-44.46226225091717, 0.4974986015418748, 1.1032669875615553, [0]
-43.87472928883118, 0.7492496900743768, 1.1574792998187462, [1]
-43.48414336725669, 0.44450202229223923, 1.2986821447263828, [1]
-43.43238680259493, 0.5252742456688967, 1.3506385648197312, [1]
-43.606239248729516, 0.5148126679679026, 0.6606769388973996, [0]
-42.40161480262891, 0.6111942373412048, 1.2730613024496404, [0]
-43.82945652673727, 0.7943561836100892, 0.48542894891023936, [0]
-43.66407777555808, 0.5663148061173577, 1.042847855456487, [0]
-44.19676930921573, 0.7728405830980529, 0.7885198309560265, [0]
-42.63312784083181, 0.5495700965940852, 1.1241006818361439, [0]
-45.32152433049158, 0.6850788176043168, 1.0850346356033627, [0]
-43.60730105942143, 0.48498886244388434, 1.4197572398617584, [1]
-42.68082965858215, 0.811282996435351, 1.0327101882092258, [1]
-43.85493306846274, 0.846831725012791, 0.8726608951763953, [1]
-43.51628208734936, 0.46399111409093186, 1.004275865177472, [0]
-43.23216057187643, 0.6073215937770544, 1.1962038855584163, [0]
-43.054648753748154, 0.6924399614253253, 1.087537076199623, [1]
-42.825712381820374, 0.6439632686663627, 0.7690732478685183, [1]
-43.77780788247171, 0.6839361743891825, 1.0559807624494078, [1]
-43.84473471221976, 0.7318439776611969, 1.463154045027341, [0]
-43.53393950669289, 0.7625080666647174, 1.060349545869642, [1]
-43.09765691657902, 0.7090202135604409, 1.331150827751497, [1]
-43.75483518528919, 0.6314330808878819, 1.0803009772808905, [1]
-45.220273801795145, 0.7414137457849908, 0.9185684836220982, [1]
-42.486580400234246, 0.49858867894190206, 1.235637033386795, [1]
-44.40745355862463, 0.6471608296167106, 0.5441841653166994, [0]
-43.04063725749163, 0.7355180224203204, 1.2045728800008015, [0]
-43.055204969717195, 0.5536006013799524, 1.1065384618517042, [0]
-43.53818019200962, 0.579394711634756, 1.0578586383204192, [1]
-44.920020017306705, 0.6137000677580193, 1.0741764419099227, [0]
-43.343609370919005, 0.46575107470277544, 0.5943225678085826, [0]
-44.040580956612764, 0.5596635994473458, 1.5455537129040193, [1]
-44.74468021704066, 0.7663755009018128, 0.7480186427266233, [0]
-44.77538109391851, 0.578460479387841, 1.2894549999978449, [1]
-42.493488209621106, 0.649051675060071, 1.0546546568957014, [1]
-42.78285664663895, 0.5875882879027696, 0.8527807424043377, [1]
-45.2778499685512, 0.5699074023611145, 1.2561208179379555, [0]
-43.513405636102014, 0.6897165538806718, 1.2400240391628126, [0]
-43.79616354836447, 0.7428083591624575, 1.2602479904587833, [1]
-43.02835978152836, 0.6108620793446663, 1.048924976200553, [1]
-43.47141189373328, 0.5739647987055829, 1.3431600529734775, [0]
-42.94262818536513, 0.3763557596369068, 1.2135245424557966, [0]
-46.3010205554719, 0.8239490148884028, 1.4708392257958807, [1]
-43.407037707903235, 0.49467452392594236, 0.762912731635206, [1]
-43.58232750980539, 0.48738682134700706, 1.201397946335593, [1]
-44.70590137203301, 0.734395002907126, 1.018312078964598, [1]
-43.13710263814883, 0.5932898383110579, 0.9932960975426806, [1]
-43.107019247091316, 0.47553901569359286, 0.8487012883501102, [0]
-44.92142487376289, 0.7431515053563673, 0.6561639814158949, [1]
-44.70940746521974, 0.46175011878320554, 0.8609941723364061, [0]
-43.84450696698961, 0.6119650728432635, 1.3095805885278142, [1]
-43.924840809660175, 0.5747569820581828, 1.242632618358899, [1]
-44.77112949582919, 0.7952098971010295, 1.3241260149505598, [1]
-43.100462031740086, 0.5974178777470983, 0.7677448487720084, [0]
-43.9619814637183, 0.5662276040112888, 0.9741947289236221, [1]
-44.45425583703016, 0.7108174520689636, 1.2185286649975557, [0]
-43.95951296635823, 0.5541420491527116, 1.1207912487750697, [0]
-42.189560205411375, 0.6807353710551451, 1.1612046983477424, [0]
-45.28894247938053, 0.5697353060958275, 1.3192480967266633, [0]
-43.05285595369542, 0.7582120357622602, 1.253954860427924, [1]
-43.446392490329, 0.6673975178135527, 1.0569575762696954, [1]
-44.56622566232053, 0.435645484396485, 0.7308767454511601, [0]
-44.38280557925526, 0.654536751510512, 1.1798829397479897, [1]
-45.631625918216926, 0.6702985505079371, 0.6267481358680821, [1]
-43.72063265815295, 0.5189071251904968, 0.8399519545634465, [1]
-45.01402763579826, 0.8346013301643511, 0.7805192136157671, [1]
-43.62036454583028, 0.8757100495206338, 0.8275780969060996, [1]
-44.20457769682132, 0.6368172757475867, 0.8849100201057661, [0]
-44.500841343352796, 0.6727017256028096, 1.36225813542817, [0]
-43.48023337889267, 0.5825486602460939, 0.9455709135510718, [1]
-42.83978808432309, 0.687925890152016, 1.1357791808387199, [1]
-44.84741264833117, 0.6033987173049618, 0.40594880147626866, [0]
-44.688247093484904, 0.48195538960976625, 0.9764711007551575, [1]
-44.471678383008125, 0.7203567080391229, 0.4542915134958446, [1]
-44.61097029375766, 0.6515538541425199, 0.7650937832460233, [0]
-45.89523810759264, 0.5214011009737819, 1.2418678836783816, [1]
-43.014546224583874, 0.6166777536420457, 0.8794689334768058, [0]
-43.19492551898662, 0.5482909248856267, 0.9117718610761463, [0]
-44.09851030751559, 0.6612582468898595, 0.5432690129966238, [1]
-43.64008763986002, 0.48457319217501277, 0.9985084524839298, [1]
-44.42130387671027, 0.8046029975527682, 0.9396193853081445, [1]
-42.3526876283802, 0.5843488461269453, 0.8146759586169433, [1]
-42.79641920618542, 0.5540170018722885, 0.9306207487319399, [1]
-44.06358482031196, 0.7253589309417026, 1.3106980665367374, [0]
-42.527832734180095, 0.7334962700188195, 1.1766870330543506, [0]
-43.671162214715906, 0.7296381917574618, 0.7080917024146668, [1]
-44.79250602748467, 0.7187154587741007, 0.745327618931066, [1]
-43.322591943665515, 0.5335604239297757, 0.9390898889089274, [1]
-43.7093772054174, 0.6219608981936866, 1.3715249597643218, [1]
-43.82474675875364, 0.6161136417557422, 1.3891034441248313, [0]
-44.90511112917982, 0.5187721778489877, 1.0948330695886346, [0]
-43.2161377436148, 0.748905334658213, 1.021312333682134, [1]
-43.78264467989182, 0.6470935055589172, 0.8727147099344341, [0]
-43.87579102526287, 0.6919014295768385, 1.0999542842072088, [1]
-43.01661295397669, 0.6105487725040886, 0.7822537288533251, [0]
-44.441711709178044, 0.5458784580799259, 0.9831862019940569, [0]
-44.8094868425775, 0.6777679569619918, 0.7122873251114848, [0]
-44.21746489070329, 0.5708236087589776, 0.47361179485953486, [1]
-43.493785761555735, 0.5633452580498226, 0.9986861141189567, [0]
-44.58024068314729, 0.6668882545543132, 1.401486960462522, [1]
-43.11588015963633, 0.7184532174555088, 1.3456061228735208, [0]
-44.59985772748373, 0.5565017604968805, 0.6003985153403892, [1]
-43.40827782650464, 0.7693133174027104, 0.8921874345478573, [0]
-44.20377515523277, 0.560930665491526, 1.1016527804542078, [0]
-43.486821483038334, 0.3782723239756913, 0.6135690238561368, [0]
-43.78357608632793, 0.5043115565188686, 1.1638618117404065, [0]
-44.68861302904561, 0.6158730427337966, 1.0438990198710074, [0]
-42.825112198861156, 0.6194228336561783, 1.1024693567289896, [1]
-44.237836490034745, 0.4954237510709305, 0.8311049876082098, [1]
-42.44538101322493, 0.6044478747222027, 0.7838649548391952, [0]
-42.89686707958189, 0.46156351029430764, 0.7946690105701921, [0]
-43.250499188091055, 0.6251656243359829, 0.6100220159416052, [0]
-43.237654046066666, 0.5472408460138466, 1.0486173845042266, [0]
-44.126437850069564, 0.6629023134142065, 0.9476766494983777, [0]
-43.12754676412607, 0.5105222283085915, 0.8203297336927726, [1]
-43.365886051517435, 0.6316984331487504, 1.0631548789767222, [0]
-43.346649091716266, 0.6998792079279506, 1.0073058722207646, [0]
-42.953683948118595, 0.7669031181829462, 0.8776004044445908, [0]
-43.71440494725021, 0.6359535512643778, 0.6486029254265093, [1]
-44.48900179579915, 0.528957985669946, 0.9096844536750701, [0]
-44.08138480538182, 0.6140197096884429, 0.8419572255352752, [0]
-43.79563597913439, 0.7074035027176422, 1.1735210430292524, [0]
-44.76955250228914, 0.7588334891729234, 1.002515463474187, [1]
-44.626113028845346, 0.4613301206956569, 0.816793940230455, [0]
-44.88028780373747, 0.7335867983324235, 0.7899644806160012, [1]
-43.695215050175484, 0.6146349766610013, 1.1931814072929798, [1]
-44.907854690625776, 0.6563407930952221, 1.0016737552375694, [1]
-44.2270996357231, 0.7314875841391193, 0.9581705775829802, [0]
-45.38320658503816, 0.7689559756492786, 0.9376002676638369, [0]
-44.56287466392342, 0.6739573826730857, 1.1542111519726617, [0]
-42.884695502255624, 0.5258858989337555, 1.0468880778592435, [0]
-43.17134560335742, 0.29584546261009453, 0.7097142486947936, [0]
-44.06384996790311, 0.5318579590130118, 0.7650423656206039, [1]
-44.652473690150664, 0.434769483193278, 1.2481211004841701, [0]
-43.31461373558545, 0.5137330891344978, 1.089351350638334, [1]
-42.90073841722578, 0.7401294705629348, 1.055080545526496, [0]
-45.76647130547504, 0.6485914545604239, 0.8888881576083476, [0]
-46.60479420572373, 0.5131647919676814, 0.9126226009816548, [1]
-42.85980752491282, 0.6833627740705827, 1.1747756271135525, [1]
-44.254016875078435, 0.513790611887148, 1.0360266970923293, [1]
