t=3.0854511223619323E-4
logZ_t=-1.0794023172484435
-7.80945860157712, -0.9543250090891098, 0.7524661458210211, [0]
-7.723734538072774, 1.8113512811111339, 1.2644145402046265, [0]
-8.121963628740476, -0.7528428785706649, 2.5040993924646964, [1]
-8.230308081476545, 0.4137971355545773, 0.37124495760856124, [1]
-8.123676898511832, 2.3829075017899535, 1.7134798781234946, [1]
-8.056041478073078, -0.753918361943517, 0.9325574345452209, [1]
-8.583551805102294, -2.1658005220424275, 1.1467384298211365, [1]
-8.389173382356676, 0.5216186272517627, 2.8423082624077463, [0]
-7.886867906629458, 0.10066521612132245, 1.3218879047705256, [1]
-7.601617792595852, 1.7815776972036719, 1.2107857046050527, [0]
-7.960342208286463, 2.2676200729494833, 1.7568121077372816, [1]
-8.499410130046348, -1.2112097877289896, 2.273679576894791, [0]
-7.74687813593358, 0.6355141226001226, 3.5709466165949912, [1]
-8.165823678771346, 1.9691857203146166, 2.8541694592012083, [0]
-8.428909694831926, -0.12286436603301532, 2.9826333550531987, [0]
-8.174020239013037, 0.35176451067699066, 2.605826696543758, [1]
-8.245389915251774, -1.1302983445153916, 1.4281590881431998, [1]
-7.610024605533768, 0.6012271137868637, 1.450990106429498, [0]
-8.99527760651697, -3.763597965582197, 0.8635564099643536, [1]
-7.90262816712022, 1.1987341847133177, 2.1325177366877264, [1]
-7.878391208849214, 0.6253457236943303, 3.02462195019281, [1]
-7.94626632222323, -0.35658324034840416, 2.480775341411517, [0]
-7.796218835773436, 0.33382952272303923, 2.124190609121078, [0]
-7.597589776868655, 1.7704195286973095, 2.0681617246318114, [0]
-7.9921115635178985, -1.2411342587157206, 0.6563960036491614, [0]
-7.5972216529273195, -1.0974884663050857, 0.8213645743769642, [1]
-7.8233810694755, -0.39701416071402085, 1.8261415737401936, [0]
-8.826844919875962, 3.9006729385096466, 0.1821158415372356, [0]
-7.761021683412766, -0.24126709584660605, 2.4642134804580382, [1]
-8.14512908920009, 0.4203989073575727, 2.119481102434368, [1]
-7.36925508587877, 0.7780519329209561, 2.4264679337364976, [0]
-8.04607859116992, 0.23694307452325236, 0.7184856957181922, [0]
-8.22263421970598, -0.3565032605279336, 1.333839450977338, [1]
-8.762864956076019, 1.5837438231098813, 1.3981623257486984, [0]
-8.687435148155348, 1.7254371828027968, 2.9322155175260303, [1]
-8.08865606484513, 0.040762743097228715, 2.6398638445041844, [0]
-8.44286989219737, -0.45596373334014767, 1.7474392884778396, [0]
-8.88146647690214, -0.23939561738716209, 2.0168492283717594, [0]
-9.202145449704787, -0.3143719565525971, 2.7217311558149553, [0]
-7.833529738354131, 2.0913032205762505, 2.5633669538226798, [0]
-8.669885389212888, 1.4397552115909915, -0.597677954891874, [0]
-8.12617957771661, 1.6184427269736794, 2.53130417056491, [0]
-7.85863831395719, -1.0186727148162895, 1.267536504078504, [1]
-8.242740300692786, 0.9445572547656774, 2.7966454765271247, [0]
-7.726037421307561, -2.420623004433237, 1.836066749261688, [0]
-8.538931815386057, 1.9613593299744945, 1.868665075498877, [1]
-7.427440283936812, 1.7264493198546749, 2.714432394849332, [0]
-8.419396370127593, -0.2316111165088215, 1.6980104576471566, [1]
-7.424446367862544, 0.33428721387674737, 1.7708398551064426, [0]
-7.534395877118418, 2.18254484740427, 3.0619215366315786, [0]
-8.072510041823332, 0.5988686479664, 0.8553414496358616, [0]
-8.058706023926748, 4.280208828830107, 0.29168379603464856, [1]
-7.874482164893087, -0.6471543611618706, 1.9283589403244008, [0]
-7.728553537357421, 0.694816280271686, 1.4587084458821018, [0]
-7.9551770178187295, 1.7509512493170858, 2.092305923487043, [1]
-7.249496299139899, 1.8021875971955597, 1.5930839862467794, [1]
-8.469060321501068, 0.9753791711600281, 2.9558023425907813, [0]
-8.441132402240974, -0.5586830257125874, 1.5549967108142375, [1]
-8.201826230926352, -0.45689662125693564, 2.2669494383685684, [0]
-7.703942974646324, -2.838779857018487, -0.26911390861735907, [1]
-8.21932783682834, 0.11573024821519468, 2.9462831494315127, [1]
-8.267659094279491, -2.3807570160118514, 1.3545240448069853, [1]
-7.354862605790524, 0.16644088910059796, 2.0508593966363846, [1]
-8.132734896131359, 0.700803721206599, 2.4691202349381807, [1]
-8.0606204990945, 3.157408022306864, 2.158945747001762, [1]
-7.835256937015192, -2.1179831690800235, 2.666585201786215, [1]
-7.9234356441551865, 1.378518695313197, 2.2479109613925905, [0]
-8.332960672145502, -0.9829978449208143, 1.7097169558476524, [1]
-7.633668312988465, 0.9673186590454385, 2.2218313505736202, [1]
-7.914451141023369, 1.3065556875047515, 0.7018776186797256, [1]
-7.590964344966044, 0.47710267335792017, 3.108788974657206, [1]
-8.555453478920612, -0.047938841000558896, 1.3846744848122805, [0]
-7.682635024614025, 0.20436241194494753, 2.1152017987326537, [1]
-9.048284288393475, 1.24952416109488, 2.2964902422537836, [0]
-8.59936071056404, -1.0092160426336818, 2.601853620223311, [1]
-8.233306820840637, -0.8636720540756719, 2.0459234961933292, [1]
-7.6834710702005395, -1.46470088931703, 1.4815650516235428, [1]
-8.075955505597175, 0.15185728892202888, 2.739507096339354, [0]
-8.858701402794555, 1.0163884422057845, 3.180312497981535, [1]
-7.5991657134067445, 1.846013715592482, 1.8417546085845184, [0]
-8.177732071097436, 0.6343716495752336, 1.8609307555197605, [0]
-7.655516184919777, 0.15080379507171243, 2.2414520903472703, [1]
-7.89565472330579, -0.4759589112032252, 2.8626420262566477, [1]
-9.194660445491479, 0.9350920104264797, 2.2405369546738663, [0]
-8.317583355032955, -0.388886071949037, 1.8582711624716253, [1]
-7.923222320526728, -0.3328268241610698, 3.01812377310017, [1]
-8.077688173172787, -0.8071708813893294, -0.46232243814546437, [0]
-7.9308557417184575, 0.36765190892639527, 0.8022046414400126, [1]
-8.343447989386814, -0.41189268282187763, -1.4056339887819855, [0]
-8.150577835432957, -1.4271386803187491, 1.707143215188235, [1]
-7.5661095424280855, 1.2780125603712134, 2.034040430230154, [1]
-8.653986130508152, 0.4052288623518756, 2.419841114893964, [1]
-7.63334999075216, 3.2925092015869035, 1.3159533990444747, [1]
-8.164633998894438, 0.7138623443235776, 2.190324396119903, [1]
-8.111002484636947, 0.44864071458363913, 1.5288385554651227, [1]
-7.758221530152255, 0.5343809188530046, 0.8027387460935712, [1]
-8.798888821702473, 3.0298572172347193, 2.8531748951457048, [0]
-7.70355709060064, 1.328582566832585, 3.2099835815044235, [0]
-8.447325231284315, 2.1379180417086125, 1.518555632201631, [0]
-8.038093642170097, 2.13019649814019, 2.4619831866587063, [0]
-7.540606640024129, -1.7201591926573947, -0.28192744060588426, [1]
-7.478998636799522, -0.2205651371668791, 3.21617074946507, [0]
-7.562416947948051, 1.7521536641776752, 1.6902754033470129, [1]
-7.505181814874548, 0.7839136175454099, 2.0232439410806187, [0]
-8.109700819992952, -0.6812361430511289, 2.523834681027335, [0]
-7.918405674965331, -2.729476269436528, 1.5334242822214406, [0]
-8.238443021967882, 0.8969143144212417, 2.1571226955933946, [1]
-8.170297243440022, 1.8660613420621737, 2.188996940160987, [0]
-7.9179707940366555, -0.07758653966651896, 3.1523286744236367, [0]
-7.890727337955981, -1.2550520638875606, 2.666292358413697, [0]
-8.951478575835255, 1.32713531222118, 1.8823565726098008, [0]
-7.752593958049806, 0.8079228280519226, 2.592751898500217, [1]
-7.60368215905328, 0.002325785500238986, 3.5467402243197443, [1]
-7.843241407009217, 0.364115661820954, 2.3551097784811503, [0]
-8.361843768838739, 0.4458570585632171, 2.570269121511153, [0]
-7.673358162035315, 0.971214963810602, 2.6391236329181074, [1]
-7.630025245023869, -0.3522247774619718, 2.5751993573676266, [0]
-7.994864719646153, -0.4813384993348385, 2.690329485516155, [0]
-7.422701261668384, 1.6515803235001656, 0.701759527623286, [1]
-7.748666095329969, -1.0858391274890213, 1.4153322766059284, [0]
-7.707051705422868, 2.776517743418041, 0.15617962946731295, [0]
-7.445497322964263, 0.376432446413, 2.5330647475455157, [0]
-8.241320122018129, 2.6976106141202605, 0.5912646423191111, [1]
-7.769904818933005, 0.2529474679675001, -3.261485520255142, [0]
-8.154264475921963, -3.14462116241325, 1.4148114109665457, [1]
-7.468048073168575, 1.3506480613828895, 2.9997264959860375, [1]
-7.926836408591393, 0.22397947573275678, 1.5446964655034834, [0]
-8.961270865761868, 3.053253844623495, 1.2160179762822168, [0]
-8.56026193294084, 0.432365328040635, 1.6498540752897757, [0]
-8.231769169306876, 1.1157367279794275, 2.821619125271591, [1]
-7.912699501048351, -1.11504119009152, 2.0167751555339826, [1]
-7.843959432919876, -0.5189572397004276, 0.21309970561292535, [0]
-8.248447868337127, -0.040612399569897206, 2.4422510444945145, [1]
-7.789485988848445, 0.4462789062511211, 2.4970574970963106, [0]
-7.885622593775313, 1.2929289719981463, 2.403195802370961, [0]
-8.359826328077377, -4.1568481112963624, -1.4598563713028851, [0]
-8.37557076648981, 1.174469514515577, 2.1961657229650027, [0]
-8.085474926745889, 3.6775653972133115, 1.4517651823383937, [0]
-7.847072734695335, 1.5140421271168836, 0.29147721007207295, [1]
-7.827564653488783, 0.12074020692528308, 2.611942477424886, [0]
-7.710433542505747, 0.6619904923915971, 1.6426517156849894, [1]
-7.750395332250602, -0.5385002708871984, 2.778339592158119, [0]
-7.960409673601123, 0.3417231240229651, 1.4404483660026675, [0]
-7.5337561665070805, 2.0098440327451224, 0.4935860675919747, [1]
-8.636988197872379, -0.4819877286463292, 1.6814581712496086, [0]
-7.567261996506532, 0.058302855383208896, 3.0737791755120925, [1]
-7.96314135208347, 0.8654765616340854, 2.6492882116634124, [1]
-8.823741009695569, 1.4980852096461963, 1.3279707632830708, [0]
-8.43392049646717, 2.250928798520461, 0.2307536995645496, [1]
-8.236067376718688, 0.8399499335115579, 2.9512684172125407, [1]
-7.9422429039151705, 3.9843915231501104, 1.1143054009251245, [1]
-8.007358084080241, 0.6968067112710624, 2.6918873311552622, [1]
-7.670329522167776, 0.5191748573763566, 1.958986933989343, [0]
-7.936155468486906, 0.544375536637284, 1.784964695957835, [1]
-8.369950592524344, -0.15487410819490477, 0.5503581876444602, [0]
-8.012758706696935, -2.4814139688781554, 2.1751580496314253, [1]
-7.928623909035429, 4.008720466492667, -0.8970739215013519, [0]
-7.818965694485296, -0.1432069044556028, 1.1856003109529916, [1]
-7.650322115811868, -0.43000606482483117, 1.6626295610915305, [1]
-8.766807637077758, -0.6486658014466197, 2.3438746075504158, [1]
-7.714667635270176, 2.832904707362637, 2.3725585762789456, [0]
-7.635349224019155, 0.5511887349910016, 2.908528024526631, [0]
-7.891298744178441, 0.21509217922092816, 1.3079183905250855, [0]
-8.146545281744633, 1.0406709980690372, 2.87513368801367, [1]
-8.185254309277708, 0.33747876688898515, 1.8386302704837896, [0]
-8.224631253406542, 0.5300735257601725, 2.1769405718442747, [0]
-8.188056974139617, 3.678021657007369, 2.148226870723761, [1]
-7.53399438906277, 3.725572118035065, -0.1283635133148815, [0]
-8.171374772399975, 0.16489414777557054, 2.80590322173702, [1]
-8.35072154422427, -0.08673261937684607, 3.292894470057613, [0]
-8.035770076662892, -0.7943064329964864, 1.9225844639678578, [1]
-8.271484147272249, -1.972951005591848, -0.7331308549230553, [1]
-7.783356758981574, -0.20084025163161612, 1.520394389642444, [0]
-7.779070919863684, 0.026088069942924758, 1.9403703165896797, [1]
-8.06530703175219, 3.213915858125103, 1.1949575257617124, [1]
-8.43759374953166, 1.764585461173209, 1.5968725534807922, [0]
-9.23882626172071, -0.49490864288475933, 1.7139527521578972, [1]
-8.45802238818867, 6.913125053455848, 0.32723518805779217, [0]
-8.177177719181861, 2.306241171612251, 0.6885770498831708, [0]
-8.020579509504634, -0.22893992478351943, 2.5256730860880103, [0]
-8.471525152784208, 0.72469178764184, 3.1632613006928514, [1]
-7.852400861702358, 1.467967158518245, 1.508715135442935, [0]
-7.601564438441452, 1.309465982148201, 2.0169481191257264, [1]
-7.701695420990856, 1.42208642854939, 0.8473669726565719, [1]
-8.157048437629044, 0.802156352510054, 3.0897331303185385, [0]
-8.852301497819088, 1.708062451562533, 1.2172261104968156, [0]
-8.785006698238952, 0.9779345380003139, 2.4219362750853897, [1]
-7.800773736277769, 0.4439512246418936, 3.223171970252999, [1]
-8.84005340258641, 1.8262894720597347, 1.9248768311884445, [1]
-7.678124830791512, -0.37700275295654473, 2.53153927418988, [1]
-8.539556306986178, -1.2600762358020716, 2.0771730571971743, [1]
-8.493643767100473, 1.564971051867626, 1.5352347096888488, [1]
-8.248595458967785, -0.3636808509130741, 1.3634651318167905, [0]
-7.845163670429507, -0.7624006690338732, 3.450790275156721, [0]
-7.878580327436245, 4.067504878460778, 0.5176729832677871, [1]
-7.85644529061327, 1.124283401945375, 2.5426908922517995, [0]
-8.106838078191993, 1.3847331571706487, 2.6691778687198777, [0]
-8.558168331039175, 1.9899481246957569, 2.9312942823864394, [0]
-8.176046683637836, -2.557655076597353, 0.8162117375168643, [0]
-8.026688372793195, 3.329922432894941, 1.8950461898305817, [1]
-8.166669768113191, 2.0485846869386064, 1.1334568960523783, [1]
-8.088002195339039, -0.9504365497191845, 2.736243245720291, [0]
-8.542035094922035, 1.4801706551109326, 1.484917756482087, [0]
-8.777380361881892, -1.0428742924826708, 1.3682636624413327, [0]
-7.625117951678961, -1.0718189250149561, 1.026313419813038, [0]
-7.812808608010412, 1.9249828757674714, 2.6131169362499977, [1]
-7.9880171134162286, 0.8687666812834984, 3.7441936169404584, [1]
-8.1562881651852, 0.4802357066385068, 0.5616104601953078, [0]
-7.54805416824102, 1.8055708847145728, 2.0592508233023223, [1]
-8.664343730129703, 1.4378447181281264, 2.0026293997092646, [1]
-7.897164626687538, -1.259092159240292, 2.0137748440770036, [0]
-8.83035872615545, 2.7135712005981554, 2.225642873078253, [1]
-8.608228601985516, 2.0634639710172027, 1.224405847350725, [1]
-8.333028314667352, 1.0868196582919363, 0.6446960176015143, [1]
-8.449628400746272, 2.9898178391377215, 1.4474248573759687, [0]
-8.707532679432006, -0.8709600944282816, 2.3637293731058007, [0]
-8.143889402931423, 0.11119065962690472, 3.0118005326112023, [0]
-7.794752749307388, 0.9038242841721542, 2.5597234188229496, [1]
-8.177152309766631, 0.17042479438281966, 1.1073816634938, [0]
-8.357278804266858, -0.08813120899962434, 1.5977608006870045, [1]
-7.385554215124461, 0.406387114611132, 2.0331401131467297, [1]
-7.761599784138454, 0.9289506476837017, 2.6864244824740164, [1]
-8.138805184971261, 1.6466389564662802, 1.5877572897408776, [1]
-8.384690555094995, 0.37510206309959615, 2.829399080657023, [1]
-7.9432756833889515, 2.3287480692182134, 2.124272274143739, [0]
-7.768475591258691, 0.29839194162381766, 1.5216716918214126, [0]
-8.32129548109525, 1.7073887901037532, 1.1496003654295461, [0]
-7.29961013862184, 0.6668749893434167, 2.484040478771971, [0]
-7.917288527921323, 2.7377559083622884, 2.1975587831603556, [1]
-7.5194812529594595, 0.2879436345532599, 2.4731039250827194, [1]
-8.311818068469407, 1.895393781577817, 1.1323817363374946, [1]
-7.872507055912882, 1.0942217871058397, 2.690390770467289, [0]
-7.924384776515117, 3.0093129992136003, 1.2144535216038341, [0]
-8.238862182987871, 1.9287134964284383, 1.2850669064490754, [1]
-7.375653960388492, -0.2344288111600552, 2.1686987607781734, [0]
-8.488409997404824, 1.286755927636237, 3.9917979633697622, [1]
-7.536457320019174, 1.07228910269753, 2.5170798907426146, [1]
-7.9394535305090015, 3.2343779910020087, 2.171949021888767, [0]
-8.093879953541535, 2.300716939764216, 2.779595127432329, [1]
-7.8357494784855986, 1.7041609186956328, 1.0063913866899183, [0]
-7.940674848974161, -0.2104743920687273, 1.4536758202281512, [1]
-8.71129622579381, 1.2449782112474352, 2.7334799368398333, [1]
-8.150601913439317, 1.953931494155776, 3.439648854649824, [0]
-8.065028370913865, -0.3272718728727293, 2.8561509370483966, [0]
-8.03305859106449, 1.9705985872495662, 1.4250531143444936, [1]
-8.483676765677542, -3.0361316102560587, -1.013711975033151, [0]
-8.271427209100654, 1.9083200937996527, 2.518518936870189, [1]
-8.092495617390224, 5.100876159696552, 1.0486691459105013, [1]
-7.455635181390853, -1.407951408347692, 1.5031818943885806, [1]
-8.057126987507065, 0.34632472243469914, 1.177272889587428, [1]
-8.576609089164783, 0.6796680815524131, 1.0824814452762201, [1]
-7.738265803040922, -0.7709149296803652, 1.8307073767677782, [0]
-8.415531097368827, -1.0375370077536168, 3.0940781289753545, [0]
-8.339839842318726, 0.8969387682262491, 2.35366553968282, [0]
-8.644882414108634, 1.1978916502090562, 3.276653736044251, [0]
-7.957072492185739, -0.6262334239546556, 2.3839709706612737, [1]
-7.642761298927957, -0.45526677550097405, 0.4001676879141161, [1]
-7.984710958319593, 2.4663497055766426, 1.7267415135024864, [1]
-7.676838123922973, 0.5114730797215086, 2.3180931606074138, [1]
-7.804415246913287, 1.2566197548041116, 2.5033880012302374, [1]
-7.786983875363503, 0.13825954540550633, 2.6660114380208, [1]
-7.8956784618719436, -0.8318310527241803, 1.8517653496612467, [1]
-10.302955976902426, 4.203119270891947, 1.387409060143958, [1]
-8.051712564576949, -3.5996547813303694, 0.4424757991865971, [0]
-8.115452132478767, -0.928454954206004, 1.918545798865698, [1]
-7.8423445791881665, -0.8730387402038279, 0.7731999001457928, [1]
-7.983421646566873, -0.15622840609580413, 2.6408043513167314, [1]
-7.7699025801436274, -0.6253795200122234, 2.450672651546113, [0]
-8.30389128137734, 0.7722477589447593, 2.793298265322636, [0]
-8.011080284847884, 3.3367778763712748, 1.1555715791469288, [0]
-8.610538125256854, -1.598315086368765, 2.159865093451662, [1]
-8.16927926092179, -0.5980625299340143, 2.8584692626391277, [0]
-7.896543043604838, 0.8652820251606222, 3.05453871126657, [1]
-7.751070707372698, 0.21393601613763158, 1.7978618947447906, [0]
-7.6715684758435, 1.051719971942564, 2.851725256316926, [0]
-7.6668084640702805, -0.11742827079534535, 2.303978584437456, [0]
-7.958361180694287, 0.5921323968180843, 2.5263867142152865, [1]
-7.627942514851111, -0.10209982651171712, 1.4676959158507192, [1]
-9.115954828043, 2.2106202448066234, 0.9477621555249902, [1]
-8.19273992295205, 1.7754257429854272, 2.4866790339789855, [1]
-7.77086221743972, 2.141771563680392, 2.547741811247154, [0]
-7.789510639195003, -0.991365058460071, 2.1639565817988236, [1]
-8.208209272748103, 1.111231894679846, 1.5029207169000434, [1]
-8.148974044045543, 2.0371072408539037, 2.4269229303410795, [1]
-7.420225947035332, 0.9680862202408917, 2.9382060013804945, [0]
-7.687994055895047, 1.730372662789739, 2.522201988188314, [1]
-8.186548383494609, -0.06119294971595113, 2.8326028971931265, [1]
-8.085191679089663, 1.8327073339508186, 0.8963607047969049, [1]
-7.673375505891058, 1.0185205095781544, 2.813604494165319, [0]
-7.9709775752531975, 0.7665965995209438, 1.8928430338968867, [0]
-8.383288306300347, 4.579045019204905, 1.5347734997532914, [1]
-7.806490430449898, -0.5099435413989046, 2.4331347329191466, [0]
-7.725120395642607, 1.0557129463164823, 2.080686848186896, [0]
-7.643829167598811, 0.8053669014997223, 3.580820376756435, [1]
-8.165028595600079, -0.0756864461623431, 2.805255213982653, [0]
-7.985100090134495, 0.599485713871388, 3.1133047651875096, [1]
-8.38916831801948, -0.9450986480993497, 1.2355526642831123, [0]
-8.80980105808473, 0.9606764757718256, 1.1859386120929447, [1]
-8.333640173419102, 1.2010470242054578, 2.6631854182723615, [1]
-7.798325896709606, 0.5872273138555857, 2.22804385704079, [0]
-8.37270667998051, 1.2850303512093002, 3.367863227524554, [0]
-9.419913835640294, 2.4615869827954255, 2.667433605285045, [0]
-8.067000786107654, 0.902102973982256, 1.40602163478643, [1]
-8.430489125573287, 1.3532976355437776, 3.286838423088692, [0]
-7.381773847329382, 0.5274638464769876, 2.846546357580352, [1]
-7.625889806580943, -0.5920004231531959, 1.4977502416682775, [1]
-8.47983523045828, 0.9946554246909376, 2.059099707071175, [1]
-8.530228348830814, -1.4283395909665182, 2.154580969636346, [0]
-7.727403077612798, -0.24894141826555294, 1.580098234702302, [1]
-7.456058651488338, 0.8874510173245311, 2.4664098000310353, [1]
-7.456837707352599, 0.4662111472653062, 1.986912482903227, [0]
-8.10203276541445, 1.0116343784155162, 0.5176986555122463, [1]
-8.086911600522084, 1.4305558510335294, 1.7711241834334102, [0]
-8.554158269069427, -1.090982531347412, 1.7504886237760178, [1]
-8.618132407662028, -0.5690433526045547, 1.096462749010372, [0]
-7.7291471723606096, 0.1623143804186329, 1.4289231865058083, [0]
-8.9197940349844, 1.0069826564988373, 2.9073587205885296, [1]
-7.933800706330484, 0.15337597504443867, 2.2542768682487484, [0]
-7.630973968180411, -1.1111771732632176, 1.3355389287963904, [0]
-7.708510522260674, -0.7871205500719953, 2.555654200776135, [1]
-7.6743707960157135, 0.7509529898187643, 2.593268365833543, [1]
-8.423052265772904, 1.5681080078491227, 0.6179641223172343, [0]
-7.557775529557983, 1.5651604322933457, 2.5207448952417604, [0]
-7.519179790708522, -1.972942300247729, 0.41249512203014893, [0]
-7.999357475441627, -0.7973086254796873, 2.5641912836567906, [0]
-8.029018248122597, -0.4269686375171746, 1.5469062493285548, [1]
-7.910673199777487, 1.6152512088455846, 2.214161397173825, [1]
-8.36537632545951, -0.8106690386540503, 1.9654924849891082, [1]
-8.54108834038636, 0.8994244606750679, 1.7339116246393722, [1]
-7.610976628606569, 1.2627211666373488, 2.5077176542142823, [1]
-8.294549858982382, 0.7144356353446821, 2.331028016109973, [0]
-7.68364958365525, -1.2524959362162922, 2.0936882698734816, [1]
-8.08661424455687, 4.520110617689685, 1.063259674260127, [1]
-7.756760760522683, 0.07695644758859402, 3.1156323906636865, [0]
-8.316541560629261, 0.48609743301995856, 1.5076265927727983, [1]
-8.09699765058272, -0.7546048778017926, 2.6330638768524643, [1]
-7.952410616681728, 2.727809891778384, 1.7790682182797222, [0]
-7.998388903640613, 1.2582726632084351, 2.963927286217614, [1]
-7.816688539053967, 1.4423649543402353, 1.329972455285501, [0]
-7.819148991153083, -0.17925422394631974, 2.360606145097111, [0]
-7.926672266322149, -0.1426054122463698, 1.5332534480389453, [1]
-7.778336254979846, 1.0756261582554076, 1.9617863421623944, [0]
-9.254343112539459, 0.3259361063614148, 0.07720283469686873, [0]
-7.66040583470345, -0.1985661821718836, 1.8569858976641216, [1]
-7.619037516847088, 0.03501463742109201, 2.6047928863815746, [1]
-8.035225360897106, 0.4241588138475739, 2.372821054012165, [0]
-7.280596917902582, 1.0195259926113907, 1.0106526315286413, [1]
-8.631726153411178, 2.283266663721948, 3.185124386256185, [1]
-7.985944294028834, -0.1899692785527085, 1.2919298452721812, [1]
-7.332722496653907, 1.4267686286277543, 0.3441618339818264, [1]
-7.788635032548234, 1.3884826530821435, 1.6501372901474367, [0]
-7.762820145977346, -0.03446010140639366, 1.0589053406572926, [1]
-8.240596603790388, -0.1827842323803287, 2.6279926118820214, [0]
-8.500116971157382, 1.0956968196898, 2.141807277928956, [1]
-8.893934653319386, 2.381572334436585, 2.514419409510156, [0]
-8.730387778786955, 1.4134506616902902, 2.102934933728564, [0]
-7.930120556719983, 0.8701064274917789, 2.366242382798889, [1]
-7.78091940229732, 1.0586803644415768, 3.2447612735117697, [1]
-8.299413095518512, 1.6194643087716023, 1.9325957238365343, [0]
-8.341924093270105, 1.5891149493365777, 0.8736427982582192, [0]
-7.905902779888605, 2.5271377274208815, 2.3322377959429663, [0]
-7.785119664829232, 0.8090576894885648, 3.0799002846301784, [0]
-7.6222818860595405, -0.2728988296555323, 1.5387829186868553, [0]
-7.879445743423144, 0.9614350701840447, 1.5361111335992708, [0]
-7.992908366978888, 1.4819682350937118, 2.68339710587957, [1]
-8.48315025465923, 2.018234023062712, -0.7497294905971197, [0]
-8.562135533981904, 1.9560816231749334, 2.2587464652439784, [0]
-8.018954771498095, -1.9646316020719652, -1.3617312844575296, [1]
-8.297358458475072, 0.04023462940722844, -1.8926174573492422, [0]
-7.958434755409616, 0.48630968577260614, 1.1652362693077911, [0]
-7.774998527291933, -0.1472072924875245, 1.5810463730902828, [0]
-8.106401337825123, 0.791422601752479, 3.1963410329717528, [1]
-7.778136984101595, 0.41722849807774787, 1.4965028010770953, [1]
-7.939955939839497, 0.9324069545464582, 3.380578982623932, [0]
-8.349824196779437, 1.230131710737383, 2.619979768467584, [0]
-8.362554973691113, 0.9226397526511438, 3.444482701448615, [1]
-9.097121933591959, -0.46473983807953645, 1.3535267539135707, [0]
-8.359759812992085, 2.237608928822155, 1.3129835883336862, [1]
-7.5891918524593365, 0.69516088327373, 2.744688734817883, [0]
-8.2324014445831, -1.424450773389037, 0.8508135113053135, [0]
-7.961455634475237, 1.864247420267057, 0.9616106094201039, [0]
-8.031711783050914, -2.1966712365120724, 1.5685723911240061, [1]
-7.684185022192027, 0.09291873314655197, 3.060972089451541, [0]
-7.870388328988368, 0.1698161536947016, 2.392928800422369, [0]
-7.7566636309171, 0.9380646721857012, 1.0824149447352707, [0]
-7.60915651079613, -1.6242898341445646, 1.3950639036467596, [0]
-7.639737147344781, 1.333041702638563, 3.352508814264168, [1]
-8.257821784707472, 1.2563890584377506, 0.8162235766635546, [0]
-8.484330436978563, 0.4009881475010171, 1.6693261061765208, [1]
-8.58439523643823, 0.7789455902882381, 3.508546795078894, [0]
-7.747805677564146, 0.8434792478009111, 2.6265792610922447, [1]
-7.850258852065835, 0.583952426428697, 1.9009015418507222, [0]
-7.6874790145689875, 0.6302420567328784, 2.4581585539729724, [0]
-7.6756478937870165, 0.1845052003312515, 2.207471088171197, [0]
-8.27911107576464, -1.8588368617292177, 2.1642038704841653, [0]
-8.344813133289422, 0.6553862029046517, 1.510164395847382, [1]
-7.67437461021979, 1.6231380307938852, 2.745477469424886, [0]
-8.130332483850696, 3.7484424310849436, 0.3239532700556355, [0]
-8.05020541815253, 1.2743132881750934, 2.0212786052576632, [0]
-7.883543353198609, 0.13343066516663848, 3.1133760359240377, [1]
-8.09663070529669, 0.9652861456016699, 1.5191973749772312, [0]
-7.961118424748902, 1.7331804000974373, 1.887181721978709, [0]
-8.095109639566731, 1.115135767198805, 2.653969832688256, [0]
-7.644198831545924, 1.084292966041989, 3.104753616834596, [0]
-7.608825114125795, 2.2663226093969953, 2.3914811251078105, [1]
-8.121251766096911, -2.1361849556636585, 1.1925783759369826, [0]
-8.460331095637589, 1.6334934432264399, 1.6995071657106107, [1]
-7.992726700849762, 1.0366897715720351, 2.3852532017244554, [0]
-7.306934612240413, 1.3010648306303865, 2.3092917574153917, [1]
-7.671911982992034, 0.8222768957421652, 1.5806057476854434, [1]
-8.064092688456782, 1.173422773010787, 2.471625263374952, [0]
-7.697379902014505, 0.25074624638501475, 3.125351915122736, [0]
-7.656347456140598, 1.3361769022111132, 1.2229671157340702, [1]
-7.936047028449016, 0.3116030077689962, 2.4025565784614455, [1]
-8.072002608429598, 0.9405260805978548, 2.1796797926106746, [0]
-8.418543894262745, 1.2808013557356266, 2.2380713466238804, [0]
-7.753724355840792, 1.1890661052487814, 1.824855809545455, [0]
-8.232676665286222, 2.5819933024974153, 2.082006561044302, [1]
-8.103695027445285, 0.12675088361974263, 1.3979593019725804, [0]
-8.8188421097847, -1.0067588264186922, -1.0831972939561214, [0]
-7.947848839181551, 2.691742627917208, -2.6131393714127413, [0]
-7.596890114738926, 0.8754213207990118, 2.6798321188953285, [0]
-8.098364824362138, -0.8758931912399037, 1.5599495187543189, [1]
-8.82733094487998, 2.4210154851950167, 2.084928500312083, [1]
-8.078485240241394, -1.1993751250883018, 1.7834402667575855, [0]
-8.071288499929311, 0.37014228244258396, 1.5560238927254724, [1]
-7.735540237270743, 0.69886735136129, 2.5772946220114665, [0]
-8.381205542553312, -1.8797049600417797, 2.9977299482017763, [0]
-7.6192323922693515, 2.167926181125551, 2.04159100593157, [0]
-7.733817324772813, -0.2906200934300138, 1.6724789668103128, [1]
-8.439540569692557, 2.025761718817043, 1.3769192509924026, [1]
-7.7050497167792145, 1.3199918213193838, 2.0494388887638078, [0]
-7.779122705754361, 1.7392224445420539, 2.8262166959892308, [1]
-8.194394913007832, 2.5808394762978004, 1.5253400873525316, [1]
-7.526697361052588, 0.6842439763007498, 2.817499250359858, [0]
-7.77828060077546, -1.5173661987479665, 0.8732828573171276, [0]
-8.533983171118637, 2.501285709489328, 0.6344291467712296, [0]
-7.709258219125891, -0.16971505902175332, 1.1113804214143883, [1]
-8.872770880968046, 3.5640362022381504, 0.18002575707276858, [0]
-8.498587062207799, -0.5610809217146473, 2.497742167317023, [1]
-8.237387778935277, 0.8526993776961249, 1.6653645433446531, [1]
-7.8781278453993115, 0.3478127452806359, 1.722367047138306, [0]
-7.797853270058501, 1.2369550905481326, 1.010023683262244, [0]
-8.343817473642385, 0.7200577339474672, 3.4305914023031114, [1]
-7.998714601749353, -0.8994758368489031, 2.645279696574143, [0]
-7.979530941376563, -0.8734034432378467, 3.1529869758772358, [0]
-8.229063955358043, 1.9919329994274295, 2.0493717559203652, [1]
-7.6916162742124765, 0.7377916798524355, 2.256847219965428, [0]
-8.344503461988298, -1.0750356229039837, 2.36124808170108, [0]
-8.386047623146615, -0.4954346988938161, 1.5826823375749501, [1]
-8.119587391414184, -0.9027944217930512, 0.06986225491064113, [0]
-8.601770312349663, -2.183861399400513, 0.22123801988758035, [1]
-8.284375327732077, 1.5188615734089006, 1.5623780580491045, [1]
-7.980829016135139, 2.568912887411643, 1.713235714784345, [0]
-8.078505595390434, 1.767060881102609, 2.764534573546102, [1]
-8.393521178103667, 0.6416447411875748, 2.9837471274014717, [0]
-7.675677392339404, -0.6096218169689646, 1.7115978294515277, [1]
-8.126496768311023, -0.3788246925869817, 2.695929577494601, [1]
-7.852586790651303, 1.189201399673334, 1.9502646928829188, [1]
-7.846607307959335, -0.3026385591668448, 0.605419060618434, [0]
-8.460667525966794, -0.13485688341738733, 2.645916468154879, [0]
-7.889033898415757, -2.2416064279956163, 2.09194653151073, [1]
-7.641649002146804, 0.1496544173997496, 0.19744157466614132, [0]
-7.638212875593304, -0.08216806039836566, 1.926919301935857, [0]
-8.151385534253183, 0.11422634161761602, 2.45960405094063, [0]
-8.559454830768145, 1.8395413505455491, 0.9803427321637752, [1]
-7.665184896047618, -0.302150506429971, 1.3812031633838546, [0]
-8.225477417646935, -0.5353529532938075, 1.1133713624133454, [1]
-8.327467135293563, 1.1721665321696009, 2.926253048221005, [0]
-7.746482564001877, -0.44708813635914746, 1.8655855190462733, [0]
-7.846944818018898, 0.8859009951881076, 3.247490395374284, [0]
-7.723726347436307, 1.8351812417465903, 2.6600028234161694, [1]
-8.238190288527807, 1.8825826995667476, -0.12966161617723176, [1]
-7.745682105697645, -0.7110076734854431, 1.5916165409866367, [0]
-7.953345852489291, 1.4919734887668248, 2.033140043503833, [0]
-8.959207075513259, 0.6676580182271277, 3.4904909868393825, [0]
-8.281191623562645, 1.966307019935571, 2.0071188621004397, [1]
-7.947090313340253, -0.9921907602748616, 1.6991615662206632, [0]
-8.579106198768358, -2.6587997802803742, -0.9166751106755222, [1]
-8.244944965232339, 0.3667124265396904, 2.3891833068215558, [1]
-8.454956946443481, -0.6961142282997965, 1.178108682085331, [0]
-7.820150521997186, 0.550087935204288, 2.352909203899086, [0]
-7.594750578452293, -1.0468365024429191, 2.8699911948321586, [1]
-8.119729052653781, 0.003432788633843442, 3.0678221686448572, [1]
-7.410564017628894, 1.0708227830669412, 2.0299393480936576, [1]
-8.096229645954686, 1.8806312582941778, 0.5640303420458115, [1]
-8.196791573330259, -0.39531474174513526, 2.4474850834650512, [1]
-7.55586461971583, -0.5483899536837902, 2.422844044871774, [0]
-7.470801379526158, 0.25021227567897975, 2.6335997115053402, [1]
-8.241245346530551, 0.8717125937618251, 2.351784944789604, [0]
-8.804904689250074, -1.2966418572552785, 2.6132972391599, [1]
-8.49849820894223, 0.8764782923173773, 1.877358326072007, [1]
-8.438526429783604, 2.416289127050499, 2.420937214963712, [0]
-8.220425618660913, 0.7327281303877515, -0.17617727017227014, [0]
-7.745444964243294, 0.4185105480209405, 1.7754145509460437, [0]
-7.650424821002569, 0.011771072857655884, 2.0496464460640174, [1]
-7.617903433015088, -0.09640296449727048, 2.6614719225909633, [1]
-8.338576833165328, 0.8068314410430588, 1.8198235761108856, [1]
-8.369796026269187, 1.017759230489852, 0.466932663424668, [1]
-8.05001081089399, -1.8973041015863132, 1.3512350493900398, [0]
-7.690369435629365, 0.8066947537205398, 0.4395761198112351, [1]
-8.672817900348242, 0.8386389988090956, 2.024049136203436, [1]
-7.813477144952918, 0.5622829547277025, 2.6310205416823447, [1]
-7.942968675006148, 1.404422870345173, 1.1820202478665314, [1]
-7.332430987816599, 1.123179206663922, 2.7927391289659984, [1]
-8.148286179264046, -0.8727483623877705, 0.8050466218742124, [1]
-8.0438045141607, 2.506158894131342, 2.112884124503028, [0]
-7.492996789599351, 0.43341844715176553, 2.6360612620150796, [1]
-8.49089237269593, 1.3122429115942067, 2.902859882682354, [1]
-8.404515218268925, 0.8809207140829582, 2.1065300100691235, [0]
-8.326454915693903, 2.020616596019911, 2.901160994404537, [1]
-7.9703656271093015, 1.3105823291557055, 1.8856955554554606, [0]
-7.8144369648130265, -0.6971164397853369, 1.8283910831616985, [0]
-7.901774624151564, 1.2509146570481515, 2.561554252609697, [1]
-8.748420640038123, -0.8828155172460267, 1.6032791132066144, [0]
-7.5340550954198635, 1.2090662156640495, 2.053686403166591, [0]
-8.780199788745893, -0.9579374436623806, 2.4466842516495264, [1]
-8.372937388085846, 0.755832101811156, 2.2398453387117, [1]
-8.079378336105798, 0.2318439547318717, 1.3207904028458781, [1]
-7.514777375956084, -0.24580052586652698, 1.4519200219207464, [0]
-7.714041515195005, 1.1499416387029526, 2.2223844343710617, [0]
-8.096898817095987, 1.4849365013371498, 0.4809546484443632, [0]
-7.834663750554267, 0.4060201672854186, 1.871703827536833, [1]
-7.748038746808804, -0.8661844666087977, 2.1686158540548797, [1]
-7.8138257947620735, 0.3872953305315268, 1.6913879094968254, [0]
-8.090094363801128, 0.6529271851237208, 1.9600532072932488, [0]
-7.62552467725333, -1.6467857553162144, 1.7988012329138636, [1]
-8.34775215839591, 0.9793379935276616, 0.7526395247575552, [0]
-7.999077134684276, 3.2621120595068835, 1.2494474015351964, [1]
-9.131508312811599, -1.2846307961548962, 1.1903072415226128, [0]
-7.613767784815254, 1.7960249160026645, 1.8493647691600117, [1]
-8.445101085142475, 0.8559314457186155, 2.5328805790060507, [1]
-8.364902309970715, 0.2904025376241232, 2.712455410294678, [0]
-8.685512391976767, 1.1517232211658412, 2.937720380415458, [0]
-7.908197792620586, 0.9393846643164929, 1.0984501487580287, [1]
-7.762531704959312, 0.8907319603456962, 2.2989999590217765, [1]
-7.961818333906505, 0.8484240188089945, 2.4110470757068625, [1]
-7.685133315804383, 0.4179150744831891, 2.5254098605176, [1]
-7.924214235289741, 0.05467667687308264, 0.5281489524505443, [0]
-7.8163008740851385, -1.2241913695112525, 2.9868590536542654, [1]
-8.280545801502067, 0.8386736149967764, 2.8901932002325856, [1]
-7.844302420253438, 0.5022312324141847, 2.9156324761913552, [1]
-7.997045349530468, 1.1008193082667048, 3.0490684776606614, [0]
-8.356732417867972, 1.4321348808333978, 1.8161235185608595, [0]
-7.62560794630352, -1.643848132845581, 2.453316261780661, [0]
-8.092242334169336, -2.0565291066604856, 1.4303453305057, [1]
-9.440953612902025, -2.563652975629676, 1.333967533563151, [1]
-7.52685764091901, 1.4842193923099645, 2.083401109386613, [0]
-7.925479840865065, -1.1550046389183066, 2.3200845001145485, [0]
-7.788278208803144, 0.5979531797916087, 2.1783981536319432, [0]
-8.740548097846522, -0.5635304819843551, 2.6586837435114576, [1]
-7.883776146504634, 0.7410924656542577, 1.8182262142186167, [0]
-7.667116542032039, 1.1824091642470256, 3.0061383747573704, [0]
-7.870136182615533, 5.355166483625795, 1.4390492946763467, [1]
-8.662145675113942, 0.06642837166526006, 1.9242293645554915, [1]
-8.380140711829068, 1.4712784337230982, 2.753957832047411, [0]
-7.9398416113607855, 1.6173657079749817, 1.3134255640413732, [0]
-7.680840056671542, 1.5717722455436411, 1.7193967555310965, [0]
-7.965786141540419, -1.1435834233332958, 2.1855310879936765, [1]
-7.56305984506599, 0.8863626654258727, 1.4696569180062604, [0]
-8.29138688665553, -1.2267983785768675, 2.184292929885174, [1]
-7.440163606539971, -0.4924354568526854, 2.544233990686061, [0]
-7.896749105673575, -0.4608341245522707, 1.766665505155845, [1]
-8.169239435922195, -0.0564369317169271, 1.4808012977386213, [1]
-7.561764971561281, 0.23945447977292222, 2.750784446122524, [0]
-7.699165398695666, 0.05646679897568521, 1.647744035436003, [0]
-7.853707394247005, 1.1762211907023754, 1.7481032530451817, [0]
-7.6661487312639025, -1.3185661956576817, 2.2216542651359394, [0]
-9.437847612711238, -0.3653561279451427, 0.8263441946740624, [1]
-8.35153923311382, 1.904259473064536, 3.4840919006366837, [0]
-8.140632678189677, 1.8713843821961629, 1.3350722286770238, [1]
-7.514523831601597, -0.01983439040143431, 1.7619612367952466, [0]
-7.9162064656128655, 1.2858504227302037, 3.37158871626481, [0]
-8.194598802797868, 0.7518902190244723, 1.4834949698715276, [1]
-7.818409851562787, 0.5303489514743062, 2.541526341370165, [1]
-7.979605190392839, 2.5037364395825925, 1.2347176129469317, [1]
-8.498657263995364, -0.13370834439145662, 1.7926332244855563, [1]
-7.610743017762617, 1.9335859904759334, 1.540278991812283, [0]
-7.737982377370893, 1.0440813479681808, 2.0512717004614744, [1]
-8.577696329100114, 0.146390469397503, 3.297384610205688, [1]
-7.8452226519413655, 0.415201870628523, -0.06559289164763715, [0]
-7.87880070791758, 1.4806226043706996, 2.2785385839468537, [0]
-8.541845261099537, 2.568271712066279, 1.450563243842681, [0]
-7.914122411753684, 1.0846589657973753, 2.0607603088341797, [1]
-8.127904151321626, 2.072787874253038, 2.996896404592227, [1]
-7.750563083318653, 2.448644943841435, 2.04678610800961, [0]
-8.352037429282415, 0.14185616772518195, 2.7125255096345913, [0]
-8.193314195350665, 0.5679102731883494, 2.8430901398397275, [1]
-8.603997766496894, -0.46832335211921317, 2.4748432273336256, [0]
-7.767518466987809, 0.19281084289675132, 3.1811630497160728, [1]
-8.02070716954703, 1.2172977998223455, 1.5560794743860775, [0]
-7.846188731627581, -0.5305719122595747, 2.7473507500156344, [0]
-7.352272890627062, 0.635776020966293, 1.5314807389100427, [1]
-7.613950508736542, 0.7899991538665674, 2.0338998642942627, [1]
-8.179958050791301, -0.1732521205263966, 2.1988502073200578, [0]
-8.035819531941382, 2.6728731462487647, 2.1720447435340797, [1]
-7.940877310834789, 0.45705195125706544, 2.690745090307253, [1]
-8.626982483043632, -0.2689392036109055, 2.6134974711269083, [0]
-8.055667773805949, -0.17248619004119548, 1.9124415391930307, [0]
-7.740388642590835, 1.4097367937927219, 2.493869429361027, [0]
-7.800460122047136, 1.9931644538798161, 1.9687823366858024, [1]
-8.488245052148018, 0.39326641919368, 2.1640377118754097, [0]
-8.521691255477169, 3.8927106881177584, 1.390613874855518, [0]
-8.413407377324155, -2.08859006959278, 1.0547942101470926, [0]
-8.561326896266886, 0.41929540189676784, 2.7171579027489856, [0]
-7.984186778780442, 0.44296893920421065, 1.0361752565744624, [1]
-7.940769663598009, -0.07837601862668153, 2.7284982368849344, [0]
-8.21010533939585, 0.198159654151022, 0.42107063840940423, [1]
-7.8830640776555905, -0.3346237467551506, 1.3235357932570606, [1]
-8.58113007373027, 3.3764999755148652, 0.7882400493613736, [0]
-8.537472313750465, -1.9548490939723324, 1.7113989634957003, [1]
-8.379960876792765, 2.1955889917199047, 2.0858338916690746, [0]
-7.785552439835617, -0.27950104777762474, 2.481347924124307, [1]
-7.759507077812819, -0.4637585968140565, 1.9969195859038034, [1]
-8.006976574065366, 2.754084074494692, 1.2194699206161705, [1]
-7.656012201956078, 3.0865585108209896, 2.010553155596568, [1]
-7.5237416684285385, 1.13334081346504, 1.8155087335993745, [1]
-8.161290232563362, 1.2200284640463832, 2.7381939435282985, [1]
-8.028971658764755, 0.4115702394832397, -0.2481170802020327, [0]
-8.40638848056731, -0.43871849987439526, 3.0817945026244873, [1]
-8.314010704142348, 0.5184330037398599, 3.851136849040122, [0]
-7.9613704159265675, -0.11172491863113576, 2.3808929486672823, [0]
-7.729274597258472, -0.8816385905865314, 2.148248327090128, [0]
-8.136126727239706, 0.7182294519901844, 2.8669235393327255, [1]
-8.404088780398784, -0.42429773307528795, 0.8988157221783, [1]
-7.532900761535755, 0.664747849027124, 2.242807698641679, [1]
-8.225935348099382, 2.6906922482977436, 1.7171911031998368, [1]
-7.5024243184914186, 1.8772609013957442, 2.479067018282567, [1]
-8.034746148980915, 1.1027699144633987, 1.9704906957687305, [0]
-7.614348147427628, 3.5317983866317566, 1.254764014629845, [0]
-7.977621679368216, 1.308116603312286, 3.3145541829201903, [1]
-7.725595261756707, 1.0754731645165083, 2.828103025722441, [1]
-8.325772783428569, 0.591344115178022, 2.621020177843792, [1]
-8.227616244101165, 2.1412938215770447, 0.9207878837715073, [0]
-8.08000733494603, 3.1361578987868732, 0.996962327198522, [0]
-7.653957448924584, 0.9846366760921377, 3.129464892672608, [1]
-7.864720633010881, 0.11056850662407425, 2.5637777833828452, [1]
-7.753332976173303, 0.3621434183140627, 2.450538094397596, [1]
-8.089884395159952, 0.5402081697481598, 2.7858876545786755, [0]
-8.091428908129009, -0.1809109311478707, 2.5242184078985055, [1]
-7.999253022290782, -0.028845879363069482, 1.7262818272962268, [0]
-7.88054574650824, 1.892743411335466, 2.495531869216206, [1]
-8.103115757235315, 1.4545293534739816, 1.0610042268619606, [0]
-8.330424147690138, 0.003223840037197924, 1.944057475527588, [0]
-8.46769205227731, 0.48920626125281963, 3.018481047368506, [1]
-7.760734795650323, 1.783688513567763, 1.994620054825897, [0]
-8.423346709267657, -1.7561954603035654, 0.9230611769636363, [0]
-8.071431249957172, -1.96990377177539, 1.9791378062645646, [1]
-7.538510417277658, -2.338392419639926, 2.205292146830176, [1]
-9.206767709799692, 1.5209613899507795, 2.930485172914379, [1]
-8.108399405282123, 2.1924663384340355, 3.170097652345703, [0]
-7.953076873578522, 1.233021179378839, 2.13419774526144, [1]
-8.093987575984002, 3.4970772719815306, 1.273967467534442, [1]
-7.8384427522735765, 0.1521950857149711, 3.162788378626047, [1]
-7.991344964960686, 0.10193897620448428, 1.8371710078493253, [0]
-8.350976893593646, 0.6699366960741274, 2.5034514289729315, [0]
-7.976827482820537, 1.3451826963643914, 0.5423372475171457, [1]
-7.923797920850634, -2.0060699387272702, 1.6612262112134148, [1]
-8.209420217932385, 1.5709700769190214, 1.3431877555994327, [1]
-7.817777476463405, 1.1845225246806619, 0.09383583714418753, [1]
-8.322960723032994, 0.42424262213324826, 4.03637803734755, [1]
-7.613419192836945, -0.031817999782709716, 1.8184407302426018, [1]
-8.090204173390225, 0.06954016728356963, 1.941543744301849, [0]
-7.7269011299665395, 1.5963507095610834, 2.4679668521477627, [1]
-7.825576782208926, 0.6736429042635126, 1.3575151514208443, [0]
-7.57942753192005, 0.5471455424325367, 3.0818546114560887, [0]
-8.264179443266649, 0.11751971020871044, 2.2751752364450977, [0]
-7.8938200908401885, -0.5676129676928597, 1.7553043474550805, [1]
-8.050053945239927, 1.3603037707814805, 1.2399257216903048, [1]
-8.14373528587264, 3.077479692484336, 1.563553655986168, [0]
-7.6608153247129165, -0.7559087862286722, 0.3111673415753864, [1]
-8.181554472692767, 0.07251073371782857, 2.1563336987192887, [1]
-8.483862191696257, -1.1100261800603726, 1.7400182658245804, [1]
-7.864277727566012, 0.4252131420056585, 2.3231588329371498, [1]
-7.493587609487285, 0.5822998165733407, 2.187244621184417, [0]
-8.127204787148404, -1.1052306532168816, 1.5082217791828034, [1]
-8.113853072527217, 0.37220070423933116, 2.2933446766525183, [0]
-7.874719160880539, 1.7156126752349026, 2.068167992205863, [0]
-9.051274264061584, -0.7277023543288523, 1.3355106019133653, [0]
-7.730326392685882, -0.5818876121794052, 0.8921727976173297, [1]
-8.46709378522898, 2.5320642157386524, 2.1954012451873846, [1]
-7.753475357980929, 0.13184266121084742, 0.8172952005603316, [0]
-7.805121388781266, 1.8313553701135172, 2.3563434965407772, [0]
-8.0947918666577, -0.3360577846841626, 2.2316137050089764, [0]
-8.205485369590468, 1.1976195792450681, 2.049236997440386, [0]
-8.26625886738369, 1.852830468928662, 0.5940284210966542, [0]
-7.795974667903371, 0.9486022161192319, 1.6058937039241021, [1]
-9.26058607916669, 2.0457247877782443, 1.2542619666093373, [1]
-7.903494839680976, -1.4307909974590038, 0.8530357548501302, [0]
-8.171582759071223, 0.3295590057905726, 3.0848734331724157, [1]
-7.681078489200597, 1.8974267925376038, 2.524775970894334, [1]
-7.429152555981136, 0.15354055485287588, 2.5473073372191513, [1]
-7.999363528291611, -0.9964902570226286, 1.6455692193022387, [0]
-8.041051621757646, 2.5926745354062004, 2.661343971065985, [0]
-8.480427619439554, 0.04029972626557643, 1.9007951824664002, [1]
-7.568771123084284, 1.101207297666234, 2.677385390590414, [1]
-7.546250126639822, -0.11666742905748251, 3.3099170640637743, [0]
-7.79479620061323, 1.5589985952807814, 2.6165016197040156, [1]
-8.345899201036927, -0.32236703946926076, 2.286527092603434, [1]
-8.399851875440197, -0.657898759443647, 2.4713343807223676, [1]
-8.376972005280425, 0.3830590293749139, 0.3620087744884939, [1]
-8.124978357329471, 0.8619810554042013, 2.1448889848133623, [0]
-7.86143279011647, 1.0244233347888936, 0.22653447153742068, [0]
-7.890101983804346, 0.8679128002921441, 2.0107399223846256, [1]
-7.708793928316715, 3.4817301679978847, 0.6155094137195617, [1]
-7.6477031618604725, 0.19050061562367837, 2.584214952784046, [0]
-7.9209957613252895, 1.6866915856602054, 0.9258704662213897, [0]
-7.919355649168646, 0.8626436527334771, 2.5970513579915275, [0]
-7.495187798290667, 0.45416146780340005, 1.4779511105285348, [0]
-7.597195783771669, 0.01534174593377241, 1.6307110950315937, [1]
-8.45075631756278, -1.4495441873866735, 2.1519195238848687, [1]
-7.61879479365003, -0.7053772101982568, 2.145451752444037, [1]
-8.158199205449094, 0.2712893052409715, 1.7428705256365564, [1]
-8.103819927448376, 1.4660838435857833, 2.6095229447524195, [1]
-7.693230247915815, 0.5083797895666523, 1.356349200308881, [1]
-8.466210443706759, 1.445597974944393, 1.9872213987594811, [0]
-8.249782846721745, 1.6941611289399652, 2.030987470599886, [1]
-7.8951462581713345, 1.525289512289851, 1.7170761555125653, [0]
-7.8492029038221265, -0.27266403412392154, 2.5903125398953857, [1]
-7.816316274600786, 1.7474265415759007, 0.6219828325648473, [0]
-8.113375626443059, 0.9677405201757883, 2.107202484474259, [0]
-8.671871086241492, -0.058868030999392085, 1.854160479996312, [1]
-8.082960881234879, -2.7581470677429136, 0.8484480472772506, [1]
-7.961722593515247, 0.7099428747054379, 3.1287060522426833, [0]
-7.9070079620166895, 2.0591072203034373, 1.5025137882197237, [1]
-8.729939145979168, -0.025742138204346343, 0.9680964650213391, [1]
-9.061468412488308, 1.3322786661177732, 0.6445861187120753, [0]
-7.714653859385505, -1.9386985071826663, 1.5224130965005718, [1]
-8.001969040495105, 0.7300564234697287, 0.03845133617636565, [0]
-7.86255701184165, 1.2372062187703525, 2.2105902855070916, [1]
-7.598335535384938, 0.47789809041489373, 2.0485068353487694, [0]
-8.606053419723626, 1.0803892952160163, 1.6304836874468234, [1]
-7.701258363582228, 1.7178222843596227, 2.5493918865227645, [0]
-7.3748685976161985, 1.6528001696836836, 2.0108186861142716, [0]
-8.511365037518997, 0.3768452011092024, 3.1146359738050187, [0]
-7.686186055395608, 0.7117292444136809, 1.3253685105517798, [1]
-8.243355181626802, 0.45084881967853474, 1.4214622066555016, [0]
-7.786574120321922, 0.8540001697746578, 0.7974646815542974, [0]
-7.973081327589443, -0.12752776416130573, 2.162547629781228, [0]
-7.452631151553296, 2.4415710602995437, 1.8285263571661203, [1]
-8.161487640575453, -0.7653999479677146, 1.652845289165743, [1]
-7.7735662430203085, 0.4104916136225941, 1.0860683390633945, [0]
-7.945715714215397, -0.7599572700984965, 3.0612824086059085, [0]
-7.582932990553066, -0.09593958807727887, 0.8558381693339029, [1]
-8.387907753745099, 2.782833443783918, 2.9478688212647848, [0]
-7.589965825538047, -0.010852497435812292, 2.618659585079828, [1]
-8.067460537896118, 0.6560392486340209, 2.940249009311205, [1]
-7.792430583088222, 0.1041203542007001, 3.02444012225932, [0]
-7.706125718089843, 1.293350207514381, 1.9801839799782006, [1]
-7.784522251495094, 0.37794056533991816, 2.467199983676257, [1]
-7.741430375249807, 2.0156967290992442, -0.06791421737066569, [1]
-7.640190051945861, -0.45072684586474865, 2.160705112297698, [1]
-8.242640663418797, 2.3284186840340038, 1.9813882685990223, [0]
-7.6912978044264175, -1.8175461345972097, 1.1504109113452792, [0]
-8.280017530042029, -0.1711168719491064, 0.1279086182023219, [0]
-8.400733390644707, -0.03355818120736975, 2.240691265422633, [1]
-8.237985158549899, 2.080269563272083, 1.9370622098927535, [0]
-8.095043538404036, -0.17313547906990245, 2.817616940663544, [1]
-7.680719987992417, -0.5825452457885123, 1.2261370097189683, [1]
-7.9235183951531525, -0.44760879272362253, 1.864157919183691, [0]
-7.890666157153081, -1.1531502241456186, 0.3921225924033136, [1]
-7.8872895973517085, -0.018315739854990132, 1.9200646601820541, [0]
-9.252095052632248, 3.8456474742198834, 1.1372872986350357, [1]
-7.918612829543569, 2.432735011195736, 1.3202792788871376, [1]
-7.9202443185478675, 2.736803459715704, 2.68711626055701, [1]
-7.52638463405592, 1.5572887920416494, 1.7306855213422758, [1]
-7.91526439415185, 0.4711430717007907, 2.549944296049579, [0]
-9.169612947359791, 0.07924407904134134, 2.8182759662535415, [0]
-7.448144203544302, 0.4916760317340894, 2.4980851946399025, [0]
-8.213249553429566, 0.3248746191499603, 3.0826920054423717, [1]
-7.643267407860796, 2.0568098451484316, 0.038383812768342906, [0]
-7.99670247982269, 2.5138408698432917, 0.9306114929340106, [0]
-7.802242866264393, 1.1808348114928064, 1.6354349445930174, [0]
-8.651400433114366, 3.997377841345937, 1.9824734231393961, [0]
-8.99675485947435, -0.48178278429787846, 2.8461976419684833, [1]
-7.814255141342417, 0.9441139919810704, 2.278836270509357, [1]
-7.900929709123324, 0.485769821792402, 2.810219775558877, [1]
-8.350161242931765, 1.5775385549604917, 0.7864495264759606, [1]
-9.586288993203492, 0.49835570977316124, 0.8414358457755922, [0]
-7.8395423467379155, 0.25231611289103295, 0.41820052601308055, [1]
-8.56666390632142, 0.021325201119462123, 2.597378873502598, [0]
-8.02603247611553, 2.330249160953203, 1.1667532260152227, [0]
-8.063877257434308, 0.4807736620575541, 1.8583365509697685, [1]
-7.754868442922133, 1.4429060355496457, 1.9748591197483965, [1]
-7.980519064000513, -0.14330081573816722, 1.5851542685445579, [1]
-8.656518530151727, -2.6277267799451884, 1.9361195405577214, [1]
-7.7758488237652665, -0.7186555000784691, 2.3870289265301627, [0]
-8.585872482307515, 2.278263475746271, 2.501652815793449, [0]
-7.676251792600721, -1.0569196605628797, 2.8717123414875796, [1]
-8.458108280460099, 0.9014699987668175, 1.1747435139754994, [0]
-7.770006163976021, 0.904453029217285, 1.7780822451409741, [0]
-7.872001499722278, 1.172597121436615, 0.4878890254531991, [1]
-7.588850144507022, 0.6953091780315301, 2.0874589978353297, [1]
-8.298437396259867, -0.01330702455518984, 1.2255460597442178, [0]
-8.068485080855053, 0.5327156394263685, 2.182738320233479, [0]
-7.421514146482497, 0.23950669245952871, 0.9582727653558334, [0]
-7.839470904325324, 0.9012162281393366, 2.075994873656743, [0]
-7.482846401622839, -0.20065082156003922, 2.8589881798926235, [1]
-7.617689982625038, 2.0426175447272565, 2.434672226105609, [0]
-7.892988865418534, -0.9305090436790415, 2.9196685688146147, [0]
-8.035722263594513, 0.014842133429531557, 2.515419251020686, [1]
-8.768895555303224, 2.1507548276685573, 1.5800751558509065, [0]
-7.911947169101387, 0.8759145566426295, 0.6945656002870567, [0]
-7.837714724376779, 0.2743805419982678, 0.8836785383093835, [1]
-8.026208359666516, 0.010497037702971612, 2.004417520704842, [1]
-8.419712891844831, -1.9877996251710148, 0.781748120255255, [1]
-8.53952436624286, -2.2243359176121085, 0.11594974567527494, [0]
-8.539252653423238, 1.065961680626451, 1.7563824646252009, [1]
-8.365382406308536, -0.17821260169201825, 1.36870064438631, [1]
-8.030933315913664, -0.39976775222318794, 1.1756564225261446, [1]
-8.481780708914371, 1.5602863904635629, 1.5570642030714872, [1]
-8.397659992116106, 0.8302503290591955, 2.094965559109736, [0]
-7.462355230478055, 0.41472290353188535, 2.8204649627206417, [0]
-7.9549243228344055, -0.07250575133717502, 0.5731897557501708, [0]
-8.291900365422554, 2.129962156555112, 2.261757580827653, [0]
-7.813044336824523, 3.2160842976550024, 1.2449071753695096, [1]
-8.18420526148642, 1.1210983784070518, 2.0080657949946863, [0]
-7.769235560887101, 1.1535145939446119, 3.160550448995245, [1]
-7.8528656575178655, -1.3834814880236395, 2.3692712617672704, [1]
-9.75085991695786, 0.6858724293632571, 2.8381446057666, [1]
-7.640979219060612, 1.2770332778985092, 2.8489929995404566, [0]
-7.4802035948882235, 0.7496857404834923, 2.921741624402552, [0]
-7.7721435154699465, -1.6556406606187197, 0.9905205086198889, [1]
-8.235543604751781, 0.7127349652908399, 1.7197437568802405, [0]
-7.722696599635847, -0.439366727126029, 0.93362175866561, [1]
-8.07701001284117, 0.8691894614375535, 1.4813380612290628, [1]
-7.90539114740272, 0.8966259670508157, 2.4507988843863155, [1]
-7.530028847498585, 0.14313986003851253, 2.19897806044574, [0]
-8.116457558723475, 2.230833485413323, 2.122084439377443, [1]
-7.885281633900415, 1.6384595597357154, 0.7305574896282412, [0]
-8.283181703353991, 1.1593801903746686, 3.2544449703792355, [0]
-9.742439977183855, 3.0885984268829194, 2.024971905032631, [0]
-8.119312810562613, 0.8434690620291223, 2.2802066769548643, [1]
-8.359840885416096, 1.9953348063263732, 0.020265099585290547, [0]
-7.784350023461586, 1.2034153254861617, 3.1208166485969224, [1]
-8.207721894935466, 0.37085056135795824, 1.1846592174218498, [1]
-9.178011162817794, 0.07488737507079746, 3.357116636866376, [1]
-8.064344689320432, -0.42109942290348257, 2.2009128375663587, [0]
-8.270248943659759, -0.38533792911037346, 3.2311001912608797, [0]
-7.65955123480856, -0.3769251921757155, 1.3306737103083435, [0]
-7.97004617263462, -1.3032852880067902, 0.039673256035877236, [1]
-7.269800229794323, 0.8763058301223738, 2.2140055220678505, [0]
-7.6286897401914855, -1.219598411673974, 1.7377621773157415, [0]
-8.24017911630116, 0.47384111635917225, 0.6015889058113745, [1]
-7.707171396868192, 0.5911585778679567, 2.048074694863925, [1]
-8.471563462132494, 2.1660267083424407, 1.6894883696715544, [0]
-8.177622954334698, 1.7266751319861016, 0.633865555774572, [1]
-8.123207187226152, 1.9219302489188843, 2.4758683348126973, [1]
-7.730585337499262, 0.5158427941427961, 2.8760259748248957, [0]
-8.192248874556585, -0.6432024711982764, 2.1916825999515708, [1]
-7.9485235971533115, 1.5728183935143871, 1.1834231593908666, [0]
-8.062741348096328, 1.2723256830207252, 3.33229544182122, [0]
-8.910822985110231, -1.0199260389752611, 2.0447279836497327, [1]
-7.622770680301254, 0.7482337640669684, 2.331666028747446, [1]
-7.699329899416014, -0.5202870925439937, 1.6929941340752594, [0]
-9.263455128803404, -0.054057822639391795, 2.3993638242360795, [0]
-8.115984712374212, 3.4901246432851236, 1.6935643036097576, [1]
-7.81039335200357, -0.5849721627138662, 1.8996762120831328, [1]
-7.9679564776792375, 1.6595828989663681, 1.69867171678242, [0]
-8.486920359780433, -0.858434460468104, 1.4490351293784671, [0]
-7.639826723068979, 0.3041227861430692, 2.5712421409864694, [0]
-8.108145134286897, -2.40682209134795, 1.7091462903724322, [1]
-8.728282938626812, 1.6812690502605814, -1.4428915476843513, [1]
-7.813113897658355, 1.5331279803870053, 1.3257341267475695, [1]
-7.81357036834167, 1.7038886084123317, -0.8803376814385031, [0]
-7.466125491451124, -0.10466700044285715, 2.690779542926842, [0]
-8.650661346468496, 1.9088364623262772, 1.6541134255901038, [0]
-8.321389249884334, 0.5412549009949912, 1.936941363708057, [0]
-7.664552086667294, 0.1531992884608364, 1.594935657877174, [0]
-8.411255642162068, 0.3309939333335202, 1.4679304834822502, [0]
-8.903667785625226, -0.21886752535590315, 2.5106521028805044, [0]
-8.146598695267416, -1.511629158149066, 2.0963906241612262, [1]
-8.047116077178204, -1.8350114416111487, 1.5766117695572568, [1]
-7.885113182599408, -0.47096491280526825, -0.7217156931191955, [1]
-7.665273520643997, 2.5930029118607907, 1.1625387918898469, [0]
-8.001155024494945, 0.3613435294378809, 1.7211597329076924, [0]
-7.578556320063461, 2.8871234783875703, 2.391273695451517, [1]
-7.957852862796973, 1.6567799718043572, 3.0196932745045935, [1]
-7.505651590338758, -0.28614104609963187, 3.0774296487496997, [1]
-8.422683024792398, -0.5541534963990551, 1.8056479101958984, [0]
-7.694351224351293, 1.9475834983083147, 1.205319329033448, [1]
-8.315610378839155, -0.09982905515425831, 1.7745013869540434, [1]
-7.595191146059702, 1.1056125846571612, 2.304813194924477, [1]
-8.350528369228229, 0.13733388591157358, 2.5887215564222714, [1]
-8.081378676223363, 0.9770631531273952, 3.0080707381948257, [1]
-7.80536310312745, 0.311651273690827, 3.203406430252679, [0]
-7.542513444689265, -2.1375587103520415, -0.2143993892182987, [0]
-7.7200498634560955, 1.7551569151494624, 2.015089515931767, [0]
-7.8675538558736635, 0.14316500023259893, 3.1285472161948986, [1]
-7.851206962866843, 1.378504047921832, 2.5030965205593443, [0]
-7.9851321009627245, -0.3960809200109139, 1.626796684030545, [0]
-7.797555474499801, 0.1738229522641952, 1.3065337803983068, [1]
-8.749266880616553, 0.8800604349823777, 2.2812791689617113, [0]
-8.690191921366582, 0.6837201209049457, 2.753391277807755, [1]
-8.120092840289765, 0.8216444189851829, 2.0386679500383735, [1]
-7.650656801266178, 1.3869573566162041, 2.0582994094451665, [1]
-7.442221041105072, 2.180796757510391, -1.0421572888667818, [0]
-7.821024882220639, -2.067367301578236, 0.7547896711639679, [0]
-7.7809773224313, 1.6713256390649271, 2.0744277205584587, [1]
-8.2049033919088, 1.4300920779451354, 2.139437370008972, [1]
-8.2810166575714, -0.2616497800698193, 3.037609228192137, [0]
-7.935223795048678, 1.6240709469082606, 1.098270997443832, [0]
-8.649720223645678, 1.5263320763839001, 2.769555303251706, [1]
-8.381885829194445, -0.039698196211892745, 2.2354502186740337, [1]
-8.14995030560764, 0.3990787167322374, 0.7948813875303191, [1]
-8.55302387078946, -0.484099095999337, 1.848395311351416, [1]
-7.479208870592514, -0.21553070213160308, 2.7774451087104026, [1]
-7.552033304660612, -0.5411791421963245, 1.0503544396304192, [0]
-8.319336375924525, -0.5121766617201866, 1.6195358903954566, [1]
-8.022287809227853, 1.2832963263010362, 1.6722778833812875, [0]
-8.897240380771901, 2.3271918225705113, 1.417379510225423, [1]
-7.485635861944461, -1.416151010662503E-4, 0.09880730143340966, [1]
-8.30065772737216, -1.7705355068942892, 1.0373558640002212, [1]
-8.799893996068343, 0.5701311635603035, 3.7446637716645537, [0]
-8.342141604735465, 2.8944085741245225, 1.7473510412470346, [1]
-7.818520499035449, -0.5585058296854193, 2.5526579079894365, [0]
-9.010500399403151, 2.5450331639854977, 2.862286559414921, [0]
-7.5464095157972855, -0.5986202605821691, 3.0783601729557444, [0]
-8.392274413348714, 1.3818979591758611, 1.808180031158416, [0]
-7.9977288310396295, 0.1459101891978148, 1.6038428996734453, [1]
-7.921462023585146, 1.9680778231188314, 1.6444381654248192, [1]
-7.768052618891482, -0.8084213836962248, 2.249580953192646, [0]
-7.876144640750848, 3.3234646205685197, 1.4830438116216194, [1]
-8.137509862884716, -0.3423311826271604, 3.01333296966787, [1]
-8.134377012891177, 0.3818215107295972, 2.027322107756441, [1]
-8.993492434478034, 0.5874625460857951, 1.2476904482329616, [1]
-7.589988902000511, 2.0955709794774706, 2.0943938333012877, [1]
-8.324028461666456, 4.355005501042529, 0.9872367532685575, [0]
-7.80993750790587, 1.2321198392070325, 0.717711884330716, [0]
-8.07418238082616, -0.49658657066971545, 1.977004904326006, [1]
-8.019132702549484, 2.696082421587012, 0.90589967783625, [1]
-8.47956218224816, 2.9456947418787296, 1.3875607503563248, [0]
-8.330872572371488, -0.9440645524325961, 2.910106387361355, [1]
-8.32621893933934, 0.5434918664222628, 2.9593439870109326, [1]
-8.181373500511118, 0.20013718859089646, 3.0225411828150697, [0]
-9.351623796657117, 1.1508496353938487, 1.3330210267426428, [1]
-8.691227594390574, -2.0542170131312654, 0.06374419547379648, [0]
-7.776347890324012, 0.04973661525227557, 3.120029140459454, [0]
-7.652318021051609, 2.6758909170723797, 0.887425218736869, [1]
-8.04036977516017, 0.49187525733553994, 2.828035310421186, [1]
-8.052533800937159, 1.307060157276635, 2.9181642062898305, [1]
-8.021120839592369, -0.1506938244702535, 1.7419357363792476, [1]
-7.468096029456904, -1.099974437782907, 1.6771401929818708, [1]
-8.01664323214192, 0.6614248162824858, 2.367674497128437, [0]
-7.516532487022448, 1.339499728470398, 3.0199864306167, [0]
-8.547699211499458, -0.053524612422489515, 2.0312957791444446, [1]
-7.844496876427883, 1.5416550055419562, 2.679670255527329, [1]
-8.306904184930454, -1.0725920757700402, 2.1668940685880353, [1]
-8.028025701033755, 1.3825578092443296, 2.999216432802, [1]
-8.006674436462248, 0.9035442224678942, 1.0798057541526926, [0]
-8.19406145217484, 1.4729674959457855, 1.7982924622740346, [0]
-7.921865635033302, 2.0649579323698473, 2.859237118168668, [1]
-8.425271271458993, -0.07718959441153705, 2.2852785146370485, [0]
-8.236362573345634, -0.48422569305704055, 2.5897167663810894, [1]
-8.06080652206652, 0.044337821762975294, 0.7419571378581169, [0]
-8.40923592657832, 2.951243468808949, 1.3219815835559665, [0]
-7.828767435619005, -0.036348100104165004, 2.399224299535517, [0]
-8.071684891675387, 0.8847138838866739, 2.5458291366854375, [1]
-7.746884913437983, -1.8512510472635961, 1.1193855119218732, [0]
-7.83158264106387, -1.4287408177184318, 1.644346199156049, [1]
-8.219528293012623, 0.35821057419605695, 3.079168974051991, [0]
-8.024372091193188, 0.8452789478398066, 0.47198492059052266, [1]
-8.239671716571975, 0.2402750838299461, 2.782363057313841, [0]
-8.125544736122919, 1.4250472153477984, 1.4315002413980606, [0]
-8.457864829694342, 1.209607992118468, 0.9571355588644341, [0]
-8.116397645403087, -1.8241434673840873, 1.5771720112206418, [0]
-9.068713402077378, 0.9301219781543246, 2.0145888074911666, [0]
-7.967722435994682, -1.2002957601034612, 0.8490266521746765, [1]
-8.20520872379845, 0.9818706643109085, 0.7852187269241577, [1]
-7.80768977981278, 1.7668883872225383, 1.4760855189321747, [0]
-7.674834108082641, 2.3659445473466656, 1.523606229847043, [0]
-7.969313391678711, 4.038355763794949, -0.016610853390240765, [0]
-7.833782378389155, -0.08401480241431111, 1.785751610445887, [0]
-7.98652717459171, 0.27932786682091004, 1.9314922827294945, [0]
-8.02965904328655, 0.7712315921025026, 3.0018059580918406, [1]
-8.039102492477747, 0.3091464341935944, -0.042649390547271016, [0]
-7.972818118643905, -0.028795856767796058, 3.298852514335322, [0]
-7.685903310452685, 1.532939056333082, 2.286600072917155, [0]
-7.623784525277021, 0.3583078829465016, 3.2200750227439756, [1]
-8.039782000568254, 1.9510482149898445, 2.4445093552957116, [0]
-8.174593018977816, 1.7432677485160422, 1.2645525628735481, [0]
-8.316590904935714, 0.48821143165197434, 1.4055565481144567, [0]
-8.099734711051111, 0.5755926484801492, 1.4293214665629486, [1]
-7.736621320970601, -0.1226181636747865, 3.52402321372387, [0]
-7.851099771710746, 0.4903395787618, 1.2897556065112472, [1]
-7.948427669271907, -2.0462865971602504, 1.7290540698568593, [1]
-8.411320615822595, -0.009450981998384123, 2.9158516163997468, [1]
-7.957107404863236, 0.5193325203635758, 2.1205970015935676, [0]
-8.763668046457825, -1.2443730311601773, 2.4463357215067196, [0]
-7.764814399444871, -0.7997724922059808, 0.8520848864133025, [0]
-7.795087478934789, 0.17789602056230924, 2.3027473443892115, [0]
-7.9549027748791215, 0.9884647011701722, 2.261425087165627, [0]
-8.07590997334214, -0.45942538884357353, 2.541021663292767, [1]
-7.96272145978575, -1.8077167463645225, 0.6786277462958915, [0]
-7.952906568888921, 0.3655891654237384, 2.345303573256388, [1]
-7.728917549569184, -0.9972635047665739, 2.608340484756636, [0]
-8.22485583298829, -0.5210912479102554, 2.728606526453475, [0]
-8.433080441659097, -0.7839935306937091, 1.6218362107779234, [1]
-7.920102083058224, 0.4215229947155703, 3.0910484522232107, [1]
-8.011063173640048, 2.459350963413625, 1.719676615623972, [1]
