t=0.0018129288564750251
logZ_t=-2.4238313348337472
-9.37136335101247, 1.265415910734422, 1.1741322995899803, [0]
-8.779728842105726, -0.4680077206795069, 0.8842217151497035, [0]
-10.009962389014824, 0.5567088850020299, 2.4482364089841733, [1]
-9.440389704482254, 0.722585905088403, 2.192708282135147, [1]
-9.39060608226836, 0.6505488737032746, 1.6672314877758565, [1]
-9.486480231723375, 0.9828528386297419, 2.2369132088542876, [1]
-10.030356671122231, 0.6233911920939779, 2.9055062401234, [1]
-9.793793753716637, 0.8953995377280731, 1.8506900306984906, [0]
-9.570002222266949, 0.6011012233216633, 2.034823018869239, [1]
-9.371318402596291, 0.39041509073551883, 0.4947359085416787, [0]
-9.286247108110677, 0.8019703767144701, 2.0628935344693473, [1]
-9.625746234886085, 0.6256645287611994, 0.7689065380842142, [0]
-9.004170160413729, 0.574957685986188, 2.5989685196585093, [1]
-9.310291466404545, 0.26829142933402245, 1.3697895173470718, [0]
-9.384515970459828, 0.40402256947648285, 2.4946111334543297, [0]
-10.057813643633466, 1.2001432825790146, 1.7630756261063085, [1]
-9.746003086758762, -0.5220206635658103, 0.824643149022516, [1]
-8.597424921519298, 0.402592598112196, 1.815045438884931, [0]
-10.452929229975737, 0.38266904150989123, 1.5644919016094276, [1]
-9.54359555626266, -0.22822649503842596, 2.55058931071934, [1]
-9.736097499896172, 0.3652292926760148, 1.8515524746196035, [1]
-9.723725826841887, 0.582719043276112, 2.3889629937666785, [0]
-8.700898750773973, 0.3296756870019203, 2.4365247065055295, [0]
-8.929211260794967, 1.060280204839341, 2.197507462140365, [0]
-9.587287315750698, 0.873098805825929, 2.3629575064265547, [0]
-8.534920368228606, 1.2171344804190212, 1.5405765727903702, [1]
-9.756749173881083, -0.13047000527835517, 2.508949702899496, [0]
-10.240534473237922, 0.7357061140279059, 1.5046976468813793, [0]
-9.500212853227595, 0.6013446453669806, 2.605768068257347, [1]
-9.837492974024334, 0.9705604563768263, 0.31979672893986644, [1]
-8.600635983322139, -0.5865538906389949, 1.8864716131197883, [0]
-9.8038130449001, -1.7098764739468628, -0.08024612554379007, [0]
-9.65087945304988, 0.4166902771626131, 0.62955582607583, [1]
-9.708765993241387, 0.7088957726739797, 1.4447783489306416, [0]
-10.104062592366187, 2.359280546175717, -0.1534848477722558, [1]
-9.369235016450654, 1.2612738237909527, 0.7550275102822988, [0]
-9.792313926753176, 1.7271443496478862, 1.3894185062698134, [0]
-10.018884707256698, 0.5640439536990773, 0.8529354506440889, [0]
-11.138732617483935, 1.5058406466871765, 2.2939545007613997, [0]
-9.81431631940778, -1.1783011928043616, 0.07304141394438857, [0]
-10.585066045925823, 1.3854649284583633, 2.8026538723691807, [0]
-9.523833547713908, 1.4905506588535287, 2.043687133033595, [0]
-9.1592887489204, -0.36855117413208505, 1.0955086932053222, [1]
-9.644606557294543, 0.6753455902356529, 2.373778889166974, [0]
-8.694962516419723, 0.6951702534348598, 1.9958569121932705, [0]
-9.77792541577636, -0.05834986974382805, 2.076098804662399, [1]
-8.718979379539826, 2.3808736424285097, 0.030503280893484863, [0]
-9.95042462190822, 0.3216790562488761, 1.711867618100819, [1]
-9.123888529581507, 0.9143159186435497, 2.130794792761112, [0]
-9.491305638511415, 1.2080350502773256, 1.6861140111417579, [0]
-10.301739701589078, -0.5200925434577175, 0.6761361825724512, [0]
-9.277822574410116, 1.4902652416515392, 1.4727232875185248, [1]
-9.536733921919875, 1.1008274330467407, 1.6379206834988826, [0]
-8.891512962196348, 0.5958284596865628, 2.1951294914088244, [0]
-9.0388783943954, 0.06533808368650207, 1.548850979827005, [1]
-9.057639369652609, -0.11057545076283692, 2.4805381489743614, [1]
-9.6574110194034, 0.7441005110970498, 2.87060691636318, [0]
-9.715105362416244, 0.7815876441471734, 3.0776666613388297, [1]
-9.647323267573146, 0.8759712543238818, 1.472112761929433, [0]
-9.809647118574294, 1.5125183630422334, 0.4995140722762552, [1]
-9.552354456176403, 0.8460587244702558, 2.402068305214855, [1]
-9.963769197695076, -0.8177548645880237, -0.10183477006353753, [1]
-8.903603452484024, 0.8252238068032918, 1.5476023946272544, [1]
-9.122649544797534, 0.7658902928019408, 0.5348997304189291, [1]
-9.475185520449283, -0.37503986726234184, 0.9470288750664924, [1]
-9.322871623723785, 0.8610739395281992, 2.2437629554160683, [1]
-9.59388940351102, 1.2806537646831773, 1.8209682499862732, [0]
-9.622949978479573, -0.4442191960490596, -0.3071440745231049, [1]
-9.108731192231575, 0.7684084055050948, 1.1825386741224582, [1]
-9.526294161234516, 1.1633392959553608, 1.9122090477673008, [1]
-8.804806828690516, 0.8642891459327131, 2.20437616461787, [1]
-9.817570694030385, 0.9505765323660573, 1.448109493702316, [0]
-8.723599676750345, 0.7991535496526421, 2.362593785352795, [1]
-11.009130582572517, 0.7900627883002835, 1.856722328987947, [0]
-10.056545495952653, 0.2957900327710471, 1.5655710775347984, [1]
-9.607185051429788, 1.5738007440282602, 2.182785221171174, [1]
-8.953933921231457, 0.30115795667791195, 2.5869610448352116, [1]
-9.586059410766445, 3.1346626923431438, 0.4180499643175408, [0]
-10.21761028836829, 0.7954993943029087, 2.414074372354235, [1]
-9.319651965370571, 0.7265320183991422, 2.624888273287774, [0]
-9.508497967457588, -0.19049247985149653, 1.8015518580823993, [0]
-8.893825764891329, 2.61701987777768, 1.3899481064160693, [1]
-8.971462812173737, 0.431364487756835, 2.0701895634047998, [1]
-10.566009098058792, 0.43874638183501435, 2.389182524091881, [0]
-10.069121527970617, 1.3143887365664462, 2.6545254911982465, [1]
-9.152599067019501, -0.3004330935704091, 1.9035782495791325, [1]
-9.43458993552912, 0.6409878854313235, 2.032464235667908, [0]
-9.512361445059694, 0.7087720059629397, -0.24104851390877546, [1]
-9.815038022038044, -0.04261102150790402, 2.2325027394342465, [0]
-9.479678602314081, 0.8140433179959851, 2.7642995767734972, [1]
-8.86465884587798, 1.3703703189506928, 2.3243889296926477, [1]
-10.010129490656034, 0.5279866830235089, 0.276724031146244, [1]
-9.253370692049586, -1.054115737251127, 0.6058580320509672, [1]
-9.265278879724615, 0.7347199114379125, 2.267341026797002, [1]
-10.011382645153843, 0.5806276357267505, 1.1990243090484762, [1]
-9.408768235399126, 2.0244962513950404, 1.6333729261011904, [1]
-10.36235683258132, 0.28245128190194246, 2.5620147605236703, [0]
-9.037161893728168, -0.4770542806828424, 1.3058574846844844, [0]
-9.551976285655128, 0.8230769377251406, 1.9178871472435608, [0]
-9.196460971885154, -0.22248001123316496, 2.3286969426678237, [0]
-9.031941461610776, 0.3219690916101421, 2.1222385153255083, [1]
-9.052202368050839, 0.6695909491474292, 0.25111796901399347, [0]
-8.847579691089758, 1.729146556865997, 1.319780334134415, [1]
-8.790047616077423, 1.2855155529716378, 1.7213747681973977, [0]
-10.16194249030584, -0.5528688152726611, 1.4288293235680753, [0]
-8.998840936991932, 1.1756463775010657, 1.531529741009569, [0]
-9.295105528566284, 0.9100625863016052, 0.506935016271139, [1]
-9.57109666431469, 0.7123339219373067, 1.9916875066216893, [0]
-8.789116365396453, -0.023234140186475488, 0.9741862432442753, [0]
-9.569840422459537, -0.1847098077778639, 0.9792689519416937, [0]
-9.939261759196544, 0.31915164277513675, 1.4613720172175286, [0]
-9.15405765361714, 0.6667635688195053, 2.3674285414738185, [1]
-9.154048163192314, 2.1517078520846415, 1.782055860045746, [1]
-8.845706425840236, 0.2535333638395635, 1.7733563584553003, [0]
-9.795152178732483, 1.1649556692961236, 2.3763383607815305, [0]
-8.78341632276025, 0.24574860484558825, 0.8122169696524653, [1]
-9.30380848772698, 0.8590481120730094, 2.8848494648575542, [0]
-9.158092592443623, 0.09245382362357103, 1.9204288269493224, [0]
-8.662239819508763, 0.1080302503737824, 2.4318289986808415, [1]
-8.918401577346849, 1.0628272857827308, 1.9609646138158543, [0]
-9.08494258936104, -0.45819861074929774, 1.934725151661591, [0]
-9.194130268110722, 0.3884243716852509, 1.1954154288719758, [0]
-9.606095669748068, 2.0974522773067656, 1.6569688776442462, [1]
-9.041451785445775, 0.5007998751560121, 1.2919890147113486, [0]
-9.76622832446457, -0.00912864640619862, 2.3196449924537603, [1]
-8.856210947036264, 1.0504092314770899, 1.8903524239997003, [1]
-9.136636650532354, -0.051113214082371544, 2.5998747558560193, [0]
-10.105170944455674, 0.5233997106513728, 2.2714652106284796, [0]
-10.642433763928778, 0.35144204050022654, 0.2746749673381115, [0]
-9.636536467696518, 0.02619436014048218, 2.4439358184691873, [1]
-9.330857776393968, 0.6819899021570557, 2.536581289062331, [1]
-9.189608082650462, 0.02335883640395564, 0.9358272060259183, [0]
-9.37714541051572, 0.627243537615453, -1.5322430313687412, [1]
-8.902928167844477, 1.0707508058073962, 2.771202480173312, [0]
-9.130969300710662, -0.5310496413566161, 1.0692398214596128, [0]
-9.745879865796345, 1.4185278449490002, 1.4337020458027538, [0]
-10.061149873217374, 0.5032177879859556, 2.8204857935107115, [0]
-9.217051488935239, 1.1207548612125704, 2.0180905553055033, [0]
-9.268327998364457, -0.4114129182746533, 1.1968717278283976, [1]
-9.391328864851403, 0.07194629877586095, 1.0568800042907571, [0]
-8.743061996521444, -0.13091863929897585, 2.793259920055216, [1]
-9.2557773736746, 0.7419744914509178, 2.774384584076075, [0]
-9.194463463204139, 0.9112616659907292, 1.5424372804284168, [0]
-9.11444853381687, 1.0293192560543927, 2.4605733839671857, [1]
-10.318604744381165, 0.1076038751318037, 2.4400816675095864, [0]
-8.660969893572323, 0.22492358650199518, 1.5576335359970106, [1]
-8.946437347621432, 0.7044221989714062, 2.3196355977403798, [1]
-9.901958813591651, 1.5269897792395275, 1.3517906284135568, [0]
-10.013514105795451, 1.3783461746071148, 2.2393009772484356, [1]
-9.75512569851145, 0.25423553598341764, 2.260167598563191, [1]
-9.110706193753394, 0.5061487463867239, 1.9328069707426612, [1]
-9.17428980271563, 2.6749146359328466, -0.6057816515543415, [1]
-8.54919122642748, 0.9587233332027041, 1.832877164191192, [0]
-8.789934955743535, 2.1932281836201786, -0.34698323886268834, [1]
-9.469482787431234, 0.15077423982225646, 3.1479088921608707, [0]
-9.257323090827427, 0.5640733472898607, 1.5500637188986475, [1]
-9.082174440530293, 0.9422838022065373, 1.180434290693232, [0]
-9.740841658069455, 0.8659212345222599, 1.0793767968346484, [1]
-8.964446249266333, 0.012971665198373228, 2.5550802380372906, [1]
-9.940518322372938, 0.1665828350978667, 1.2534178525806972, [1]
-9.233850650533528, 0.2558130458698481, 1.4551492317718469, [0]
-8.6684305406671, 0.8040118905245045, 1.6686603552495538, [0]
-9.569372135571879, 0.5391976768816675, 2.1180281579621374, [0]
-9.39616732974521, -0.22176905917434964, 2.1855803495809623, [1]
-9.529928422208082, 0.4003325312751182, 1.9648767450398337, [0]
-9.52287961358299, 0.7161244495117216, 2.0747006710025095, [0]
-9.418975074790103, -0.08588654841625643, 1.8625823049993928, [1]
-9.16565493476662, 1.0628496965183494, 2.1962902754421925, [0]
-9.027913502526076, -0.187332752706595, 1.9622064680862867, [1]
-10.145042350512773, -0.48375280611774213, 1.8955967403602039, [0]
-9.875126541385125, 0.564903099268766, 0.7098216754244986, [1]
-9.69198485029659, 0.1464230693039955, 0.9813889929977797, [1]
-9.685813834563614, 1.1655459068551448, 2.40447908735642, [0]
-9.246138932519742, 0.41219011985857323, 0.8097330156753273, [1]
-9.495168309852216, 0.3905166218636771, -1.3546657392175316, [1]
-9.528249450252638, 0.6161629700277559, 2.2557147282507204, [0]
-11.028542396226266, 0.7736648507842102, 1.6900016069614126, [1]
-9.599979044458413, -0.26803855178590996, 2.2265090007803447, [0]
-9.712835832849409, 0.276848178367856, 1.7264907913060092, [0]
-9.549852923848224, 0.9930303835248562, 0.7797913173296396, [0]
-10.252648321620049, -1.8676584040747004, -1.1360294564975582, [1]
-9.297529689241433, -0.2831699779686784, 1.6818523310611757, [0]
-8.841762430884915, 0.5489001273629233, 2.5294401830133513, [1]
-9.86363527408028, 1.3164492074055878, 1.8612706326043114, [1]
-9.337349737944512, 1.1003999648552332, -0.18049305867692755, [0]
-9.963941741648014, -0.25028205042989526, 1.4275166483077733, [0]
-10.59952115329549, -0.12289247175183327, 1.5571693005993088, [1]
-9.792048214500149, 0.11981120272619838, 2.1567803989597287, [1]
-10.06042793315356, 1.1232395100444803, 1.220968542996822, [1]
-8.681122577302377, 0.7402379378061209, 1.235691522011137, [1]
-9.537815529459795, 0.0669545568056562, 2.077326660679283, [1]
-9.872189335650846, 0.8312978046742174, 2.7488553036386603, [1]
-9.21159529678829, 0.09104722042150148, -0.4764775899074467, [0]
-9.582272454530315, 0.5087597175237599, 2.815971821573263, [0]
-9.374496027915338, 0.34823203583972573, 1.831283323922448, [1]
-9.375450238188956, 1.323630575013015, 0.9970099295482915, [0]
-9.823564135836854, -0.013357329316676658, 2.504542276347142, [0]
-9.81832162085141, 0.4190311572246157, 1.168546173438608, [0]
-10.176661441899254, 1.8718907935584104, 0.1717893076026198, [0]
-10.704961252333433, -3.2399303535296227, -0.11938467561102661, [1]
-9.672438840890942, 0.8344927583762188, 2.3279193080067846, [1]
-10.062506302168503, 0.11397310890646778, 2.0276036245316327, [0]
-9.60515883937248, 1.0714762914560194, 2.0003673779774336, [0]
-9.69306337890488, 0.4720109505653698, 2.331090622050225, [0]
-8.673695181280845, 1.0034644088717406, 2.4478863553681722, [0]
-8.973017251515165, 0.18432447653693695, 3.0791281079376747, [1]
-9.272712104268795, 0.5322944786103346, 2.221897221258606, [1]
-9.341493143283476, 1.869282219210024, 1.2908116969566095, [0]
-8.574413627382409, 1.0603824595564082, 2.0196778708165652, [1]
-9.993086872399168, 0.9657980031035485, 1.736040108201669, [1]
-9.063677154979423, 2.089164091358815, 1.5198461756277024, [0]
-10.606153741478668, 0.9526687623559573, 2.2055721499695498, [1]
-9.865439876638058, -0.6988998635484855, 0.538443431682501, [1]
-9.376138216747655, 0.3678093829588399, 0.44770803623341604, [1]
-9.610855488630778, 3.019743092540075, -0.491320304413693, [0]
-10.635659104297302, 0.9970285514953785, 0.21812285564526213, [0]
-9.246352927984221, -0.4172305286596003, 1.542186921832406, [0]
-8.729080437760212, 0.05727366158970937, 2.3273343896809537, [1]
-9.34333071686965, 0.20472278286066814, 2.097572854845728, [0]
-9.615690249412035, 1.0104642138490894, 1.38537847797593, [1]
-8.298799061165397, 1.2078058803915561, 1.7277925324179324, [1]
-8.910351076098726, 0.8345052279857876, 2.5450351187300404, [1]
-9.242026399883528, 0.43709162196218687, 1.3441222720413157, [1]
-10.22983887406506, 1.3691871619974338, 2.560197144997429, [1]
-8.890998621287467, 0.7635142846044343, 1.8362617772364178, [0]
-8.33538041231268, 0.3241291913414771, 1.5652704213021555, [0]
-9.363472600566332, 0.48005768692985495, 1.6018972864591805, [0]
-8.340656028368825, 0.07391258269904566, 2.415998658359834, [0]
-9.115037351620995, 1.5134400745470107, 1.3117070060099039, [1]
-9.031278173269891, -0.7467487558019172, 0.8997821456782071, [1]
-10.198945279910044, 0.6771996574393329, 2.278130604565151, [1]
-9.239717578219693, 0.2682354298868212, 2.4685182332753546, [0]
-9.400855631216139, 2.4064947985882443, 0.727078850059981, [0]
-9.556916854548632, -0.6650367939317552, 1.9542533157197275, [1]
-8.455434688370563, 0.37283585709424827, 0.43992915034692126, [0]
-9.47202138676034, 0.6007205464999172, 2.178790000799319, [1]
-8.860859088920003, 0.718610210571573, 2.626844463394788, [1]
-9.381099185043407, 2.089774455645032, 1.1208551411709096, [0]
-9.887722781917441, 0.5661653452527702, 3.057419597778205, [1]
-10.32231930029354, 0.7661845838675957, 0.10703755784622793, [0]
-8.801065352494678, -0.16808829060276287, 2.608153305498373, [1]
-10.609029046784105, 1.3613113042622498, 2.5387133127041372, [1]
-9.764266799711269, 0.39964504297794173, 0.5336300459774085, [0]
-10.070238609942496, 0.9006114535986156, 0.6740600927785958, [0]
-8.978070813555323, 1.0190193612613632, 2.3772904444667686, [1]
-10.145510815993685, 0.7348693451384379, 2.0650158530322886, [0]
-9.787204090854056, -0.13842051806332956, 2.046069688991212, [1]
-9.242303848612355, 1.0716255777748693, 1.3956183775982285, [1]
-9.774279251783177, 2.0116526525784595, 1.4436427133676832, [1]
-9.659999735511535, 0.9303658202408678, 2.196190840837544, [1]
-10.342960717435425, 0.6821527950212647, 2.309574014512811, [1]
-9.731104533176063, -0.058916268477061884, 2.977799285905949, [0]
-9.754352527295474, 1.8831802630981394, 1.4549243536279288, [0]
-10.216143705424551, 0.8694931372327597, 1.7825838261234423, [0]
-9.99664473557265, 0.0889629866301132, 1.958011826647554, [0]
-9.687034400438764, 1.4271315942206741, 2.2027842625838767, [1]
-9.862875102092632, 0.7359043410746976, 2.763360554832989, [1]
-9.258871818432098, 0.4938170649728184, 2.545449575866725, [1]
-9.533312715310656, 0.13165426178022505, 0.7796742714795104, [1]
-8.926973570990716, 1.114573388419322, 1.8573568988347018, [1]
-9.071562989199046, 0.6742545436296707, 1.1042458830374202, [1]
-9.316042651666269, 0.9258586654170707, 2.8260254290080598, [1]
-12.51466404835199, 1.2097730583242767, 3.3963857527986505, [1]
-9.586045743403417, -1.795618247339806, 0.3965181725095411, [0]
-9.476054613069184, 0.2515264202109758, 3.186652546888489, [1]
-9.195002270630486, 1.4592713375650952, 0.7443226496064097, [1]
-9.391411965193473, -0.5882265525097772, 1.671717906218392, [1]
-8.615588717738595, 0.6761730311268289, 2.050522348911779, [0]
-9.697515333405475, 0.2180210908940532, 1.6416306811610437, [0]
-9.643719406703413, 1.0776058135396114, 1.4388757666127443, [0]
-9.94774889261104, 1.0137632501829394, 2.5583372911574696, [1]
-9.372369175118386, 0.5891722824758412, 3.002313478623447, [0]
-8.81205636437732, 0.38122612087452934, 0.497211233155032, [1]
-9.047400097445596, -0.429893409703306, 0.824082907668318, [0]
-8.870981670844515, 0.4128883212132245, 0.7228836114521826, [0]
-8.903346022178601, 0.08663187256360194, 2.548948797186952, [0]
-8.880082704131446, 0.5845953717865358, 1.0241025471439542, [1]
-8.497705362553404, 1.5549360789050461, 1.0373463979065831, [1]
-10.669351479581037, 0.0018476731488993037, 1.050893269223939, [1]
-9.755094380912176, 1.3411807590613136, 1.8311211574733481, [1]
-9.054150163556908, 0.6934646546017151, 0.5988061643654982, [0]
-9.135697104790227, 0.8094767325469566, 0.5956429418484697, [1]
-9.710877833870372, 0.7574808096691836, 3.0033779032002297, [1]
-9.841747439698583, 1.8677975696630744, 0.3072080327615587, [1]
-8.742769062151236, 0.5893218266973815, 2.0541490274701943, [0]
-9.273219270935869, 1.16620298358397, 2.3845330293861693, [1]
-9.940434426453711, -0.39558409728130806, 2.7531644897947065, [1]
-9.187042990368152, 0.47398471067827275, 1.0188103106816302, [1]
-8.877444121656977, 1.1585089226456557, 1.3677098662648428, [0]
-9.44105066320078, -0.20979669129410095, 0.7837348682634584, [0]
-11.375433044853946, 0.918020286573239, 0.10896481007310443, [1]
-9.539220722368611, 0.3293725900150196, 3.175944016638023, [0]
-8.887291343644161, 0.9582784689542447, 0.8255506391670053, [0]
-8.69126396486273, 0.23164034738026817, 1.499669304162453, [1]
-9.612981624932026, -0.350587999972624, 2.6296530851640445, [0]
-9.563081288285916, -0.15855988115369368, 1.7763622916439443, [1]
-9.881123172831032, 0.22001634074075657, -0.14181629654971606, [0]
-10.127344976439769, 1.7263052276818192, 0.7924413310120474, [1]
-9.907712795613719, 0.40530775022344057, 1.5155134092157017, [1]
-10.591456691083145, -0.03770100818997474, 1.1310119553402695, [0]
-9.387840707185632, -0.6553874203580534, 1.6603706326455194, [0]
-10.88970218220296, 1.3650105681704612, 1.8471664417143594, [0]
-9.035965096288644, -0.6051373504503088, 0.6038920977211549, [1]
-9.589661218904586, -0.1930665833627302, 2.20196304665994, [0]
-8.60040512085938, -0.28141900062350406, 2.5407836406557034, [1]
-8.917792423634733, 3.889587920029509, 0.5447276010757491, [1]
-9.627827286067143, 0.5083181103296677, 1.8997035741531212, [1]
-9.80062209678926, 0.6927106325405787, 2.5698439175756835, [0]
-8.994197499177755, 1.5938075650872057, 1.1165730292867218, [1]
-8.497070720787457, 0.1043869956575243, 2.818371897226546, [1]
-8.985921034272222, 1.5079300774129298, 2.104458147146116, [0]
-9.329867849383584, 0.5860877429993114, 2.5010405997568634, [1]
-9.295325398101234, 1.0357994217822173, 2.1386150283150753, [0]
-10.352784603065198, -1.1177393304319652, -0.35533462014458994, [1]
-9.622371407370741, 0.42116775415884045, 1.1786658690857963, [0]
-9.2947946901689, 0.7957415100399796, 1.4239799596401677, [0]
-9.889455233806135, 0.37830957784711916, 1.563294734121999, [1]
-8.883333095495097, 0.7740769961004579, 2.6917262751479, [0]
-9.293506027638132, 1.577958410456716, -1.356321540188858, [0]
-9.062080475429424, 1.157652094345908, 1.084447489831831, [1]
-8.68387269437021, 1.2104687169507622, 1.9992429056442242, [1]
-10.265129116092032, 0.2647275240622141, 2.005772756389136, [0]
-9.284258812085728, 0.658990667297971, 2.9478394432315067, [0]
-8.765029522188954, -0.5894780791822288, 2.676639820021598, [0]
-9.165535143356777, 0.8692001858762798, 1.6175176393935655, [0]
-9.78448856590381, -1.2859943178986681, 1.1123683226730727, [1]
-10.342435750168269, 0.2712592622798737, 2.4086604895022536, [1]
-10.371442879787347, 1.1372244874418513, 1.9172158033642914, [1]
-9.780746546414017, 0.5453014955977347, 2.8580755426679425, [1]
-8.693853476933347, 0.23218793977479524, 2.3129165193309955, [1]
-9.608832250228755, 1.8751469696459842, 1.0235299736193344, [0]
-9.47958479484554, 0.3670018700278973, 1.8717512711529996, [1]
-9.261914339640336, 1.4523589418471117, 0.9827187512847274, [1]
-8.678486029642213, 1.7543273726336372, 0.69876038493696, [0]
-9.591858408361476, 0.8172621892332375, 2.156607153217012, [1]
-9.44645744247052, 0.6528275005499979, 1.5356857346857784, [1]
-9.251176176019799, 0.10713205779971813, -0.47536109132373716, [0]
-9.661919039548453, 1.712397982076486, 0.6042931784578762, [1]
-8.900307642336514, 0.9105046700375575, 1.3217154688997221, [0]
-8.750327547617907, 0.49300728384704195, 1.1794170872942011, [0]
-9.018577331147172, 0.7128884386366625, 1.7372776463995219, [1]
-9.011606407300283, 0.3900076915396036, 1.393264072421803, [0]
-10.534123576515626, 0.9709387054797639, 2.0086543378281085, [0]
-9.545949931516862, 0.3889784632209079, 2.676776617825399, [1]
-8.82108749924866, 0.8361602882493585, 2.621049174326537, [1]
-8.854402899755094, 0.5825525582779767, 2.8809585868760994, [0]
-8.620813934238601, 0.8042257838453131, 0.9628344220133899, [1]
-10.224734869840988, 0.43414968024775796, 0.3746669371850775, [1]
-9.246026141804922, 0.8426666167789536, 2.6891043896516833, [1]
-8.808954996634172, 0.7623975327683676, 2.433405962513528, [1]
-9.553367768075871, 1.1298786750953995, 2.070434381731076, [0]
-9.38679105546326, -0.0651364559205263, 0.6415150564890175, [1]
-10.062986709415913, 0.3482338206685984, 1.744280400713395, [0]
-10.178217412353563, -2.0679449458876804, -1.2353504990879987, [1]
-10.808208418910736, 0.04094671083484869, 1.863192444782237, [0]
-9.682590496772786, 1.0318840142362564, 2.2616997141537856, [0]
-8.949303133751421, 0.4079414003287549, 2.8642800428212274, [1]
-9.267094399207965, 2.4065952029543682, -0.04100275489224914, [1]
-9.575389061372306, 0.28017601777125745, 0.5778400890307086, [0]
-9.399727603221297, 0.6659902731645073, 1.5424608349069358, [0]
-9.374996994550546, -0.28667416124146294, 2.3611497425580996, [0]
-8.847757936960184, 0.6529183576060311, 1.7367371480448823, [0]
-8.799416300901667, 2.0273379171376726, -0.9771011360329392, [0]
-9.24169532614122, 1.0783352974088953, 1.5627779509016673, [0]
-9.26669368139807, 0.13492688084925883, 1.7969757767245393, [1]
-9.761327580452049, 1.0442734311813688, 0.5969079116521043, [0]
-9.830719344759176, 1.0739654974834263, 1.7769119920045768, [0]
-9.305431779231194, 0.7663158954180881, 1.5330011413352584, [1]
-9.311751583111025, 0.4741148613203121, 1.2323106743584513, [0]
-9.330435689694884, 0.9008610640969898, 2.4862071048824674, [0]
-9.498183309578826, 0.2519506523771351, 1.2887765792433203, [0]
-9.637632551431317, 0.8835095773496214, 1.5888716456420282, [1]
-9.173823436346991, -0.06020244793955998, 1.7878627589038096, [1]
-9.511906061953336, 4.207309061172966, 0.2779370254575092, [0]
-9.414047556060181, 0.8335467024144477, 1.838646671218458, [0]
-9.687425639034847, 0.4142205958071914, -0.37009043580103496, [1]
-10.79883159953461, 1.0742990984088676, 1.4465981567013033, [0]
-9.898093238464941, 0.8323836879611723, 1.8622601507981753, [1]
-8.778024014059788, -0.3052881578122024, 1.7947117566193964, [0]
-9.865140760706062, 1.3981007615991037, 0.4189670403061109, [0]
-9.465025901929893, 0.11155488335840591, 2.3392575832815297, [0]
-10.34080169461072, -0.27379785059591205, 0.4217214787897958, [1]
-9.32020243224164, 1.5052857452879627, 1.8554929110678764, [0]
-9.519386500050699, 1.1477270488556848, 2.2836678438919185, [0]
-9.704184948241705, 0.5243721824725949, 2.674670345011414, [0]
-8.614688747965467, 1.4631374971151532, 1.1383020916235917, [0]
-8.949917173702074, 0.12234425650319032, 1.9669869026387348, [1]
-9.407295928252212, 0.9532205653095142, 2.3457203078908697, [0]
-10.430085248563541, -0.45079163070842126, 0.8147529601327831, [1]
-10.038280186421881, 1.5976011588278807, 1.539051154488574, [0]
-9.453691198800106, 0.7178072323204576, 3.260063925477509, [1]
-8.81361119586787, 1.2310503134113122, 1.8774375721702974, [0]
-9.234774009258535, 0.46492289089565764, 2.452121964035485, [0]
-9.163949101792658, 0.6307686967393322, 3.4424417570896937, [0]
-9.594579193909865, 0.4134216861947202, 2.258024191283956, [0]
-10.080293795510537, 0.14101079681185374, 0.7273714618806462, [1]
-8.961706722690714, 0.011795441939549262, 1.6840316877844406, [0]
-9.105221190502528, 0.4787791842925211, 0.48593824351522746, [0]
-8.909751282988106, 1.0730506383188723, 1.994714779846324, [0]
-9.277570581537635, 0.14714471856839706, 1.949404876033338, [1]
-9.6713808128059, 1.1737006789038813, 0.8998381982444972, [0]
-9.717506995795006, 1.0328401919864851, 2.109632702697068, [0]
-9.524882301845285, 0.6273561890815812, 2.539887837829321, [0]
-8.829547353581559, 0.016668711144597004, 2.1710004911026313, [0]
-8.742424832433437, 0.7280376479284294, 1.6769380000880436, [1]
-9.576735037970247, -0.17583306203172322, 2.1184520419208437, [0]
-9.719757884566498, -0.0864557120865217, 2.213669726541171, [1]
-9.088973265919948, 1.7651051258971089, 2.323067798438963, [0]
-8.899227112476643, 1.2249777899568022, 2.3437512843580723, [1]
-8.996948118918079, 0.9856856734976318, 1.8314507357680307, [1]
-9.749064862604957, 1.4822773984664352, 1.5962305377759543, [0]
-9.153865229358294, 1.5687596619102342, 1.437979711143996, [0]
-8.61570737258776, 0.5463779556196172, 2.7261730197289227, [1]
-9.557419257108965, 0.074025066133796, 0.2166410441794776, [1]
-9.263452624225696, 0.18284093055255307, 2.645473663917411, [0]
-9.363756706186459, 1.9619781658851896, 1.6263259474343805, [0]
-8.994073200291462, 0.261931427601408, 0.6185861829256458, [0]
-10.317320082359112, -0.33551593610794994, 1.2049169678002196, [1]
-10.075358176514094, -0.2953345777049592, 0.38768210957972693, [0]
-10.579751735145669, 1.497210208955634, -0.6503087714407954, [0]
-9.837843027933117, 0.6421508049674943, 2.6055626143216983, [0]
-8.810420759115356, 1.659860026177423, 1.7236122071269688, [0]
-8.789688571379498, 0.6742177018043632, 2.2386568118266794, [1]
-9.83038583183304, 0.44301492086865474, -0.0570333774781806, [1]
-9.248225405902081, 0.6293576728706411, 1.1805090686429907, [0]
-9.585768336193377, 1.0621273958699242, 1.8377127031224458, [1]
-8.793939458220304, 0.18519426178704096, 2.194819574124232, [0]
-10.04896669221833, 1.1614551613288695, 2.1611984756227804, [0]
-9.057820723179763, 0.9729480885567047, 3.394425287066875, [0]
-9.067069833825615, -0.2630233258166788, 1.2268806773124603, [1]
-9.578292044453836, 0.21697099923336127, 2.3864885965211933, [1]
-9.26832571720701, 0.08009793038743473, 2.783820225392703, [0]
-9.185286441175982, 1.1265196146429572, 1.1133919187385688, [1]
-9.938227392551727, 1.6539585740149105, 0.6971796051006711, [1]
-9.487567156580072, -0.0832649446262147, 1.5082757791786165, [0]
-8.804516693481812, 1.7672669473758627, 1.7256680334831547, [0]
-9.62142059220893, -1.3415417475305575, 0.29964163701418944, [0]
-8.581146078841014, 0.658253183244571, 1.4872804787399767, [1]
-10.093014618076303, 1.1721735311706083, 0.8061990600544491, [0]
-10.317803105336644, 0.8064150578426802, 0.56570144643542, [1]
-10.091364071864348, 0.14086494383041773, 1.9358237954809625, [1]
-9.375638958745766, -0.03699467227005737, 1.265937749047753, [0]
-8.685669611245437, 0.6971366355832787, 2.335274059130585, [0]
-9.829036128833508, 0.44851602064679563, 2.3862584932937274, [1]
-9.441722892177312, 1.2033454310779095, 2.2513008187757695, [0]
-9.229005632785007, 0.7762736939105347, 1.463529810406852, [0]
-9.359845238149239, 0.27841512841156557, 1.9708881094834398, [1]
-8.536312073165256, 1.5838470777553968, 1.0938649639467082, [0]
-9.560364687543931, 0.9336736253755569, 1.785975776959931, [0]
-9.866990166772236, -0.27380249953384467, 2.1104068796067885, [1]
-9.672384062054032, -0.015051553352231295, 2.158561407427496, [0]
-10.572838126834815, 0.1990187725163035, 2.77161820287919, [1]
-9.415095187143965, 0.47089440037093, 2.261968220000642, [1]
-9.160429017280554, 0.9396118544394566, 1.3347873779327344, [0]
-9.575785027085718, -0.21732833766707782, 1.9381220856794585, [1]
-9.628337377247465, 1.8260989686521887, 1.646904591080018, [0]
-8.974725498006162, 2.7321012440739274, 1.049684642301978, [1]
-9.792073236577783, 0.9668542286543186, 1.7794675991004054, [1]
-10.002531803137774, 2.231567963987577, 0.3980098381298026, [1]
-8.758382169858368, -0.47784268519262363, 0.08761479414439655, [0]
-10.783560120985184, 0.5329026613757398, 2.2869127970244656, [0]
-9.759947123275, 1.2112763449977029, 0.8523289367157434, [1]
-9.206593702144579, 0.6494765399498355, 2.647111283278254, [0]
-8.660750183373217, 0.9094488656440525, 3.1150314114317146, [0]
-9.070116808730413, 2.692837750595423, -0.5197946992526408, [0]
-9.931928754517248, 0.40566827606475686, 2.4018874054058865, [1]
-9.15490036680094, -0.03197575812393483, 2.822182628940221, [0]
-9.171091977354097, 0.4718290166157769, 1.7145782272179444, [1]
-9.91765127014767, 2.64165263975904, -0.33356283359484357, [0]
-9.349735501739069, -0.4052361841378118, 0.9560468294078321, [0]
-9.372277834231232, -0.09221608821641603, -0.4070557230563585, [0]
-9.115900589311236, 0.4457542321965012, 2.515050657877831, [1]
-9.343834302857726, -0.45312040481291915, 1.0659756853117726, [1]
-9.8479361502179, 1.5905573129667052, 2.800552182601974, [0]
-9.198886296844476, 1.0446481630420799, 2.329852267862532, [0]
-10.679838621487901, 0.8061340538558432, 0.23185318903354857, [0]
-10.057655584858642, -0.37945001235036, 1.4401136950002158, [1]
-8.911740272428863, 0.479726073741093, 2.8216787300138737, [0]
-10.185380247526084, -0.2457900636458974, 1.050365882956223, [1]
-9.957468121773381, 0.9863256855396301, 3.0344891535589316, [1]
-9.483606838169118, 0.8825315324738496, 1.8319906824433096, [0]
-9.074088803133883, 0.7835085500077348, 3.0664697243312933, [0]
-8.945471521605832, 2.093625602546959, 0.6600029627672317, [1]
-9.376553584564038, 0.6822476411290241, 2.3059857200731653, [1]
-8.707689018505421, 1.4563434026233155, 0.959034446201716, [1]
-9.407262281511551, 1.0165317038330286, 2.8377349803829466, [1]
-9.35688021415597, 0.05138967516479026, 1.8410851575373695, [1]
-8.925203039217392, 0.4630150679312266, 2.0325261270487616, [0]
-8.704182965242316, 0.638256296577204, 3.004843696959812, [1]
-9.911460280397849, 0.4602672214062974, 2.329348300894507, [0]
-10.45187542969153, -0.09635023124583375, 2.43438222279413, [1]
-9.927165551474495, 0.7184083928738103, 0.12381637641911858, [1]
-9.811369568243963, -0.13656546645829798, 2.4657157422971308, [0]
-9.83831381257072, 0.21434209117657832, 1.4042824473899869, [0]
-9.700087540300306, 1.3760030782708703, 2.753251666705049, [0]
-8.724653180691686, -0.6168105481374976, 1.1378875326141649, [1]
-8.551064881695607, 0.9897275140034507, 2.403530890328148, [1]
-9.837715492101106, 0.5966014004219709, 0.04537576208640992, [1]
-9.610413212407355, 0.23266918885782012, 1.2317212315267947, [1]
-9.249397472440995, 0.7112364020287418, -0.0348313214864403, [0]
-8.841716136023747, 0.5862216957116926, 1.9363060348653427, [1]
-9.498301305076147, 0.4183197068500494, 1.9374310522236136, [1]
-8.71014231128659, 0.3053654638764264, 2.3357441059932724, [1]
-10.697168607128326, 1.5322291695347932, -0.423787319877278, [1]
-8.433704380480997, 0.4438148181496467, 3.263707841538752, [1]
-9.702717400601873, 0.4798955292662477, 0.8708879904027261, [1]
-9.612688594078962, 0.5844308540052054, 3.250602097120822, [0]
-8.834246692487614, 0.5384035464831302, 2.3403545798542638, [1]
-9.749454774876462, 0.5665150766989783, 1.9340908265688561, [1]
-9.882033849142262, 1.1690433298219314, 1.1467353210519473, [0]
-9.584473723942706, 0.08625810175223902, 2.0442378871854086, [1]
-9.72733289017978, 0.640142717005452, 1.3029369773890311, [0]
-9.023830298329392, 0.6486477877044505, 0.9645740057672478, [0]
-9.04704234819136, 0.5656655961612919, 1.804069621077848, [1]
-9.899895067837084, 0.8456380896332156, 1.4680636916102698, [0]
-8.513513777239716, 2.285724123573745, 1.0800458280692256, [0]
-10.218696976947706, -0.6228939738040595, 0.13893672150240355, [1]
-9.936943450428066, 2.4848558547907738, 1.2011528850866604, [1]
-9.535955372350363, 0.8289898139654557, 2.330701401156045, [1]
-8.769163460219634, 0.8993073772132334, 2.5644450052735746, [0]
-9.03735546882838, -0.30827034481271753, 0.6976508135942763, [0]
-9.009218172551801, 0.6745515749985559, 1.5662703221964946, [0]
-9.082066321634086, 0.22317615759447082, 2.466718675235374, [1]
-9.736317128625258, -0.006583518431747065, 0.8265101130451478, [1]
-9.386441337921294, -0.3513800850595503, 2.0485702465298363, [0]
-9.335414711319482, 0.5123030605849558, 1.135308272630129, [0]
-8.885489377982683, 0.3011239799302149, 1.6772200657326721, [1]
-9.526376595340336, 0.567685671490847, 2.1323272063934113, [0]
-9.487603454209141, 0.991633208697523, 1.6140220864999555, [1]
-11.455020217608386, 0.7980467434341253, 1.6793696446707902, [0]
-9.159896478051975, 0.460971184364002, 1.187433797641869, [1]
-9.94489671320913, -0.25709022271534376, 0.4357544250385521, [1]
-9.332090153653253, 0.2438155753343767, 1.8996557593970163, [0]
-10.099312109330286, 0.3662056511248326, 2.4565069187895032, [0]
-9.125446362237794, 0.06509454916940127, 1.9327250573739911, [1]
-8.660931283818933, 0.9025872986130099, 2.717791416665119, [1]
-9.403440710186308, 0.7792857140726384, 3.116063600315674, [1]
-9.234580041893267, 0.837039353692826, 1.6562008041735021, [1]
-9.009557514625412, 0.6227270166242864, 2.789667530887019, [0]
-9.542881740935803, -0.004652943597615922, 1.323340913159071, [1]
-10.22488518731849, 0.05327532960749104, 2.926428567902521, [1]
-9.336933592257136, 1.3906436944073175, 2.6225918392740653, [1]
-9.346466042710356, 0.3441581631005435, 2.572352362075042, [0]
-9.432149055358245, 1.4887377694887802, 1.8316052381713614, [0]
-9.788984743199558, 0.8329410699945229, 2.485655357980445, [0]
-9.425687155138354, 0.6253377320758329, 0.6086569630215705, [1]
-10.451551881130756, 0.9791540621258993, 1.586972342044013, [1]
-8.423974974604437, 0.529796334199436, 1.3201712296919608, [0]
-9.634766315346175, 0.2572630806076367, 2.348132693381699, [0]
-9.268392124001316, -0.9829521493256757, -0.17758313824259542, [0]
-10.179354785747693, 0.24391708843822751, 1.9111858098084586, [1]
-9.603264085775093, 6.526556207746778, -0.8986276222041254, [0]
-9.382522207184108, 0.03375461530109783, 1.6697049102104193, [0]
-9.32687091284711, 0.11837336366831724, 2.401780291393133, [1]
-9.853796029680234, 0.1902148038922221, 1.0003728320097767, [1]
-9.527709840238186, -0.4119985164886293, 2.0561967037384457, [0]
-9.39827024806658, -0.8267458617653396, 2.0651278386269363, [0]
-8.88704220624327, 1.4778243535294187, 2.819790642607351, [0]
-9.829755051333535, 0.7802585547143273, 2.3909589807495295, [1]
-8.59243925176885, 0.7050890923430256, 2.4171363263541026, [0]
-9.845482830942027, 0.2843115295752605, 1.2228241225572645, [1]
-9.564493102234687, 0.10444010125621744, 0.8247037561372358, [0]
-9.352404284226871, 1.228639349300638, -0.17596191066146272, [1]
-9.5823753414909, -0.1510131465647382, 1.0366256204633069, [1]
-9.164038703638575, 0.5449168652525056, 2.1486537480253807, [0]
-9.280337551893776, 0.6877688125218508, -0.2714350963859644, [0]
-9.276382133447216, 0.030841056590581006, 1.4172515036829283, [0]
-8.890295210833246, 0.36591796988906566, 0.4643472655179126, [0]
-10.562968374621546, 0.5971241815157337, 2.3676067763195943, [1]
-9.690542049370881, 0.4356910797114465, 0.34485055083127225, [0]
-9.836679859201396, 1.2087254274868207, 2.573111443286593, [1]
-10.002846146041781, 0.8003497961795157, 2.195713221998565, [0]
-9.195467324336787, 0.07779198999029768, 1.3475512344877134, [0]
-9.411901341726155, -0.31529004192986076, 1.1202172628128257, [1]
-9.150306191013227, -0.7593207658204446, 0.43418413360411406, [1]
-9.684104321390892, 0.5910237975519579, 2.101651363013799, [1]
-10.1118199936489, 1.103428841474512, 2.828135195505274, [1]
-8.675122937535223, 0.4200470081686819, 2.040330867277518, [0]
-9.063777900007864, 0.9513736319321682, 1.9914755285872685, [1]
-10.133833800564007, 0.6713884268709287, 2.547458745278739, [1]
-9.052070372579534, 0.7718358515897306, 0.8335364363536082, [0]
-9.690385932856444, -0.8804237179611081, -0.2314410352802826, [0]
-9.849097579892554, 0.10369979615041913, 2.036386863831165, [0]
-8.989337686408117, -0.730706354256806, 0.5141003872014525, [1]
-8.9895008911768, 0.13029016023141266, 0.6547236092423335, [1]
-9.487655204108197, 0.733618185588686, 1.282763739176329, [0]
-9.417909968990283, 0.6294174834076617, 1.6202556718870198, [0]
-9.309845255388703, 0.6035203092176618, 2.5443142179146583, [1]
-9.967476582048072, 0.8611537772503973, 2.1963366365980255, [0]
-9.080283633927356, -0.22467876367637885, 1.9742840177524021, [1]
-9.240821579873401, -1.8997894897287935, 0.26331115231453595, [0]
-8.81229719803644, 0.5090781558044446, 1.9278038952683298, [0]
-8.577486337440453, 0.5672689177127883, 2.1150279688677696, [1]
-9.38837011468815, 0.5222228163743277, 1.6956564750875673, [1]
-9.613564428298456, 1.3036288535723843, 1.759461224088054, [0]
-9.989405372870136, 0.7042021313386739, 1.0039761958275695, [1]
-9.667370643379048, 0.2857733561365336, 1.5089847167381327, [1]
-9.920376795932158, 0.2062167987295408, 2.1301811529778805, [0]
-9.46690673987969, 0.8969777465583955, 2.3705854899633216, [0]
-9.37593082131091, 0.489692435553984, 0.5931527285984498, [0]
-9.252949888980817, 0.05672296740707272, 1.827279904537442, [1]
-9.92271506889432, 0.21186153682053033, 2.676192482013731, [0]
-10.220939333490096, 1.0762828220988816, 1.8132779287947358, [0]
-10.204817497396132, 1.4431272768466166, 2.756929834888279, [0]
-10.35095656835861, 0.9858695167784064, 3.0471807759203564, [0]
-9.983574262396859, 0.6033231284749501, 2.0713210510290185, [1]
-9.050331124713768, 0.963126834762511, 0.7329620411768536, [0]
-9.603952409234783, 0.3578821419456957, 1.6452985460793856, [1]
-9.229800583170894, -0.8611984306510374, 1.8120248261179717, [1]
-9.913168998314326, 2.19464014352426, -1.1337447916749788, [0]
-9.86817582323854, 0.9721493661243235, 2.122447993110574, [1]
-9.442184672544935, 0.6531148852729439, 2.331127658344633, [0]
-9.419757283582983, -0.012442101724448928, 2.459893639663858, [1]
-8.701997266932478, 0.5209028200792507, 1.755638600998066, [1]
-9.536055615830431, 1.056114986751337, 2.016702239994098, [1]
-9.8739549786352, -1.9770912590877154, 0.23896485034276704, [1]
-8.87808402235297, 0.13372696569076714, 1.8662917650788544, [1]
-9.283590798490692, 0.49344488242634194, 2.353199419740581, [1]
-9.52107933704227, 1.456393672983031, 1.1329427472582905, [0]
-10.466623082772516, 1.1360923772162501, 1.7085996359007156, [1]
-9.660039263372152, 0.5445205196266868, 3.193835151806339, [0]
-9.631565181578258, 0.039057241204159515, 2.9120633154489295, [0]
-9.178168299672347, 0.8576184092343144, 2.176147556694405, [0]
-9.545817644992692, 0.7281978432912488, 1.9990643215524633, [1]
-10.508448169232347, -0.3125326639817855, 1.882681091238367, [1]
-8.451065583783532, 0.6600631036945432, 1.1611665661544495, [1]
-9.308726934232439, 0.6560220560760012, 1.0469222550611221, [1]
-9.02139164372693, -1.4885129502920678, 0.4574319280409682, [1]
-9.75439835766721, 1.00031232501884, 2.8112137000346467, [0]
-9.13999569197091, -1.1156829895038216, 0.585600681101075, [0]
-9.912528568582195, 0.6049890845622226, 2.5792299598674884, [1]
-9.136279980670173, 3.0907270048555446, 1.1776732259228357, [1]
-9.72326766951743, 1.4339539856057182, 1.7061347294192268, [1]
-9.474241335709408, 0.9333643004121184, 2.0651028779361664, [0]
-9.689398747124494, 0.8239121732510759, 2.27483144687211, [0]
-8.680515263299544, 0.24216837101565125, 1.618441520613783, [1]
-9.591796926026747, 0.8764907174680969, 1.5292558208648128, [1]
-9.063862644176403, 0.8473213406193586, 2.8285751127563334, [1]
-9.747554541098657, 0.8424255111071809, 2.3049265017701144, [0]
-9.357451735121042, 0.79704232576604, 2.1593655940350827, [1]
-9.518081390794409, 0.4180325750388245, 3.0141151786920055, [0]
-9.05083106131867, 0.8145567007876352, 1.7671564216289892, [1]
-9.519450500595196, 0.653399903031316, 1.8505688547180776, [0]
-10.330024000478506, 0.6331992713417329, 1.730721795600099, [0]
-9.738068758167998, 0.2251374851801562, 2.027767588870886, [1]
-9.0267215739704, 2.220276279463484, 0.23827141361261805, [0]
-10.265432499176251, 1.1955589024061437, 1.2457208414009389, [0]
-9.841685105538103, 0.6952056035561744, 2.371378179516296, [1]
-9.258346313194735, 2.1602945269146314, 1.1104297014317461, [1]
-10.982344933636679, 1.1416802582714733, 1.555631414972345, [1]
-9.694590150691743, 0.5863605082456489, 1.484468493401868, [0]
-9.127400132112424, 1.0769560655483608, 2.9477565184993315, [1]
-9.881072125364245, 0.4585533342975734, 2.086992609604594, [1]
-9.09332335782881, 0.8424372676406859, 2.1784002908933124, [1]
-8.99016940010974, 1.0778070412344691, 1.3226024695277232, [0]
-9.50004733446984, -0.31558027771419106, 1.8087666244671876, [0]
-9.306456496464245, -0.6345208977151997, 0.412421739735489, [1]
-9.756692879474606, 0.6700882378918886, 2.79904686387424, [1]
-9.503721035111123, 1.8131353510149528, 0.5639722125082793, [1]
-9.0254419350699, 0.5885155820982685, 1.7978807665907204, [1]
-9.337515885359437, 1.5295595622735176, 1.9020591939643487, [1]
-9.029822828346159, 1.3986145240001764, 1.1632889283880976, [1]
-9.016646078265342, 1.1386662031182397, 2.383287667798702, [0]
-9.388110289194229, 0.7874774303178949, 2.164220711258751, [1]
-8.991176979104546, 1.7358563311235664, 1.1540985349924007, [0]
-9.067036157056615, 0.9185803307726932, -0.3192767972967455, [0]
-9.108386380940589, 1.6163180019737053, 1.7021839901080953, [0]
-9.372366476760345, -1.7955964740501273, -0.5002372508008578, [1]
-9.686634169359007, 0.029623873307280446, 2.32915679705621, [1]
-9.3525465372948, 0.7808494723948689, 1.894870412439108, [0]
-8.813758886103857, -0.33247449603549106, 0.943815446005128, [1]
-10.334647679479335, -0.019023885150092512, 2.3917660727023975, [1]
-9.561144371406789, 0.6528149279675757, 1.5153303936525422, [1]
-8.991737316690017, 0.4582528837398614, 2.676455572166629, [1]
-8.779545682036392, 0.8172689352359737, 2.028384783081461, [0]
-9.052518514370428, 0.5453107968083792, 2.9042069546533287, [1]
-8.921358057945431, 1.306335431378439, 1.7093325613287291, [0]
-9.856699089680358, -0.9369464405246632, 0.43862972570757464, [0]
-10.380875643187728, 0.3612109557992622, 2.244208203170411, [0]
-9.023285030707065, 2.3566572032286315, 0.6208186855608553, [1]
-9.328762369331937, 0.7845472258591604, 1.6781584961379352, [1]
-9.19233734049699, 1.2809992427855423, 1.5801552335989955, [0]
-9.256778458626261, 0.7660091572418362, 0.6250558514841477, [0]
-9.819916416698575, -2.557525747809926, 0.5471289779811722, [0]
-9.671796874395234, 0.4210383721210358, 2.0494912405281984, [0]
-9.651680001469456, 1.843487918023261, 1.3088170017147702, [0]
-9.490870370017308, 2.5730557987345763, 0.7417820874531729, [1]
-10.86482421688609, 0.08129662106016466, 0.6907468065884664, [1]
-9.00635211610094, 0.43214279993978144, 2.638270132139484, [0]
-9.74541525717523, 1.0718399390306623, 0.9415379393976099, [1]
-9.46668651472996, 0.8775068685840666, 1.4184812283384316, [1]
-8.602062921086445, 0.40180361375266127, 1.5164422221543172, [1]
-9.264194589861635, 1.0735113145203004, 1.842005680323971, [0]
-10.068480637485003, 0.41752345597046775, 2.5749117897897547, [0]
-9.472397734192562, 0.5548145894530421, 2.106333786027654, [1]
-8.741663892354492, 0.3959221189906425, 1.523300581844397, [1]
-10.009772816079238, 1.1976827153797835, 2.3443431861552724, [0]
-9.216392705145726, 2.293631969262649, 0.644023320766316, [1]
-9.721722331307395, 0.35422100517736044, 2.216594146018442, [1]
-9.823446232373877, 0.7961262087774338, 2.660238707622806, [1]
-10.054076802404154, 0.32064324990874354, 3.172449474315033, [1]
-8.97318046625707, 0.881379356292086, 2.4000343311532597, [0]
-9.20073243082513, 1.1877902221508636, 1.7724964115399087, [0]
-9.121209880872206, 0.48771892434404307, 1.5798029897436965, [1]
-9.362402121597627, 0.31477476534097315, 1.9817296547691357, [1]
-8.966331301027408, 0.8045975032128203, 2.5152798817875066, [0]
-9.21064874628668, 0.08500459546255235, 2.4784819042048327, [0]
-9.038865649118677, 2.2074495847332387, 1.1074869470782418, [0]
-9.06475626025784, 0.990593607082384, 2.1585422915437666, [0]
-8.712084742264441, 2.875778516896906, 0.6982689849430362, [1]
-9.540761160676933, 0.8173106841616469, 2.556230382216601, [1]
-9.131624749607957, 0.3731592256375486, 2.537678219196658, [1]
-9.846032555643578, 0.4011876638805132, 2.394365143007759, [1]
-9.145946022914657, -0.21349135957799747, 1.3699502496696119, [1]
-9.255758510478373, -0.10405696935481068, 1.0340421985870851, [1]
-9.70163058348065, 0.14356546620874067, 1.6673812609556038, [0]
-9.169893474442382, 0.2821681755672626, 2.423329634396358, [1]
-10.091635918594683, 1.0239939306136976, 2.590428886338693, [0]
-8.865188617533153, 0.32325039655529564, 2.589066308387303, [1]
-8.844014970014358, -7.631460648575006E-4, 1.9708359999453955, [0]
-9.279889279155636, -0.2345084487233633, 0.5494477862837361, [0]
-10.109769526298669, 0.05851348102744325, 2.476341703500265, [1]
-9.708858478009672, 1.1425482240184928, 2.375339956440441, [1]
-9.893918527426324, 0.6811384533071703, 3.173587083536811, [0]
-8.877840089965623, -0.1459593501936722, 0.49762020444847227, [1]
-10.078206548130584, 0.5109662895581395, 2.5515256311633636, [1]
-10.075838428644294, 0.23554512287253387, 0.5266791878108317, [0]
-9.065101646758581, -0.003939714867929378, 2.280735291713834, [1]
-9.196295223011996, -2.3102005420368483, 0.022499866976737337, [0]
-8.92892301423262, 0.800210772137298, 1.6363674070488337, [1]
-8.968759800654176, 2.8640292551347493, -1.0227578007502414, [0]
-9.826200025008761, -0.11679373831627032, -0.950831859912549, [1]
-9.231443745104832, -0.7534065080185997, 1.5535751340722745, [0]
-8.61351287850829, -0.5427232916138724, 1.3501699840184593, [0]
-9.625952540126134, 0.12714856873875358, 2.025771559043136, [0]
-8.766078075840523, -0.2394237749021182, 1.5646256981516529, [1]
-9.401347731530256, 0.7079211763096895, 1.2425447680027282, [0]
-9.583998386852189, 0.1662477753995018, 1.0041875781895122, [0]
-9.216897591327845, 0.1164987261491841, 2.5281036170415265, [0]
-8.55269133749636, 0.4593085324924713, 1.9631687582873973, [1]
-9.510389952750367, -0.8115742281685658, 1.76168227661507, [1]
-9.295103501848306, 0.7678538331345368, 0.5845336701219456, [0]
-9.75671596468269, 1.4306905834345767, 2.281258018718545, [0]
-8.861227711749654, 2.4848574033981325, 1.1085248362583822, [1]
-9.606715866785695, 0.7681445789918968, 2.2760623217093885, [0]
-9.42097432420135, -0.4824216549430775, 0.8401611884249538, [1]
-9.125476691943724, 1.0429225350975502, 1.4774144280586634, [1]
-9.139653861365794, 1.4848356427066218, 1.9582079301400248, [0]
-8.671936721147395, -0.43121277678919995, 0.98306511781341, [1]
-9.43446108593917, 0.8978703902329689, 1.6645958753778305, [1]
-8.79069307479196, 0.5776960654675599, 2.316904756450108, [1]
-8.731496738097912, 1.0951420971916868, 2.4387068188026233, [1]
-10.079610897042231, 1.0801152395103735, 0.7759289093790546, [0]
-9.229432119782603, 0.4309085226718824, 0.6069949754392744, [0]
-9.370479973132815, 0.5963125066606334, 1.9972345888931051, [0]
-9.858950361651116, -0.21181400936959865, 1.4445162953921349, [1]
-9.529754524665014, 0.7182765152826638, 1.7080866206000542, [0]
-9.509348321177347, 0.7061166310982308, 2.4819256347778587, [1]
-9.720720183492332, 0.92175398538284, 2.780121001274197, [1]
-8.97120701238675, -0.30192005855970616, 1.4188021836021543, [0]
-8.994428097314442, -0.24520126149517885, 0.38581178979972125, [1]
-9.143509982516038, 0.785308281054612, 2.0045156525920524, [0]
-10.399161639239473, 1.1275817523316483, 1.957800707275782, [1]
-9.347278778191646, 0.31819119234211224, 2.2398299176896286, [1]
-9.124300285094469, 0.321910796142754, 2.4275620342118667, [1]
-8.715166122757442, 1.6916745817111563, 0.8828195252564355, [1]
-9.190045542527317, 1.306726079681309, 1.5476530583202717, [0]
-10.419023467303047, 1.644084378787678, 0.7407462739758568, [0]
-8.387797913135287, -0.2166272282706746, 1.1677841025681106, [0]
-10.29972542462098, 1.2670630279031254, 0.8725259870579282, [1]
-9.380113813706355, 0.9568897779381528, 2.973842989374052, [0]
-8.978645375442156, 0.5034162471889043, 1.4088255368325717, [0]
-9.053992759223881, 1.3071974795948802, 3.1678275481247615, [0]
-10.168393823656661, 0.5234077149632499, 1.1488217788035944, [0]
-10.157995698603735, 0.8163412505163081, 1.2864540486262845, [1]
-9.628925380063553, 1.3401442066112146, 2.594823471433394, [1]
-8.754836378473215, 0.7011207631476921, 2.068069759058008, [1]
-9.553515894022672, 0.16765274971723243, 1.576225890343391, [1]
-10.87990234768478, 1.0023925511821112, 3.1299598196365745, [0]
-9.874983526485567, 2.720137577425473, 1.0506735380446592, [1]
-9.62463209550354, 0.9217577530536829, 1.813197231869627, [0]
-9.03716478422288, 1.3145200907623265, 0.33923271455472925, [0]
-9.367493497320067, 0.8588134682101793, 2.279599313665113, [1]
-9.542009898263307, -0.3372303392656011, 1.757146023966838, [1]
-9.628336395892202, -0.7060608573016013, -0.2812249590278894, [1]
-9.62885204035831, 0.4384400739652265, 1.1333003790455838, [1]
-8.535195667392548, 0.20601547474571413, 1.3428973963620856, [0]
-9.673717907221894, 0.2737125048994195, 0.9811363417914436, [0]
-9.015929647714204, 0.5925512758958178, 1.9632574181180245, [1]
-9.594707158356846, 0.14785290465351175, 1.6197628739748522, [0]
-9.28782439061428, 0.9138743529931208, 0.7863023295849023, [0]
-9.277415641809526, 0.14237072613307494, 1.5387983957987534, [1]
-8.960826078444002, 0.7873846452778592, 1.5499268420053962, [1]
-9.677075972687078, 1.142601728810212, 2.61974913933106, [0]
-9.167064001923599, -0.37151099177952046, 1.690466137615362, [0]
-8.418632772373282, 0.7845261320820733, 2.2136699328460385, [0]
-9.106840278667972, 0.6753385507832028, 2.6378038561112183, [0]
-8.953758854386605, 0.631137377069422, 1.9314234985772822, [1]
-9.579616095536371, 1.1145420015902192, 2.58891285665102, [0]
-9.159168031382258, 1.9424156121107092, 0.8500025283022938, [0]
-8.97517869556574, 1.1845458260421726, 0.48677284889976585, [1]
-10.494221055026522, 0.30775690856690585, 2.016674169330935, [0]
-8.63914179310314, 0.18548447694105352, 2.493167424150048, [0]
-9.199763376863332, 0.7810239016767792, 1.892012686987118, [1]
-9.534212694036551, 1.1195532235740955, 1.851678896850245, [1]
-9.783885565454614, 0.23464694855343093, 0.8456276028576744, [1]
-10.350107676773609, 2.350210567566571, 1.8459466480474498, [0]
-9.968727472446771, 0.3657606624363384, 1.4787558034805448, [1]
-9.386409121774921, 1.071294828195195, 1.9865100047384845, [1]
-9.08975930677061, -0.03949648298253666, 3.1660801761511945, [1]
-9.828005606538802, 0.3570708913761195, 1.268728513201381, [1]
-9.817410717098538, 0.5571765458020859, 1.6560739995449032, [0]
-9.174234310390883, 0.824362931758816, 2.6349168976911774, [0]
-9.39710510109485, 0.8474336363828857, 2.720893177806188, [0]
-9.926230887127977, 0.18608398643514745, 1.6085614634383383, [0]
-8.724844460027407, 0.7684523290532074, 1.642421595056585, [1]
-9.384734892608503, 1.1857627134162492, 1.7663245712506426, [0]
-9.671830109971747, 0.04819496788922528, 1.6891871858927596, [1]
-9.369936462045628, 0.5127850792207965, 1.5667221226171206, [1]
-11.153898647644924, 1.2341510831469042, 1.3737253481391913, [1]
-9.504706308041877, 1.5277510506751475, 1.684211067561256, [0]
-8.558744671775486, 0.08561310289496327, 1.274505263878383, [0]
-9.44701273129608, 1.093242403990054, 1.9335639878274602, [1]
-9.518841787111866, 0.4224065068160454, 1.6561201783962174, [0]
-9.14568107810788, 0.7974499302513862, 0.7473458236745487, [1]
-9.291272922752903, 0.6206919839626935, 2.0021103639491953, [1]
-8.948594777865148, 1.9470773499200855, 1.752727377296128, [1]
-8.302462117715484, 0.1488357191350495, 1.5417529506878482, [0]
-9.644483683798638, 0.5913696614761569, 1.2067293991500643, [1]
-9.167989061548766, 0.7887327524750221, 1.1215130207248138, [0]
-9.951357481644463, 1.2253155471061596, 2.0675546963500944, [0]
-11.347251599836119, 1.2000427761099854, 2.2720146144740023, [0]
-10.255675627935672, 0.9712043885801469, 2.641878171916616, [1]
-9.890233384314914, 0.9497717336338296, 1.8102248428714012, [0]
-9.195201681515082, 0.6473910973704708, 2.236542256387068, [1]
-9.524453932444992, 0.608902134478003, 0.8940957965198866, [1]
-10.440466916181855, -0.4676805853394344, -0.33092983523741165, [1]
-9.68882428877056, 1.1402287704625635, 1.1491669329961796, [0]
-9.826249668699422, 0.2353994816567523, 1.455849907451473, [0]
-9.307870238630073, 1.3506323288347821, 0.7465573480433414, [0]
-9.007338846167904, 0.03306862505068309, 2.5655789810703684, [1]
-8.288643148841134, -0.5110867746620906, 1.1814994370095357, [0]
-8.902031309083386, 1.083549329277508, 1.3958023397941282, [0]
-9.54064954016156, 0.2468367636032531, 1.7690869993527496, [1]
-9.049851195369571, 1.406131805795868, 0.1680449828360075, [1]
-9.554458487448068, 0.9245328404689627, 1.9169854251345613, [0]
-9.112156149537368, 0.5714259427426273, 1.5811929885650398, [1]
-9.107385098781739, 0.608502571266328, 2.752769422313339, [1]
-8.929484630958418, 0.2757697320407311, 2.901290004699951, [0]
-9.274361694517788, 0.7520069369418669, 2.421448061620013, [1]
-9.525578898697963, 0.8197532634465603, 0.4459589677449378, [0]
-9.228106199037246, -0.004792615257641464, 2.252681907840138, [0]
-10.69043928004736, 0.6836665144843376, 1.8645071405986071, [1]
-8.68776704349707, -0.24267357519035437, -2.049781317061237, [1]
-10.020574348863468, 1.2776108649824804, 1.8727149307010016, [0]
-11.615557456538053, -0.08039090268801213, 1.1392166386948352, [0]
-9.733591714744003, 0.72938835135272, 1.970699079915529, [1]
-8.760328634646722, 0.7327494772334866, 1.9820533416792565, [1]
-9.14828157876242, 0.1596408787113589, 1.0357600110954213, [0]
-10.30851180603025, 0.36244117950537524, 0.6701160913044273, [0]
-9.085642083845554, 2.125801254595677, 1.8708738410866381, [0]
-9.427579186359123, 0.5904874762468589, 1.1827002720610351, [1]
-9.893566275847489, 0.8438412109627471, 1.2964260072227858, [1]
-9.306487064118453, 0.5991861235016233, 2.6936421808064974, [1]
-10.211335117351368, 0.7148244057437148, 3.135792576677588, [0]
-8.51654886853708, 0.6002114772862011, 1.5784953899677938, [0]
-9.643195655378447, 0.35516534212850914, -0.5329871795664429, [0]
-9.633490384524103, 0.6333987478405467, 2.4487348779640654, [0]
-8.717542713314796, 1.5469477718821545, 1.6227654371505784, [0]
-9.471683196019072, 0.21830228766907223, 2.085477890763412, [0]
-10.508234090293762, 0.919601158743378, 0.8631908966457755, [0]
-9.495361398086125, 0.04262900847221829, -0.27533846942880613, [1]
-8.962518152990674, 0.14859714297503346, 1.7283739136260208, [1]
-9.558008746925962, 0.9210630593641014, 2.4815515724720107, [1]
-8.724398335560267, 0.4054046131774228, 1.6249135135316686, [0]
-9.190138543816015, 0.7884872938657841, -0.9494211248847833, [0]
-8.818421326537898, 1.7741401912268275, 1.2499271315361011, [1]
-9.220019976256406, 0.3733936668084527, 1.9699593543685363, [1]
-9.363556882379545, 1.180201672131029, 1.991234136377607, [1]
-10.143730509185774, 0.08249839206775886, 2.420775326852762, [0]
-9.040910959225192, 0.5113325403156845, 2.796559339915643, [1]
-9.773230000835673, 1.557362506333125, 1.261624447628241, [1]
-8.850488364602604, 0.676800186594392, 1.9777760066611196, [1]
-9.409174707445164, -0.1103624801620553, 0.5256136862156835, [1]
-9.104282113705755, 0.25689709832289204, 1.3152056124131288, [1]
-9.330035088498061, 0.9961130576273715, 2.4307627821328714, [0]
-8.896125922059342, 0.7932277873053558, 1.3715535023429757, [0]
-8.899028993189406, -0.1732147047925433, 1.198908612463135, [0]
-9.427046704476764, -0.0747335492364396, 1.8296925463932587, [1]
-9.294527095192024, 1.1122196592945235, 2.3152173676414876, [0]
-9.357605293559244, 1.7525839086350392, 0.9826736201777704, [0]
-10.172656251995011, 1.4703976070597495, 1.3885629701362219, [1]
-10.202838139560479, -0.8059327026444068, 1.9826807239273325, [0]
-9.5809016587088, 0.5772820467115722, 1.533354913576286, [1]
-9.35959606338295, 0.41696551747946575, 2.066245270968998, [1]
-8.813274991139384, 0.09720140250623821, 1.566645292286562, [1]
-9.222335638335664, 0.8174216799974793, 2.110066313956913, [0]
-8.845102326369492, 0.8148938081831831, 1.9992638413575738, [0]
-9.459204282829104, 2.064632596990443, 1.1357816764164814, [1]
-9.066896199531369, 1.4844647185287192, 1.3957248452838091, [1]
-9.348659624332583, 0.5123435060327128, 1.7177190073711008, [0]
-9.31591156527235, 0.617100360863037, 0.37330094960623583, [0]
-10.340650169805631, 4.577479117201061, -0.8941688501731542, [1]
-9.652837691769433, 0.21348199962327885, 1.894481482439434, [1]
-9.551960535776983, 0.48351153237410915, 1.899757648364, [1]
-9.84698473778016, -0.3932215899569462, 2.6053092951863155, [1]
-8.672940157978484, 0.20203221003009703, 2.7560177045720797, [1]
-8.950173750348538, 0.5014268186343102, 2.3158830137530977, [0]
-9.916882473046927, 1.5920949356425964, 1.7190511164151092, [1]
-10.133095881733512, 1.726186724987894, 0.8812811251470194, [0]
-9.88038271341273, 1.457944459749758, 0.7380841733957171, [1]
-8.866057229434325, 0.6470126914703482, 3.3669338200742556, [1]
-10.786927595588393, -0.26306821326726126, 2.6202423367253296, [1]
-9.858438360192498, 0.472881055821462, 2.2645442696193445, [0]
-9.95617666839028, 1.4926025138115704, 1.4609303648025294, [1]
-9.532562030567398, 0.7679579291091221, 1.501843526509376, [0]
-10.640963868426903, 0.3235461448563649, 2.20567134911847, [0]
-9.319774660332639, 1.54724732996368, 2.185820033068741, [0]
-9.124597517185745, 0.15302400443112246, 3.409540646321658, [0]
-8.89138133517866, 0.8809079812398413, 2.264247569807969, [1]
-9.581809041283904, 0.559146350385787, 2.565611199758426, [1]
-9.038155943825894, -0.6589723586577848, 1.417163023185895, [0]
-10.066287651288988, 1.119564765523955, 2.733205173118756, [1]
-9.330419573677377, -0.5156622195752264, 2.2760752591797804, [1]
-10.020456432271828, 0.45524260174669373, 1.5834283586691398, [1]
-10.954096482993894, 0.3916662957072017, -0.6685201635676444, [1]
-9.273609534267354, 1.4457629119579112, 0.6741022883950851, [1]
-9.815150660928348, 0.8040980815275036, 2.6397656975445822, [0]
-9.420093629100526, 0.6181146748099464, 1.7794230706853895, [0]
-9.565284156171721, 0.10520658383357939, 0.29544268096324816, [1]
-9.526550369850844, 1.293574845100446, -0.2572046787633506, [1]
-10.142455227261632, 0.24611686409436956, 1.8374279468425057, [0]
-10.105433047564732, 0.3204466391424048, 2.589584783584192, [1]
-9.638997952494638, 0.5283276407019297, 2.1096410608201785, [1]
-9.324578035546383, 0.4902932506357776, 1.6030174672370614, [0]
-11.258784993444632, 0.3074335587317103, 2.390626596684991, [1]
-9.99127773394073, 0.9351266791778796, -0.15886717110453769, [0]
-9.03795433948771, 0.735370430634303, 2.1376570158318873, [0]
-9.123466067398136, 3.1685338937138763, 0.30415750914639217, [1]
-8.910090702899344, 0.481183548608035, 1.3286121634866461, [1]
-9.857876675361727, 1.0620675915695594, 1.4792105195080347, [1]
-8.834982775920977, 0.09826204555641027, 0.8973069065034943, [1]
-8.855301283343792, 1.13322448765181, 2.4024462401871745, [1]
-8.873758512734742, 0.8841604220987921, 2.476268049127265, [0]
-8.596565787747519, 0.007380438154954705, 3.0165758926014297, [0]
-9.927022863463137, 1.226313624731977, 2.7932108404383746, [1]
-9.46892015328564, 0.06694366461832135, 1.7375630264788584, [1]
-9.566274647211522, 0.14523397461122134, 1.3140225862702006, [1]
-8.82980354631067, 0.35080918305286296, 2.2055393988820633, [1]
-9.648606667815134, 0.35793846456681444, 2.502898148600138, [0]
-9.246929279855928, 1.9258968641284713, 0.19667737049948977, [0]
-9.508116869960698, -1.0513632274037559, 1.3688212975361091, [1]
-9.535632999941107, 0.7672964635121863, 0.6115902328390606, [0]
-9.807743171180384, 3.7309753500683565, -0.2128368738955273, [1]
-9.817914342223853, 0.4641052754877558, 2.4143248492751375, [0]
-9.972589610151536, 0.7452077001014348, 2.48024697885729, [0]
-9.35246652737536, -0.03236937306170118, 1.5273225419729797, [0]
-9.553036948592217, 0.5212003349269623, 2.554290202331444, [1]
-9.136245147694252, 0.2437671308065198, 3.0369890415167022, [0]
-9.17781668692186, 0.27686005544583414, 1.667143020481945, [1]
-9.353528008267835, 0.77984625079068, 1.1860404682551398, [0]
-8.855460323193446, 0.9017069699911421, 1.9873940319119077, [1]
-9.223469244014147, 0.1447496386316429, 2.4789407666689387, [0]
-9.810440822790294, 0.5383487750755301, 2.084353501544834, [0]
-9.474149089017594, 0.787796727234443, 1.6993443429882567, [0]
-9.221835765153983, 0.5508300882213484, 1.6109517766716586, [0]
-10.441529687220587, 0.6917274240817638, 2.201179298415704, [0]
-8.974967640916125, 0.5894710283227204, 2.647059195719179, [1]
-9.474979795348926, -0.2508044055713188, 1.7813858387896513, [1]
-9.108872376329462, 0.6498880421957212, 2.624832491482332, [0]
-8.829068289888033, 0.33146051255496745, 2.41756667698645, [0]
-9.209566108952224, 2.5164765021796693, 1.2932228147942335, [0]
-8.922294520286144, 0.33204285204449663, 0.5701848868084276, [0]
-9.825489250492508, -0.7132749990324827, 1.235680691445497, [0]
-9.489757980266804, 0.7548611885719589, 1.6096061951325265, [1]
-9.106950912073648, 0.9858668636459367, 2.2441054218679612, [0]
-9.441224209871864, -2.221272131623646, 0.12598917276166688, [0]
-9.02959732968175, 0.551380294204123, 2.0049210224415974, [0]
-9.255448241135117, 1.001999898353586, 2.1013596042310554, [1]
-10.049846649390782, 1.008764739288734, 1.7821711490373062, [0]
-9.426767122234489, 1.4063365795563325, 1.006499834299377, [0]
-9.25101150772702, 0.39771690154643136, 1.9933190858872485, [0]
-9.312623714105797, 0.6397269220222264, 2.801339201167558, [1]
-9.034345091019198, 0.47068650188445, 2.4344526137261053, [0]
-9.244433456921616, 0.44069053489837795, 2.155106955567322, [1]
-9.170355390014654, 2.2480070158628207, -1.8383080572214354, [1]
-10.06667320432687, 0.810520573756804, 2.321994312855513, [1]
-9.05215981934568, 1.1336992931047973, 1.348327855203866, [0]
-10.008530065331534, 0.7907969554730059, 1.9839689721638645, [0]
-9.364586445054131, -0.1281758628659347, 2.110013989895042, [0]
-9.012442766908123, -1.6316538649286736, 0.5737852554266694, [0]
-9.363496181914694, -0.04426558880876527, 2.368491220010398, [0]
-9.133290738183879, 1.1362089268208353, 1.8564439628037483, [1]
-9.916771942320464, -0.2936376192157928, 2.0093507882938018, [0]
-9.28783283299634, 0.2162150983823392, 1.4881609910433011, [1]
-9.339685778599513, 0.5595741341985273, 1.117463112564802, [0]
-9.931003713126838, 0.5628160018506858, 2.7550081724150197, [0]
-10.86573659473664, -0.6510504012695764, 1.6790575126949232, [1]
-9.533384809566643, 0.28770736726565604, 0.334125240975367, [1]
-9.182623297590553, 1.0553118312003291, 1.7528281391167397, [1]
