t=0.02326207744598963
logZ_t=-9.532780090871352
-16.4310847268485, 0.48029006235112276, 1.24477506759588, [0]
-16.655841742538588, 0.8007546119521041, 1.3152561493320007, [0]
-17.587864751478765, 0.6831074826298686, 2.0090543230541473, [1]
-16.606518713252893, 0.7796851342968949, 0.65461051628695, [1]
-17.048019540002873, 0.31689006253467966, 0.7579531973541961, [1]
-16.776649787593833, 0.6721600429420898, 1.2706959853562008, [1]
-16.788874163804365, 0.28061872902883944, 0.6796890721560673, [1]
-17.334255092962064, 0.6270471117729624, 1.5590084367647266, [0]
-16.249295143323195, 0.44186893613251205, 1.111469340543037, [1]
-16.644156809752054, 0.3477612102074348, 1.3308653938103152, [0]
-15.643439457236836, 0.28785225869475123, -0.3368036054909395, [1]
-16.90404350311271, 0.6022606199651708, 1.1913020598225619, [0]
-16.16766425763236, 0.7767223081036443, 1.4218893720092218, [1]
-16.434782404105842, 0.4950083111680107, 0.7725487065500327, [0]
-16.121989675216955, 0.3622053744333316, 0.9525794481379724, [0]
-16.96679275285089, 0.5835837955723873, 1.1249270661557493, [1]
-16.771162116388805, 0.4481670985589373, 1.5041172182652838, [1]
-15.60591760173873, 0.9015359948258098, 1.6031997301255871, [0]
-16.909954022064742, 0.48635170168349895, 1.1941314429331724, [1]
-16.1456454631163, 0.23934232642893793, 1.2980398413452112, [1]
-16.109286012277273, 0.6546210692283506, 0.69317934357924, [1]
-18.409021610169745, 0.7061493448679094, 1.9240387922380346, [0]
-15.375407576229675, 0.6135367926723941, 1.7648754647789258, [0]
-15.84948401359689, 0.7542205908235415, 2.0796031743280072, [0]
-17.755158119271307, 1.0015962644412018, 1.659898622824909, [0]
-15.406341807231447, 0.06308108230756782, 0.8384876282485175, [1]
-17.82774798179033, 0.7437578648383067, 0.4838585889148881, [0]
-16.67957189238453, 0.44321404872857856, 1.125709733183216, [0]
-17.04108038897694, 0.8313160269485057, 2.143912013344542, [1]
-17.719799345426893, 1.1381036058229537, 1.278265450048775, [1]
-15.75350306374682, 0.6559238577552671, 0.6100522951312024, [0]
-17.548281678679054, 0.5286688274637585, 0.4095146226879883, [0]
-17.02089865812843, 0.20155323679179027, 0.9559858521117189, [1]
-16.567852005528067, 0.3276896366977206, 1.1802556268023658, [0]
-16.911137773883436, 0.7096636037040007, 1.1872839294720254, [1]
-16.81561251717767, -0.023915685101518036, 0.5568191188230299, [0]
-17.950981389036937, 0.4418361110708945, 1.7825855103703845, [0]
-17.57768403663178, 1.0163029408377127, 1.0516239879322764, [0]
-18.4969316994964, 0.6778696212764878, 1.3729209672170624, [0]
-17.158336766067162, 1.0849839252343143, 0.35044326603246495, [0]
-17.425805518216382, 0.5950986281849961, 1.7286455121014652, [0]
-16.712735497667136, 0.4443873899324965, 1.61132277488844, [0]
-16.137976451069676, 0.8469869859542491, 0.798085068383353, [1]
-16.53952300579419, 1.1183194942138335, 1.181236531031356, [0]
-15.557474635540176, 0.7273752430919633, 0.3330217786644038, [0]
-16.51865162012917, 0.3683710892141752, 1.1264679468607024, [1]
-15.161871753724203, 0.563550876574867, 1.6213266088422138, [0]
-16.67799856939113, 0.5836890089890698, 0.9094153013485079, [1]
-15.65889993196036, 0.9763061524637804, 0.8879523593718229, [0]
-17.09347451828616, 0.697464298826967, 1.356374409297103, [0]
-17.946527469569936, 0.6760819612435844, 1.8983791428440275, [0]
-16.693883683033484, 0.5507619292179966, 0.49031326894961097, [1]
-15.970357448599247, 0.6920815672987546, 1.055583117654055, [0]
-15.954822104963638, -0.10203356282826069, 0.34415094211274266, [0]
-15.656264927453176, 0.7130570205102846, 1.4787919694470446, [1]
-15.378092451996654, 0.7404821930225864, 1.4115417029165658, [1]
-18.34550034316035, 0.772134677429863, 1.2980548915115493, [0]
-17.230168044238443, 0.7662478650828688, 1.5812924161732487, [1]
-17.853515821033323, 0.9665829593659802, -0.28757009335457, [0]
-16.73153976059681, 0.6454828233803349, 0.46993035778242287, [1]
-15.920358950347609, 0.30011999306337844, 1.0706691185886499, [1]
-17.41375234330404, 1.1597785283226676, 0.9122417435458423, [1]
-15.989007742988505, 0.695824904270937, 1.7174064972226215, [1]
-16.027206855204913, 0.32825949126291626, 0.818947485255628, [1]
-16.52053137048188, 0.6574138568495004, 0.8323504780507087, [1]
-16.34091167131179, 0.6387897030673649, 1.6210686960496599, [1]
-16.45617159095499, 0.8373065992707237, 1.1778780567836646, [0]
-16.427878957824664, 0.7784228451566574, 0.6023552890472348, [1]
-16.377729157660568, 0.6334630198530986, 1.3323401287510475, [1]
-17.009693413566925, 0.5117793032544873, 2.018945425382162, [1]
-15.254052344303883, 0.7489215205714548, 1.2776814495687843, [1]
-18.038111123029665, 0.9922831692740073, 0.5041017858977151, [0]
-16.36859460550341, 0.6783572886011535, 1.5380764672616387, [1]
-17.74203867600871, 0.9742452060829898, 1.7793915344245874, [0]
-16.6180595958615, 0.8257987468199492, 1.9643867737727245, [1]
-16.420678769354893, 0.49586603786992, 1.3100104809126893, [1]
-15.856224626073278, 1.0853844569626045, 1.1970818309323126, [1]
-17.386198197948517, 0.7171337032389857, 1.0455294809484352, [0]
-17.445006055998913, 0.5181697434490157, 1.452441917885528, [1]
-16.465873672716796, 0.7263819334391779, 1.7821900644523687, [0]
-17.038222798897007, 0.3218473743843254, 0.9563459010064126, [0]
-15.992566498724546, 0.4545533956154194, 1.1561397730205993, [1]
-16.003261786571038, 0.23720246487062202, 0.7362340467256648, [1]
-17.961940207781023, 0.7023399988158965, 1.5710221029362872, [0]
-17.42538598665222, 0.33530641576536524, 2.102892997994506, [1]
-16.935438766811583, 0.5752378219173666, 0.8555407924237467, [1]
-16.114846318251363, 0.5130956825282136, 1.5809332992866696, [0]
-16.49529628721034, 0.8581616270610056, 0.6066314387663692, [1]
-17.276348128420096, 0.7460894364931766, 0.09143056455252141, [0]
-16.716854095594968, 0.6658055112070014, 1.3397774007556187, [1]
-16.355267199716234, 0.6206187704188029, 0.3534766902091582, [1]
-17.284345677108693, 0.8075409560151159, 1.3595832411500117, [1]
-16.4350383895089, 0.9366200846890476, -0.3330134891963643, [1]
-16.111159092854344, 0.7822742618068613, 1.4868490859846497, [1]
-16.88440264018426, 1.2816863754468653, 0.5299523772752259, [1]
-16.85687091647073, 0.32332464719708076, 1.6506287311012615, [1]
-18.787028534489917, 0.6705341696577427, 1.415588223761799, [0]
-17.13149164565438, 1.7947833450541772, 0.2701515140727847, [0]
-16.015274347073568, 0.7929800606777717, 1.5626043546339874, [0]
-17.21143091785104, 0.28000132127930866, 1.529189229180636, [0]
-16.188753230265263, 0.5574646057352002, 1.9651363440558673, [1]
-15.65799242748745, 0.4381503460530285, 0.9227807134755898, [0]
-15.121092088267137, 0.351284253290289, 1.2904043960814793, [1]
-16.059621247057844, 0.857910883331427, 1.482017857212367, [0]
-16.439147578207695, 0.5929858947419149, 1.6129910560407419, [0]
-16.093474549497657, 0.7331721088732331, 1.5908239473166845, [0]
-16.342613249438628, 0.2813869395901144, 1.39363479997157, [1]
-16.907904845703406, 0.5952493011452094, 0.5300477666098496, [0]
-16.160691357126684, 0.6292950043557752, 0.8333618131458531, [0]
-17.230082308100343, 0.8572439514784399, 0.10002068645813145, [0]
-17.25934806086491, 0.4522875595455874, 1.8931070323799046, [0]
-16.406485262341885, 0.8729046228766744, 1.4903181737421116, [1]
-16.83165832861866, 0.576353921555557, 0.8703833569381476, [1]
-16.284489471998302, 0.5311813114993612, 0.7180995205569547, [0]
-16.95247577585704, 0.8160797690368058, 1.0918135404633729, [0]
-16.501892822613303, 0.7115796676671414, 0.8465103701055523, [1]
-16.430296847799717, 0.23625420330831376, 0.6966274350626627, [0]
-16.567088738738004, 1.0413252481593047, 1.5419582696970104, [0]
-16.51207291411452, 0.45428188702670713, 2.158873222622784, [1]
-16.489727516369047, 0.6130294715202428, 2.030060177496045, [0]
-15.937583916834935, 0.6111261473187393, 0.8752557796073678, [0]
-16.938083311603116, 0.3339397433433864, 1.1620798705419175, [0]
-17.206742212151603, 0.38073057741198835, 1.0581069941097638, [1]
-16.987840467176945, 0.7300031157844831, 1.3779632660917716, [0]
-16.77139912967876, 0.6460408429048031, 1.8135538048828805, [1]
-16.722851966417004, 0.5878833109972654, 0.643886847220707, [1]
-15.588170635345804, 0.9770751447586796, 1.6477115501268702, [0]
-16.868713444247106, 1.0919498506746252, 0.7904061927103067, [0]
-17.963660609303354, 0.7324179198344087, 1.4177663109402088, [0]
-17.606292420363566, 0.44592437735510815, 1.0998626884673017, [1]
-16.325118478994675, 0.4093131166835367, 0.6410540781997422, [1]
-16.229877881231356, 0.9013122421666766, 1.7627729926217612, [0]
-16.82033350949743, 0.6983043409661838, 1.3413333520076038, [1]
-15.174462057653708, 1.099968921641523, 0.28873380837042373, [0]
-16.920084894275895, 0.9313817678350573, 0.24664740438951105, [0]
-16.67805768647167, 0.32478115833512883, 1.7621036570274449, [0]
-16.758090755149862, 1.0519877710626964, 0.8900632279212449, [0]
-16.33775703913324, 0.5351172100415398, 0.648602749518373, [0]
-16.265820783794695, 0.4796664452644601, 0.22674017872340996, [1]
-16.123357836276842, 0.6684404566527831, 1.8391068519152842, [0]
-15.76026811684634, 0.32267829160294204, 0.8958635427743703, [1]
-16.367149804607763, 0.3934205082980785, 1.5447976560040455, [0]
-16.050760206435832, 0.7783128714311051, 1.1519026688660952, [0]
-16.488630202196696, 0.806377797645425, 0.8926410908975674, [1]
-18.14594481162891, 0.6213897619946094, 1.1955919294318325, [0]
-16.009491700516374, 0.834681957747103, 1.1519032766259865, [1]
-16.065926229287115, 0.7867687602921551, 1.0702642972411918, [1]
-17.449514755934548, 0.9160457868171541, 1.758254699315132, [0]
-17.010264160952804, 0.5591953640030747, 1.040144702906173, [1]
-16.12468157782277, 0.7328756491567797, 0.9429890957091545, [1]
-17.050431818429548, 0.43231561269205, 1.1505670930485943, [1]
-16.129984352476317, 0.4817499953118027, 1.480841343240941, [1]
-16.632199739683696, 0.834746315636583, 1.2724488281472803, [0]
-15.790075772672722, 0.4315868187322197, 0.9963336864673649, [1]
-17.673880469834106, 0.5223082855919636, 1.7333328368174756, [0]
-16.60608445965469, 0.5594471777158649, 1.3981308401628154, [1]
-16.092335915212786, 0.5364578117157065, 0.7396132453583942, [0]
-18.03523778492787, 1.1092475840746419, 1.5289369560163786, [1]
-16.067413107562054, 0.7348253256946169, 0.9984184251315316, [1]
-16.81557712298831, 1.180510730907742, 0.5398312725826736, [1]
-15.985554070395576, 0.7871333276721242, 1.4060447480613456, [0]
-15.288787555732513, 0.5866013337965673, 0.6102010582916273, [0]
-16.545824694791392, 0.8300041673687708, 1.033892902225235, [0]
-16.97710649404442, 0.10269507583943127, 1.0019045501875696, [1]
-16.482336045087838, 0.6192257759744939, 1.1127354017951228, [0]
-17.13319945387839, 0.5151929320031623, 1.87114929274282, [0]
-16.77483284763548, 0.742540408606151, 1.5256256797913879, [1]
-15.623099373904987, 0.48991807997865194, 1.1984445415682994, [0]
-16.38276430870517, 0.2487623262340258, 1.3295353428933228, [1]
-17.604541261795305, 0.6158395242835203, 1.8932933883747305, [0]
-17.94297529510341, 0.5602165387898856, 1.5649967840776766, [1]
-17.224179703771338, 0.3422507412234378, 0.4851913454285259, [1]
-17.146099172365282, 0.4689906106197219, 1.4343002730931151, [0]
-17.90692399975232, 0.46057642327524345, 1.2184403239445996, [1]
-16.86997390890976, 0.5812668662046726, 1.1074362117365735, [1]
-18.07680111403946, 0.5907937599152544, 1.3906766187470625, [0]
-18.98621968442257, 0.363525594598635, 0.7772652296906525, [1]
-17.061112980369312, 0.7138929045979195, 1.4967591717328612, [0]
-17.189100000808104, 0.6239196822371746, 0.9348411582147542, [0]
-16.174455813372756, 0.7085164471745335, 0.6782400965119587, [0]
-17.61540895857364, 0.4287056766829066, 1.5899197782640961, [1]
-16.072684715020024, 0.5240140600516969, 0.9674244104103074, [0]
-17.13554073304641, 0.6449902981745106, 1.5672804971619732, [1]
-17.25338806329187, 1.007008474350018, 0.5913194178261195, [1]
-17.41735172149807, 0.7001817326240026, 2.0000958575594425, [0]
-17.22271396433168, 0.46058567106467496, 1.3294838875199222, [0]
-18.674699397523327, 0.21542809510778327, 0.8617848455221451, [1]
-16.259835433306822, 0.7076386767260668, 1.1045149605566107, [1]
-17.580117417094105, 0.87190703058395, 1.805840228418848, [1]
-16.97356906431496, 0.6220610180058157, 0.6224847729569953, [1]
-16.88463651842223, 0.5621801012270479, 1.3290911427225864, [1]
-16.65101905233817, 0.3786004544347677, 1.5282142394857927, [1]
-16.09528040471418, 0.5035391570599281, 1.1358083006517488, [0]
-18.01409088107742, 0.5736398937553888, 1.7427819569816343, [0]
-16.04941282222679, 0.833390925262929, 1.0642058989631609, [1]
-16.11365074416701, 0.866494299398988, 1.3611954299669198, [0]
-17.229801048035277, 0.09036723842796657, 0.6649663740476757, [0]
-17.350189855822276, 0.6139584137992371, 0.8314800991116074, [0]
-17.6437333325606, 0.7344018154464369, 1.981328448068101, [0]
-17.95457040820153, 0.5679142737759335, 1.3915421820950196, [1]
-16.82772976845036, 0.6454903408236091, 0.3092052167057662, [1]
-17.364312123706696, 0.2730654296973615, 0.7569905090625085, [0]
-16.792679184326996, 0.7087311989848815, 2.1423082558499087, [0]
-16.48912612254399, 0.22291513376742977, 0.5328882297730071, [0]
-16.15787333493662, 0.6369039197812556, 0.8710595166747336, [0]
-15.898839440592456, 0.32609788030003756, 0.49258580157225956, [1]
-16.64782575524532, 0.4267102904977159, 1.2349661117185748, [1]
-16.231200096334753, 0.5682381099498012, 1.525703523775074, [0]
-15.170367376550457, 0.8339130550242744, 1.5690706984467286, [1]
-17.207431003617835, 0.3857372554864495, 1.0972114257138248, [1]
-15.936334843653698, 0.6871060113429556, 1.0209795665173464, [0]
-17.012707470646806, 0.7820257136810612, 1.6235447746853795, [1]
-16.95534634936916, 0.7851762897373299, 2.0042709519577984, [1]
-15.979876261068014, 0.45310812175768883, 1.6340157620301168, [1]
-17.188703667338505, 0.6364328074613779, 1.4592200381343052, [0]
-19.472061289314166, 0.9049538372353332, 0.8136787554294448, [0]
-16.809798005077166, 0.688625856379217, 1.2437452194390182, [0]
-15.812833870859645, 0.43226291312518095, 0.5645725815806738, [1]
-16.696875954382023, 1.0089955435732225, 1.7506743815548296, [0]
-16.75562631782463, 0.40000619589539466, 0.9176167417945054, [1]
-14.932805802707101, 0.5665691725699809, 1.7099756492171978, [1]
-15.45508233765996, 0.9534498838780316, 0.6035437665533485, [1]
-15.656813764186584, 0.3034767342155026, 0.8124493178834982, [1]
-16.784778485070504, 0.7628496890693529, 0.8920119459046181, [1]
-16.297728288064896, 0.6338552196980459, 1.2903217963480098, [0]
-15.490711799183536, 0.6481535803448806, 1.6681786691791427, [0]
-15.809064273905125, 0.3817814268171736, 0.8753679513247641, [0]
-15.28387039958113, 0.6274938601062929, 1.1511731146124646, [0]
-16.737032062523348, 0.8336116371065009, 0.7588910668796862, [1]
-17.28780040547264, 0.40958040849914834, 0.17444868438783412, [1]
-17.258726851971062, 0.7366032684635162, 0.8363691222636094, [1]
-16.05476105270242, 0.7540047047734287, 1.5382405595608357, [0]
-16.374492490028587, 0.5450940911082017, 1.040325130090614, [0]
-17.164663766275094, 0.768119799558188, 2.071340732994979, [1]
-15.774614236138007, 0.7294697468755185, 1.4614026572692669, [0]
-16.247293167700604, 0.36669428560220296, 0.3791421744892295, [1]
-15.747995680421488, 0.5253516208802673, 0.5991985329314274, [1]
-17.1878098361424, 0.8853774000769725, 1.0381731097731128, [0]
-17.833954812636634, 0.5836227841569651, 0.4323493602541084, [1]
-17.390710599927466, 0.7002267626679128, 2.142242165732192, [0]
-16.50728380523934, 0.9130056329982676, 0.6503553141883326, [1]
-18.246171753158112, 0.6139576812216971, 1.485417517415242, [1]
-17.59258837985387, 0.9536896996699856, 1.1190676669399258, [0]
-17.463668667946383, 0.7523624660932101, 1.2680061400037612, [0]
-16.004531458808344, 0.48740512512549306, 1.542744053920139, [1]
-17.383401935658153, 0.27032031113519495, 0.9322952890789394, [0]
-17.70776888178371, 0.8262739142287828, 1.4699004050243782, [1]
-16.949822677448076, 1.0968218140693518, 0.5355381866856276, [1]
-17.43015548381095, 0.8156398716788975, 1.4345795616067654, [1]
-17.18673534945296, 0.3192426556738449, 1.2782952411899564, [1]
-18.93915978697353, 0.7304914727800138, 2.2903948299875743, [1]
-16.869583303711824, 0.5261705859665253, 1.3434478427839693, [0]
-17.5108658540943, 1.014483095463813, 1.3019872093871914, [0]
-17.862396850198273, 0.9330172474384929, 1.5594097539189966, [0]
-17.54530619076511, 0.46713391493180023, 1.7110390441478174, [0]
-16.48623100674359, 0.8842270082878121, 0.40684315657237435, [1]
-17.300942351528754, 0.6500269119981116, 1.5405071244223683, [1]
-16.909544785542895, 0.6652223954099667, 0.8398149795614402, [1]
-17.39991654091226, 0.6823742200215405, 1.1492249589168637, [1]
-15.679787914489816, 0.33933924122714, 0.7921062228337898, [1]
-16.814684922008144, 0.22682029434358758, 0.7845714465309908, [1]
-16.70518901062462, 0.44774875744659903, 0.15188342174005376, [1]
-20.34948293516368, 0.3352947613795447, 0.9717636288442016, [1]
-16.323419683842847, 0.7449993738794927, 1.401008854983107, [0]
-16.360273688727272, 1.0008570789869644, 0.9194683532933363, [1]
-16.362641229463755, 0.8214818381509605, 0.43831716062374676, [1]
-16.48814965733619, 0.9549310425873662, 1.1778080102013866, [1]
-14.997289805395955, 0.4334487585207415, 0.8531579888299166, [0]
-16.74129865347931, 0.5346535012863043, 0.47562814204896997, [0]
-17.08984685589708, 0.5198934546717157, 1.8442596433978098, [0]
-17.04407842697318, 0.7275361019941445, 0.6818120667144307, [1]
-17.20168072520439, 0.8692959409104976, 1.3645778950170768, [0]
-15.748253791446086, 0.47496018271134943, 0.6917851592832894, [1]
-15.70608836360384, 0.630839838282904, 0.1932559470558537, [0]
-16.030605410790606, 0.34824599884434154, 0.7125266550956079, [0]
-16.381790332966922, 0.699860046186018, 1.793854301481168, [0]
-15.590291908663442, 0.08726065928647986, 0.9028703522359272, [1]
-15.638641254813303, 0.9691708090631306, 1.6519937887487113, [1]
-18.422465620399922, 0.42225773937926375, 1.1573971163135723, [1]
-16.535319702798216, 0.6622709351172718, 1.0981082775989293, [1]
-16.013222549860565, 0.7523150614978826, 1.5962485938463442, [0]
-16.057988311208344, 0.5786444920599448, 1.7015570533594342, [1]
-17.00761902976515, 0.5391981749682203, 1.4115643437197176, [1]
-17.535702222311873, 0.8701394544232675, 0.9161287131086533, [1]
-15.077226710539536, 0.5611997933978027, 1.8091033978197695, [0]
-16.921668551389143, 1.0391192422839854, 1.716373897022147, [1]
-17.03411648450898, 0.7650312542685892, 2.000851440842857, [1]
-17.227000696018827, 0.47842392120688504, 0.6022361003286332, [1]
-15.28182908202606, 0.42085087494644824, 0.6236443660005603, [0]
-16.809541358437077, 1.2353819209771852, 0.9016696015546384, [0]
-17.743975016909896, 0.7411159174801849, 1.8343302051325665, [1]
-16.35810866868993, 0.38049805697974803, 1.9377598799057583, [0]
-16.340001901424102, 0.3277796252667442, 1.1600833123279375, [0]
-15.672943299471454, 0.5652429825658843, 1.4498671833069392, [1]
-17.627353436809933, 0.5494094701410871, 1.2857240739339404, [0]
-16.82920015999181, 0.839534304823468, 0.9808325544071624, [1]
-16.191446932393983, 0.661895317643755, 1.456559304968538, [0]
-17.32300214624368, 0.5694962568069154, 1.7027393178611898, [1]
-17.640943082852946, 0.6692220545114348, 0.3913032600761782, [1]
-18.37729984837873, 0.49273774640751306, 1.4294863341604809, [0]
-16.846882822809732, 0.5992484573690148, 1.4430393913202713, [0]
-18.727844440951603, 0.41588697314065215, 1.300785527061214, [0]
-16.38601855494501, 0.6197897943766029, 0.9657458386681514, [1]
-17.00315785200227, 1.0475002260682535, 0.5422802679738523, [0]
-15.488187157271739, 0.4969101531710667, 1.5643994019932657, [1]
-16.634652408880207, 0.8045491615941958, 1.111401587200949, [1]
-16.004786853376793, 0.786177228810487, 1.6629887974684547, [1]
-16.4902171730334, 0.5934914906176244, 1.5016481468105571, [0]
-16.161206601362213, 0.6429548313276848, 0.9094611253903813, [1]
-14.905444688996923, 0.6863712691122188, 1.7120795344263602, [1]
-17.3138519437919, 0.7360625418479747, 1.9504878827190635, [0]
-16.338802242908226, 0.7100043236541316, 1.6501851745750398, [1]
-15.957318251815403, 0.8168886064967249, 1.4502508988680758, [0]
-17.246451758394794, 0.4882704728532752, 1.6213271255856272, [1]
-16.320945651344083, 0.9463355367746813, 1.4214234754196955, [0]
-16.843461249107794, 0.8270121380518014, -0.006531791938477971, [0]
-17.937950119090228, 0.4838590375501971, 1.521342982155859, [1]
-15.87498991595705, 0.8077333499995851, 0.5192094590532507, [0]
-15.819940635636181, 1.0664145452940252, 0.6585518470391064, [0]
-16.453584806270374, 0.4918177812419395, 1.3248684873098864, [1]
-15.547447014730627, 0.6333588493285685, 1.8600677365290164, [1]
-16.88923699082859, 0.4866230494259887, 1.5620524480116433, [0]
-16.673193926223384, 0.5928252850371254, 0.562691782105095, [0]
-16.96604017099815, 0.40206729417988507, 1.1004505085972351, [0]
-15.8902987175491, 0.7609365698033174, 1.5616528441432966, [0]
-17.04653847269927, 0.6315146489893381, 1.2422818698579512, [1]
-18.218027946495138, 0.7704680012782679, 1.5932970235237995, [1]
-17.442703436023898, 0.6682437230536213, 1.7085146513510083, [1]
-16.45231743831367, 0.7450624801298066, 1.1497858582721647, [1]
-16.057710865069506, 0.6423302833190048, 0.5438951862860403, [1]
-16.40378574155826, 0.5394142980355205, 1.3474106600090343, [0]
-17.317959565717988, 0.44947774255468953, 0.972978194273738, [1]
-15.84756424604403, 0.7002749318110608, 0.8560168493531475, [1]
-15.715893341743826, 0.857278140181458, 1.182580043093993, [0]
-16.336865283724986, 0.41425999647331724, 0.8209671512769405, [1]
-16.745814489084815, 1.0267501387417954, 1.5847665993030702, [1]
-15.776827843134084, 0.7169471717388186, 0.19822578733275634, [0]
-17.276743650514618, 0.20338852962502574, 1.158618071104779, [1]
-16.450115731375686, 0.8007706820536264, 0.7619949304295721, [0]
-15.53881714381315, 0.5060986298376737, 0.9451961705277981, [0]
-15.99542537843917, 0.6079076404627726, 1.355083823674613, [1]
-16.319379627777607, 0.6985480738413823, 1.2859190275796892, [0]
-17.726890940771764, 0.9166662034723729, 1.2506562967604533, [0]
-17.602881236768436, 0.7315296895765696, 1.5780926804490656, [1]
-16.62887913578377, 0.7175942508462696, 1.5041540953504213, [1]
-16.72581688447285, 0.7284205156066896, 1.126999042519528, [0]
-15.648461327008363, 0.556705155569444, 1.9049480328416568, [1]
-18.162268004368638, 0.4693814754671521, 1.2180388497083647, [1]
-16.245210514618616, 0.8471373137725596, 1.681130479833684, [1]
-15.18153448360455, 0.6774405551143035, 1.496572846372532, [1]
-17.146334463349, 0.5309539716182963, 0.6175210419058692, [0]
-16.503993368838582, 0.53635232608526, 1.7753032161220543, [1]
-17.086324291312074, 0.4006049267844198, 1.4193445425247988, [0]
-17.286772963942962, 0.3466532632903932, 0.33436639183197703, [1]
-17.198862811651498, 0.8584762304051922, 0.7953058658463479, [0]
-17.382518665782758, 0.7266714318334491, 1.1573372993085171, [0]
-15.951294192961997, 0.9178602431210199, 1.5809615359872096, [1]
-16.65729877899489, 0.6097113557872593, 1.2913418002237882, [1]
-16.91992352694822, 0.8333300148632764, 1.3067392361299837, [0]
-17.317865007699996, 0.19003767219802942, 1.1111992533729116, [0]
-17.104697015871796, 0.5087898852313187, 1.1779394567266455, [0]
-16.773934028561744, 0.5223630914322326, 1.2492675623076521, [0]
-16.71382210075231, 0.653672034494855, 2.148866910176124, [0]
-16.73137134625662, 1.120724387677553, 1.4009982330075044, [0]
-16.08538996369494, 0.9355869144413616, 0.5662169357538948, [1]
-17.03320397942507, 0.23915893368694988, 0.8170653261739111, [0]
-17.098619844932912, 0.5011619283219723, 0.9395752753458633, [0]
-16.783846803755463, 0.6500350739897903, 0.6985702386963262, [1]
-16.84245311162542, 0.6740028312850723, 1.128785033804312, [0]
-15.832612616174318, 0.3393966120106693, 1.6518965945008786, [0]
-16.580872668200417, 0.6734103244938092, 0.4744805026300062, [0]
-17.138337650803557, 0.40821831167536593, 0.6663657798339853, [1]
-17.014275485449787, 0.8663875640366588, 0.8302364736108228, [1]
-17.118373474387752, 0.6348009894642387, 2.0682871376708882, [0]
-15.96677131421664, 0.6318994350113367, 1.21821400177598, [0]
-16.77850606981768, 0.5810320713703216, 1.1296533225512864, [1]
-18.967525878386493, 1.112879940651713, 0.6827244699237203, [0]
-17.416434708829346, 0.3375092473408503, 0.463620684067767, [1]
-16.51163894795896, 0.37485561823301966, 0.15310199111862255, [0]
-17.039049435668968, 0.10985883281331477, 0.6339647926732703, [0]
-16.80752670721482, 0.5879140219316035, 1.101457853237196, [0]
-17.451039447231157, 0.5149215202120396, 1.4486348312240511, [1]
-16.994745305385653, 0.6452026438891066, 0.7430389910824227, [0]
-15.92581955875027, 0.34101856519170576, 1.59476003007889, [0]
-16.984858957569443, 0.7213434517884808, 1.0717005187969881, [0]
-15.994451632444525, 0.7744453625626345, 1.2851636189531221, [0]
-16.2701571749704, 1.3476847707907589, 1.1196762816083887, [1]
-16.523690471729275, 0.5304970718897885, 1.4432139859112703, [0]
-17.4294327107222, 0.5414380747764492, 1.1363979999537221, [1]
-17.706317331611096, 0.9477648765465981, 1.155389433089554, [0]
-16.445780544439824, 0.754222949996532, 1.0044985087146552, [1]
-16.81311063237744, 1.2962313718049514, 0.8042984681271459, [0]
-15.525610059008706, 0.7651020202481169, 1.0974498059429174, [0]
-16.46263443993812, 0.5777633467069914, 1.6624674502653183, [0]
-16.328019074925326, 0.73880917937799, 1.585641148381661, [0]
-16.597129735430276, 0.7073230099988475, 1.3425176230579912, [1]
-16.284315996632014, 0.05059568578463973, 0.40031327503533165, [0]
-16.017415156856412, 0.8905585290595246, 2.000118040422736, [0]
-16.012512525504487, 0.8474865869702297, 0.9186216645417582, [0]
-16.66583981070771, 0.8513264863397718, 0.4367867084651837, [1]
-17.228905319932913, 0.517294456589395, 1.2780209503068756, [0]
-16.492910913343028, 0.6332788194943737, 1.2398261459058684, [0]
-16.91096855961576, 0.45484161621017594, 1.4613847878758612, [0]
-15.157256080218794, 0.5522985423765423, 1.2473819964935602, [0]
-15.503604238075859, 0.2976439849145217, 0.8200036738518972, [1]
-16.715704469618824, 0.8071508756800307, 1.2412123537900432, [0]
-17.174855138338696, 0.687733440972119, 1.5242655654182808, [1]
-16.441682164530405, 0.3274226838017441, 0.7389867859904133, [0]
-15.800972698440068, 0.42835619195074814, 0.5751420847459083, [1]
-16.018337191400544, 0.592469836787676, 0.8915185825827097, [1]
-16.987823016611117, 0.8711815314632269, 1.8198936274692032, [0]
-16.806123135947086, 1.0164289084718825, 1.3884168669465702, [0]
-15.664117735001678, 0.8796600618456014, 1.1996689063799881, [1]
-17.136279118295747, 0.9214229026986388, 1.1573729531461696, [1]
-16.875999892447176, 0.43675833378482326, 1.742102562559793, [0]
-16.825471578275653, 0.45555873726822027, 1.5318330030481682, [0]
-16.212128936067757, 0.4809831192023638, 0.9605269634086143, [0]
-17.153359812266693, 0.3557005930007046, 1.5926487521059307, [1]
-17.560754427333592, 0.5812912513689619, 0.4922636405693919, [0]
-17.967873443144377, 0.7198864143699197, 1.5858522083599125, [0]
-17.529499743676418, 0.03153907655333643, 1.2581728294266408, [0]
-15.408924592544754, 0.6543652046874274, 1.0876482489733141, [0]
-16.903371753084286, 0.5201342206252707, 1.6242791601141249, [1]
-16.67623473228018, 0.7217412716506111, 1.0977330750114789, [1]
-17.15260940330217, 0.9588980636741754, 1.4869467479143617, [0]
-15.99414812718003, 0.5332134891733633, 1.0779166094926158, [1]
-15.481618801041837, -0.16308198246805772, 0.726251899373912, [0]
-16.778392231201845, 0.5299469864303337, 1.9360960294225258, [0]
-17.113336468127365, 0.7518979602510286, 1.659917654758181, [0]
-16.37246946184702, 0.8564978189810115, 1.0032505323380474, [1]
-17.206138551719654, 0.4303364304660304, 1.4494597300631535, [1]
-16.134777652018638, 0.6938977946387584, 1.84632800566744, [0]
-15.92499246397479, 0.8422674160853154, 1.2917402336023738, [1]
-17.050878946708085, 0.9528589960699871, 1.5003278900985362, [1]
-15.875401168540053, 0.7453143376608795, 0.6067392810342921, [0]
-16.007075273703673, 0.1285708256597155, 1.3136323780111865, [0]
-17.09802494835045, 0.29084767664907724, 0.871168415355148, [0]
-15.060745157422605, 0.911626018362528, 1.2524983729033705, [1]
-17.60744001967982, 0.7344575287482201, 0.8673331303435022, [0]
-17.217008651762256, 0.5360886235923473, 1.0553736643548182, [1]
-16.48008070817638, 1.050212979971302, 1.1195831613225586, [1]
-17.065171365566254, 0.8661470508231828, 1.121040055138569, [0]
-16.285803828380814, 0.3328525486816097, 1.2577796592327957, [0]
-17.452803841324577, 0.4792566173964389, 0.9840377237881417, [1]
-17.425494214248637, 0.7786080432283103, 1.0401647887168954, [0]
-16.108377468385395, 0.334399646918848, 1.1970898141134203, [0]
-17.173929595327788, 0.3741644524479204, 1.0180935147583463, [1]
-15.221607985054872, 0.8272840206039669, -0.14643066826776596, [0]
-16.858115073424226, 0.5283205168586289, 1.0435236841500544, [0]
-17.319186023951275, 0.6931139921993557, 1.1071007203688714, [1]
-16.79935965836865, 0.41072580115225404, 1.034688268441396, [0]
-18.419402612438613, 0.8213926668215722, 1.656681270887726, [1]
-16.56174950605941, 0.891864702160656, 2.2399394370070187, [1]
-15.789829414929835, 0.4935466156687226, 1.2327142017392128, [0]
-16.57083041742726, 0.6959709572825208, 1.4302751765278645, [1]
-16.498641420360872, 0.3704281291718611, 0.7739161987028629, [0]
-15.972653378624994, 0.5372580784229755, 1.9057644715809414, [1]
-17.631713489726177, 0.6027228298868743, 0.5813166184216416, [1]
-17.291888572343844, 0.6532429096834753, 0.607551040782037, [1]
-15.717071677114118, 0.6990535758099413, 0.7422645822389256, [0]
-17.880936241714004, 0.8464297898398491, 1.7700336509449337, [0]
-16.840055828616016, 0.5342793133935436, 1.266273289549198, [1]
-16.016425831318788, 0.46135486410018756, 1.7086177160293676, [0]
-15.94561516178522, 0.8330451849276159, 1.2402359681218318, [0]
-16.419692066858122, 0.7045432713201695, 1.1272855891845446, [0]
-18.37411211624551, 0.40012969677386667, 1.1490836782853526, [1]
-15.351002089317575, 0.33225934534060086, 0.3060513719959944, [0]
-16.362848706950818, 0.8684800905450759, 1.291307840136441, [1]
-16.364201217696255, 0.36396447039265684, 1.3215348437414967, [0]
-15.780214105655256, 0.25532545171065246, 0.27273261001729415, [0]
-16.73410796333993, 0.8158734638741942, 1.171185707736167, [0]
-15.499624258858793, 0.9013702434487209, 1.4896917273631844, [1]
-16.65248786507982, 0.7498850923875441, 1.2939597061323613, [1]
-17.329934320904616, 0.41231304257400403, 0.7359712866721877, [0]
-17.022264319995315, 0.559749646724327, 0.9967267656729499, [0]
-19.976563647962926, 0.7737411628285806, 0.8853639571317131, [0]
-17.858840822574102, 0.5826904615852071, 1.7369701421505366, [1]
-17.003644496411365, 0.8534643279235057, 1.2607466875181137, [0]
-16.716891736123262, 0.5831414828664321, 1.3384613196731607, [1]
-18.049794773461162, 0.4944793679022037, 0.30559264069516967, [1]
-16.351265132231273, 0.5968279955701129, 0.7356702592619382, [0]
-15.602255268416247, 0.7552250549263022, 1.8383705652564695, [0]
-16.289879614534925, 1.0398973358411814, 1.460084693576615, [1]
-16.108761232454928, 0.5884429182033767, 1.7541972960929642, [1]
-16.070005863356823, 0.3505082438266438, 0.8221247105938958, [1]
-16.304222328549113, 1.792461687703399, -0.054671357924114095, [1]
-16.315176070858172, 0.7880160130570721, 0.9673806872006563, [1]
-16.990708390883082, 0.6953233179199363, 1.3243367422291854, [0]
-16.34707014253317, 1.0240392597551908, 1.0651413973074166, [1]
-17.16658805617332, 0.4545379440511811, 0.9114071756573034, [0]
-16.9022711035615, 0.5843881868276828, 1.446336509033617, [1]
-17.656769404016824, 0.4827442215093732, 1.5043618489348374, [1]
-16.790831520760953, 0.5119673165067393, 1.538091343051655, [0]
-17.208898692795014, 0.6765471553211213, 1.8134403133378079, [0]
-17.434958982426185, 0.3117162500650332, 1.0815370248903817, [0]
-15.630494477261392, 0.17280034336402264, 0.9645243209268628, [1]
-15.103713331484458, 0.8873336463075493, 0.8904898036055475, [1]
-16.548761431474016, 0.7932589499479334, 1.1224322715354598, [1]
-16.11562812936687, 0.24337682926099635, 0.591334945612662, [1]
-16.5990640531886, 0.7065740831917613, 1.436868312366876, [0]
-16.577664138870716, 0.44553360244787127, 0.842296308008643, [1]
-16.988648192767453, 0.45052807759742886, 1.5720310401707596, [1]
-16.058424957409656, 0.653531618175863, 1.5867898439679358, [1]
-18.123615441038638, 0.46949750695577774, 0.9512662743277059, [1]
-15.799029974824638, 0.6081389423408028, 1.7014460787317423, [1]
-17.012133397194038, -0.06557705691523918, 1.1355489612942076, [1]
-16.68944471159089, 0.25834017822827293, 1.8663563244699817, [0]
-16.314539333043044, 0.557706063540402, 1.3772641290537688, [1]
-16.56292176627877, 0.5896436173934525, 1.3755385055049525, [1]
-16.93227220363314, 0.843983144805117, 1.5206217236387007, [0]
-17.255157274486344, 0.7132554980399033, 1.7664210182906124, [1]
-16.566808202838857, 0.7114395172909561, 1.9121966092321365, [0]
-15.915984305451719, 0.4833633000876294, 1.8315162612722744, [0]
-17.16406145042096, 0.7452945668612008, 1.2803796617995138, [1]
-17.260942319944544, 0.5266084364844225, 2.1961259425152746, [0]
-15.918506771399013, 0.8133221931736101, 1.2802139675332116, [0]
-18.01129300383936, 0.7035277779086374, 1.2463398474006815, [1]
-17.331387828360942, 0.3310181240797107, 1.4115211231006115, [1]
-16.584563312586756, 0.6433947530393817, 1.850998473891794, [1]
-15.361613610899294, 0.6563150067527017, 0.45329361379697736, [0]
-15.802294975154144, 0.9835896074142608, 0.47380295248420434, [0]
-17.142187119162617, 0.2236905098966846, -0.1393392029019208, [0]
-15.575849513138529, 0.8727344612512754, 1.0403512379897626, [1]
-17.17470862760622, 0.7487481339446505, 1.6465160655353408, [1]
-17.073735526681727, 0.42890735695442844, 1.1730249891046811, [0]
-16.317896549116824, 0.37117474310520115, 1.5488122820408892, [0]
-16.772212571797752, 0.42215018810128274, 1.5338509879244127, [1]
-16.186513443216835, 0.4833197618025571, 1.743393548316291, [0]
-16.292178147383524, 0.6317792875448519, 1.118223663829096, [1]
-18.955455820929558, 0.537695651993378, 1.8914420960076954, [0]
-16.03542277998433, 0.6958133270907523, 1.5423320883660034, [1]
-17.1696147073272, 1.3247251815972034, 0.603868317309609, [1]
-16.704696217540906, 0.7144828544475083, 1.7393756258892452, [0]
-16.877209108332284, 0.5305229312855059, 1.3674639225302347, [0]
-17.05652302462082, 0.8191120971224836, 1.089253876090623, [1]
-15.591665485459318, 0.6618873877551502, 0.6096753420823974, [1]
-16.59965504432167, 0.5465027603095232, 0.9698003622274272, [1]
-16.29080129133912, 0.6230958089583698, 1.291221406999176, [1]
-16.791238100505822, 0.3704376894683992, 1.735571574718794, [0]
-16.512416575237236, 1.3984738246614792, 0.4718986974300913, [1]
-16.820938612354478, 0.9596803239197249, 1.4290311378713008, [1]
-17.11574044750193, 0.377341868911509, 2.0723336929469505, [1]
-16.78001422856123, 0.726095480756109, 1.6364361048577114, [0]
-16.291232037976243, 0.6271699496533834, 1.3042303135927191, [0]
-16.8660963140617, 0.6721270925179242, 1.9143404267925657, [0]
-16.662390177494157, 0.6065459222811247, 0.5150435581955547, [1]
-17.60619394046843, 0.6470793445785861, 1.4484098980651583, [1]
-15.8833517528006, 0.3264389990043154, 0.41497689691391804, [0]
-16.707702527918475, 0.714772083121064, 1.2959869502686887, [0]
-15.899115697833539, 0.5259647759479054, 1.0611353726137418, [0]
-17.398989640293568, 0.5807591119021366, 1.8778099281214389, [1]
-16.855154846180376, 0.5296027187302134, 1.7920816844302925, [0]
-16.906776357556343, 0.3216042269467747, 1.4447591599911194, [0]
-16.328789259992774, 0.41413366841859833, 0.836639741737548, [1]
-17.055934609991613, 0.6908728670567013, 0.6178342872862292, [1]
-16.461644164758667, 0.5326365336252834, 1.5249722888702948, [0]
-17.388142501327255, 1.2110213456694798, 0.0844284435530436, [0]
-15.132413542412959, 1.051799355130216, 1.0595720277509724, [0]
-16.095178658988644, 0.4984598290433791, 1.1324755115645675, [1]
-15.329226252506544, 0.6890241242168784, 1.5443372401423165, [0]
-18.774267199678704, 0.5927235199910824, 1.612022628098109, [1]
-16.88566241292134, 0.7990146661415751, 0.6384439553044521, [0]
-17.113317105624354, 0.48370167461246844, 1.5759775141112484, [1]
-16.473147033730548, 0.6175145728877256, 1.5000500588670924, [1]
-17.470538719071946, 0.7799778983460967, 1.2633184913373907, [0]
-16.344525040932087, 0.6117972774034963, 1.409941700353515, [0]
-16.466198334907983, 0.6693923545355287, -0.11163293904613714, [0]
-16.34464427013813, 0.7735227127694758, 1.505212638327928, [0]
-18.146853392309506, 0.5191465117392514, 1.1441725182232587, [1]
-16.730370680758078, 0.3988611125125902, 0.004810486503798783, [0]
-16.31359093283334, 0.5987158713346069, 1.1040238350321538, [1]
-17.690509762880055, 0.6128990605547602, 1.8047921224201315, [0]
-16.542294252200303, 0.5423171379998166, 0.8475436266658578, [0]
-16.431874549794678, 0.927509449842048, 0.17826008195879317, [1]
-15.198294642396315, 0.705008315565087, 0.9940252499605444, [1]
-16.765047866711274, 0.6339219445335504, 1.3831160017400823, [1]
-17.54548984724997, 0.8026231512715498, 1.305496811295437, [1]
-16.162890113219284, 0.704985281237181, 1.4122129592359551, [0]
-16.029964290326905, 0.757905570791034, 0.9268430002254132, [1]
-17.830772993087507, 0.6200832615817322, 0.7443621264186842, [1]
-15.787022144413001, 0.8650466434505384, 0.896719914468577, [0]
-17.319536169247975, 0.684632090640096, 2.3715024219598577, [0]
-16.6858780112095, 0.4431280873940382, 2.027781339669643, [0]
-16.61214759255237, 0.5210754600396614, 1.0660293112235748, [1]
-15.99908497724817, 0.25351326632896326, 0.7272952890711064, [1]
-17.54445909655815, 1.039396914303422, -0.8625000239296814, [0]
-15.649054995853259, 0.7570166126085924, 1.5319801953911187, [0]
-16.268732524726953, 0.7232705302457162, 1.444771896340138, [1]
-17.137499489103657, 0.07455232269708179, 0.6102297386894965, [0]
-16.199105297930295, 0.7027713971474422, 1.3584827125206576, [1]
-18.19896062337779, 1.5303302670601084, 0.37720618905848985, [0]
-16.053572864557236, 0.6791132291336377, 1.4921944435687804, [0]
-15.463425598338977, 0.3892493072802076, 0.9313559656377763, [1]
-15.965080110034712, 0.8017604610060627, 1.3819644017315302, [1]
-16.55804997864471, 0.7811130085588803, 0.9247652953749714, [0]
-16.871329219307004, 0.48474889439567376, 1.4980033031687738, [1]
-16.109957564988207, 0.3411165347388019, 1.0423784793983872, [1]
-17.902375606879605, 0.9423076781736403, 0.40168048887458013, [0]
-16.044085937991998, 0.5486551540827375, 1.3415619321860088, [0]
-16.0431068060012, 0.5145819421258147, 1.2132840682695094, [0]
-16.46360161851683, 0.25913732254374056, 0.8287914156777793, [1]
-17.010087374578124, 0.7560880849808963, 0.7921530888726873, [0]
-17.051155421727778, 0.8629671905486263, 0.1684716292905905, [0]
-17.681523284761592, 0.6982451517540998, 0.9567183959236669, [0]
-17.561447881333635, 0.9435166097652914, 1.2083680752060248, [0]
-17.046880989947503, 0.8317462190942344, 1.1923748185886573, [1]
-16.11222322291241, 0.20912577073151367, 0.43049846651724266, [0]
-16.758270312428113, 0.28740911515930856, 0.9206801097847465, [1]
-17.782936602261522, 0.6379514683523058, 0.28820225260766924, [1]
-18.27876066507037, 0.497224816016833, 0.9222110574480342, [0]
-17.019175307416845, 0.9361218409062839, 1.8282929213578434, [1]
-16.364309068154558, 1.3012108323985794, 0.4253245313392128, [0]
-15.913906198014846, 0.6910105376725671, 1.4163504480233358, [1]
-15.768798424562263, 0.6345004813858386, 1.2961826278966515, [1]
-17.14070041088681, 0.5120672119511358, 1.5771066003196497, [1]
-18.12488362128584, 0.6862991691062366, 1.6708882912357759, [1]
-15.440620105061052, 0.9191887173003407, 1.0326835304317854, [1]
-15.945777772392734, 0.5711088909600216, 0.33945948183218233, [1]
-17.017499999046976, 0.7989993498697465, 1.3074491401568333, [0]
-16.800869137949704, 0.6071271435835975, 1.8837867068471192, [1]
-17.478612986225706, 1.2111222456256756, 0.5054255897916634, [0]
-16.675434393466343, 0.5937103711983991, 1.1135681447465664, [0]
-16.49241303102606, 0.8261731899417837, 0.8477661965816767, [0]
-16.391440020823538, 0.6336440626736312, 1.609641155614534, [1]
-18.143803993553465, 0.7794540637884099, 1.3490618280347617, [1]
-15.201348539703163, 0.7701022125410594, 1.1519734780991215, [1]
-16.594605121719884, 0.2454652792769475, 0.37275629062394666, [1]
-15.53536410958962, 0.4785440131145845, 1.5969943705060228, [1]
-17.119751210213007, 0.34355616847891424, -0.30072333206501367, [0]
-16.330555154270954, 0.7564691327065938, 1.757024419921493, [0]
-17.310541525075635, 0.9012837460023069, 0.816861165211634, [1]
-16.721545577322896, 0.6731133308801023, 1.170905675383076, [1]
-17.486031304152064, 0.8759087365113188, 1.3986800358243108, [1]
-16.387845196962395, 0.5166822410744323, 1.8606580226608496, [0]
-16.656612638398204, 0.7710759212687087, 1.5223957372341999, [0]
-16.10636072170066, 0.5481582261319273, 0.5495571218386255, [1]
-16.267750965666018, 0.4001235635025426, 0.3957550991755474, [1]
-16.117699677717752, 0.967099889771004, 0.47679795118955554, [1]
-15.898808691075555, 0.3448141471861728, 0.5951900974729194, [0]
-16.262183556583597, 0.5092003665206515, 1.435190641835564, [1]
-15.943259732755413, 0.8126857500429453, 0.977947413912664, [0]
-16.88363672468462, 0.31893140621443195, 1.3719399110519266, [1]
-16.106426355219273, 0.09106060975361274, 0.5897919544400598, [0]
-18.689630133528343, 0.6445426187936796, 1.7898395262868205, [0]
-16.187234293308496, 0.2916147259377375, 1.2470806647479498, [1]
-16.989082119839484, 0.7783657050215311, 1.1256147245242798, [0]
-18.043713114330547, 0.7895418728551277, 1.5326759144749023, [0]
-16.881288296188114, 0.6731995547370904, 1.2950491975218716, [1]
-16.22945948273307, 0.788229256710803, 1.8340868492865792, [1]
-17.603980730401286, 0.40999300483664225, 0.9620518340851771, [1]
-16.074847427527686, 0.4829452237393549, 1.04351077953193, [0]
-17.10409838046672, 0.4566281343410617, 1.0804051538374404, [1]
-17.485952223616447, 0.8109774338417212, 1.3868245965478603, [1]
-15.809263185907794, 0.6420027149128682, 1.1994955977809636, [1]
-16.237888997443644, 0.6794293661421063, 1.2462176685396207, [0]
-16.834677584448492, 0.6983768312312277, 1.4464729551751008, [0]
-16.659944522330367, 0.9489618844449205, 1.5429664487268226, [1]
-16.9064971014145, 0.394935321275477, 1.2200279678979917, [1]
-16.81649767318603, 0.8574584228494653, 1.5325092195653855, [1]
-16.35747102772269, 0.5004337842471196, 1.4289000367690592, [1]
-16.460523776658654, 0.3453743468542323, 1.2301657185697283, [1]
-16.16066468000888, 1.0305156708889818, 0.6350288679164329, [1]
-15.838258668363334, 0.3020788722573418, 0.6532451408470983, [0]
-17.078159947297436, 0.4054703581836939, 1.5331536237649361, [1]
-16.221782815447952, 0.8374898823797119, 1.2736892938161766, [0]
-15.847392618973538, 0.7822125622335161, 1.7113168831097063, [0]
-15.541028405715139, 0.8966579566907427, 0.6089089791039657, [0]
-16.670895336820543, 0.36692536543087506, 1.440311604161462, [1]
-15.96399290939244, 0.7060722332939824, 1.0098613960024805, [1]
-16.121348307758847, 0.1938782738270476, 0.8735805462664379, [0]
-15.714218539207495, 0.3099900847688276, 1.0484308812906442, [1]
-17.64586354019991, 0.9508921759006298, 1.7438441112953973, [1]
-16.598599209487947, 0.3633726595400306, 0.7780995812216178, [1]
-16.639575725650484, 0.9002400450858995, 1.4895794207568358, [1]
-17.09200324123057, 0.8375902621425219, 0.900262984708802, [0]
-16.06591144402175, 1.2569103895669018, 0.6079279084846148, [1]
-15.982450921884308, 1.051525203478863, 0.6346041829146356, [0]
-16.423317638001677, 0.9137950363922955, 1.66787811954621, [0]
-17.961967342128023, 1.1230802164443106, -1.0728346581260495, [0]
-16.525451079258826, 0.4207501514952671, 1.345001686723978, [1]
-16.389639532762853, 0.520849359730833, 1.5337600903238293, [1]
-18.103558509355285, 0.843779547745623, 1.4338886490141622, [0]
-16.734289462134416, 0.6222148408455298, 0.9543723553127872, [0]
-17.216915267425062, 0.6975421285146123, 0.3064555875093322, [0]
-17.503038519947186, 0.5669713493596888, 1.0490745732227664, [0]
-16.37565639782272, 0.6942855908274146, 1.8154039011917726, [0]
-16.637181520692987, 0.8549825209314343, 0.8475598706914476, [1]
-18.955730125280887, 0.5732774171236874, 1.4958489595830033, [1]
-16.29813048274247, 0.7742636318097347, 0.5327230887818997, [0]
-16.740739395518705, 0.6572231438974939, 1.75035935667951, [1]
-17.14717705866405, 0.3820082067610613, 2.01974713833, [1]
-15.404810419064109, 0.9408366270260047, -0.07701901509965209, [1]
-15.656875665571405, 0.42999428837896037, 1.263499001526529, [0]
-17.493119132392746, 0.49858971982523503, 1.2553760439548818, [0]
-16.205347723903238, 0.7920674555184521, 1.1985903584787432, [1]
-15.95330852628587, 0.3820957030886256, 0.08071615328428705, [1]
-16.843428541406915, 0.5080370540126649, 2.0692151869665465, [0]
-16.52825880606279, 0.8703228140424177, 1.2812822234929446, [1]
-16.48577100635552, 0.9376368654288331, 0.2996583019917267, [1]
-17.659061241983938, 0.38890152480536455, 0.6387263498124247, [1]
-17.28983381974294, 0.6117834535931154, 0.9380319242137698, [1]
-15.895207221932221, 0.45981734616052455, 1.3201254408521594, [0]
-16.725662116312318, 0.5130560330226928, 1.4569376700276058, [0]
-16.85155253794752, 0.5690416070403039, 1.6374410840293385, [1]
-17.378988314228128, 0.4813865337104626, 1.2942630776841435, [1]
-16.380756320896857, 0.5031550253690611, 1.1207215369301737, [0]
-16.68393463198632, 0.6979094389069861, 1.0245535664706273, [0]
-17.627186420750544, 0.7631593289934262, 1.5721959879290894, [0]
-15.795276189724271, 0.7825865730722259, 0.4255642357778162, [0]
-15.570708596964915, 0.8055977441709044, 1.539134923702058, [1]
-17.715457229321917, 0.7075616356365306, 2.1916240910917253, [1]
-16.40330511689919, 0.5008245194197909, 1.7867147831900405, [1]
-17.00888386166705, 0.49865004690959974, 1.2106350514664173, [1]
-16.202221544046814, 0.8067566092862224, 1.637572714705898, [1]
-16.08722647304737, 0.7828080609363391, 1.1762089519189696, [1]
-16.737391005461248, 0.7562782268170434, 1.262443663047043, [0]
-16.380632401936857, 0.7355616014432924, 1.3706930391256384, [1]
-16.85947622635045, 0.5622669844656337, 0.8851692309312312, [0]
-16.04007885764581, 0.4314993511337089, 1.4022989327834208, [1]
-15.991810606246046, 0.5761898738189366, 0.9493496869065471, [0]
-15.84471744899127, 0.5256183667812683, 1.3791503080220737, [0]
-17.015218588730903, 0.543924327608846, 0.7132746639475701, [1]
-16.20075682393873, 0.5823192199599093, 1.6940645077090335, [1]
-16.37694035792105, 0.5686427816007107, 0.7499561294179217, [0]
-16.491630242058005, 1.4245033546903247, 0.06561363734832837, [1]
-16.943319188306962, 1.5586808834898638, 0.6389632865734002, [1]
-17.042080108078203, 0.38690525707687773, 1.5936044049874765, [0]
-15.832498327690386, 0.6497984244365627, 2.0368107295136744, [1]
-15.87588358888209, 0.5560559311455578, 1.290650288330597, [0]
-15.298249524824415, 0.5382931116834138, 0.9956647168907353, [1]
-15.747419426696066, 0.9385482402935528, 0.8598960350528765, [0]
-16.71752829075414, 0.7622640585333589, 0.2049766643131578, [1]
-16.808115024171187, 0.6242440406608596, 9.58788612109851E-4, [0]
-15.872036424373894, 0.8735948225061706, 1.3217820017232282, [0]
-16.326264633043472, 0.4849593498735471, 1.2166755676296563, [0]
-15.738209621255992, 0.711142750570741, 1.1458456063947746, [1]
-16.458851192179964, 0.8518311274983621, 1.1446261560259952, [0]
-18.171574209800912, 0.7326091467557003, 0.9405037522943596, [0]
-16.377505151337452, 0.55993595042166, 1.6096989584484942, [0]
-15.027431853557868, 0.41730061000107127, 1.1707054965866437, [1]
-16.82727037796138, 0.7631398512295828, 1.1175445712575982, [1]
-16.605025321878394, 0.6283466057490651, 1.8320102479882507, [0]
-16.98736654887143, 0.46979913806150136, 1.729216812627047, [0]
-16.656242491664518, 0.1990218170503983, -0.28370187321633955, [1]
-18.29100168832149, 0.5190060758514362, 1.8255176709194014, [0]
-16.28272125348568, 0.49366089391828355, 2.1972532866203323, [1]
-16.366478370001005, 0.9616105043502094, -0.3525362063809256, [1]
-16.01832055114108, 0.5858571196598124, 0.6750836200765415, [0]
-15.191479997177733, 0.8503960412336548, 1.2275152874041635, [1]
-16.626870929638518, 0.5498920093509354, 1.6317110672968917, [1]
-16.399249423523788, 0.7414389039547241, 0.9094474886276767, [1]
-16.92044827885265, 0.21655726364891886, 0.5928333538501107, [1]
-16.80079716500278, 0.5805784131380755, 0.4307308938683774, [0]
-17.68732553788107, 0.1012841944965352, 0.11685649646571622, [0]
-16.09351724531581, 0.8084066050176355, 0.8908251350878154, [0]
-16.585500667923622, 0.7444781472608906, 0.9928400771389756, [1]
-16.66990296090228, 0.7535695450641658, 0.8034888112745611, [0]
-17.41925020797147, 0.6393721779202386, 0.005099482022674906, [1]
-16.778283642386192, 0.6573371999239833, 0.530187955627659, [1]
-16.646464383503687, 0.9696697461499111, 1.322802569324124, [0]
-15.299162868232617, 0.997268181863594, 1.1582420978349612, [1]
-16.117739847715256, 0.3964786586036366, 1.7681826769722688, [0]
-18.028359537141547, 0.6271340359350123, 1.1932603938979425, [1]
-15.66390309995281, 0.8276611543932492, 0.9959402334683555, [1]
-16.804469083455665, 0.48291576837270667, 0.9997650478467563, [1]
-15.398037177880605, 0.37000668751240967, 1.0631961086065935, [1]
-16.497158606464062, 0.4876291254109034, 1.1040352170743528, [0]
-18.227830306041962, 0.15949415246536133, 1.3138060993044514, [0]
-15.161469267699875, 0.9230319276096932, 1.0367197928046732, [0]
-16.941478980861906, 1.0051572202905321, 0.17821004911578786, [1]
-16.864281939870075, 1.4211225030511263, 0.35831024326465055, [0]
-16.331216970183853, 0.32894215799315407, 0.6136668488603746, [0]
-15.971151222878404, 0.5948073871896788, 1.6780053483499016, [0]
-17.468681374361537, 0.5273039453256995, 2.209475933321676, [0]
-16.513916396836343, 0.8058903795404506, 1.0412275781859373, [1]
-17.277478725682467, 0.6768150483871825, 1.11732216437448, [1]
-15.95149923523136, 1.1763086122935191, 0.26838559968763176, [1]
-16.938668626004446, 0.8949870549732544, 1.055970636212515, [1]
-18.991250391516076, 0.7079059296018739, 1.2459153368638918, [0]
-17.481533708997446, 0.9036452970769469, 0.47862382039995865, [1]
-16.846695386173298, 0.32315167839316394, 1.195694864201601, [0]
-16.328132904884587, 0.17276120073229123, 0.13022247258909103, [0]
-16.151112450668702, 1.0538594538965298, 0.9956876795035641, [1]
-16.857887308982846, 0.7714174268440533, 1.903355552167416, [1]
-16.305697538399492, 0.9873988654280486, 0.9876282637348959, [1]
-16.447972330319743, 0.6161174060511325, 1.260969696370701, [1]
-16.242581675458066, 0.2350058003056607, 0.8434622719114313, [0]
-17.37535958960699, 0.7997778737283517, 1.782551635889357, [0]
-15.806263059025351, 0.7698838656337487, 1.2290940615036805, [1]
-17.072226826087462, 0.9337307359591492, 1.6029329038484939, [0]
-16.161852260250388, 0.5827403656283485, 1.9858382985671401, [0]
-15.6218059441513, 0.9747733707533748, 0.694775228340772, [1]
-16.21975606681952, 0.25166134606269686, 0.9785434754681299, [1]
-17.514774648943177, 0.41614544587940894, 0.23999964716480965, [0]
-16.788523409114383, 0.4671846221157354, 1.4279516906309357, [0]
-15.78794721046357, 1.3176836726399181, 0.8925319841237378, [0]
-16.9424972902256, 0.87300444338357, 1.1228414363090211, [0]
-16.324933532864982, 0.3847190270946464, 2.074676314014173, [1]
-16.642214124895613, 0.6409245537303548, 0.4820562314691319, [0]
-16.958985800410492, 0.4877295993134001, 0.485453566338422, [0]
-17.106358236655534, 0.9260375509746304, 0.3439175009604188, [1]
-17.325667773197793, 0.18836230285390732, 0.47188772705517995, [0]
-15.822553233463028, 0.4533962868427412, 0.6832851665760559, [0]
-16.058521429869387, 0.6646138647775964, 1.3039003776342297, [1]
-17.424600469337115, 0.5501615328835261, 1.6702074264286253, [1]
-16.70075900704109, 0.1550161581555236, 1.4996022258169548, [1]
-17.467322802366255, 0.5739353068065214, 0.881225355187037, [0]
-17.648467715330217, 0.6480209586437163, 0.2768559973057022, [1]
-16.333529396931873, 0.7248533657569716, 0.12427532841073685, [1]
-16.977790191802452, 0.28675907328587347, 0.45530193537420616, [1]
-17.669076020894114, 0.5973911458018137, 1.9714927005881626, [1]
-16.648839934792278, 0.7380111391940012, 1.3971323383136727, [0]
-16.452543478939482, 0.7450820008317995, 1.4936093045091372, [0]
-17.186094272629877, 0.5643482904165812, 1.7337380944047336, [0]
-16.500046924656147, 0.82489629996068, 1.0895526970874987, [0]
-16.992274268124763, 1.1569632383756916, 1.249476358799147, [1]
-17.515945331861445, 0.7451472060393558, 1.0343883980863524, [0]
-16.993297290202577, 0.787594933384478, 1.4530471276720025, [1]
-15.926807642368685, 0.39115822618710416, 1.0763465908242904, [1]
-18.324516284251427, 0.5027569236561075, 1.591387116681048, [1]
-15.810313568137724, 0.8829430863335666, -0.06067210440479193, [0]
-15.085287995214165, 0.5539469871776351, 1.4716541419058793, [0]
-16.42434604127514, 0.8301807856840225, 0.7521830190584543, [1]
-16.149491293373323, 0.7740189047249536, 0.6070020467516501, [0]
-15.787134325387912, 0.508571744766779, 1.7271624794383156, [1]
-16.084608173304098, 0.7448517505014032, 0.21396194440905714, [1]
-15.989064423764983, 0.13627292242063083, 1.3564585065231665, [1]
-16.22504520115142, 0.48857523972345523, 2.1038080744714502, [0]
-17.69613389690123, 0.42254199396938874, 1.308987449292026, [1]
-15.468736349409298, 1.0838540682794362, 0.6957089870381754, [0]
-16.857278329279318, 0.9636862158547381, 0.8595956652889193, [0]
-18.731260870583963, 0.07835144068668598, 1.0970903055328918, [0]
-16.852583454979452, 0.9486274326246996, 0.768998615509443, [1]
-17.165076489725347, 0.8982204708487798, 1.0748247510987776, [0]
-16.514527607269237, 0.626955422310382, 1.4006448281148975, [1]
-16.403645991308533, 0.4761990766844876, 1.136672125711235, [1]
-18.566101521720324, 0.7883602591195605, 1.2880818255785953, [1]
-18.326527600680983, 0.5779789820768808, 1.665846380572523, [0]
-16.978871565143034, 0.7576979206424288, 1.7568316663821408, [0]
-16.391536866462157, 1.0127793777901675, 1.0094696904147578, [0]
-17.27411045430836, 0.8223707647675516, 0.7570135952211654, [1]
-15.662712632307176, 0.2494925917904313, 1.6126548434101386, [0]
-17.10132264333424, 0.9777384917969805, 1.2795557512295717, [0]
-16.29977909768275, 0.9346557861093903, 0.9507303979228915, [1]
-16.19677848115609, 0.6123141230819555, 1.324682508622889, [1]
-16.440796209469124, 0.3533177367747007, 1.2149552135877904, [0]
-16.925859546724336, 0.43167853651271215, 1.2558336361315359, [1]
-15.653146294836048, 0.5181079831515321, 1.0470255240861126, [1]
-16.11154148861658, 0.9877754511200106, 1.19108173642298, [0]
-15.787943379363288, 0.6754513241284035, 1.3085633668816101, [1]
-16.86995006386585, 0.6210765777547185, 0.019961842069542296, [0]
-17.40718503538517, 0.7339856718644671, 1.0840531322030478, [0]
-18.96750081469599, 0.7988129584312658, 1.4481848620012612, [1]
-16.138093142056537, 0.576123394556158, 1.35662648994349, [1]
-17.17240561467902, 0.1947876855825426, 0.6162554426141635, [0]
-18.84666816612224, 0.6682343763220709, 1.022253879970907, [0]
-17.33885356472321, 0.5493280770241749, 0.7486763109440671, [1]
-16.851795779246952, 0.563654774354252, 0.4025930604742105, [1]
-17.32892554651918, -0.20486030659150245, 0.9625745385253256, [0]
-18.10482739633515, 1.0161511908140732, 0.08207817713385124, [0]
-16.495608035831303, -0.010520744705069418, -0.18028304286260619, [0]
-15.710924832454632, 0.8672290473855949, 1.2879059277782328, [1]
-17.2628895973181, 0.8906496861046305, 0.8531985732849634, [1]
-16.8314680802969, 0.483675164539296, 1.3356586837032487, [1]
-17.140594847853784, 0.7520307748719492, 1.1400232066482396, [0]
-15.397756705535437, 0.44774020345404064, 1.1610668116226714, [0]
-16.684477847144723, 0.25789529893103746, 0.823833988982046, [0]
-17.139253202138118, 0.5865553772908491, 1.667757447271665, [0]
-16.745755730817354, 0.625362714883153, 1.1086489533353137, [0]
-16.082023776818634, 0.3966789895720731, 0.7606673594710229, [0]
-18.23710559842226, 0.7161726083466249, 0.18516423473693266, [0]
-17.14045010456651, 0.3477732450006279, 1.5111879597618514, [1]
-15.925057132735503, 0.4808682552988359, 1.101670985703405, [1]
-17.146380220857342, 0.657582332862591, 1.226093692893981, [1]
-15.979986216983862, 0.494913170061877, 1.5158593814551125, [0]
-15.946860451293473, 0.7017338988866676, 0.9011606972380952, [0]
-16.104478691916864, 0.8132007156400596, 1.1051448020204604, [1]
-15.883486816288855, 0.5890526888495344, 1.2472010127202187, [1]
-17.028203178228896, 0.614314238149069, 1.8163309886239154, [1]
-16.935721794285115, 0.43113172571155683, 0.7512643827294518, [0]
-16.62167149240431, 0.8252533624848915, 1.5297549229044556, [1]
-16.334066823330566, 0.6943649568498436, 0.060406544349849434, [1]
-15.880585383876369, 0.3813065595379026, 0.8881328220239523, [1]
-16.891323965264235, 0.549152351164724, 1.830097029799349, [1]
-15.57110048513549, 0.4277271738075482, 1.716637488629834, [1]
-16.910183485129235, 0.455399376291595, 1.8166253843584657, [0]
-15.538375976623287, 0.9150586692591117, 1.8609096257640267, [0]
-16.014805757631386, 0.46079315650302016, 1.7577267770791836, [0]
-16.878199436362017, 1.0844960318057197, 0.5505781316020801, [1]
-18.031583618965964, 0.7356455593233773, 0.5333741791846058, [0]
-16.425832188458152, 0.07920166833372133, 0.8576671166227872, [0]
-17.10753025693042, -0.05987115800054077, 0.07866832360803194, [1]
-17.133445513588498, 0.5241661156182629, 0.7444273788559024, [0]
-16.972656237632865, 0.3980141286553209, 2.22833599783697, [1]
-15.749540027661762, 0.2864853555690933, 1.5620055149538623, [1]
-16.22267175702587, 0.6943287826311451, 1.0053813198021095, [1]
-17.199324045610314, 0.6135408715656903, 1.4605207914803724, [0]
-16.563052442040764, 0.8155781775746037, 0.5372309448360504, [0]
-16.822843879086268, 0.5821829966813918, 1.831715281581738, [1]
-16.21058569923781, 0.7471956172600485, 1.5390220626834668, [1]
-16.021252450777787, 0.6796371988057139, 1.6363015948296202, [0]
-16.41082714545054, 0.6677836781992399, 1.3910796745933631, [0]
-18.299854085982872, 1.3830703791329308, 0.41901292592287664, [1]
-16.244222346200868, 0.5933055632211315, 1.1566602720059427, [1]
-16.629896567935006, 0.736706614296955, 1.1382085888110582, [1]
-17.911196573297765, 1.0729328886558012, 1.011313986521558, [1]
-16.44205080978156, 0.40626600505052657, 0.8730114422604025, [1]
-16.24666720380694, 0.6316833433654729, 1.1783254585964376, [0]
-17.919577975633327, 0.2875025060880537, 1.2119642409134461, [1]
-17.607458958987838, 0.6872333091864861, 1.8589818940438967, [0]
-17.004453918678088, 0.6348404173933417, 0.8465945848131751, [1]
-16.318870781094237, 0.6234163296231657, 1.8578564915118583, [1]
-18.0712205383798, 0.3913108630049011, 1.203700143026154, [1]
-16.461830968587957, 0.43603297227746035, 0.9388362083547139, [0]
-17.52432208913773, 0.528302274056206, 1.5732113293256904, [1]
-17.40519497240801, 0.2197541868297599, 0.7120345851326092, [0]
-17.878074612870417, 0.7346012176930181, 0.8003687494941826, [0]
-16.072157328414377, 0.7477257711359095, 0.7852383724457181, [0]
-18.563315837144874, 0.7511307784970733, 2.0189172519596785, [0]
-16.00589804623082, 1.2036882969774525, 1.1312519863983324, [1]
-16.616199080473976, 0.6774342073344698, 1.1789126392856661, [1]
-17.564729547927985, 0.3977528639930886, 1.1673842985209457, [0]
-17.430921706096164, 0.9655043778597574, 0.0015159364043287882, [1]
-17.33529166364914, 0.5472853645641415, 0.850453891604309, [1]
-16.967807747796112, 0.3161241837486006, 1.1040394406591385, [1]
-18.34702380483005, 0.7284494887305597, 1.0142489019579886, [1]
-16.452232647540313, 1.0050108555687318, 1.5429275577741093, [1]
-17.022102267992015, 0.1587609409776124, 0.3706923723607123, [0]
-17.656451891311118, 0.8522797075296267, 1.534969527315784, [0]
-16.723607449298306, 0.41264318095259, 1.163503409865238, [1]
-16.337903186558748, 0.6751060103841915, 1.6479860070915278, [1]
-17.360171894538563, 0.557314713241899, 0.585667445403028, [0]
-16.837844979287055, 0.27476004064540904, 1.1760045839098234, [1]
-16.93202786849896, 0.8400592585798605, 1.189110166966463, [1]
-16.989133216524536, 0.6904435000449259, 1.993903383650438, [0]
-18.63400336522375, 0.7161753256014557, 1.572224561865053, [1]
-16.766442359042045, 0.6204548807367165, 1.7438431095627425, [0]
-16.005826584851167, 0.5718750069676997, -0.01815448003493056, [0]
-16.55085951445306, 0.5550772045791939, 0.8378832789588093, [1]
-16.175445191708587, 0.5685204405546561, 1.671812194440144, [1]
-17.230087767029158, 0.7636171783670777, 1.4601581352955921, [1]
-15.597106640612646, 0.6154816049361396, 0.856200475946709, [1]
-15.987171434692453, 0.5373807130097643, 1.5808176067458408, [1]
-17.59181584537495, 0.8641443459953504, 1.3899739587227204, [0]
-15.847283310326725, 0.7676591654839171, 1.1410563310881185, [0]
-16.86469039803088, 0.14662157260260122, 0.4354976025378887, [1]
-17.11285455803168, 0.7682669885727091, 0.7430551384807438, [1]
-17.349023232965603, 0.6197920389310074, 1.3504467854351763, [1]
-16.577380586477936, 0.5250666116418221, 2.2264410736981075, [1]
-16.962851738103947, 0.6299257571713084, 1.5726907453682273, [0]
-17.090471357439718, 0.35913248225362443, 1.877611973892194, [0]
-16.85803780594618, 0.5915245290759843, 1.7034137296176197, [1]
-16.244343058175232, 0.5683016169518615, 1.24260534516813, [0]
-17.063400509782024, 0.5429357970122699, 1.7529318378964207, [1]
-16.729533686996007, 0.5781181929146617, 1.2574125629293087, [0]
-17.314214705924417, 0.8268995814686313, 0.30796670972401685, [0]
-17.45513108808317, 0.7726340939534735, 1.7859497787451242, [0]
-16.33888929746275, 0.5590775701142884, 1.8366436287018912, [1]
-16.431466221306373, 0.8400046622777603, 1.4217798631988208, [0]
-17.347344139772144, 0.5518963427007604, 0.5304575679139956, [1]
-16.29647966223946, 0.7955260557777633, 1.3831572905621496, [0]
-17.023891983591206, 1.016960962399025, 2.014713834512428, [1]
-16.260712998165257, 0.1620618049917908, 1.1509057032451842, [0]
-17.031977885905416, 0.8384253959220604, 2.0537346736619684, [0]
-16.32591307651516, -0.09848752835727259, 1.250306953759459, [0]
-16.290324960481684, 0.4169491326844114, 2.0663265562735544, [0]
-17.6865062684445, 0.7454782153398714, 0.37510589830888785, [0]
-15.630084490946404, 0.9939655355764783, 0.9575682841268888, [1]
-17.496473536203084, 0.4456980005096383, 1.4792089614259325, [1]
-16.030467152726157, 0.615837542789588, 1.2377374367033045, [0]
-15.994880049926513, 0.6741434184297721, 1.4709959671986563, [0]
-16.497375950642684, 0.8857578941273848, 0.9352040628979629, [0]
-16.23888834946248, 0.4850571543670551, 1.6960821279787466, [0]
-17.533005750313873, 1.030050195050672, 1.1543641318579665, [0]
-16.10063196905887, 0.3948868208851207, 1.5645199202506992, [1]
-16.4854401043986, 0.807766906043028, 1.093269681799, [0]
-16.777500535334614, 0.12050317797470045, 0.8506958097147307, [0]
-15.812983340793071, 0.7792907755773634, 1.1399300524679896, [0]
-16.034880071680114, 0.6788891998893446, 1.3842564139311262, [1]
-17.435851436648157, 0.7512682856159705, 2.006622159046344, [0]
-17.01750115137836, 0.2955416359558759, 0.16397158228987085, [0]
-17.272905395378192, 0.5958796383134024, 0.7052755582311598, [0]
-16.61605698216638, 0.713679177375922, 1.4333205949271524, [1]
-16.866990913347404, 0.42032568826836497, 0.8099319971481918, [0]
-17.0930954545967, 1.122613526891231, 0.10364283956840181, [1]
-16.48932379229803, 0.4716698016234307, 1.4243607056859782, [1]
-17.418620270200343, 0.27875530052342856, 0.997300271883014, [1]
-16.432875316901242, 0.4657711940833076, 1.5297232835760455, [0]
-17.354026337174446, 1.0668776234112873, 0.6169436521430006, [0]
-17.47658048745222, 0.43636146385761065, 1.5629854412648247, [0]
-15.819391011179011, 0.5733453716173367, 1.4995369207944882, [0]
-17.0140932587658, 0.5512893309159925, 1.0026262515283777, [0]
-17.245216604497358, 0.730468894364943, 1.8040571309855842, [1]
-17.524704036147924, 0.6264342476668177, 0.8338538504585957, [0]
-15.849724888233949, 0.7083378009016713, 0.8259657423972782, [1]
-15.884765656224161, 0.7397148659077195, 1.46944381790911, [0]
-18.017585527764517, 0.8589557312977443, 1.362519576814015, [0]
-18.85615130890683, 0.21826333235666198, -0.14927337199174331, [1]
-16.571437502527036, 0.559187418900209, 1.0470901318339974, [1]
-16.795496178078686, 0.7038143735569673, 0.6962059296172654, [1]
