t=0.0063960180207910675
logZ_t=-4.4497125524059635
-11.447011681747652, 1.2458184961286616, 0.8826292292461003, [0]
-11.069494290934177, 0.7856325537690563, 2.5578066366516716, [0]
-11.961271666403318, 1.0365926086603168, 1.6736351561679252, [1]
-11.33575486255399, 0.8162980638135342, 1.341000566926206, [1]
-11.271581392370525, 0.533386220309297, 1.789036503650725, [1]
-11.92403168911707, 0.25811971591207583, 0.08068569145520446, [1]
-11.842699382896377, 0.8413547204382104, 1.3588770787108373, [1]
-12.072123820164979, 0.796846740348558, 1.0707286645221916, [0]
-11.264883544043544, 1.2268994169844172, 1.5183366808756675, [1]
-10.9096113563624, 0.8907583227798788, 2.1265226998068654, [0]
-10.925792696576986, 1.0584169782660227, 1.4415597394396367, [1]
-11.770667291355775, 0.6746383863243848, 1.4716579875942983, [0]
-10.77348750345792, 1.0859507715303853, 0.2907899645692566, [1]
-11.198369220970434, 0.971218185971301, 1.4098511380204126, [0]
-11.401467574283547, 0.5929866923469602, 2.2057969200008434, [0]
-12.265561485296768, 0.28922779171864105, 1.9684813210567138, [1]
-11.965420010620578, 0.7575956902245666, 1.017791729750132, [1]
-10.357192035169918, 0.37647312592540333, 1.1718002841104385, [0]
-12.194338100877047, 0.5590298746343015, 1.7756910664037506, [1]
-11.435703994753707, 0.33534682300046204, 1.6249735675488841, [1]
-11.621704342718042, 0.571045329417649, 0.5394524548621644, [1]
-12.536406313822201, 0.5916629672083948, 2.0783213559664455, [0]
-10.52803454853476, 0.6136015947407831, 1.5657151217866478, [0]
-10.802225863074836, 0.7352277589218343, 0.929889902064918, [0]
-11.606372633231715, 1.0536379832717389, 1.7833402469970268, [0]
-10.174056464526151, 0.199881142960594, 1.4160820912016074, [1]
-12.15735201972963, 0.829267214528673, 2.2226644801337154, [0]
-12.097199067831278, 0.8758885244298, 1.8379633541188651, [0]
-11.73199256851069, 0.5221685250554666, 1.4997283136195512, [1]
-12.098959804929937, 0.6384970991843898, 0.8517874349981781, [1]
-10.902626449314736, 0.8487558583912967, 1.8847026580597652, [0]
-12.570712128532907, 0.8522751285870418, 1.4422618240076652, [0]
-12.061483154535603, 0.10395878142119597, 0.6651814559481022, [1]
-11.628088141436578, 0.7170941893097245, 1.8980270691354257, [0]
-12.403438190844804, 0.5627407224071902, 1.8900020647181128, [1]
-11.13320386031434, 0.7507929405512773, 2.276727662010796, [0]
-11.714486596437098, 0.2642998972146552, 2.721370914579395, [0]
-12.10329969209394, 0.20856129824811717, 1.9161936538908981, [0]
-13.702580162767532, 0.5917445936523497, 2.3238179786579733, [0]
-11.541318701077188, 0.8668591777454766, 0.8082646780347591, [0]
-12.333497771427421, 0.9708372335824196, -0.13573174291172407, [0]
-11.96018944266233, 0.48100902013508035, 1.2543058793422674, [0]
-10.918781224446276, 0.43968509728734106, 0.18957412116451985, [1]
-11.589155210786032, 1.1279206148404743, 1.2171420672958186, [0]
-10.680980545156956, 0.8430834594348926, 2.1374237004633274, [0]
-11.607979134778246, -0.041593374108384346, 1.0849542070287277, [1]
-10.492917841567715, 0.39722366009888244, 0.9765339510850988, [0]
-11.730003563918498, 0.646925562177938, 2.6884301882941073, [1]
-10.802759039318849, 0.7354363268740594, 1.6338805153025135, [0]
-11.36682053388469, 0.6358701534856284, 0.9815887914544936, [0]
-13.094340759682044, -0.13946909417926556, 0.5584505539736287, [0]
-11.547796660260326, -0.5733148144906941, -0.18797215989497673, [1]
-10.954224226258747, 0.7202988075119696, 1.5969256106730945, [0]
-11.00788866083931, 0.02270087240930474, 0.7418747132180097, [0]
-10.483177646466167, 0.964886200165172, 0.7651802729273033, [1]
-10.822207755801886, 0.6344413666884305, 2.006701689539966, [1]
-12.808336882243053, 0.9448802344352789, 0.3949720310566447, [0]
-11.790825257230487, -0.06843694676060985, 1.3472852470551795, [1]
-12.005167364016016, 0.07608850388026878, 0.4953060531232285, [0]
-11.65513596969458, 0.6687505403516003, 2.4289317134867088, [1]
-11.38113426279283, 0.6853020184475904, 0.7006019217824014, [1]
-11.96845324984563, 0.0740603890336235, 0.8444190634020758, [1]
-11.41112602737661, 0.665989800898066, 1.0193629392184849, [1]
-10.883350779724287, 0.39558371550776916, 0.9236578801849463, [1]
-11.271940398616177, 0.7761400966250815, 1.6950521737526203, [1]
-11.283417222649677, 0.6255518184609052, 2.400992281805132, [1]
-11.32324529752922, 0.38550480024791267, 1.8137401081621176, [0]
-11.685452292232366, 1.3882153916018378, -0.053695629019255064, [1]
-11.538849877285838, 0.9272678422526568, 0.4369264807486488, [1]
-11.858885160552385, 0.7389212171319258, 1.1411388309121187, [1]
-10.700511004513075, 0.1327834222948715, -0.3368653842778784, [1]
-11.624974905180366, 0.35573223434382006, 1.8987761487303585, [0]
-10.46601826960359, 1.0099961340146615, 1.7007613555354446, [1]
-12.714915089208988, 0.5613829712278726, 1.2419512637476466, [0]
-11.701934046109034, 0.6037616053978281, 1.4414543739155077, [1]
-11.193900938266136, 0.8314067479609946, 0.2052056997997439, [1]
-11.224310251993316, 0.7496839201668319, 0.7594428450656936, [1]
-11.877337056848875, -0.5336249291861458, 0.14522809092625222, [0]
-11.880172820238416, 1.175946320726837, 1.3259400966944814, [1]
-11.48665802758669, 1.1024911283809673, 1.642509447574355, [0]
-11.740081141798925, 0.7865924549399066, 2.2860987538447453, [0]
-11.279115154664893, 0.2474353889654278, 1.4978675052643302, [1]
-10.592672199736583, 0.9210558396065626, 0.29973680540043096, [1]
-13.19020191495615, 1.1169982073905829, 1.4949635026488532, [0]
-12.211215735752965, 0.31680377240217983, 1.7490714104390739, [1]
-11.484228810561659, 0.5146953889839351, 1.3326640630294364, [1]
-11.168176108976814, 1.4522775084636488, 1.0537617829805392, [0]
-12.012678683802912, 0.7104044017655212, 2.22118183378435, [1]
-12.13637592862352, 0.9800678698144167, 0.6710714340659177, [0]
-11.7699373705649, 0.8590907232895724, 1.6933545601352389, [1]
-11.174701688175489, 0.5479182281532069, 1.7560041536182767, [1]
-12.014241764779504, 0.8063499959632794, 1.9215493526189207, [1]
-11.484506309984349, 0.8666234821320349, 0.08601137229502664, [1]
-11.321607028303413, 0.7541878351015194, 1.121906248739438, [1]
-11.552196003162218, 0.7591500323261653, 2.4374121595808074, [1]
-12.039216413844365, 0.39237105337272116, 1.2699378549261942, [1]
-12.51948492656391, 0.4165732757036993, 1.0413901723602086, [0]
-11.26521873935956, 0.7295520879062954, 2.364487452395577, [0]
-11.34340072381778, 0.5435128178348942, 1.6851301541299992, [0]
-11.974717757026674, 0.9244862471695683, 0.525012839265, [0]
-11.429040106564228, 0.34098722097185485, 0.8867725213664417, [1]
-10.845034160357445, 0.5194874888392443, 1.2017227200953107, [0]
-10.357239852347211, 0.5844394316933084, 1.4827687111673207, [1]
-11.144127622164682, -0.26686967097233993, 1.827341174027228, [0]
-11.861428945232841, 0.3492215827166938, -0.6401381808109983, [0]
-10.829960546831476, 1.2934075700070244, 1.2272164093465934, [0]
-11.296559038088555, 0.8984527138301678, 1.3411256490074326, [1]
-11.583490162705585, -0.009853609162687793, 0.4656541176975359, [0]
-10.920734940575025, 0.7185728333156749, 1.1642314025125333, [0]
-11.745605786463015, 1.3325637111054291, 0.43531585328314826, [0]
-11.803121541956184, 0.4921922716275492, 2.6862731535947386, [0]
-11.25484501739901, 0.15488092365892275, 0.8753956824539811, [1]
-11.99414313951571, -0.023398543899412427, 2.5218035398074905, [1]
-10.815737285945783, 0.7848696649073488, 2.0710715548877836, [0]
-12.231126426920476, 0.8437379773018099, 0.8718214383694689, [0]
-10.921690598165991, 0.7971208056542147, 1.4265754148047354, [1]
-11.20436714169072, 0.9632146971238813, 1.3870706271501567, [0]
-11.198988568990488, 0.9924657174033896, 0.3896296629993783, [0]
-10.503680112747098, 0.4502523515507881, 1.5495758004380185, [1]
-11.304198391385468, 0.5233779733026414, 2.2246766560651148, [0]
-11.10009272475661, 0.5549328945107129, 1.5739788272025752, [0]
-11.476027851753399, 1.4909382977691201, 0.35298726051887663, [0]
-12.313176892132077, 0.37780027009212813, 0.7082788014433639, [1]
-11.95954655265235, 0.08431979119167088, 1.5113149994950283, [0]
-11.975935832339278, 0.7352694749033527, 1.3036496862123128, [1]
-11.649053055347654, -0.016065436773664177, 1.333663865077759, [1]
-11.130626322945423, 0.6230927284890472, 2.8260962575836004, [0]
-12.12784353884773, 1.8433153862371132, 0.5489514788923403, [0]
-12.797616563018023, -0.162614774373657, 1.8000980764382104, [0]
-12.234587603607718, 1.7761655113271815, 0.5171833586283059, [1]
-11.58558080461564, 0.219767324747107, 1.5025733381668045, [1]
-11.398142696630494, 0.4970202709261273, 1.2973455124991173, [0]
-11.504406577747801, 0.7575476635170404, 2.1508623920910592, [1]
-10.647557200655767, 0.717526565207423, 0.7047832160265731, [0]
-11.242105142776483, 0.48784370626231655, 2.824106248440791, [0]
-11.42268065915221, 0.8325508878063287, 2.109073057507233, [0]
-11.5168453480456, 0.4270405719295438, 1.790397176178864, [0]
-11.03096697835216, 0.7699536455065015, 2.18251750178695, [0]
-11.155808323324823, 0.2844893421348311, 0.944783970776304, [1]
-11.367927583738329, 0.4805937512548897, 2.086749915909081, [0]
-10.82101044555628, -0.005203598596060899, 1.1194813327927322, [1]
-10.951585456359727, -0.3245500772913805, 1.1064378164193622, [0]
-11.089414721725955, -0.13642292811367426, 1.8800850877951647, [0]
-11.25719051041798, 0.4521920778929907, 2.399589749880764, [1]
-12.564981714471811, 0.7516071618348568, 2.327790437905432, [0]
-10.829156389081845, 0.3254927870273294, 1.8055866411949415, [1]
-10.811354377472586, 1.2360918617061125, 1.2936290038050942, [1]
-12.388121924278181, 0.5095697485770486, 1.466907364448818, [0]
-11.992470057162578, 0.9916876452041878, 1.5344725814127425, [1]
-11.09731361337605, -0.3758890348261356, 0.9973219938178589, [1]
-11.008013426137532, 0.5795060205045088, 1.8503732713817898, [1]
-10.960052030605162, 0.7895520426939264, 1.7831579016390047, [1]
-10.935629223335459, 1.405354253689987, 1.1706897777449645, [0]
-11.11135543101831, 0.8171067184875577, 2.150026155778487, [1]
-12.155539246775223, -1.0180125513654936, -0.47908475058838024, [0]
-11.117270544292618, 0.42352082903922017, 1.1005109936647555, [1]
-10.968691584213337, 0.8814676626135904, 1.4630258883661846, [0]
-12.312843204742254, 0.6702913238643359, 2.2791615701256553, [1]
-11.17720069740352, 0.07062643532901816, 0.48837326937269077, [1]
-11.725341876988345, 0.791234564551483, 1.5722074165782383, [1]
-10.740124908886209, 0.6188892846185228, 1.9553555690031357, [0]
-10.38648741080056, 0.8814779843451455, 1.5985192737784044, [0]
-11.3884698876469, 1.1142818447385812, 0.8609964443276035, [0]
-11.74616151626556, 0.3920227547690973, -0.1602865666349107, [1]
-11.876999754399316, 0.4266665012238293, 2.123674600161909, [0]
-11.606082268215424, 1.2318900836388893, 0.7541622360988884, [0]
-11.43532391712043, 0.4267915094715699, 0.7352431012158647, [1]
-10.843644096166194, 0.21394417518940423, 0.04936665792583586, [0]
-11.401087607177972, 0.8309013138427801, 2.235182621061514, [1]
-11.942510165120417, 0.2547513202603507, 1.2808538088878527, [0]
-12.185805088209515, 0.5005870994898323, 0.2578934751373516, [1]
-11.916234370678355, 1.2769097723237763, 1.2780878408589227, [1]
-11.812206262439993, -0.20442763117349272, 1.6987736436333996, [0]
-11.461519559866305, 0.19758424483170878, 0.8690204591545778, [1]
-11.764975925389463, 0.5316123336422395, 0.4092939826677834, [1]
-12.099456287423807, 0.3705749128768839, 2.406660309268982, [0]
-13.139366990611075, -0.16560891216065127, 0.20006575801349846, [1]
-11.5093371358084, 1.053360534717955, 0.6651207283904562, [0]
-12.34150681439053, 0.8870535582062562, -1.3574253850855302, [0]
-11.110123236615909, 0.17914927277226522, 0.700850112225313, [0]
-12.270919247326443, -0.012517478187562991, 1.2785375909191357, [1]
-11.501431027491153, 0.4100753990584898, 1.9039411659238872, [0]
-11.256129857710489, 0.2630349054995927, 2.364006665911233, [1]
-11.927561879103708, -0.9250406000005152, 1.245951997741787, [1]
-11.609679702553125, 0.5761344110218038, 2.445381606501673, [0]
-11.954050900510685, 0.6269211905232496, 0.9640139548025977, [0]
-12.745274625512232, 0.9254363749242648, 1.8142027705092738, [1]
-11.538345477035278, 0.594708988433423, 1.6658540417156003, [1]
-12.842080309594678, 0.4004442236620336, 2.190831131456786, [1]
-10.805543621019766, 0.9428273074126935, 1.618447270731519, [1]
-12.156109051923735, 0.15254712860763953, 0.8200078008921478, [1]
-11.994174110248986, 1.3586045471699317, 0.8966105703080472, [1]
-11.09900879180997, 1.0172922631734498, 1.8503450674459136, [0]
-11.994926437507198, 0.09285849190025972, 0.9034295579808607, [0]
-11.311871008347886, 0.6116847390795845, 1.6389378912466053, [1]
-11.42980381805082, 0.475135406064611, 2.1715056690250916, [0]
-12.09142043645179, 0.7793080015344573, 0.3951023967450522, [0]
-12.180278051718519, 1.296501490000602, 0.9309866795913597, [0]
-12.131797430994073, 0.029626110722639543, 2.0027259477460415, [0]
-12.56782368155578, 1.2376092165734347, 1.8569152537417277, [1]
-11.365063832040185, 0.9857728954034248, 0.7479696389035946, [1]
-12.333475068261158, 0.8930421907711698, 1.1343686562209516, [0]
-11.535303253335062, 0.9929933595448754, 1.1914996177106725, [0]
-11.651882122452085, 0.8925516653451089, 1.2639008322585004, [0]
-10.5960588236717, 0.9172631729395567, 0.912675451408187, [0]
-11.265762125016492, 0.6823403399456383, 2.0602015459763203, [1]
-11.415095953748262, 0.8319391688882781, 0.8053645835968618, [1]
-11.503473121648323, 0.6640667727271121, 1.494514498724697, [0]
-10.16530021011481, 0.7735252709205681, 1.4513562002680491, [1]
-11.87049947316039, 0.836972582402997, 2.177785421022872, [1]
-11.181908296972798, 0.640534035095413, 1.486385520745547, [0]
-12.129523910874788, 0.6493245360667188, 1.3561740764881862, [1]
-12.043552547599104, 0.7309346798672373, 1.231714834262135, [1]
-11.117730787761479, 0.4792539410163794, 1.8375124348013043, [1]
-12.318302672547762, 0.3176325095083903, 0.01054712837246935, [0]
-13.756806474538042, 0.5146444203970667, 2.218139583152424, [0]
-11.49416243925422, -0.3007159391395886, -0.09465825454918175, [0]
-11.001054375823708, 0.7110032493603742, 1.6887211009357042, [1]
-11.684916057069636, 0.711369564025746, 1.0997485850119553, [0]
-11.56809283849749, 0.48381616120257676, 1.8498987952602646, [1]
-10.181326473035341, 0.6654035760204772, 1.8122194251156714, [1]
-10.883833615964305, 0.4113501584307063, 0.13134118823218188, [1]
-11.081245205246196, 0.3380257797268584, 1.4395441534918587, [1]
-12.320166098098944, 0.11045161907618053, 1.6949613819377127, [1]
-10.90932391740647, 0.14033985671879964, 2.0684424873170775, [0]
-10.529964089385475, 0.37880495548360626, 1.424899146867126, [0]
-11.333926199322619, 0.6373554679936498, 1.0818582376562444, [0]
-10.290351505058382, 0.37881404688118947, 1.3590654899571746, [0]
-11.183904859836087, 0.4724234601566386, -0.2531153159066235, [1]
-11.369358482208613, 1.0518064450599973, 0.09971304966882832, [1]
-11.98483786937996, 0.4921185446506514, 1.9093555759434369, [1]
-11.083879335814919, 0.5048824401296146, 1.4424534183145705, [0]
-11.39841788535869, -0.1899634844852105, 0.7725837778795116, [0]
-11.691123726360937, 0.990656060222171, 1.7179760181759807, [1]
-10.708448082921175, -1.8853253390721902, -0.8208984573504358, [0]
-11.18277624845392, -0.22069430798050937, 1.1839967467202592, [1]
-11.050651300278192, 0.9252570549191161, 1.282417692797368, [1]
-12.22815754068488, 0.8748695818087501, 1.6137854418107476, [0]
-12.074762031924745, 2.538878481121645, 0.44513122971788455, [1]
-12.279032896897448, 1.1192196117530628, 1.3187416811461379, [0]
-10.565375073418508, 1.0331365470464493, 1.1516140727648567, [1]
-12.904950302790336, 0.9340393080881598, 1.5238567129904612, [1]
-11.682221660438744, 0.10952484798111517, 0.023479585737827158, [0]
-12.616371983896762, 0.2474693114200933, 1.840993436685407, [0]
-10.644611595990375, 0.22387986291064566, 1.21855850436663, [1]
-11.939465043836094, 0.22806452242774533, 1.5527981322741813, [0]
-11.614940839758587, 1.0331099532223817, 2.3085958432849463, [1]
-11.651828044941638, 0.7816658779623542, 1.9989955477963728, [1]
-12.657185476404981, 1.0285637299739316, 1.586386126096855, [1]
-11.868766282995505, 0.8054705758458485, 2.1418362208131905, [1]
-12.560787219900487, 0.16256217558740604, 0.6445543498996886, [1]
-11.557176710670259, 0.5925415775177273, 1.7088455294568043, [0]
-11.886537088875825, 0.4074443416893926, -0.3128819773070768, [0]
-12.286057463015496, 0.2802999345235704, 1.6841366213717501, [0]
-12.097920433117002, -0.07734514449101193, 1.1437998887552876, [0]
-11.584209021337463, 0.5358768177828604, 1.159332797533145, [1]
-12.270873607511255, 0.8195882403798538, 1.6878389764985822, [1]
-11.701668121155057, 1.2192800611550947, 1.4909330889218477, [1]
-11.718301082604036, 0.8642554208949687, 2.2111114144103294, [1]
-10.55187355587798, -0.2117435468098794, -0.49839418759023074, [1]
-11.864370813086866, 0.5595941551497947, 1.6998281641183683, [1]
-11.432204331779582, 0.3910126712446143, 1.8932002170498334, [1]
-15.199261731835945, 1.0470227962917977, 1.2427240023724968, [1]
-11.738813754900102, 0.6833715127242375, 0.49846147802260454, [0]
-11.30160252771138, 0.4943928919387295, 1.3279889609825704, [1]
-11.27893699605309, 1.0105126075542008, 1.7347421444359017, [1]
-11.415207415578692, 0.46397138061306586, 0.8515947504830749, [1]
-10.38071115451303, 0.6125686333692905, 2.129525038712191, [0]
-11.718094685153186, 0.6169424923901368, 2.0580515181822965, [0]
-11.726842068692266, 0.34577207621792816, -0.09114234237296076, [0]
-12.218002972804836, 0.25728735139379577, 1.316058144632355, [1]
-11.395688817565539, 0.6711653047285082, 1.7262058712576802, [0]
-11.001287202040405, 0.6515598264503203, -0.6057268447565183, [1]
-10.477661485149904, 0.9525046467222896, 0.6813233474360725, [0]
-10.923501449405485, 1.0070556125900425, 0.05531773214236624, [0]
-11.150322260701742, 0.3767341372323737, 2.1422628666253836, [0]
-10.93387204086176, 0.3890998749485266, 1.113235731695112, [1]
-10.202126246467843, 0.9207369962658889, 1.6278543427086927, [1]
-12.795298276762797, 0.046895159284418175, 1.4158852914256188, [1]
-11.538555963107518, 0.5255917182944423, 1.6139095933168284, [1]
-11.3438175072407, -0.1574254961964261, 0.01874754768066411, [0]
-11.012528250022019, 0.05759989382019337, 1.5896255312658722, [1]
-11.748512277457362, 1.0763078347936506, 0.8067054579056063, [1]
-12.354474299697761, 0.8870442275804356, 0.8129970732626058, [1]
-10.42787800431368, 0.6414473763230168, 1.8303662489168468, [0]
-11.70952391511255, 0.20100811141962102, 1.4078700932713717, [1]
-11.824489821668395, 0.6341561670319253, 1.0273287870203163, [1]
-11.762535125075189, 1.3536712821813208, 1.2240790408623228, [1]
-10.715389952053929, 0.4404047890553262, 1.3269624231804245, [0]
-11.843002194880135, 0.578868484709683, 1.1395050524199615, [0]
-13.154923575157307, 0.37344495496738794, -0.10954804873112062, [1]
-11.570949978462368, 0.589175620759295, 1.1514431349917351, [0]
-11.047136828318722, 0.44435878092506553, 2.6058014327646637, [0]
-10.805011439891045, 1.856274081865322, 0.490815477916114, [1]
-11.806582407613044, 0.9469672913232536, 1.2771957158500324, [0]
-11.721667239498165, 0.8773286257229069, 1.0001275105518186, [1]
-11.725539380854102, 0.5015013339509599, 1.6417396846660117, [0]
-12.165204162018785, 0.8606967095367923, 0.9006120924134648, [1]
-12.12979248008726, 0.5913899797947479, 2.71380860447933, [1]
-12.832173624189698, 0.8123091629643588, 2.933922627211367, [0]
-11.696487484499599, 0.779094762046211, 2.5370838421277577, [0]
-12.871311715171394, 0.1730827959149573, 0.6644304285894453, [0]
-11.829291633566616, 1.0258737623257028, 1.6128114343214153, [1]
-11.875139735785599, 0.8261156204816202, 1.9569355150189311, [0]
-10.909542967580181, 0.17062242862134225, 0.08323073149810342, [1]
-11.401771180559486, -0.003941285044551046, 1.9359370879304414, [1]
-11.48318630361081, 0.4190249182273399, 0.5665737192891518, [1]
-11.698207851208018, 0.7007694731925742, 1.0817898183344934, [0]
-11.177910519399779, 0.10922786314750096, 0.20258600279462335, [1]
-10.055275560054465, 0.5563604553103435, 1.532185434600825, [1]
-11.257381360333763, 0.9592587098273726, 1.2212499181885692, [0]
-11.609060364689649, 1.1994834610513, 0.47496536240104614, [1]
-10.964056405209808, 0.7913954771786315, 1.2218875271235154, [0]
-12.201431779595108, 0.3269499370006225, 0.09882125566316743, [1]
-11.775839723337544, 0.8740288634176725, 2.3004590844244466, [0]
-11.4833533008499, -0.07901375592332927, 0.6305489702209408, [0]
-12.334431654272107, 0.07308924287391794, 1.065165648038718, [1]
-10.680016354936395, 0.4238473405746145, 2.362724731510819, [0]
-10.729829424944464, 0.6977475159760248, 1.1529823008841484, [0]
-11.134746374707072, 0.6160941728698582, 1.6520701202801744, [1]
-10.66160390829696, 0.5456309723030882, 0.9909018730097723, [1]
-12.096709028253775, 0.7179984292415109, 2.098249106766324, [0]
-11.778908629888036, 1.0384007932139938, 1.467141628541296, [0]
-11.197630301924544, 0.6004043782540401, 2.1147210962575587, [0]
-10.880618644272989, 0.22738004460919847, 0.8397137607538258, [0]
-11.947000111081994, 0.7051490873288728, 1.5674826345707122, [1]
-12.63034567443771, 0.2155182356332496, 2.029526120978618, [1]
-12.137378230380731, 0.36947383005792267, 1.5038517356208772, [1]
-12.032143836229595, 0.4264825016360603, 0.23142955890580463, [1]
-11.000735010043476, 0.16742500166396557, 1.969367146508258, [1]
-11.205212229538875, 1.7847826909169142, 0.429574092371817, [0]
-11.967877265727905, 0.2515145562472556, 0.8037977448510694, [1]
-10.960570793770666, 0.7533127878622898, 1.711283176507778, [1]
-10.48225923505651, 1.1808137102636256, 2.124212568243288, [0]
-11.47936648102301, 0.9000728784780163, 1.3062133053814156, [1]
-11.638633236359013, 0.2113472361204054, 0.7618397466441079, [1]
-11.167354569541397, 0.31891273406506515, 1.3603914047651187, [0]
-12.023524791009878, 0.6864056962141499, 2.2423949803739367, [1]
-10.809928985830881, 1.5721193066699268, 1.6447967633370375, [0]
-10.714931560239338, 0.9609731238637924, 2.193947521828841, [0]
-10.751373802780254, -0.7620582969601442, -0.6669712745209385, [1]
-10.791922649701531, 0.13039000572473325, 1.416353850372065, [0]
-12.556958337146877, 0.8754116975678243, 1.3353632880228172, [0]
-11.932505826752859, 0.6061673774101646, 2.7957509584358755, [1]
-10.762584061149926, 0.36870451338953664, -0.0030481724727355886, [1]
-11.407167046983831, 0.9350622913644037, 2.3435125333920244, [0]
-10.28382338569754, 0.36576662608631505, 1.0231616631181122, [1]
-12.902573250545544, 0.5129659295667854, 2.178056675051912, [1]
-11.247700212449564, 1.005647941186465, 1.9595290225877127, [1]
-10.48494790600151, 0.8987264308462188, 1.0390767830247252, [1]
-11.252863730425462, 0.3336164570237342, 0.9471364124859462, [0]
-11.143798928119978, 0.5147451683747581, 0.9299739253318908, [1]
-12.110497765865404, 0.659668965361668, 1.4127125891824253, [0]
-12.179933629977164, 0.8008360579777338, 0.8028826462130491, [1]
-12.52011655154009, 0.2849285106223868, 1.5698602780448017, [0]
-11.828834121993642, 0.975474759574919, 2.0409769564571447, [0]
-10.882776214180463, 0.39772490287126094, 2.5344906974460804, [1]
-11.932044332207713, 0.2748587764072412, 2.9313468841848573, [1]
-12.111146067950147, 0.5350646293735305, 2.1807299765464006, [0]
-11.971672677803424, 0.5530068202443188, 2.799071392505222, [0]
-11.465142930733121, 1.2946982621894205, 1.3368605945732814, [0]
-11.269510932862326, 0.3223514005035688, 1.3451909227783723, [0]
-10.716622207492648, 0.41790829196321755, 1.679539209938533, [0]
-11.414370217480343, 0.42258847013560924, 2.22810824700458, [0]
-11.154301173784345, 0.5081700661454229, 0.8448480504613591, [1]
-12.321124501385802, 0.28259424939993644, 1.6545018130870206, [0]
-11.816004457909878, 1.0365491512660296, 1.989718665131937, [0]
-11.260444313482326, 0.721586860058961, 1.7652149140474167, [1]
-11.446323421089494, 0.23513513393699592, 1.670889248679547, [0]
-10.96865188201724, 0.7622310115905149, 0.9163038759238356, [0]
-11.115259904979107, 0.6313078596983338, 1.4863119261754503, [0]
-11.980646828086972, 1.3032216612548053, 0.3931293177508759, [1]
-12.022603489303641, 1.2524838066743778, 1.3285435964164851, [1]
-12.160190777683258, 0.226910175266573, 1.7827656937118992, [0]
-11.238923075103578, 0.7365763997326332, 1.8916047689362059, [0]
-11.667128544715537, 1.1099448575514521, 0.9268164818005089, [1]
-13.100337985723584, 0.07769901075029824, 1.180539566703561, [0]
-12.009146064256253, 1.1858312678229073, 1.923449164915501, [1]
-11.521612180776785, 0.20046559219886284, 1.1161262067904834, [0]
-12.103430774228883, 0.8153858261247796, 2.7096969213465396, [0]
-11.861526954516505, 1.1127213118189323, 0.8826473148822829, [0]
-12.162600385916209, 0.7412969042992401, 1.3510712681479327, [1]
-11.364279389804128, 0.3196547809956006, 1.2927883788692034, [0]
-11.268346165910215, 0.5910313178842692, 2.3395343321574753, [0]
-12.146734487469532, 1.0825972663589272, 0.2983410774551947, [0]
-10.667592178146185, 0.5723213500240326, 2.052308230625202, [0]
-10.880822812928018, 0.5396726719363526, 1.8603063810492573, [1]
-11.136557417286374, 1.0427082308224231, 0.5626679932587545, [0]
-12.27682091889336, -0.6622347247888113, 0.26182827998088865, [1]
-12.841554298937647, 0.605412928168074, -0.06438230041958287, [0]
-11.214078453845246, 0.5318587349763026, 1.3351635788358402, [1]
-11.0814772831843, 0.6134863621542314, 1.1433042101989064, [0]
-10.791441769777231, 0.8691244704339561, 1.32935885066555, [0]
-11.356221812568164, 0.5285495925561023, 2.3379843856669495, [0]
-11.441089524186538, 1.0766021670422223, 1.718948304267917, [0]
-12.174102330062249, 0.7685167970043751, 1.5706332019367757, [1]
-11.170824782099933, 0.04135418973350169, 1.5359618313486725, [0]
-11.044016240131171, 1.0663809905992903, 2.2535336144438656, [0]
-11.023540152538617, 1.5532539260326874, 0.6325168737012392, [0]
-11.320962363058008, 0.029516307657651675, -0.7935118596889426, [1]
-12.08227793826771, -0.06332283415652462, 1.4080407128023849, [0]
-11.927594015756798, 0.7147900485882138, 1.1944795410072921, [0]
-11.14030641362444, 0.3552299202316923, 0.8908174511626814, [0]
-10.985676791952049, 0.5359206951963773, 1.1851474882208073, [0]
-10.6624379561294, 0.9217235284455284, 2.117833042306649, [1]
-11.36210450640889, -0.23431447748839673, 0.2013954781265926, [0]
-11.533371510074712, 0.7383704283827606, 2.396423748565877, [1]
-11.441460708763657, 0.3123201398046398, 1.2103624623604528, [0]
-10.507806647263347, 1.1326497070336374, 1.0070902265693944, [1]
-11.47713145442702, 0.298199356630269, 2.1113894078830926, [1]
-11.674493626574959, 0.3573903454576446, -0.3930404952430744, [0]
-11.50037052999406, 0.3373437294697764, 1.8694364996998067, [0]
-10.673592623623172, 0.7404502365940564, 1.9191658110858216, [1]
-12.048498113249778, 1.5335434446302485, 1.4324371009890227, [1]
-11.18317873833435, 0.7288673235923054, 1.96011717568875, [0]
-12.026947357327922, -0.6377906760509697, -0.2297624467573517, [0]
-10.930949458135368, 0.4933282263928839, 1.3257048630835997, [0]
-12.398516282411409, 0.48951709091325546, 1.738385929715136, [1]
-12.339973225977147, 0.9581582261427035, 1.2710140631775715, [0]
-13.079252219860463, 0.6104875809608811, 2.3336351479069153, [0]
-11.837829296119454, 1.5027832542038189, -0.6465449920172726, [0]
-10.421297277033005, 0.7956604656293087, 1.5209601160224866, [0]
-11.818902763238409, 0.3473624810721172, 2.00002946893168, [1]
-12.138780527832322, 0.8157154088245331, 1.7341889320886543, [1]
-11.610522351526573, 0.5295271869882161, 2.047563765493909, [0]
-11.578402300272208, 1.15243100079093, 0.6885118585389969, [1]
-10.686976306590168, 0.6186103807609222, 2.4129909449649523, [0]
-12.020536178704361, 0.9913534629403439, 1.9149063173337735, [0]
-11.912263818988482, 0.4075874348038646, 1.9977603458313615, [0]
-11.318854714533177, 0.18930088535061218, 1.932294699206707, [1]
-11.424934186133584, 0.614444713059257, 1.5849565890805075, [1]
-11.365849331917643, 0.1483571892135301, 1.4742882322750157, [0]
-10.710113560018446, 0.7773633348886908, 1.4952892794636323, [1]
-11.85132355017122, 0.9152393609853277, 0.4164733355218017, [1]
-11.362253971107378, 0.3943674016779806, 0.8442884876352159, [0]
-11.02438443355096, 0.5334042027726792, 0.6681635887488979, [0]
-12.020379192526159, 0.4591461422890695, 1.7753995414900268, [0]
-10.400596550798948, 1.0850552198584027, 1.0215834232232197, [1]
-11.887881202260312, 0.3510874622555251, 1.6833140049359039, [0]
-11.855286681237056, 0.37401855857845584, 0.6448582377925565, [1]
-11.823066248397586, 1.2625088327320275, 1.2912876631098524, [1]
-11.277353089646297, 1.0621097041065184, 1.5524063431406052, [0]
-11.05900470837768, 1.2058501242795352, 1.419982197678597, [0]
-11.778008667114488, -0.032265087858055694, 0.7472740590750752, [1]
-11.996263516297068, 0.34406652685369965, 1.4139444449352696, [0]
-11.408709810953935, 0.6043307657388363, 0.6605220950939394, [0]
-11.824270647195437, 0.4981468652968151, 0.7409795943703108, [1]
-10.484269791834164, 0.7479033825331177, 1.4938139238081143, [0]
-11.333847452530376, 0.6938468480198854, 1.769815341132595, [0]
-11.513547829893259, 0.26031507552867905, 0.8116950608654149, [1]
-11.675415642173068, 0.6953410644719175, 0.9444095982443483, [0]
-13.074269003637074, 0.7040939326917228, 2.3322378119434517, [1]
-11.508807782558995, 0.5140823584423232, 1.038167300566768, [1]
-10.988640688742283, 0.9408851584372636, 0.9744887102930107, [0]
-11.28562314077676, 0.5060745163122486, 1.6180968563487237, [1]
-11.730100125711298, 0.8940802371921801, 2.9127358960997003, [0]
-10.98008897976615, 0.9107668196022674, 1.1201639134762025, [1]
-12.285971942325544, -0.046568964019043424, 0.6472811233685986, [1]
-12.268896858494305, 0.3584303217151188, 1.016632236771656, [1]
-10.75383464310493, 0.7288555904756863, 2.421308931193333, [0]
-12.741029120182361, 0.06432767780386328, 0.8525324259815971, [0]
-11.83178519397834, 0.9836545330882609, 1.1618903075751752, [1]
-11.177727645214999, 0.623166897224503, 2.6096945121398853, [0]
-10.89843798614501, -0.07839270232574602, -0.15363917083672662, [0]
-11.094780071637482, 1.5470685571837686, 0.9638799993026042, [0]
-13.04126991792788, 0.5634879534601814, 1.327222690751159, [1]
-10.741451975413568, 0.25716849905455996, 1.8431091659202525, [0]
-11.356711815088607, 0.8613483479417381, 1.7248169744887385, [1]
-11.708268220911625, 0.6555728054703004, 1.9334151073497203, [0]
-11.112688188863855, 0.5755459357034827, 2.1797669231649044, [0]
-11.537400904711028, 0.3926118068251512, 2.2769801197265482, [0]
-10.796293665371334, 0.3205936623440003, 0.8323722229151393, [1]
-11.461642448513572, 0.284754005081091, 1.8886902752931598, [1]
-11.66919101060314, 1.010576987382528, 2.191102439282258, [0]
-11.702655436563662, 0.10069247645678037, 1.508729849445972, [0]
-13.308725443843755, 0.03901941110727902, 0.4658512168376061, [0]
-12.390452800704434, 0.945273649500895, 2.1759302221746353, [1]
-11.532019574019175, 1.5334453340055882, 1.5946586425565585, [0]
-12.069069985796528, 1.1589459202691443, 0.3720442734792313, [1]
-12.706340799751503, 0.5267679185776236, 1.3308783812764422, [1]
-11.16009180142271, 0.8195338306115624, 1.327833220639885, [0]
-10.635952494029107, -0.41043082549829424, 1.3736549213982014, [0]
-11.129440211316183, 0.964629491477818, 1.3403483790228856, [1]
-11.433275487652214, 0.7721186481897166, 1.7006460525230056, [1]
-10.624765146586673, 0.057534393698785935, 1.7416983235047332, [1]
-11.703853276060585, 0.7952983293513947, 1.9933652683927936, [1]
-11.329292211196776, 1.785321302580535, -0.08014972607048548, [1]
-11.050941044122794, 0.04958192770819658, -0.0019157483722058721, [0]
-11.344147501189923, 0.8008861303604926, 0.18219396907352947, [1]
-11.951696102850958, 0.6601995730139004, 1.8869034205620085, [0]
-11.977619494872444, 0.4995850817067422, 1.0000812931142415, [1]
-12.625672975785037, 0.7663205429637633, 1.1904625299713358, [1]
-11.877662781613278, 0.2445152881719017, 1.8357299813695411, [0]
-11.582467068670022, 0.4546817910337293, 1.1035973433198356, [0]
-11.953421014408073, 0.1526188054717181, 1.3907492158044499, [0]
-10.858015775414277, 0.3661911856827955, 1.034815193841354, [1]
-10.256161381469376, 0.5776710606658109, 1.146089754852395, [1]
-11.450064918866445, 0.49440447649740693, 1.558968868694784, [1]
-11.309702470722844, 0.38785007222604895, 0.6422673965878993, [1]
-10.96382151609543, 0.5748362397894538, 2.1599392655805523, [0]
-10.487969553567467, 0.9663278904358681, 2.1262519548614187, [1]
-11.595045556444365, -0.06382169381242075, 0.2825414945424703, [1]
-10.884817989044613, 1.0552789881855411, 1.2487950424195864, [1]
-13.125235557299467, 2.0766625605777396, 0.44975365633246656, [1]
-10.753012521540718, 0.21105600992572054, 1.671437373289973, [1]
-12.048886872019555, 0.7801264135686559, 1.6850235786746122, [1]
-11.213158820772096, 1.5949349406548345, 0.28634348089069706, [0]
-10.811971323731514, 1.27262237016665, 1.0981983782371008, [1]
-11.861795720922377, 0.20755759880494629, 0.7303089861245593, [1]
-11.863148372765577, 0.11115943853660482, 1.501417186917274, [0]
-11.800057453341344, 0.6237282431545033, 2.421501037015077, [1]
-11.506873101772799, 0.5167344435036835, 1.389530300525935, [0]
-10.970413191637599, 0.720937456048626, 2.310587121891164, [0]
-11.613774347079028, 0.6425710735598954, 2.485333898722349, [1]
-12.210730567164862, 1.0826258720992568, 2.0267227236276426, [0]
-10.836525446538149, 0.43727439447595084, 2.216432766534212, [0]
-12.102088209135646, 0.5521142025750473, 2.2803436997599555, [1]
-12.15776889524064, 0.6959000998484838, 1.7627518450343647, [1]
-10.992889914364305, 0.3897663056839903, 0.4516170575230905, [1]
-10.630949782686342, -0.01615651250959571, 1.1023702698529028, [0]
-10.678866961563708, 0.03308977403539981, 0.41460893463296006, [0]
-10.805026162729357, 0.3905980283565709, 2.106199153230641, [0]
-10.709008959156513, 0.40856762720005246, 1.4410839331844156, [1]
-11.839462366604389, 0.2077639637097226, 2.640081085098579, [1]
-11.79114936950776, 0.9709450386497165, 0.8975732651562023, [0]
-11.028124779555988, 1.1093726684332161, 1.7407854428332397, [0]
-11.188447387721563, 1.720214122498639, 1.1280886252513085, [1]
-11.47103548136186, 0.5639856823060367, 2.418207314029047, [0]
-11.365662336403064, 1.3812415135028409, 1.6826989926948974, [1]
-13.324317678051864, 1.0044868974744832, 2.1987148747682443, [0]
-11.018186671663802, 1.5899559510249732, 0.75494523511604, [1]
-12.245296330252375, 0.3777245147605466, 2.0672649050674967, [1]
-11.652514651024301, 0.7084463448018503, 2.246703112175826, [0]
-12.064101239770137, 0.2961483318070861, 0.5534658576828624, [0]
-10.997110898155158, 0.2980129891985043, 2.184668011613503, [1]
-10.761896015343176, 0.2509695136186717, 1.549655753162098, [1]
-11.407747237219615, 0.2987013859226584, 1.3239261781280716, [1]
-11.059520352610162, 0.4520760866185122, 1.3929228873392863, [1]
-11.134433015527366, 0.6905002538526787, 1.0961663099001573, [0]
-11.093096202328386, 0.6605593815320062, 0.7053770160397164, [1]
-12.10181051882365, 0.87896541292075, 0.7337204951788912, [1]
-11.45232336337307, 1.370468097009971, 0.37670240365383656, [1]
-11.627324041545585, 0.32179361045580757, 0.7394465740736267, [0]
-11.638988495993459, 0.6960420099060379, 1.2153232346073222, [0]
-11.703577953668269, 1.289477203988625, 0.5500586149342992, [0]
-11.43741059520114, 1.1124529619926722, 1.4543415370513655, [1]
-12.91491078938814, 0.5693305275124536, 2.0505682058822328, [1]
-10.483360735419096, 0.8906653874004684, 2.107118289736126, [0]
-11.182799437007889, 1.3135961111703918, 0.8940054544417373, [0]
-11.214765283191475, 1.116745835554628, 1.7017448457363529, [0]
-11.8541357181253, 1.1265718739977995, 1.3871841679790524, [1]
-12.071120164600053, 0.7791147274800265, 1.832221146569136, [0]
-12.008844499478784, 0.638226401034552, 0.5565785739084894, [0]
-11.465783360769684, 1.264047958522111, 1.0212622141269383, [1]
-12.441231346648774, 1.3701657437341832, 0.5014089509941186, [1]
-11.590465144493177, 0.6396766773123557, 2.0130279685305155, [0]
-12.124476771635393, -0.0032129793951452823, 1.1860679199368647, [0]
-10.366742131616604, 0.601934039107437, 1.41522286509315, [0]
-11.311802536862832, 0.6455848609288631, 1.7943999133463862, [1]
-10.529763684523017, 0.9960676318341027, 1.2572737731980745, [0]
-12.527272778070204, 0.5501439475960647, 3.0007499178811536, [1]
-11.371228138168073, 0.3919476003980197, 2.265233293908058, [0]
-11.905330367100614, 0.6198330263068822, 1.7580074364721816, [1]
-11.57810753545939, 0.33480639946137775, 1.2171132540686735, [1]
-11.053946698916695, 0.3537130851009965, 0.8344543432033772, [0]
-11.214218143081029, 0.8271060932665972, 0.5985651135945014, [0]
-11.483563179292227, 0.23205147726259534, 1.032271968542803, [0]
-11.234202790649764, 0.740309376233454, 1.2585208044732967, [0]
-13.0672583981751, 0.6959476159010554, 1.454648388554812, [1]
-11.58448516068792, 0.6629178930527686, 1.6279504730290064, [0]
-11.556731794730425, 0.40298168550104, 1.724333018672144, [1]
-12.278671947942566, 1.3488066834827297, 1.4532661465847747, [0]
-11.334521459457767, 1.035618507447433, 0.8185436454156183, [0]
-11.431055293260485, 0.6498391707485959, 1.7833305565731243, [1]
-10.989676059733517, 0.5039054998665758, 0.48089885429075685, [1]
-12.035969257023918, 1.0264149050719364, 2.028130356035919, [1]
-12.345320124365424, 0.27946487984336144, 1.1503529949383982, [1]
-10.955085891744218, 0.6389215839878674, 2.4470305951268405, [0]
-11.021692705595582, 0.7185116227013522, 1.8822555264370608, [1]
-12.370471694856063, 0.21639856436097651, 0.5911446841028631, [1]
-10.927853441354513, 0.10685985251674551, 1.612597472374699, [0]
-12.074815378826946, 0.40619506395318805, 1.2773257370106783, [0]
-11.789799933130734, 1.4982159846587888, 0.16927354684746354, [0]
-11.078258391452811, 0.4427466786870088, 0.24714215012844964, [1]
-10.838969091223772, 0.0928187775454323, 1.52401048553219, [1]
-11.437891678749635, 0.777752037139276, 2.2554203675705677, [0]
-11.015313137659973, 0.9339317862822099, 1.6167708090221184, [0]
-11.702257917419727, 1.0180460130911508, 0.9656785776462029, [1]
-11.763435986340662, 0.8771547295135379, 1.794600665832024, [0]
-11.202500702454069, 0.4383716010726431, 1.389348419694161, [1]
-11.784670436862887, 0.2903607515007478, 2.1861326968593024, [0]
-10.43833972199959, 0.3811438468666035, 1.2519805662356598, [0]
-10.675465088876958, 0.8800971762657184, 1.6777235180838628, [1]
-11.15269467279488, 0.8477218633978046, 1.7354473320156028, [1]
-11.458818368356773, 0.0693487994128173, 1.8866614655894398, [0]
-11.756246517513954, 0.9529144684280026, 0.6460161379801381, [1]
-11.322271821488593, 0.4376124566948536, 0.3615514134623149, [1]
-12.573086451078042, 0.2877649292615665, 1.3451295495236997, [0]
-11.457989580681177, 0.6043855740589672, 1.519678542118071, [0]
-11.460727317563206, 0.026103037207079183, 1.0424964441910427, [0]
-11.492589056591177, 0.8544341749930081, 2.140900187392373, [1]
-11.929706786321042, 0.605525186350416, 2.7023358472477153, [0]
-12.187924975824505, 0.6252850936775999, 1.8520285467446624, [0]
-12.490762844179987, 1.2016607094656604, 1.4354580567759694, [0]
-12.447406365357304, 0.5135498166019061, 1.4795592564898057, [0]
-11.569022523823675, 0.6605194128683638, 1.2493745731519055, [1]
-10.835661960124945, 0.2687216722258656, 2.0725874323663698, [0]
-12.216647889413656, 0.4737541342074286, 1.0249246536703047, [1]
-11.892424917204623, 0.6230679524431303, 1.6671415843619841, [1]
-12.30875723244034, 0.839123599091246, 1.7118581250870155, [0]
-11.526095003953644, 0.5792829397809767, 2.046382820427425, [1]
-11.152058807105629, 0.45122184114799535, 1.367992555685123, [0]
-11.129443739095493, 0.3034066843337283, 1.6326046468452697, [1]
-11.149330342256414, 0.7917218715680243, -0.3834626294945159, [1]
-11.370488355755995, 0.1643710548623416, 1.5804601718979776, [1]
-12.865721385684116, -0.2526580436232976, 0.6367378216005344, [1]
-10.605542385199467, 0.5420296225415235, 0.9214017649831335, [1]
-11.022741501656299, -0.05249258359035014, 0.5575338272390754, [1]
-11.96175613957841, -0.3125597066301531, 0.37756356048821127, [0]
-12.168658537654185, 0.5985941122728763, 1.523276948304347, [1]
-12.697597242016585, 0.9619584142429216, 1.503515060705963, [0]
-11.44850139455364, 0.6915892548684772, 1.5431194661894574, [0]
-11.301320409323559, 0.801641714462906, 1.51826694467861, [0]
-11.506829051904917, 0.5369946697803201, 2.3812286609887394, [1]
-12.806418365537153, 0.8645328444528244, 2.9830530600491434, [1]
-10.013229707733874, 1.228529770719788, 1.4208028561787776, [1]
-11.472988019879722, 0.43541527253212453, 1.6700392262042039, [1]
-10.697498371438169, 0.683420953074665, 1.6388384973152306, [1]
-11.805971137414511, 0.5395560161873462, 2.2722262554009376, [0]
-11.30152962227928, 0.5362727449796323, 2.4631288038662267, [0]
-11.515741822235118, 0.8122999439413546, 1.4565492974544123, [1]
-10.843639558172004, 0.9150116091743616, 1.5760327607903482, [1]
-11.924718618366416, 1.171453223575502, 1.050992032903318, [1]
-11.396098443925144, 0.7765299387975424, 1.5381883756465693, [0]
-11.691875286032529, 0.7343320836619271, 1.4130478231610848, [0]
-10.838406117432454, 0.39000586903516427, 1.756931339267147, [1]
-11.61487760136006, 0.23579645768872182, 1.1700174619048587, [1]
-11.068695489797962, -0.23162417642410116, 0.10864452188914836, [1]
-11.422455122556403, 0.9659888757957878, 1.5579153937925039, [0]
-11.503513013340031, -0.0786817464091204, 0.9447492585457469, [1]
-11.323645260695976, 0.6387629239722721, 2.002324042922562, [0]
-11.670479093559981, -1.31067381109814, -0.41709695513959977, [1]
-11.515099941251414, 0.7642099865481223, 0.965992889914185, [0]
-13.042518472406607, 1.2464501022227645, 1.355976360397258, [0]
-11.479939181524308, 0.41313177884348573, 1.3838422525725393, [1]
-11.023505873926618, 0.27930743948684955, 1.040215446211651, [0]
-12.284292919559256, 0.8294691150099751, 1.2635249163844613, [0]
-12.399031782293623, 0.7437851892146309, 0.9905072184817159, [1]
-11.16525476987105, 0.013148027319608624, 1.2245394401847496, [1]
-12.83277752959989, 0.666698498042684, 1.920509639295708, [1]
-11.28380457962023, 0.6977766391353248, 1.9332621830265375, [0]
-12.150778500466226, -0.053693241316386864, 1.3268266535278732, [1]
-12.417671753741772, 0.8515646008786998, 1.7132056119607326, [1]
-11.026976614585882, 0.27436725340895085, 2.0769988176210457, [1]
-10.979748573490347, 0.3979518722366311, 1.6547185033135339, [0]
-11.811411330551813, 0.5484674958047234, 1.0824608637324347, [0]
-11.348102018326403, 0.8208449327533383, 1.0565485576216265, [1]
-11.735672584478305, 0.6537723583376673, 2.8281113183444915, [1]
-11.208138903241853, 0.7285267601009902, 1.1641009259455533, [1]
-11.163751793106345, 0.8499832637504657, 2.107441430233492, [1]
-11.109808136354598, 1.0590113780822783, 1.5316604138459877, [1]
-10.994572300745476, 0.4139031591349791, 1.6789144894907562, [1]
-10.730251759055308, 0.3608002100863153, 1.0936439402097353, [0]
-11.78614668922535, 0.6140853092138447, 2.4790076780690256, [1]
-11.015312918243504, 0.16838163611228918, 1.8348646952465806, [0]
-10.525633291564953, 0.9788250443463615, 1.3616069866225717, [0]
-10.960422468335572, 0.32891273018119144, 1.3508587981940348, [0]
-11.202745387859586, 1.2820677340507662, 1.3700047647512068, [1]
-11.438404036510669, 0.779290647523814, 1.4715624827153682, [1]
-11.05735133540107, 0.4141324331591837, 2.146680224449037, [0]
-10.746245949078512, 1.4233332626216004, 0.23904005404145656, [1]
-12.46211074087666, 0.5711695331729778, 1.400380869140171, [1]
-11.350582696459101, 1.854737280081482, -0.6701783970833999, [1]
-11.362406002917899, 0.5819765517359475, 1.8422869280075669, [1]
-10.8579390550578, -0.6782465744306775, 1.0396290672469175, [0]
-11.126584094099547, 1.444206131813284, -0.8060424901139029, [1]
-10.66749884016381, 0.8196584586710058, 1.1246315115148242, [0]
-11.521985394309436, -0.09032526479332237, 0.6176659733729639, [0]
-12.236922507398955, 0.8005363303804095, 2.0674345678128976, [0]
-11.374885110822202, 0.931041509113607, 0.5798646575432178, [1]
-11.22071099497583, 0.778911786481827, 1.9642299361350837, [1]
-11.914249964992958, 0.7720498330198453, 2.619136796548254, [0]
-11.566756688912228, 0.6754792125671351, 2.3677903017899773, [0]
-12.090623049386485, 0.43646458768117224, 0.8558580053246532, [0]
-11.817855439163662, 0.6049777047262299, 1.180093350168848, [0]
-11.596849637741606, 0.14160581195978772, 1.7148385850949137, [0]
-11.427170421570201, 0.6469724347011435, 1.6472726306935193, [1]
-13.434697258501837, 0.44080710063315837, 0.5501413929100987, [1]
-11.227251203526043, 0.39223721393866035, 2.402163094228602, [0]
-12.154417810998707, 0.6452946871458851, 1.0020048584186316, [1]
-11.822833886413362, 0.7029622679357044, 2.0862622944862395, [1]
-10.14596801161673, 0.6125308402764522, 1.1953039753384715, [1]
-11.189108415192814, 1.0189704679841185, 0.8373738281395817, [0]
-12.50259122037471, 1.40300973904883, 1.442844646328692, [0]
-11.322541963819887, 0.9110178529126292, 2.0834820104097904, [1]
-10.622036853750293, 0.006761370103531894, 1.3826280129600959, [1]
-11.781370918123027, 0.8273815664464899, 1.1723729335351663, [0]
-11.648684000805014, -0.7453716770214338, 0.09061403067712237, [1]
-11.798879317416521, 0.27761348870198144, -0.44594903043206424, [1]
-12.641953743523754, 1.6092674197506796, 0.2807261699429839, [1]
-12.338418054765341, 0.48826963502480913, 2.142066771894311, [1]
-10.93826928127632, 0.20774276691017857, 0.7077692210522204, [0]
-11.386375203443649, 0.5353464504731122, 1.649008340015836, [0]
-11.277641956659668, 1.131023666182167, 1.5174593954264721, [1]
-11.391114476646122, -0.49192554626477003, 0.15111744598991628, [1]
-10.890573799817238, 1.018791412061487, 1.8084150763604119, [0]
-11.495504356826178, -0.9954654168153122, -0.15864716103574183, [0]
-11.802706500631865, 1.1815642197818041, 2.3784644078144574, [0]
-10.877271561028557, 1.1057695560572816, 1.480853433452947, [0]
-10.443867747237944, 0.3232673235226263, 2.020192635678692, [1]
-11.714104214602473, 0.7794262149273931, 2.2558871339362168, [1]
-10.974842541406304, -0.32051465837047133, 0.5671441071314942, [1]
-12.057250878019655, 2.0512263518132774, 0.27876319428645446, [1]
-10.91772707708884, 0.8953983618865018, 1.7961662795815032, [1]
-11.504615605846501, 0.554342289767781, 1.9278435086280363, [1]
-11.516447538247144, 0.321075653596687, 1.7764728071278866, [0]
-11.692965679100539, 1.1089214006718437, 1.3785458369883745, [1]
-12.12265617999327, 0.3797268365679097, 1.184831646032511, [0]
-10.715741088705572, -0.38463852616797933, 0.46377057826845247, [1]
-10.832673947284391, 0.33451333410210327, 2.181387264600347, [0]
-11.030819917277043, -0.27532442241064425, 0.2818710765210942, [0]
-12.192166230534859, 0.7098518176742011, 1.3455133784848174, [1]
-11.403087981582251, 0.33674745740571543, 1.7930247147156353, [1]
-11.892016696592092, 0.5915513978214921, 2.0974586438835296, [0]
-11.379595060165592, 0.22103439540137648, 2.0863132451743485, [1]
-11.741555370634979, 0.6517418777075082, 1.5118787957107047, [1]
-11.85235313959404, 0.6716109195546611, 0.48580279423016776, [0]
-10.880290391152576, 1.6820163866918925, 1.3121211138193631, [1]
-11.281605800543565, 1.4161154987326119, 0.7539491778068486, [0]
-10.413771825516191, 0.908449834231588, 2.078913179378646, [1]
-10.911188055124896, 0.6732374150924153, 0.4916529612374848, [0]
-11.452478906433372, 0.552374384813342, 2.1284437870102337, [1]
-11.773574175449943, 0.07474910437876514, 1.3937908417618747, [0]
-10.786423736855035, 0.6764990301180547, 1.307682861002046, [0]
-11.578760332527143, 0.3757832406618537, 1.778791730147487, [0]
-10.796988104208026, 0.8348952209991647, 0.9871217208032244, [1]
-11.501934080596833, 0.37131243792764956, 0.4064610782947491, [0]
-12.275543004031585, 0.7269537950439725, 0.6731560035685001, [0]
-11.551248015093943, 0.0782130423515243, 1.5402110132755469, [0]
-10.096150252647018, 0.37451015268068255, -0.11998857208954294, [1]
-11.625701703524994, 0.7210855166264645, 2.036795663693833, [1]
-11.947425241699053, 0.8468783804279476, 1.3606615441087513, [0]
-12.447385528771264, 0.19537274004703054, 1.3873133408347966, [0]
-11.095887186367047, 1.050305769613044, 2.159444941993412, [1]
-12.808642910581602, -0.5037183531519833, 0.9114628267946422, [0]
-11.030098123746678, 0.5604846712169751, 0.8129581756369246, [1]
-11.060733236085468, 0.31270534288546614, 1.4125101540640495, [1]
-11.048008385868455, 0.30823536713685207, 0.6004020981222716, [0]
-10.68087313812709, 0.37564201448076456, 1.676033964083891, [1]
-11.249739430117202, -0.213450542798793, -0.020484835523182476, [1]
-11.466298459592469, 0.8664513694244872, 2.5293316913468096, [1]
-11.099112843461423, 0.767081551383187, 2.0069227727739727, [1]
-11.946276767095027, 1.041456523683113, 0.6979538238003465, [0]
-11.954347285573679, 1.1460882208971779, 0.7288981209393065, [0]
-11.105844512471347, 0.7703544619777198, 1.4438709500593712, [0]
-11.900993244174192, 0.4514721337577137, 2.6466455711603913, [1]
-11.662493982850798, 0.4229558538103322, 1.835640967368389, [0]
-11.995824312881222, 0.9677673201547822, 2.4627487502816234, [1]
-11.919826291329239, 0.4823188236211799, 0.8539705004855624, [1]
-11.866108753645118, 0.6113188688820227, 2.171926734548532, [0]
-10.742931500313334, 0.2957978506361194, 0.7584723499549993, [1]
-10.803548865582345, 0.7687773714302376, 2.4508454008201808, [0]
-12.40681379842631, 0.9287704877241689, 1.8514857393976256, [1]
-10.988289135926776, 0.4154292873742327, 1.2970559376561228, [1]
-11.343277543882103, 0.14441276431972244, 2.1228901500445962, [1]
-10.716490134592336, 0.20513253050055524, 1.8526569589493738, [1]
-11.45509809723161, 1.5900455132421587, -0.5932012193433281, [0]
-12.887276573577186, 0.7753900473969967, 1.1764947260276066, [0]
-9.89637271387, -0.3122698975028268, 1.3070548421251094, [0]
-12.310844909537895, 0.590584855012521, 1.9111311877812156, [1]
-11.477136494230685, 0.8573569717589562, 1.365497208845837, [0]
-10.963513226865928, 0.19258680716646343, 1.7488983021081643, [0]
-11.080372171717855, 0.6604568252190804, 1.8400780495294862, [0]
-12.11276090952505, 0.7729227117671795, 1.9838049096670556, [0]
-11.95073374215289, 0.5369464757275957, 2.018112785296862, [1]
-11.423089099513799, 0.2399653242821514, 1.7220797935235548, [1]
-11.016324752392238, 0.5457123609604306, 2.0385143803371473, [1]
-11.632656048186547, 0.5220788601896755, 1.2311213448662155, [1]
-12.917328303565974, 0.5651269713416415, 2.372571169734976, [0]
-11.960859902431213, 0.772491031046019, 1.0288514945484937, [1]
-11.324687631772864, 0.306520551645335, 1.2016775861056603, [0]
-11.167237552890189, 0.334348612946313, 2.2059876092220705, [0]
-11.409438150491557, 1.4239986726798317, 0.9400840542463293, [1]
-11.924296446006505, -0.49862697053639204, 0.763614631395011, [1]
-11.994814154354488, 0.6776095928563717, 2.6868381068102947, [1]
-11.603828503221266, 1.0195258430608782, 2.1798429758915225, [1]
-10.380045240974155, 1.6930931005642504, 1.4293465997832913, [0]
-12.21414064226856, 8.739423364409471E-4, 0.5485466756067865, [0]
-10.67307694038538, 1.6031503931747229, -0.2854824548605423, [1]
-11.71515046639484, 0.6217103917334844, 0.7846887963727228, [0]
-11.239488692992287, 0.1863380789766208, 1.4446209205499532, [0]
-10.952160055223136, 0.5558303925709848, 1.4027835608082664, [1]
-10.660475119644817, 0.4484740375077566, 1.08488247524035, [1]
-11.994163413250648, 0.6184099026735321, 1.6226428962483697, [0]
-11.57400920533369, 0.7015173361705664, 0.3300882192200723, [0]
-10.652982669276769, 0.43948452998606613, 1.4679769178643078, [0]
-11.610809910069078, 0.6300675231874553, 2.1596581380281132, [0]
-11.240624477481214, 1.1627193892050478, 1.01360460258923, [1]
-11.44288656070126, 0.6920327053440487, 1.655304465821278, [0]
-11.24080384697525, 1.8110730815872778, 0.4580561437621469, [0]
-11.828999581367091, 1.037013639392646, 1.81916389417104, [1]
-12.47028614755575, 0.7126286954972445, 0.36555551087624516, [0]
-10.768798088303884, 0.3380876747120426, 1.8076720892842044, [0]
-11.436012707834408, 0.7407003361606158, 2.3483140159598483, [1]
-12.375550850468626, 0.6386719065904977, 2.4536825760412473, [1]
-11.535799059693408, 0.6543274364893737, 0.46849945913475544, [1]
-12.212692796102608, 1.0995600256167215, 0.18089084303945335, [0]
-12.321902044775157, 0.5012746430262965, 1.166323427446544, [1]
-10.997490430110087, 0.5513211546325938, 1.4852776640429919, [1]
-11.586161875395863, 0.6438880818474235, 0.9404858611459432, [1]
-12.313409926498808, 0.20997877251620142, 2.5288276275379826, [1]
-11.897882567494317, 0.6037192168635189, 2.362647275003381, [0]
-10.814079474398591, 0.5402634273538958, 1.4235973865867384, [0]
-11.603738927068708, -0.3543221012059331, 0.5340188232549483, [0]
-11.43649410688982, 0.10436706351220182, 0.5236546702981902, [0]
-11.46960299677279, 1.1501581233695322, 1.4694847218377691, [1]
-11.834168780423864, 0.055623984304812524, 1.6973272826082306, [0]
-11.476019986102349, 1.4056119165386152, 0.11635232577612231, [1]
-11.119664468796778, 0.07614107651935509, 1.4673398584064894, [1]
-12.944350380033232, 0.6842101800541249, 1.9624655076261384, [1]
-11.188241037526073, 1.2210770703276295, 0.3364905958804003, [0]
-10.417181155277772, 0.596852304120689, 1.517930624470269, [0]
-11.36481607631309, 0.19588311441827969, 1.3194855284439515, [1]
-10.85550216498147, 0.5639058460505528, 0.4803032181169302, [0]
-11.227311473012904, -1.4192714118710843, -0.6390834484491144, [1]
-11.248690261816638, 0.4037159046005092, 1.835361862113239, [1]
-11.020137933823216, 0.3217478218938037, 1.84439217859939, [1]
-10.455943669188404, 1.0080156312664936, 2.4616832715186154, [0]
-12.710847709174248, -0.29864711457196635, 0.7889010048858445, [1]
-10.74765818580239, 0.9982268196508643, 0.9740106578346059, [0]
-12.063529331353966, 0.650956961495518, 1.8063310788819358, [0]
-13.576359836817844, 0.18727815309496126, 1.7588430982123797, [0]
-12.153503650271974, 0.8458917891800907, 0.817199148588544, [1]
-11.687510669266553, 0.8300013376775287, 1.725741171120418, [0]
-11.204366204092517, 1.0714436689958557, 1.412545821388602, [1]
-11.057667014722123, -0.22114122007831905, 1.346957999673961, [1]
-12.64728991892091, 0.5287435148229516, 1.3142399329471994, [1]
-12.2412109908472, 0.9761333516585642, 1.5344417200841027, [0]
-11.821536162967899, 0.5390445057089334, 2.711241296506685, [0]
-11.455246986856896, 0.24076507633109245, 1.6394480907612075, [0]
-11.534728426550613, 1.5323151712415446, 1.831124107584034, [1]
-10.778136789417474, 0.3636248853109303, 2.3089396456108457, [0]
-11.649660795179766, -0.7543360190228668, -0.7929223658567033, [0]
-11.306364419824476, 0.1468267545407328, 1.921370956028885, [1]
-11.14002627261856, 0.5920415239930769, 2.716202785650663, [1]
-11.69245575690016, 0.944255483825109, 1.0097435479735317, [0]
-11.04548784117216, 0.047401275303916024, 0.7266955557140862, [1]
-10.963258102159891, 0.17729631690293335, 1.248815427908583, [1]
-10.64726238260146, 1.3156275894055343, 0.5479029522360472, [0]
-10.794403456971768, 0.766161293180156, 1.5294992518978683, [1]
-11.297734770652044, 0.5745387327761633, 2.6960675326469077, [0]
-11.380381646995938, 1.0235332273720523, 2.5962805800510704, [0]
-13.04692743472913, 1.1456457107336866, 1.1013758548842492, [1]
-10.885663091361893, 1.069603026471518, 2.1430070425503738, [1]
-12.154001630768905, 0.7507427566862617, 1.2216953908996522, [0]
-13.619503464584, 0.49864787857629933, 2.077372263853159, [0]
-12.296020900677158, 0.1404232072910141, 1.3409496425671599, [1]
-11.167692907119752, 0.2114685865906051, 2.11370959440058, [1]
-11.528714819617692, 0.6482143026919601, 1.3216539846201467, [0]
-13.370150399417444, 1.3452767181233396, 0.6369167977510669, [0]
-11.14439476319102, 0.8775011557224726, 0.6548089018100879, [0]
-11.181041599939713, 0.31780086328292934, -0.4767064443492377, [1]
-12.076187045247256, 0.14030191136596049, 1.324020913011735, [1]
-11.441094537312987, 0.9365190989107465, 1.1419585722386252, [1]
-12.008742005744866, 0.5196488074460839, 1.5782690099742827, [0]
-10.407861164800517, 1.012184080223677, 1.3316740698512892, [0]
-12.050412074965328, 0.9969198448951726, 0.8902462121067016, [0]
-11.617830591350822, 0.3118408443726875, 1.8237655118005422, [0]
-10.740647592026178, 0.44086025330751183, 1.8769656359131384, [0]
-11.42863103142825, 0.5209766547700758, 1.4257987972240787, [0]
-12.952804767266008, 0.6256124326026837, 1.6628623062058592, [0]
-11.412463852926914, 0.320093784768965, 2.673707798625078, [1]
-10.699662896069047, 0.9102307990707272, 1.5722600540377738, [1]
-11.819316776989357, 0.817547006528381, 1.2682974049080946, [1]
-10.730538312127578, 0.9305683623398232, 2.08956894805634, [0]
-11.50628597510544, 0.4836017479697137, 1.6716105905934846, [0]
-11.02226320588644, 1.4216346462344815, 1.3599144375183623, [1]
-10.97041342709714, 0.45370404543573933, 1.874757280137589, [1]
-11.49196000406612, 0.5673014002667727, -0.018420707095844868, [1]
-11.897666353950486, 0.5563646898631214, 1.7729316567275113, [0]
-11.239325487674124, 0.849829397861211, 1.2762435150816627, [1]
-11.499866536242482, 0.7771873322902043, 1.446570126717067, [1]
-10.3962938724248, 0.3122514581600626, 1.8434607689507838, [1]
-11.15000363457552, 1.41952105091928, 1.397653287529187, [1]
-10.9573216363807, 0.5856572479764648, 1.3420794927697008, [1]
-11.172484357495966, 0.6400848487125919, 2.136036569053333, [0]
-10.662524815849295, 0.9335021530845742, 1.1991285323648881, [0]
-10.707261594256128, 0.6858854488609194, 2.0208721143813024, [0]
-11.301575716492746, 0.5773136478412614, 2.680576106825419, [1]
-11.467637416364756, 0.9700836287461063, 1.9522599808872727, [0]
-11.392663806191605, 0.5248167762294957, 1.3052618626250525, [0]
-11.97016915088324, 0.8124110805830095, 1.4810916211397476, [1]
-12.099402451407695, 0.6300955363942022, 1.8933289816308272, [0]
-11.81650792279555, -0.34986536875978147, 1.5619955362542692, [1]
-11.151767975100075, 1.1975609980045203, 1.49539454860516, [1]
-11.148561869098765, 1.736139612726284, 1.1526599633612007, [1]
-11.232225708930663, 0.5060615477140111, 1.974430949865409, [0]
-11.032999781139612, 0.6963438053923844, 2.2714971405817215, [0]
-11.242615157674402, 1.000448757411871, 1.6406199793304375, [1]
-11.447427777017296, 0.8888552716443745, 1.4850480400234776, [1]
-11.287193321995415, 0.3312668440656614, 1.4728882936196233, [0]
-11.190587099649568, 0.5087334053595773, 2.1140427850208807, [0]
-12.624955829212416, 0.7775107839336154, 1.6351186496731238, [1]
-11.363535030205435, 0.4853440042946246, 2.097121768310962, [1]
-12.073489590801959, 0.6022809713137764, 0.6917419359412419, [1]
-12.494660406064277, 0.2775535503725479, 1.4231484130013872, [1]
-11.164498768158788, 1.104742699480867, 0.7215718617732882, [1]
-10.68638603948683, -0.18832974791445722, 1.2103701936032152, [0]
-12.921617471618637, 0.37565620361006924, 1.6162063226599037, [1]
-12.176623234697523, 1.854761872986354, 0.8212802670891286, [0]
-12.055091436587254, 0.6323216214933307, 2.2977294534593096, [1]
-11.279635757266064, 1.3839057598649285, 0.9417557899294371, [1]
-12.56107127588275, 0.7688827337606876, 1.9747521676847515, [1]
-11.693377380543575, 0.6402361384080009, 2.016918816581352, [0]
-12.101797814942044, 2.232840826211011, 0.4352612799983506, [1]
-11.639877701222952, 0.6313347879480328, 2.246559076916477, [0]
-12.293349832319208, 0.6350741726129738, 2.3916901711034653, [0]
-11.031947037173065, 0.6834923834157068, 1.4490414608056774, [0]
-12.130320599477898, 0.4516472584113778, 1.9937581040979286, [0]
-11.194872336884798, 0.6493682277175774, 1.9154369240830829, [1]
-11.645498902383098, 0.1564107706173879, 0.8976235458946856, [1]
-12.27385373111751, 0.39957494355388323, 1.9663392412568963, [0]
-12.03818891641229, 0.9768525225738212, 1.6083820721084747, [1]
-11.90456253299958, 0.8708390347436399, 2.0833398688309366, [1]
-12.108936989345946, 0.4227632859194969, 0.9671158210020889, [1]
-13.13643237799236, 0.6259939788477631, 2.150364278015671, [1]
-11.294528829955189, 0.5951643131898628, 1.4358604521419123, [1]
-11.838276674723156, 0.3103133729931524, 0.1901708460423558, [0]
-12.157067403328009, 0.3986430216594236, 1.102760067781987, [0]
-11.648012837982632, 0.8129070034981558, 1.2984404724574128, [1]
-11.6483523774105, 0.041499917473810655, 0.6274445797251157, [1]
-12.01032458290352, 0.13414798364856872, 1.2122198593237932, [0]
-12.02322688890494, 1.9105278585364434, -0.3062285874954981, [1]
-11.466386469536467, 0.6482419109430566, 2.6170175608033324, [1]
-11.086692750986295, -0.23532950414574927, -1.3265106026974178, [0]
-13.608810815269381, 0.8514389504732989, -0.20770933792882185, [1]
-11.769208503845222, 0.48247616687994066, 1.6733508819433975, [0]
-11.062967055188965, -0.026804077283241412, 0.8157105361009009, [0]
-11.540669208726117, 0.534981784232069, 0.7558783770859285, [1]
-11.144543225979461, 0.1804166959839617, 0.32441861166676955, [1]
-12.09301967380661, 1.0381763477351158, 2.358102612614811, [1]
-10.448197314819582, 0.40540015862204914, 1.22148801677728, [1]
-10.600050061712869, 1.183579590403455, 1.9257075727916753, [1]
-12.052506174939525, 0.5690172708143839, 1.7405767780748056, [0]
-10.639740165992258, 1.0054540238302174, 0.6473722894268596, [0]
-12.10013060986967, -0.36426122921130255, 0.5904146618304729, [1]
-11.429621004296061, 1.028916355881551, 1.8980737859193266, [1]
-11.539984347658608, 0.6568238116244209, 1.506841309226867, [1]
-11.058403862055995, 1.4770556572911457, 1.4504845490468357, [1]
-12.029784369899419, 0.6645777653200385, 2.0955204018821005, [0]
-11.970855575189814, 0.9668403481377105, 2.183201194344311, [0]
-11.456877181616287, 0.5454196279801106, 2.1426044328032434, [1]
-11.355448679500785, 0.7289267065288428, 1.4946902162592852, [0]
-11.991351855928889, 0.7894057585571926, 1.9235432392170897, [1]
-12.001785818407958, 0.38718195701589275, 2.034280416777537, [0]
-11.741883776822833, 0.7504365223153634, 1.4852146822501997, [0]
-11.369766898871443, 1.1936138881579224, 1.7649725934698837, [0]
-11.389974979065974, 0.41733921394522766, 1.7384003472758116, [1]
-11.672441684202951, 0.3769922330188581, 1.509017897799779, [0]
-11.114738194687382, 0.7736843791503788, 1.8470788626900154, [1]
-11.166518599354527, -0.447046084630073, 0.28799379787687285, [0]
-11.099390313534787, 0.07603782174722601, 2.244204166273767, [1]
-11.041360988885991, 0.15317335081237193, 1.9454925204502165, [0]
-11.77259837437699, 0.5954804244358016, 1.805441954669184, [0]
-11.53173238660258, 1.068989665318323, 0.9193015611478648, [0]
-11.04763668350318, 0.5007454693718546, 1.6611256411953503, [0]
-12.757859117877615, 0.6590833845444706, 1.7432089059559965, [0]
-10.732223136871982, 0.6929492433188131, 1.060840589045562, [1]
-11.552921605716403, 0.23393140228984988, 2.159697467186568, [1]
-11.134719774613554, -0.6548028670197809, 0.7122917461529917, [0]
-10.544489109208778, 0.2589481523947361, 1.1825355821572163, [0]
-11.396549476833451, 0.07445633601627505, 2.300557980790998, [0]
-11.394411095269945, 0.588600169821347, 2.0576923437266403, [0]
-12.293018094629508, 1.1692233129295044, 0.950597764624482, [0]
-11.460672574511014, 1.0994080112200004, 1.0841323691201437, [1]
-11.447965512882277, 0.3699778773676864, 2.727380638346191, [0]
-11.493488117226397, 1.3292139280649236, 1.9822580018265128, [0]
-10.966830817226725, 1.3863138242947728, 0.8060665767602078, [0]
-11.222134413792851, 0.2033591531866023, 1.6283394311325414, [1]
-12.086643732567108, 0.3464004223145035, 1.5351210056522844, [0]
-12.130733671839753, 1.6546153954425502, 0.8009608529697403, [0]
-11.335008281515364, 0.7984881417275683, 1.5256352094237722, [0]
-11.378047104112461, 1.0498342205622724, 2.010594292385807, [1]
-11.468796482514378, 0.9897901561644977, 1.494249636858671, [0]
-11.691651842132538, 0.3871586646667767, 1.8465617479730994, [1]
-11.135299921501938, 0.3833970426492565, 1.6812158365718761, [1]
-12.113591604396616, 1.0990241500369398, 1.5352024032554117, [1]
-11.830101092235644, 0.8883550629727928, 2.362985191641333, [0]
-12.372800654333398, 0.9681322783151507, 0.8173187491917673, [0]
-11.540309103363452, 0.007875942079066167, 0.0637169378150696, [0]
-10.827554468390181, 0.5545618250963487, 1.1368902690398612, [0]
-11.51895074064198, -0.299356289319605, 0.13345005080409478, [0]
-11.300548597813126, 1.4570854297966542, 0.9024177723927895, [1]
-12.201498565842385, 0.41794134057998844, 2.1566031667649384, [0]
-11.26083171251961, 0.8553935458664033, 1.2258570985104624, [1]
-10.952853265068109, 0.5937128193913132, 1.860125405331065, [0]
-12.968255431145188, 0.562648309066089, 2.2045080169398954, [0]
-13.216028477190571, 0.49493242032322204, 1.5981674453758181, [1]
-11.396727368674908, 0.37834836428645957, 2.6482896604099384, [1]
-11.685916584764978, 0.6312905055127613, 1.001195895329574, [1]
