t=0.4813584656031025
logZ_t=-117.89917839984776
-75.3084697507379, 0.5469869798384331, 1.0366862605071838, [0]
-75.14084340010584, 0.5801852239206599, 0.9783365284152592, [0]
-75.19633540190489, 0.5833678867174205, 1.0091209870000852, [1]
-75.45873013701188, 0.682875170220096, 1.007336283329713, [1]
-74.99033623299688, 0.6569592111624473, 1.1551497219257088, [1]
-75.17332749449338, 0.5933889218792274, 1.014734912432507, [0]
-75.9277124434611, 0.5790389388992981, 1.0053768473978963, [1]
-75.76335274135796, 0.6194030902042689, 0.8730499222596778, [0]
-76.24655945221265, 0.5525206135015988, 1.094984241656466, [1]
-75.47781937904685, 0.6215965885847318, 1.1380261347600822, [1]
-74.9658456659749, 0.5858929998302167, 1.1130021174336489, [1]
-75.22887037942358, 0.5688575687704247, 1.019588443370235, [1]
-75.1377368648644, 0.6399833547392724, 0.8587969624181363, [0]
-75.88674811876007, 0.7047857563489444, 0.9737555966618106, [1]
-75.20274794103345, 0.5827177563377393, 1.0372340057944756, [1]
-75.44292409468581, 0.6381394367852524, 1.0558335008127993, [0]
-74.94531598627982, 0.6514440335892038, 0.9418574575316693, [0]
-75.0592771185169, 0.5723915102675938, 1.0184559954486012, [0]
-75.22088845274003, 0.5433796445230881, 0.8684382470356086, [1]
-75.262444068065, 0.579743599898543, 0.8157106325789901, [1]
-75.1686144483158, 0.5672317779963171, 0.9905625120390258, [1]
-74.75023383591106, 0.6084289190577233, 1.0545884299237012, [0]
-75.4691203234194, 0.6131607761868263, 0.9821190270084701, [0]
-75.21243539371908, 0.5861345180007483, 1.0710297849437782, [1]
-75.25621586195359, 0.5803498451986617, 0.9180890687433665, [1]
-75.04736165553105, 0.5976009978213105, 0.7695313173569087, [0]
-75.38900288997588, 0.7120060780050478, 0.9931895134739859, [1]
-75.60222956892255, 0.6706626548939915, 0.9128071846541621, [0]
-75.76078368171618, 0.7055852282207437, 0.8656043273151335, [0]
-75.48082049339585, 0.6705095154211532, 0.9334659436089965, [0]
-75.21830562248377, 0.5419148434986187, 1.2015030929617496, [0]
-75.29459016172919, 0.6391824295404385, 0.8321345782947659, [0]
-75.14857221338872, 0.6521095024268652, 0.9479826479837627, [0]
-76.20345755181606, 0.6030575723056592, 0.9996947440753037, [0]
-75.2755503638313, 0.588248281449243, 0.9720786214677424, [0]
-75.00787758880702, 0.6379082443973304, 0.9951375908609116, [1]
-75.21654853484075, 0.6052590742723674, 1.004992564203706, [0]
-75.23183011030365, 0.5707352849727261, 1.0518612157647307, [0]
-75.00877369863049, 0.5330901746887727, 0.835629999875783, [0]
-75.039671288699, 0.7408741173931204, 0.8904933551778683, [1]
-75.32000334639241, 0.5582912927820427, 0.9950229199853202, [0]
-75.02776480540129, 0.646151545898836, 0.8605676896532969, [0]
-75.39117417306463, 0.6257811036155506, 0.9879808533300097, [1]
-75.05978112282165, 0.675268102693451, 0.7205362122990695, [0]
-74.76749869397752, 0.5608735880756139, 1.1698930658667057, [0]
-76.42518846080519, 0.6825922393139433, 0.8759908660289228, [1]
-75.19621993136164, 0.5394994826671053, 0.9922168098194721, [1]
-75.4578558147678, 0.5880689735946986, 0.7244367596829013, [1]
-75.09546874338321, 0.6104864427441686, 0.8723761931004077, [1]
-75.30120661649548, 0.5589725328831101, 0.5486900228084333, [1]
-75.82451085783391, 0.6929893001309755, 0.971237639697156, [1]
-75.45012778917342, 0.6234629263341711, 0.9696446565660134, [1]
-74.97788106324658, 0.5707456042404373, 0.9669506982870356, [1]
-74.94475376578524, 0.6636065814824492, 1.024755084709718, [1]
-74.9713321844659, 0.6597210168452284, 0.8290365234695201, [1]
-75.62857187162045, 0.5381504309707063, 1.0556284842157697, [1]
-75.26450953544878, 0.5903486054724366, 0.9311027954565885, [0]
-76.00764940781444, 0.6222865148438833, 0.723851635123727, [1]
-77.22382356255515, 0.6608584956264372, 0.7738430633272028, [1]
-75.88846021934609, 0.6228407862294139, 1.1063231428765905, [1]
-75.91136488410693, 0.54783669218095, 0.9566710143870989, [1]
-75.16041850234846, 0.5359852456235095, 0.9079532817851075, [1]
-75.81881195679526, 0.670635409036744, 0.9604628718725657, [1]
-74.74822287469736, 0.6341426603407226, 0.926845492332168, [1]
-76.23469996929383, 0.5676861248390863, 0.5768599153140099, [0]
-75.10282709919137, 0.6009330125873795, 0.8623520062913256, [1]
-76.02290897574414, 0.4914813208589226, 0.8590969974561125, [1]
-75.70729399563592, 0.7019815008037722, 1.1663546977082264, [0]
-75.52807860947021, 0.6929833767182498, 1.0108890610834693, [0]
-75.2756137805584, 0.5548279531442114, 0.9721018213539969, [0]
-75.99338479156661, 0.5449871307327636, 0.9321985781554704, [1]
-75.5911127171866, 0.6552347215781259, 1.1070220566591547, [1]
-75.40426583391107, 0.5603904825804283, 0.9662384786844851, [1]
-75.13849316561806, 0.5383581030651492, 0.8218727643147065, [0]
-74.8633550498072, 0.5504194949974529, 1.0145725448671397, [0]
-75.39075520144996, 0.6153056668131518, 1.021001041817332, [1]
-76.21454594357279, 0.6390062819195208, 0.9865524702204261, [1]
-75.5050509404641, 0.6179634952608356, 1.0619598255536802, [1]
-75.49727406920529, 0.5985639282245919, 1.127137833895529, [1]
-76.48091376414483, 0.5139428836599973, 1.045812919415828, [1]
-75.29675166662486, 0.6101103174379634, 1.0109311334302369, [1]
-75.15953463522546, 0.5432946544996003, 1.0297126817356024, [1]
-75.48366706393101, 0.6602016476561866, 0.6888916393685397, [0]
-75.27954577341902, 0.6635223295396938, 0.681408167805142, [1]
-75.282618751745, 0.6932739073102925, 0.9504388734986635, [1]
-75.57459557310045, 0.6148329346324787, 0.8695783989748073, [1]
-75.50054821489171, 0.759263600591687, 0.8133530462986762, [0]
-75.02226903686591, 0.6381289774410044, 0.8570759504423966, [0]
-75.49905188125813, 0.6240561058654269, 1.1062983202051977, [0]
-75.15760268599283, 0.6012921743510016, 0.8194594966735378, [1]
-75.1023190716248, 0.5921285403550619, 0.980424135136422, [1]
-75.27454548618981, 0.730537281563106, 0.8300807856829664, [1]
-75.78847289431403, 0.5664453818096103, 1.1181100632298107, [1]
-75.24182914241665, 0.7179731856485463, 0.9669738355349519, [1]
-74.7557927941571, 0.6727159902809834, 0.9421489609025462, [0]
-75.17012773119997, 0.6237038594692403, 1.2680457521144775, [0]
-75.08023597734326, 0.5818348665094266, 0.7896119346718592, [0]
-75.4156322739009, 0.627072507823141, 0.8638584115265736, [1]
-75.42654433641674, 0.6157000391184626, 0.9649288983183042, [1]
-75.98767498669172, 0.6282792927197715, 1.1736366385323669, [0]
-76.64391996314579, 0.5892538729019516, 1.093770360505458, [0]
-75.90882756281023, 0.6539051269476702, 0.6794726591159614, [1]
-75.65743709729729, 0.5157892307246699, 1.18776635724235, [1]
-75.23997660945358, 0.656994010777475, 0.9876773052137824, [1]
-75.40895402927903, 0.6398167188593886, 0.8372456749685581, [1]
-75.7450604337057, 0.6472726332665674, 1.1577109106892691, [0]
-75.62447683132308, 0.5656103027148544, 1.1608109861891225, [1]
-75.41010000026566, 0.6517294792445382, 0.8915498783916088, [0]
-75.17682938610083, 0.6594008729420058, 0.9754357486712004, [0]
-74.75645765737804, 0.610808825225657, 1.0321426249923455, [1]
-76.17998083197283, 0.6523938783665665, 1.0721375835369045, [0]
-75.48999164175703, 0.7339583123819817, 0.7572779883791366, [0]
-75.19234462912384, 0.6665875371644555, 0.7884201528972272, [0]
-74.92576906188205, 0.6856493147752178, 0.9263736382283794, [1]
-75.27622016653817, 0.5983135936538556, 1.008486751951055, [1]
-75.27973008100686, 0.6680837487099061, 0.8755426643015588, [0]
-75.87953086168292, 0.5602129172354386, 0.5817755568624994, [0]
-75.98384797132233, 0.729227657332243, 1.0719098476482216, [0]
-75.56747262788416, 0.6535337545147416, 0.9819161702348003, [1]
-75.22642528766208, 0.5436479396773821, 0.7149190315531538, [1]
-75.44916275328357, 0.5749755563079978, 1.0619502381576542, [0]
-75.26432115773612, 0.680598069477635, 0.9909838775032783, [0]
-75.354278781555, 0.5903550737668503, 0.8970957048705428, [0]
-75.58317101600586, 0.6984186103518993, 0.8464374006634358, [0]
-75.88053431101878, 0.569116463681243, 0.8943452955458757, [0]
-75.49977441301007, 0.5901210837301242, 1.0588570712987762, [0]
-75.81344811266017, 0.5109718089167563, 1.160827868443051, [0]
-75.11275143290108, 0.6046418166948314, 0.9102979936087712, [0]
-75.13251577245491, 0.5999473990805567, 1.1190754216549774, [1]
-75.29661803460677, 0.5981211160851354, 1.0229791262294612, [0]
-75.7260416497896, 0.5658363000349652, 1.0874816112912886, [1]
-75.39582177966986, 0.5899609662927673, 0.9285934162256856, [1]
-75.41210750110056, 0.6317389965800101, 1.125931418661121, [1]
-75.74099739859771, 0.754180190693506, 0.7872538723461815, [0]
-75.03788126603158, 0.5691031069620871, 1.0666742104637166, [0]
-75.23994500768752, 0.593573691841251, 1.0135630466662722, [1]
-75.80861196293631, 0.6100866333059458, 1.0794846168399421, [0]
-75.4864898712586, 0.6635042796754114, 0.9611617555014468, [1]
-74.95084774023165, 0.6632824249748804, 1.0668908692163357, [1]
-75.41926300042952, 0.7115664381303746, 0.8341416898872661, [1]
-75.08285337940261, 0.5761534072610465, 1.094699396164792, [1]
-75.07504901170438, 0.6857522287791485, 0.8272317442422494, [1]
-75.61196061488118, 0.590977518988772, 1.174247869968403, [0]
-75.04905620078736, 0.6138828393170216, 1.0925775814220653, [1]
-75.19027520661719, 0.626492590764912, 0.8538067470250504, [1]
-75.66825880924021, 0.671417467397206, 1.259643738329313, [1]
-76.60739253079912, 0.5355337195489293, 1.099834571110989, [1]
-75.30314656157258, 0.7687782500114367, 0.8815363343172928, [0]
-75.68184221800828, 0.7336994995772949, 1.1533090415867353, [1]
-74.99318768340795, 0.6954882223892196, 0.9910858404088545, [1]
-75.72261843780687, 0.5056261563083468, 1.010585610611758, [0]
-76.19954855618795, 0.5313895913412549, 0.9877053434563464, [0]
-75.14455510041432, 0.6395134228306807, 0.9734912521183324, [0]
-75.67733919625512, 0.5711133469042409, 1.3408382725817531, [0]
-75.30149688464454, 0.6544463725757416, 1.0567593491254843, [0]
-75.43987138719865, 0.6444256852427986, 0.8317504490282657, [0]
-75.16107913806539, 0.7345215270303479, 0.9486888343712305, [0]
-75.5581651155521, 0.6478628742276044, 0.8328151638978003, [0]
-75.13095171514203, 0.6309972741637052, 0.9736004005976094, [1]
-76.04455256626262, 0.5859731354114133, 0.8804269806005528, [0]
-76.21888169051532, 0.5458193094575383, 0.8665565824134355, [1]
-75.71057600267581, 0.6668808302299878, 1.010648821417204, [0]
-75.43080718827824, 0.556744698568473, 0.8449971454329595, [1]
-75.26038401710451, 0.5882385303045042, 1.0710573032499318, [0]
-75.07215797190943, 0.5784616324192096, 1.1113574802637118, [0]
-75.58258529305, 0.7084468576146298, 1.0353948772523218, [0]
-75.53039287281332, 0.6587897318200383, 0.8380372508314776, [0]
-75.45335370259119, 0.7827566004312217, 1.0191791678682536, [0]
-75.89154882647456, 0.48580284461861745, 1.0096919575194854, [0]
-75.37907661843457, 0.6466273239717193, 0.9703919161692207, [1]
-75.27534777628381, 0.6070596946684924, 0.8717466690638189, [1]
-75.245318056479, 0.6137876708007861, 1.1351946943263975, [1]
-75.59433059608628, 0.5337121674846338, 0.9368774647994688, [0]
-74.82774905323303, 0.5797425148507387, 0.927288724307513, [0]
-76.20320382441066, 0.5708477729056705, 1.2885769115423544, [1]
-75.32889944281978, 0.5888174361543301, 0.9602367934966889, [0]
-75.0265935608351, 0.5448240632367879, 0.9843428137419388, [0]
-75.11657593262875, 0.6160507648367185, 1.0099596846892254, [0]
-75.38795438043975, 0.563210114144695, 0.7541091539019689, [0]
-75.66677565368616, 0.7175501437911405, 1.1419264405533092, [0]
-75.19172472740405, 0.5100938400435512, 1.0743723016239863, [1]
-75.8248403075708, 0.6914934014030856, 1.1076898338903254, [1]
-74.95225682809756, 0.5712293646102076, 0.9148967763890163, [0]
-75.13532725873613, 0.7016376112925489, 0.9740764390701964, [0]
-75.19730098155605, 0.6448484521688572, 0.7956198769677737, [0]
-75.15808041467591, 0.6438925106202824, 1.1180717685928796, [1]
-75.49154399323072, 0.553190825344326, 0.9400505737497553, [1]
-75.7581706155146, 0.5168649251517985, 0.9427525650720641, [0]
-75.40242592918825, 0.5459286085278552, 1.0948327744907993, [1]
-75.20961306361181, 0.651990647306967, 0.8295214069703173, [1]
-76.56158906060142, 0.5645425548912867, 1.0290726107325638, [1]
-75.07401708636091, 0.6845101932092449, 1.1909820066048973, [1]
-75.48172347496961, 0.5993705734008239, 0.8322976792570331, [1]
-75.41123392806892, 0.6682566997711056, 0.7903448293558146, [0]
-75.18898372462994, 0.6688943554093004, 0.813644654544051, [1]
-75.24965943602888, 0.5696379311116956, 0.9431205198059336, [1]
-76.24413585548025, 0.7152965038009689, 0.8827728170940172, [0]
-75.79994584931282, 0.5911603285544368, 1.1368043197260675, [1]
-75.273879512447, 0.6303743127081064, 0.8786953991819189, [1]
-74.99256632690084, 0.6558249770835723, 1.1978191189132434, [1]
-75.42698287881613, 0.6754866099454588, 1.017746883863825, [1]
-75.17265045617621, 0.7523698490939632, 0.8728300315003159, [1]
-75.17386500541063, 0.6015597723916795, 0.7075102864554563, [1]
-75.83658906403515, 0.7622070892124879, 1.0046691199546103, [1]
-75.30658011227155, 0.5899396224273463, 0.7694936920482424, [1]
-75.94997735689046, 0.48781162161036334, 1.1392042321884133, [1]
-75.50979200961824, 0.6429516224541982, 0.6792734387001905, [1]
-75.11935368223665, 0.6417516341710241, 0.9020886725279236, [1]
-75.05750194889154, 0.6008304927976813, 1.0748041400474437, [1]
-75.26302875867589, 0.5878556602467233, 0.7297015236016369, [0]
-75.41636377407191, 0.6434416704973484, 0.874240619928333, [0]
-75.56596950500993, 0.6214150162569069, 0.9514598312841431, [0]
-75.29392609185555, 0.672419522146069, 1.0704413437120353, [0]
-75.42065946206361, 0.5992434204022534, 0.8495245221628789, [0]
-75.5728368694155, 0.6319306125576394, 1.0053912729882137, [0]
-76.09948604455518, 0.6386280854450909, 0.812577544576487, [0]
-75.2475104088621, 0.5620421718370129, 0.9979580045381728, [0]
-75.55312894444194, 0.580092030005867, 1.0332920787547861, [0]
-75.54050181216114, 0.6007856950149378, 0.9218891791830959, [0]
-75.47231363026174, 0.6876807886508761, 0.9977278482318924, [0]
-75.84467102863104, 0.6196145525617441, 0.9044968879525357, [0]
-74.97866758233317, 0.6549846558887857, 0.9911324708653019, [0]
-75.20308240064148, 0.6330788517864522, 1.0571927698556531, [1]
-75.02247381257237, 0.7008736316366362, 1.2420896642997885, [0]
-75.70448798809011, 0.5584024250901338, 0.8762445294389503, [0]
-75.21008731182769, 0.5473648438488113, 0.9817265706397003, [0]
-75.76543091354901, 0.582254152376567, 1.197932107013736, [0]
-75.34144791390914, 0.5705318285511354, 1.0366901167509233, [1]
-75.79249758224132, 0.6372005444852493, 1.0520033296260303, [1]
-75.59487691592025, 0.5757059146232782, 0.7965116190392328, [1]
-75.34852642883516, 0.6989690455299022, 0.9491162333217564, [1]
-75.11560727051732, 0.5505791218240703, 1.0426543774344457, [1]
-75.16492860018177, 0.6945811560914598, 0.7368429480609121, [1]
-74.93371916046813, 0.605172780067123, 0.9332555682283463, [1]
-75.70433571636447, 0.5401320343438503, 1.045046897441904, [1]
-75.4113034127517, 0.591039751008846, 1.061009475251853, [1]
-75.179830188967, 0.6495697948322616, 1.0779095409827923, [0]
-75.21025871973924, 0.6151902364663969, 1.100104522623222, [0]
-75.80792898237864, 0.6757325716342333, 0.8447558089658105, [1]
-75.61405246602412, 0.6860837867280304, 1.0100099020007542, [1]
-75.5917344996866, 0.5697474712355979, 1.0809669777709017, [1]
-75.51528423385848, 0.6378134347327094, 0.9923280831605954, [1]
-75.19437107280706, 0.67093358420372, 0.9960461898251298, [1]
-75.86728771483284, 0.5373375463204466, 0.885383350509251, [1]
-75.29259882641117, 0.6075375912618551, 1.0851102647468287, [1]
-75.8837836067853, 0.6085227702658552, 1.338497911142814, [1]
-75.26071277096624, 0.7465652305647164, 0.9300169630317136, [0]
-75.12509303399831, 0.6521716411651229, 0.955033422688072, [0]
-75.1830883339932, 0.6253871598911415, 1.1566900710585881, [1]
-75.30308987173551, 0.6471463841486412, 0.9956449845515314, [0]
-75.21682318616078, 0.6034218491127057, 1.0555426312700875, [0]
-75.05916349575423, 0.6482566975143536, 1.0244213578919024, [0]
-75.7456082281833, 0.5931583182519796, 1.0001783958132688, [0]
-75.06058984604304, 0.6781863656259468, 1.0462542062224562, [0]
-75.54758626697976, 0.4569593804184894, 0.810887824044084, [1]
-75.4133335776013, 0.5382740532769075, 0.8239328745295045, [1]
-74.95201741457706, 0.6022673820640086, 1.0849754560131046, [1]
-75.31519642367672, 0.6630015035435102, 0.8466728094854674, [0]
-76.02626128788899, 0.6003469306066116, 0.9928529694962145, [0]
-75.23276207111799, 0.5590037115124182, 0.7905117302796497, [0]
-75.5320468550135, 0.4871167079038161, 1.0867488489984065, [0]
-75.32225668813321, 0.5793605518415544, 0.9492813284235118, [1]
-75.2990150819488, 0.6569299986616381, 0.9311533340793269, [1]
-74.7624600094425, 0.6630685546764672, 1.0346238609152205, [1]
-75.07907429053152, 0.6520490128911575, 0.7524712117367117, [1]
-75.78287404355403, 0.5993952424415357, 0.9742812534956643, [0]
-75.77763194043848, 0.6508056859280845, 0.9186075791800609, [1]
-74.95448303754641, 0.6331534707251202, 1.0442367920774276, [1]
-75.19118076507712, 0.668942627159762, 1.0953477628233999, [0]
-75.04885978771166, 0.5278483767951753, 0.934416036822266, [1]
-76.02242227750872, 0.6205425745211095, 0.567377434105732, [0]
-75.47485708770175, 0.6570866077548168, 0.9642372038574065, [0]
-75.21670360514463, 0.7671414205561851, 0.8138047097311356, [0]
-75.49792958739891, 0.68383000370606, 0.8193924501417227, [0]
-75.89067578283667, 0.61316692971583, 1.139942815282416, [0]
-75.34027814359878, 0.5708646118624209, 1.0671819569632899, [0]
-75.57738468470342, 0.6420884257102332, 0.9275251988502846, [0]
-74.95359115119709, 0.6140025826568728, 0.9979305661859547, [0]
-75.56030956062031, 0.6059526981378213, 0.8782350207736308, [0]
-75.31865120861417, 0.6258968533323781, 0.8141644474348392, [1]
-75.10368171732857, 0.6176242872015253, 0.9437119006535662, [1]
-75.49322184911598, 0.6945300496190556, 1.0603036118793647, [1]
-74.79881914589681, 0.5969341687230112, 0.986450737150329, [1]
-75.5141463718587, 0.6636293618092296, 1.1184251969669166, [0]
-76.76185716006988, 0.6817996658865713, 0.9927353568978906, [0]
-76.21978795006491, 0.6272207449379229, 1.175618900126072, [0]
-75.68306315859351, 0.5628606097677928, 0.924086343890216, [0]
-75.3800058016932, 0.5995074553800368, 1.0640572053804713, [1]
-75.45135285488173, 0.653292513290357, 1.1558178064895974, [1]
-75.05063244031638, 0.4991603227764496, 1.2196847852592818, [1]
-75.51725873778271, 0.5156072567213426, 0.9112552001912374, [1]
-75.89869951471043, 0.5602223096916092, 1.129738674187048, [1]
-75.84985185683279, 0.6533951194137683, 0.8400206433821253, [1]
-75.01175159470422, 0.6243307567154254, 0.972490845131411, [1]
-75.25680475821271, 0.7632890856084308, 0.9932435948762552, [1]
-75.34717397768998, 0.6351829966465499, 1.0103492577403481, [1]
-76.49082800256951, 0.5907220682143874, 1.1648982212942798, [1]
-74.98008346625443, 0.5418332118953176, 0.8326536692609013, [1]
-75.5415546876578, 0.6612086124996226, 1.020361747004246, [1]
-75.37868138036042, 0.6336013039105044, 0.7484566448344345, [1]
-75.93401914059342, 0.643124317905184, 0.9263505995409491, [1]
-75.38155984448298, 0.7274632565837373, 0.8769961763875993, [1]
-75.58024749210738, 0.6576562591206879, 1.110816032098406, [1]
-75.45376591319376, 0.6389597583450182, 0.8886261202433391, [1]
-75.498222472821, 0.6295244589310303, 0.8173518978463565, [1]
-75.8631300105244, 0.523401578894438, 0.9496201759547612, [0]
-75.25162926818501, 0.6799171744497032, 0.9828376028470324, [1]
-75.17868145860237, 0.5983591043075264, 0.9811717475701637, [0]
-76.00494330882485, 0.6509613455133105, 1.1250470326745035, [1]
-76.23068410655326, 0.6928845184092065, 1.0235184332893437, [0]
-76.46901299177826, 0.7030205720963838, 0.9298886021400381, [0]
-75.20859485561104, 0.6660910258528538, 0.8223012282438671, [0]
-75.10926809794104, 0.6844569320387116, 1.1039197313362823, [0]
-75.43094919798845, 0.6226136161923189, 1.207791990386019, [0]
-75.2771178202234, 0.5834964002049852, 1.0347445134563373, [0]
-75.32404051290582, 0.5890986015013759, 1.1618078568968393, [1]
-75.37919143892616, 0.5693021668161588, 1.0945050737828923, [1]
-75.11326263991344, 0.5889726947699201, 0.9925239390471116, [1]
-75.38551597563979, 0.624357204395988, 1.0651542867219648, [1]
-75.02069293104155, 0.677704839420715, 1.0712574177027272, [0]
-75.46352828298674, 0.6468815356226311, 0.7703538809652364, [0]
-76.68706634107876, 0.7149963693313568, 0.9627191995760103, [0]
-75.17305491104094, 0.6457156084930751, 1.0473549843577556, [0]
-75.40411133304082, 0.6147981729973219, 1.145599959241167, [1]
-74.81905604764518, 0.5881028469075064, 0.8758725464110844, [1]
-74.90702462272645, 0.6530600758157052, 0.9640019345292092, [1]
-75.07883519876475, 0.5116946593610013, 0.821290077120119, [1]
-75.00533178802873, 0.662292688917738, 1.0055084215071994, [0]
-74.87932938844405, 0.6428879138591707, 0.9342612467948277, [0]
-74.97445613732708, 0.6116341902910276, 0.8841420417252197, [1]
-75.37083727022558, 0.5848128735229347, 1.0946665671638778, [1]
-75.1760346019274, 0.6073504909190007, 1.1255968043544489, [0]
-75.2635939922226, 0.7098310964507514, 0.8814418302335252, [0]
-75.2997500714619, 0.650580359624949, 0.9465491952912448, [0]
-75.36132289830371, 0.6061399403086084, 1.0471977615398096, [1]
-75.04311400048786, 0.7214175700185675, 0.91323921057486, [1]
-76.32062008907278, 0.5524621512552996, 1.0611539061908013, [0]
-74.90334122385383, 0.6374828439232997, 0.8252352771818192, [0]
-75.18312552243658, 0.7051323962400422, 1.155416985801557, [1]
-75.55588147223492, 0.587515934215643, 1.1497925025732334, [0]
-75.51856850056444, 0.6361308950419637, 0.9281407655262761, [0]
-75.84506474462697, 0.6196951138478547, 0.7387448259062059, [0]
-75.49115270498099, 0.7002021545822853, 0.7803645235719162, [1]
-75.8672031191869, 0.6096163847913221, 1.149202425055362, [1]
-75.7094733624973, 0.6505042556137465, 0.9248063845796588, [0]
-75.95773016352157, 0.498828533431912, 1.0984605242709518, [0]
-75.25420627572531, 0.6418797060663658, 0.9045774780455577, [1]
-75.16670059044213, 0.6189579931122065, 0.9966517610161653, [1]
-75.33142328821674, 0.6320831834618321, 0.9509642321568301, [1]
-75.49927368629149, 0.6639761175604539, 0.9756027527237929, [1]
-75.25214461958139, 0.6100672945960912, 0.8198825976148457, [1]
-74.88933553940133, 0.6159169827033407, 1.0769317373035037, [1]
-75.04327017932621, 0.6474199934595117, 1.0096931914143634, [0]
-75.12103532804525, 0.6581248634113416, 1.0820858234912425, [0]
-75.58565981200816, 0.6153843499778612, 1.1798697428100702, [1]
-75.47004717830592, 0.6570927151947646, 0.8030777883310295, [1]
-75.2619499285997, 0.7182831475441069, 0.9277121352282718, [0]
-75.5021862978871, 0.6457984175538706, 1.0206519863735855, [0]
-75.80677518843652, 0.6419923950942746, 0.6832641513893336, [0]
-75.90184396552435, 0.5917706477805266, 0.7835458242590342, [0]
-74.93246911623955, 0.6365115151890015, 1.0815001680092793, [1]
-75.67167505172048, 0.7798701787030643, 0.6565173733412148, [1]
-75.39909312020339, 0.5932644146363801, 0.9651049526450649, [0]
-75.73290900540619, 0.581557354942723, 1.0612736386959052, [0]
-75.59677514903909, 0.6670216721085261, 0.8839276778847882, [0]
-75.25255184035055, 0.6855803688850511, 1.1143594490837951, [0]
-75.35353405726022, 0.6340102758242248, 1.0766144779750688, [0]
-75.05941299462201, 0.6550056416647171, 0.7991840418825507, [0]
-75.04470378077546, 0.6068619308215815, 0.8117334788506918, [1]
-75.40328121190349, 0.6469643994652609, 0.8080741665371942, [1]
-74.98883929674275, 0.6206708495407183, 0.8763228437607677, [0]
-75.94370148347039, 0.6252171911330363, 1.0651039157120705, [0]
-75.705467775091, 0.6003315090204955, 0.8431073962966857, [0]
-75.20517871631773, 0.6028601679624954, 0.9262634649380267, [0]
-75.56874789641103, 0.6508658995969009, 0.6121350338410534, [0]
-75.65611505301429, 0.5317150944159122, 0.8228370156111736, [0]
-75.74405369094632, 0.655519871512986, 0.9410625990091843, [0]
-76.25116984551664, 0.7674062869272051, 0.8820939228286662, [0]
-75.89703093080145, 0.7157728460522405, 0.8485707698094003, [0]
-76.2886380993945, 0.5925233915759127, 1.124877605725959, [1]
-75.06187693312035, 0.5938137027207396, 1.030392503338636, [0]
-75.5554071209355, 0.6287534174194221, 1.0206343160993334, [0]
-75.44577005935514, 0.58061863280708, 0.9251423540362965, [0]
-75.0716731618507, 0.579940166396212, 1.1059837157345989, [0]
-75.44833156875693, 0.5374083506951648, 1.1376953527296225, [0]
-75.29217839746384, 0.6317269637787497, 0.8130905766515814, [0]
-76.38646373232335, 0.6656511678623921, 1.1724551825279546, [0]
-75.86575282191117, 0.6393708482428325, 0.9922110099876228, [1]
-75.24980960964162, 0.6210241848558953, 0.9840657928502443, [0]
-75.39074797539378, 0.5915559967474753, 0.7929581961574649, [0]
-75.51200363628526, 0.5313482403562857, 1.1779152389002518, [0]
-74.91728657094824, 0.6255425257929247, 1.0816702935447613, [0]
-75.52778082617607, 0.7245268411897103, 1.133231381266584, [1]
-75.7691228562646, 0.604803207501559, 0.914995660001854, [0]
-75.1076007318479, 0.6483166041785121, 1.1400374123538302, [0]
-75.70762491178613, 0.5176156649523754, 1.0058667792150848, [0]
-75.25466643621998, 0.676947333617353, 1.1184408389831826, [0]
-75.28392293932836, 0.6164131448009218, 0.962171225567286, [0]
-75.45099653279642, 0.6764652875376185, 1.0542810378641663, [0]
-75.51057521950315, 0.5534308733566441, 0.824157117688853, [0]
-76.00658787910517, 0.6131165321897047, 0.8772397323090999, [1]
-75.27474816309748, 0.5660569683979195, 0.934107627098276, [1]
-75.00280056238785, 0.6677123200129332, 1.0323490615361572, [0]
-75.55355506011378, 0.6740032306790782, 0.947099681218071, [0]
-75.47610087587312, 0.6390755148133828, 0.9485442570164493, [1]
-75.52125855792438, 0.5926712525969856, 1.1199077181147152, [1]
-76.10102934862529, 0.6776630966472763, 0.9608316299797038, [1]
-75.24057207661109, 0.6583238287307768, 0.998302761792452, [1]
-74.85522173868586, 0.6114596702164717, 0.8042977430293805, [0]
-75.21624907213175, 0.6679268071523762, 0.49739892412595194, [1]
-75.15964299600462, 0.6432718093379145, 1.0291237204821637, [1]
-75.36758412753221, 0.6078154223538278, 0.8354299154024042, [1]
-75.12835504413881, 0.5806509702657507, 0.913250365600073, [1]
-76.01826850686115, 0.7005397909225939, 1.1178535163111523, [1]
-75.23214684355246, 0.6217068964737122, 1.1201970433039365, [0]
-75.03897841810486, 0.6030398021253541, 1.162256505214517, [0]
-75.52676884235726, 0.5756062321859213, 0.8024289126724186, [0]
-75.75712264338529, 0.6722433980039239, 1.0982953547625391, [0]
-75.65747966148807, 0.5979618272646509, 0.7657188060652113, [0]
-75.26841976949207, 0.5492471252366521, 0.9368173602207575, [0]
-75.89100273735481, 0.7298308938417903, 0.7484331132865962, [0]
-75.12469918626805, 0.648212951053093, 0.9765042531977997, [0]
-75.47681222060265, 0.6129833864979815, 1.269647516153802, [0]
-75.43447094718321, 0.5856218977348996, 0.9636647434138127, [0]
-74.92405825006931, 0.5611335487131268, 0.970847779986076, [0]
-75.97363532274225, 0.6254406719170241, 0.7530680455243429, [0]
-74.90928111356008, 0.6353834347916272, 0.7774768245081305, [0]
-75.56286565483815, 0.6833501038994063, 0.9912605330126293, [0]
-75.38725854638366, 0.5696027847856031, 0.9409331557149813, [1]
-75.37487103938602, 0.5490400896543035, 1.0707821158096558, [1]
-74.86291665239686, 0.6463615468755732, 0.9532281850672611, [1]
-75.0233026750908, 0.6452080868014805, 0.7576937664157004, [1]
-75.59960848077088, 0.5569339698188893, 1.022468398994517, [1]
-75.59923734122198, 0.6213865620104175, 1.0453321158922007, [0]
-75.08012288984554, 0.652851621186473, 0.8464131329538658, [1]
-75.40279554566695, 0.5737764222226724, 0.8383212198848782, [1]
-75.66661046164758, 0.70457581823764, 0.9495939944273369, [1]
-75.34090628264347, 0.673031617252926, 0.8480013979152778, [1]
-75.0552880948416, 0.6459268235613108, 0.8763959775720893, [0]
-75.51349702269681, 0.5849841099078045, 0.8343717608996355, [0]
-75.74760495215219, 0.5259176696723625, 1.1711532501516333, [0]
-75.72464012025583, 0.5934253192731336, 1.1246419554834648, [0]
-75.6906327966432, 0.6554848418412116, 0.969371618115221, [1]
-75.68135939318394, 0.6221464597538314, 0.9559932374643609, [1]
-75.59361599760895, 0.6274476958354392, 1.1341219609723052, [1]
-75.207373816125, 0.6289758709239796, 0.9909054123530034, [1]
-74.94339589467447, 0.6784016471036413, 0.9850811615637602, [1]
-74.84881390591154, 0.6220896584354489, 0.9307943950759668, [1]
-75.09208204850485, 0.5480325667857568, 1.0027656894929569, [0]
-74.9028429446843, 0.6191988625374336, 0.9436843141254944, [1]
-76.03094670150668, 0.6652839893594622, 0.7315585170107753, [0]
-75.34455226876467, 0.7100480643398995, 0.983521120649997, [0]
-75.2898195498932, 0.6502386340392585, 0.783696936341334, [0]
-75.67454468638817, 0.6874590521285078, 0.9835624475102246, [0]
-76.2177685152498, 0.5559846282083689, 0.9913438311695832, [0]
-76.06972025646819, 0.6267321934070793, 0.5627618255569492, [0]
-74.59374797166767, 0.6340227957200701, 0.8932378054689066, [0]
-75.0994362257801, 0.6145247386679387, 1.006630002065751, [0]
-75.38377242938273, 0.6079072652758275, 0.9942626725403493, [0]
-75.08333000180805, 0.600553994991122, 0.8522935329923786, [1]
-74.83883521356333, 0.557925953282957, 0.8931759857273293, [0]
-75.38902994568686, 0.5733071479325653, 0.8513229616105791, [1]
-75.81697417971829, 0.6785192733194859, 0.8568167996160272, [0]
-75.48794196013884, 0.6103153204316578, 0.8114891707947582, [0]
-75.36754800955653, 0.7098299468020367, 1.0274457134073314, [0]
-75.76608708517516, 0.7087115877491792, 1.0388303158338537, [1]
-75.48368232942877, 0.6583654744793006, 0.9807444495454721, [1]
-75.11831191396072, 0.6022480922335645, 0.9138819905642444, [1]
-75.1648202411192, 0.5790670146031298, 1.0309040389840374, [0]
-75.69490722795875, 0.5047134431756392, 0.8209868621123845, [0]
-75.29620663572891, 0.573552563955071, 1.1209922118489761, [1]
-75.38057682231384, 0.7061752165708726, 0.9418845220508539, [0]
-75.52814713567348, 0.5386988898265502, 0.7811512632304042, [0]
-75.44175610930333, 0.6770864260826734, 1.1422764233378262, [0]
-75.3169844504082, 0.6745333396254406, 0.9888762794547172, [0]
-75.62420698200323, 0.7039774615732913, 0.9300734330903577, [0]
-75.24688053239034, 0.5895647241159118, 1.2606178917880995, [0]
-75.2936641608276, 0.5484271159538212, 1.0379188342792756, [0]
-75.04389317553276, 0.5928051030757199, 1.0780105221217455, [1]
-75.01797527337291, 0.5863162941815522, 0.9295070642463114, [0]
-74.95204523432768, 0.6698080191491469, 0.7527310765969785, [0]
-75.22996341952962, 0.5592348366168611, 1.0851940715839468, [0]
-75.2514652097285, 0.5946624009061817, 1.1370319381088767, [0]
-75.66358828556626, 0.6176159057694698, 0.6184052499978681, [1]
-75.62352927559623, 0.6487720449795445, 1.1156192061859476, [1]
-75.87392039387034, 0.6435129017697223, 1.0099261461218811, [1]
-75.1799959408588, 0.5849756245695913, 1.2455563296075096, [1]
-75.29385688745084, 0.6258386530846678, 1.120725062116785, [1]
-75.34483925972576, 0.6085178178480951, 1.283899768163824, [0]
-74.96532192410608, 0.6022526863817551, 0.8651561420635798, [0]
-75.00790308968124, 0.5845370090558062, 0.921095670131573, [0]
-75.66372657707542, 0.5748518187685618, 0.9593433755138895, [1]
-74.86896455248458, 0.6615648425589481, 0.9654125097347208, [1]
-75.2376883010036, 0.657583209754074, 0.9441963232541968, [1]
-75.13967578638052, 0.649847022667705, 1.020565938170741, [0]
-75.31740088687418, 0.5835199430332569, 0.9813925432131647, [0]
-75.73199449645374, 0.7202450084561599, 0.7053725264952344, [1]
-75.60002760796773, 0.6811267945969037, 0.9069544284968237, [0]
-75.60088296814834, 0.5759260745065021, 1.0436606092542464, [0]
-75.283205640448, 0.5361194738281074, 0.7446770435202568, [1]
-75.36195836978614, 0.5714083013149078, 0.9148388447715732, [1]
-75.1821890553371, 0.5738030158592251, 0.8742128008578269, [1]
-75.56358872935408, 0.6916600910202821, 1.086047702375971, [1]
-75.88209366465236, 0.6235700382442487, 0.8077452914347703, [1]
-75.94506762136153, 0.6658591663924205, 1.073575730680809, [1]
-75.8163462838072, 0.7384836788636155, 1.0682584812141276, [1]
-75.75874560449057, 0.6499234513969561, 0.9683881347707695, [1]
-74.93882577702018, 0.5479240064213335, 1.093419278855923, [1]
-75.41684604774764, 0.582665479297157, 0.9286079558485102, [0]
-74.78032107198945, 0.5390904113628074, 0.9342203894235848, [1]
-75.1065984156304, 0.6364997875257192, 0.8602078179220363, [1]
-75.35978661632365, 0.6097882575310475, 0.8839488910009483, [1]
-74.84708106030281, 0.6122187991271195, 0.987456043757049, [1]
-75.23763911985984, 0.5451688498642302, 1.131524053502568, [0]
-75.15702225732218, 0.6405413619806, 1.034744552781234, [1]
-75.66461370847902, 0.6991948945130255, 0.7925028550484375, [1]
-75.41477856977066, 0.6108157894788391, 0.9760109872148571, [1]
-75.38363220504438, 0.5727681646594467, 1.1759994524730786, [0]
-75.89867507409822, 0.5856403993086021, 1.1555825980877577, [0]
-75.8135683162161, 0.6752286091908162, 1.065680342972729, [0]
-75.2295636312461, 0.6656705920430567, 1.0964555983124908, [0]
-75.42620283099619, 0.5860384733981575, 1.251116074844943, [1]
-76.18678480754653, 0.6431276054211226, 1.1227742684929927, [0]
-75.79510163652711, 0.6618070208459479, 0.7248026724161194, [1]
-74.83000473160314, 0.5472596222937305, 0.935319927936558, [0]
-75.75056832689991, 0.6434779515486604, 0.698881397311484, [0]
-74.87161107156588, 0.6611892200687943, 0.7987690722335867, [1]
-74.9931968664594, 0.6675175162642164, 0.9152239498754614, [1]
-75.12391113247587, 0.6260374810260312, 0.9948661827331746, [1]
-75.40773580450413, 0.571805805299128, 0.7808700586660134, [1]
-75.27850207773403, 0.641962323491537, 1.0233309869768703, [0]
-74.93737565852838, 0.5998257866845915, 0.9538786404902143, [0]
-74.77984630609157, 0.5790637046685763, 0.8364410137771097, [1]
-75.6983251770511, 0.732750046248472, 1.1891181963997626, [0]
-75.06907543011988, 0.5807625966401702, 0.9271121895031604, [1]
-76.45747429583767, 0.65181871927964, 1.0014359553278935, [1]
-75.07535803053098, 0.7065785159680135, 0.7445852041482725, [1]
-75.31962983801834, 0.6640488856028406, 1.006350851493517, [1]
-76.43767190125105, 0.608212976484732, 1.2596077738988438, [1]
-75.80093061956586, 0.5866141615350362, 0.8585578768351887, [1]
-76.0677327721682, 0.5702251326831671, 1.1782856186750224, [1]
-75.41698447258302, 0.5290264987481089, 1.087359516385852, [1]
-75.35619316419822, 0.7348507791009211, 1.2180501477185892, [1]
-75.31737853915253, 0.616972862344882, 1.0360165928659648, [1]
-74.96057684589496, 0.6345897715984986, 1.0146924721876052, [1]
-75.25666444623667, 0.5597508512652123, 0.7700628535548126, [1]
-74.94911338638885, 0.5991467624800614, 0.9219917753181859, [1]
-75.2208095808358, 0.6627543763369328, 1.025783176096176, [0]
-75.38291043357103, 0.6053857686074748, 1.0614608314633736, [0]
-75.43789296730287, 0.7298457544303565, 0.9829413397140159, [1]
-75.16180189652908, 0.6976676040941854, 0.9937204845145579, [0]
-75.07012310148389, 0.6152419449538814, 0.9733629165969274, [0]
-75.1035722064445, 0.6476828510492443, 1.0119755109308353, [0]
-75.66158655203253, 0.5935207275305647, 0.7016032739885375, [0]
-75.44319827087003, 0.5648474666278123, 0.9925503678490225, [0]
-75.41352067269878, 0.5547804837265551, 1.0360409263838575, [1]
-75.67785860349903, 0.6006780696953682, 1.0714370194488, [1]
-75.40577142559145, 0.5306766048407496, 0.7381907543094557, [1]
-75.37357047409635, 0.673175697576481, 0.8978775301952138, [0]
-75.8209077857277, 0.5817313810405036, 0.9285913467875049, [0]
-75.22108301179755, 0.6011989185486403, 0.7940594689227989, [0]
-75.02286594976601, 0.561001984956762, 1.2114541501560794, [0]
-75.14734013466831, 0.638729071019996, 1.1469165334473683, [0]
-75.30872354257765, 0.6100744848804932, 0.9907395343781242, [1]
-75.0332398846166, 0.5618389188423742, 0.8641829372931018, [1]
-75.03886826889381, 0.6092195270917585, 1.1708390193828417, [0]
-75.74131645819867, 0.47995103738707395, 0.7061291185945107, [0]
-75.23523450615033, 0.6258291117641215, 0.7562442450138289, [0]
-75.55993493531625, 0.6023813525723262, 0.6771857329576921, [0]
-75.3284662680915, 0.6452460896454457, 1.0551620150867222, [0]
-75.42358861190775, 0.6007662919180273, 0.8254960630460727, [0]
-75.16101591474222, 0.5391525587800489, 0.9658248714061549, [0]
-75.58952824571625, 0.6229212224402763, 1.1321873477559918, [0]
-75.51430173688989, 0.727786639886436, 0.8737477987019371, [0]
-75.43729346129375, 0.7214399700000476, 0.9621675962289963, [0]
-75.14901753062941, 0.6242867420830887, 0.8591252482027821, [0]
-75.07457838987838, 0.6092301770430187, 0.9690371555472561, [0]
-75.66644574954208, 0.6298768147575604, 1.1455309130077578, [0]
-75.95082062164249, 0.7766439405955435, 0.989577510512026, [0]
-75.71578594623477, 0.6384172341683991, 0.8508034191059263, [1]
-75.22138517057334, 0.628847493795549, 0.9368462808039738, [1]
-75.56699336965352, 0.7111984212675498, 1.285263784059737, [1]
-74.90188100255884, 0.6084675932225786, 0.8339178677638674, [1]
-75.15991023762705, 0.6493657526498151, 0.9171465645560916, [1]
-74.94010139073794, 0.5668255770146534, 0.8974059138952135, [1]
-75.59074710046376, 0.7174107687820134, 1.0388169619813508, [1]
-75.750793766021, 0.5361059371188523, 1.230982302675877, [1]
-75.82261753340451, 0.6451291715440215, 0.7368185411381055, [1]
-75.24300857885297, 0.6786170553634407, 1.0430179236829846, [0]
-75.61510766628241, 0.8044666314040214, 0.9977722451596225, [0]
-75.49570159241009, 0.6226112962840419, 1.0372676964041685, [1]
-75.94528672174918, 0.6238365625766343, 1.0660197420063724, [0]
-74.92785480423915, 0.6573864450204269, 0.8064730234531445, [0]
-76.07578867718186, 0.5955766774414691, 0.7405129035658402, [0]
-75.03799620246592, 0.6361633824077667, 0.8565087479930761, [1]
-76.66984165374146, 0.522916438261575, 0.9696259804535513, [1]
-75.17551681479772, 0.7060231148866504, 1.1685793960377544, [1]
-75.9910126893035, 0.5952875730332523, 0.9811693978508075, [0]
-75.7903473451126, 0.6002326409685066, 0.7381604422365513, [0]
-75.48752300189412, 0.5691861057388496, 1.0611306025313019, [1]
-74.72009019164084, 0.6441742530196398, 0.8590438606955988, [1]
-75.21418359590517, 0.5893960046794576, 0.8898634245104511, [1]
-75.54712463601003, 0.6309246442243683, 1.1413206654047812, [1]
-75.09197087889974, 0.6629486299786139, 0.9120839130447401, [1]
-74.97848705758778, 0.5596506633177791, 1.0831388282601826, [1]
-75.392289622089, 0.6434024189423089, 0.9918903342679838, [0]
-75.10736524788543, 0.7067384194031862, 0.9208378655981282, [0]
-75.36983377764672, 0.6968832869137327, 1.0989314363020948, [1]
-75.45776133457493, 0.6755458102646452, 0.718305924801638, [1]
-75.21624076056987, 0.6831689587788883, 0.8573044234351015, [1]
-75.61785377176908, 0.5329616997245007, 0.9254045211393609, [1]
-75.26104411003189, 0.6619884940032562, 1.0509300369483767, [0]
-76.51262615178528, 0.6619583651786484, 1.0308859270902817, [0]
-75.01426193428172, 0.6330465032890236, 0.8435849410167424, [0]
-75.33967720693767, 0.6665832910925071, 0.8220249434817035, [0]
-75.01434160582643, 0.6469555641837952, 1.0215787437029342, [1]
-75.67824478023599, 0.5951265413503295, 0.7050931403575521, [0]
-75.14325531422446, 0.6419464724736232, 0.7965507322960474, [0]
-75.34179354518508, 0.628149022997635, 1.1381070382454608, [1]
-75.97509940219894, 0.6001085006697281, 0.9775850666259029, [0]
-75.50204997735172, 0.6374745546519941, 0.9603672254191431, [0]
-75.01548984532383, 0.6261807266625251, 0.9450856026731405, [1]
-76.67764233493718, 0.785858838454549, 1.0339923702233775, [1]
-75.74839656472703, 0.7608383369553801, 0.9811740924478076, [1]
-75.07392715450536, 0.6940999333722538, 0.893661225712805, [1]
-75.87967621814998, 0.5175789958030846, 1.051915316312067, [1]
-75.06721978579357, 0.5780528256516166, 0.8630997148581347, [1]
-75.73020968112785, 0.4838876225050399, 0.7611539494404138, [1]
-76.74497632359903, 0.604740890372077, 0.8512210529483387, [1]
-75.94681714562486, 0.5655228597798868, 1.0226889960989296, [1]
-75.19795024709089, 0.6380039305353731, 1.1477311989458063, [1]
-75.3917218367099, 0.6250826439919083, 0.8518945715952558, [0]
-75.26713518807541, 0.6339924576578143, 0.8661143006160257, [1]
-75.24570999310394, 0.5692406758116028, 0.8233493141452678, [0]
-75.94811200199779, 0.5508158353236887, 1.1861119393650648, [1]
-75.5869808612139, 0.7138909265478888, 1.0700667737861367, [1]
-75.57785945178571, 0.6259194178989347, 1.0305617325559229, [1]
-75.46713928684538, 0.5333645275656649, 0.8050584419374647, [1]
-76.25908029106131, 0.6494403903885831, 0.9572350422104642, [1]
-75.18204101847279, 0.5852850301805541, 0.8177648523358949, [1]
-75.40872001294696, 0.6515269093875744, 0.9861210126071869, [1]
-74.88660095825814, 0.4944734142719529, 0.9828284196489134, [1]
-75.90175419840209, 0.704711900185751, 0.8705674906942902, [0]
-76.15121729188056, 0.579618569302504, 1.2723762772165048, [1]
-75.38060054744516, 0.5024624298945731, 0.7678240209735924, [0]
-76.00445315942113, 0.6386391070908849, 0.8481801503936706, [0]
-75.62285409950235, 0.6003537277981461, 1.250946669490963, [1]
-75.50673646515303, 0.6219923619870493, 1.058660365878059, [1]
-75.95665919018542, 0.5073569370871718, 0.8267301579485791, [1]
-74.96981491421273, 0.6894439427307055, 1.1235368880946246, [0]
-76.26275707623849, 0.6433526399775098, 0.79457057785962, [1]
-75.45508506467283, 0.7071939939672196, 1.140104384026056, [0]
-75.26548965852861, 0.7436363662885506, 0.9497256920580193, [0]
-75.16042692316762, 0.6121653486257209, 0.9086932258745024, [1]
-76.0949882731406, 0.5757250444600689, 1.147814231311303, [0]
-75.21548362873163, 0.5669866644070043, 0.7100493878280927, [1]
-75.89649634884427, 0.5802518732573022, 0.9892591749285676, [1]
-75.18275687207975, 0.6862722902573936, 0.728564804260688, [1]
-75.09703542964075, 0.6966653315151861, 0.8053242479050158, [1]
-75.49883932684918, 0.5415273509973427, 1.0418495641173058, [0]
-75.15929781406531, 0.6198630452394464, 0.8738378014209774, [1]
-75.82796249596488, 0.5783138322798876, 0.9761862116418774, [1]
-75.70707600871485, 0.615148635867909, 1.035849718802231, [0]
-76.00751041599754, 0.5551446674259735, 1.140349491231323, [0]
-74.94564251525374, 0.684465863066426, 1.097756682545362, [0]
-75.05687282410621, 0.5730575173192276, 0.8812710214115282, [1]
-75.66420855336864, 0.6252656862747328, 0.8155500372595219, [1]
-75.52597435415, 0.5232480569051984, 0.8778828193352397, [1]
-75.05319615715622, 0.6403318699956596, 1.1728199901920187, [1]
-76.06417383239085, 0.5932324408902566, 0.7983103069774061, [1]
-75.19860060186404, 0.7635470490205936, 0.7524172374760723, [1]
-75.20187861628655, 0.7031199490963196, 1.0205866548125817, [0]
-75.479482284613, 0.610220400558062, 1.1139495490162428, [0]
-74.97565343585248, 0.5802015750621212, 1.1918101453593835, [0]
-75.23792139829939, 0.5819282534768736, 0.8787224772548399, [0]
-75.87421710836378, 0.5458608064701038, 0.9642983956651813, [0]
-76.1880490659553, 0.623930229655041, 1.007291004654485, [1]
-76.56295530450097, 0.6421616878685183, 0.8799887681941696, [1]
-75.18691719845495, 0.6875979655928848, 0.9310651006257546, [0]
-75.38443431689898, 0.677817238374671, 0.8761231353947976, [0]
-75.82803510649947, 0.6902042629138168, 0.9639289419234096, [1]
-75.80205194205897, 0.6716311010869525, 1.0560420181704, [1]
-75.28304994810087, 0.5709576513095278, 0.9902164379009448, [1]
-75.9636979682087, 0.7007403701714262, 0.8392292387446113, [1]
-75.31765023147476, 0.621749793029247, 0.8460823041345262, [0]
-76.13000256697575, 0.4862894660203449, 0.877874072138648, [0]
-75.86620559295255, 0.6129772097427996, 0.9243985391410008, [0]
-75.40871789905754, 0.601672147644349, 0.8716289755783211, [0]
-75.28135099253312, 0.5864038627255413, 0.7419034337351391, [1]
-75.34474282419653, 0.47969087081046224, 1.1567831430295126, [1]
-75.22632367457139, 0.5853550418051267, 0.8890285753901931, [0]
-75.198888060006, 0.5421356702772953, 1.0472435965207307, [0]
-74.95542819005759, 0.5353740864476146, 0.9138601066840505, [0]
-75.3500896229169, 0.6426446602798644, 0.9930894933064367, [0]
-74.9935489066376, 0.6508945330153937, 0.931254755142638, [1]
-75.21690265659632, 0.7343241901145435, 0.9804908856477663, [1]
-75.09551279595225, 0.6574845966020119, 1.0753354429437174, [1]
-75.60478717053294, 0.6531608009160158, 1.03195477355642, [1]
-74.93028718236437, 0.5913450658580413, 0.9784563358986825, [1]
-75.82308457040209, 0.6687783873723006, 1.0379822747974752, [0]
-75.49322048047244, 0.6701583441030567, 1.2093926683182723, [0]
-75.84505355568893, 0.6334338979825357, 1.0252452251079796, [0]
-75.69219873860526, 0.5977566599893038, 0.973561804664616, [1]
-75.24155262254963, 0.6289556712895752, 0.890342511905783, [1]
-75.1763040706443, 0.6502994321591304, 0.9720936329439196, [0]
-75.10572027918643, 0.5904436991435815, 0.9050094218239494, [1]
-75.6653959974078, 0.7012153960540353, 0.8291899321566211, [1]
-75.26150127863262, 0.7375299692375243, 0.8279957552292505, [1]
-75.73583859642817, 0.6001303498697104, 0.7273514984631864, [0]
-75.35804607920034, 0.6093577080068024, 1.0584666967657845, [0]
-75.30391791845469, 0.6915982399618128, 1.1838763827153471, [1]
-75.5045402908173, 0.6802218889988493, 1.0739176706086015, [0]
-75.18902642226463, 0.5788373043086977, 1.0084458084510726, [0]
-75.45520509602892, 0.6929938098178638, 0.7370970506001516, [0]
-74.73479310619838, 0.5871669334344096, 0.9387641552952318, [0]
-75.4098257182698, 0.669348668419009, 1.0970699405823379, [1]
-75.40491063111284, 0.6091451667011125, 0.8819117279648501, [1]
-75.9981982524612, 0.7106278911415133, 1.1385242134905764, [1]
-75.24042950773297, 0.578779152748489, 1.1214831028132868, [1]
-75.01495050156416, 0.655944268421065, 0.9735232782288757, [1]
-75.16247956853704, 0.6665274472019611, 0.8534778580764548, [1]
-75.45709768410867, 0.6241764592124825, 0.9824298206314092, [0]
-75.5403651868943, 0.6128192134046208, 0.8903090778532289, [1]
-75.26771414681792, 0.5949273806641375, 0.8218133322299405, [0]
-75.12918301972257, 0.5954346024545982, 1.0273856590625887, [1]
-75.46344757025763, 0.6506058867121216, 0.9927710225150064, [1]
-75.38168471393821, 0.4906658362698946, 1.0425200392337666, [0]
-75.11128621270804, 0.5803447302727996, 1.0014161605836336, [0]
-75.3145318566069, 0.6643262365444398, 1.0479650852046296, [0]
-75.73265345713305, 0.5468653625715562, 1.0164662079682916, [0]
-75.61444661572807, 0.7226839800164712, 1.059540052389583, [0]
-74.91634064384765, 0.6991815837565792, 0.8384795612159835, [0]
-75.2325827131613, 0.7296831219721553, 0.9197475935558624, [0]
-75.15763568379445, 0.6681529837887135, 0.8582899988075181, [1]
-75.32703125413836, 0.6666701609330808, 0.9260229481526003, [1]
-75.46572967546373, 0.7261603704661508, 0.8890040980302759, [0]
-75.71045012527571, 0.7224874130821054, 1.1546300120449333, [1]
-75.39789621681489, 0.6298856839780381, 1.1365130243716937, [0]
-76.04330856502393, 0.5329511757096668, 0.8039229742384694, [1]
-75.27509640208596, 0.6060459547986679, 1.0032274465069297, [1]
-75.5678304373602, 0.6425634503002283, 0.9186209379440275, [1]
-76.2772144292725, 0.6139945009876671, 1.3679428835992233, [0]
-75.56031306316534, 0.6915647032413353, 1.0628562161689132, [1]
-75.3978372278686, 0.6943018196075087, 1.0621090226866163, [1]
-75.20287871812256, 0.5665536245021535, 0.8884242857567877, [0]
-75.56273562278385, 0.6517160442884633, 1.0850407361997718, [1]
-75.66276882207568, 0.48193317117983553, 0.8870221837451044, [0]
-75.3959518584768, 0.5571242564615052, 0.9936598768461753, [0]
-75.87339446561528, 0.5758650762705784, 1.1216711646343727, [0]
-75.23233831049244, 0.6341601936990053, 1.0918825210878724, [1]
-75.82199581085356, 0.6394167616396381, 0.813857088297169, [0]
-74.89124629981535, 0.5782748953585182, 0.9610585246522158, [0]
-75.54042131564512, 0.5451344529765243, 0.9178683988406017, [0]
-74.89726741644034, 0.6359671786733094, 0.8291566239495294, [1]
-75.30846479223244, 0.6678329505391764, 0.9412483256811144, [1]
-74.98796440033313, 0.641215928622452, 0.882357318229944, [1]
-75.14299500054037, 0.650948883895951, 1.0714719496287084, [1]
-75.80853454817148, 0.6533182333269563, 0.9280993188521554, [1]
-75.11333503423427, 0.5816537867721387, 0.9293494408413211, [1]
-75.53934875763395, 0.6201988174037183, 0.7437676257699392, [1]
-75.38561238966142, 0.5490304987103624, 1.0451891738360415, [1]
-75.95237850642611, 0.7948531423281768, 0.6989577019732871, [1]
-75.86670465718612, 0.5751098546700291, 0.9190691619842611, [0]
-74.97693439912156, 0.6749591327027655, 1.0462259322052776, [0]
-75.83096922108557, 0.646357244039656, 1.1697040426110301, [0]
-75.77484737414419, 0.6039444053938285, 1.1823992936413377, [1]
-75.08518204324855, 0.6019908427657379, 0.9372458905173094, [1]
-75.05204958830797, 0.6666257478593682, 1.0817746144656013, [1]
-76.12430734911997, 0.7046037858472269, 0.9093577809504394, [1]
-75.45877172689232, 0.5398485476709642, 1.0684504581686443, [1]
-75.70562321070439, 0.5993775561331841, 0.7814282948714645, [1]
-75.14084806362183, 0.6898059648322182, 1.0864193649677787, [1]
-75.66393726946418, 0.6314276391135548, 0.8695137195875506, [1]
-75.23316344604595, 0.5569690229734543, 1.0238504362962657, [1]
-75.34732521423935, 0.6081354531254862, 0.8271589972155379, [0]
-75.09416417053029, 0.5725636650740994, 1.1207722463211138, [0]
-75.45866582214751, 0.665716762869553, 0.8632580200057672, [0]
-76.04053050358748, 0.6238590174255125, 0.9292359804271191, [1]
-75.06775229661595, 0.5964147802422973, 1.0673001227755332, [0]
-75.0451328960898, 0.6244222556453012, 0.8579935957391496, [1]
-75.33099323390263, 0.587483041404001, 1.1570277389539056, [0]
-75.23994501991763, 0.5979743911845884, 0.9502838857495247, [1]
-75.28053102459114, 0.4942976840128761, 0.9150965940747369, [1]
-75.45730687259082, 0.6438153533991469, 0.9887347837808891, [0]
-76.07621524247351, 0.5727983098967763, 0.7450216683025107, [0]
-75.46631886696271, 0.6478671151695189, 1.2572101003002676, [1]
-75.65722340376381, 0.6754814057197462, 0.9549951539820062, [1]
-75.19679542473807, 0.5888325395080951, 1.044033936145149, [1]
-75.01753383783723, 0.5823047251732036, 0.9916790136256138, [1]
-75.38630017715887, 0.5869244982468782, 0.928616832314151, [1]
-75.41761401793488, 0.7062920378013633, 0.9406111437186666, [1]
-75.38607954244152, 0.7062070204530811, 0.830714781580979, [0]
-75.23876592725158, 0.7031362253007863, 0.7233191916807218, [0]
-75.68029195303008, 0.6404322224676728, 0.8453537346423783, [0]
-75.79558132438902, 0.6529418936718451, 1.011830782782726, [0]
-74.70731191736887, 0.6375409013568826, 1.188269302977999, [1]
-74.96006329823967, 0.5520630511453354, 1.0964946279370011, [0]
-75.32732087357982, 0.604809219132334, 0.8294281941578369, [0]
-75.86704434761428, 0.5334683374902677, 0.6172218498730375, [1]
-75.21649229814984, 0.6868803536375802, 0.9503193768925794, [1]
-74.88417582018938, 0.6207671264321933, 0.9995647576980492, [1]
-75.05821599686887, 0.6452448594793558, 1.0621800349790576, [1]
-75.51880527124034, 0.6649615433905369, 1.0520187595851087, [1]
-75.44362830168315, 0.7265307217551065, 0.8535203798312718, [1]
-75.25175742492867, 0.5784668237746761, 0.9254371066267678, [1]
-75.43630219381924, 0.6893749720163517, 1.0012571970400854, [1]
-75.34486174046225, 0.6677739765662298, 1.1573907361380313, [0]
-75.32660325740653, 0.6253410845572579, 0.8745731794871507, [0]
-75.25799791426078, 0.5047073664361468, 0.9695574070307982, [1]
-75.3796683787929, 0.6155939599798281, 1.143474551780491, [0]
-75.14303619583981, 0.6105172935145027, 0.9859972070867244, [0]
-75.52239285805274, 0.5825652593768073, 0.9033308964582619, [1]
-75.4706002373397, 0.5990263764978966, 0.9822151422730427, [1]
-75.94732524699373, 0.7171828164650371, 0.8987192944495728, [1]
-75.3138933615398, 0.5685611722171269, 1.1219552824188337, [1]
-75.5233432099294, 0.5837638121862142, 0.817594109955323, [0]
-75.20430014088993, 0.5861464147525939, 0.6569704511440932, [0]
-75.32293657420855, 0.5639090328527945, 1.1017649785471648, [0]
-75.2635647557982, 0.643381905078351, 1.13675007106947, [0]
-75.90987793914337, 0.4331712014028695, 1.021612874065186, [0]
-74.77313680881315, 0.5893958820459376, 0.9227958729533697, [1]
-75.08845669118695, 0.7497351488755701, 0.9167581452743403, [0]
-75.25179030844963, 0.5408024860234273, 1.0903994647371364, [0]
-76.2992108918137, 0.6259679069988175, 0.9663537477981007, [0]
-75.30907606440792, 0.716960273927004, 0.9840761538923928, [0]
-75.11296462617538, 0.5849683849498902, 0.9575387278019869, [0]
-75.45394280851885, 0.6068519186113686, 0.9348391997859506, [1]
-75.07520045875724, 0.5271809034575498, 0.9499775412349715, [1]
-74.84897711983442, 0.6535968106288811, 0.7946179179520348, [1]
-75.21384055794118, 0.5658310072491275, 0.9136002073413111, [0]
-75.53754983877162, 0.508406411240436, 0.8160156430024106, [1]
-75.67307500547314, 0.6079047190585689, 0.943622303938195, [1]
-75.41778883259799, 0.5800030655803459, 1.0613961343555223, [1]
-75.38971977931418, 0.5311898671729598, 0.9094332504447391, [0]
-75.04980561688974, 0.5530266235641719, 1.021427486198362, [0]
-76.99682987000277, 0.6319095207299212, 1.0421328054576633, [1]
-75.13724886193233, 0.620300264800091, 0.8443774798356796, [0]
-75.45092642020498, 0.6395127900912995, 0.8936203870496968, [1]
-75.79014870578143, 0.6695419429307289, 0.9807748254210951, [0]
-75.27184992590236, 0.5796496090377825, 0.8232430570716456, [0]
-75.56489970355545, 0.6830059543587063, 0.6662045898462507, [0]
-75.18214539686974, 0.6237296446613297, 1.0433370645994664, [1]
-74.9091193329612, 0.6888049894235315, 0.7372269916784342, [1]
-76.01326169565198, 0.637757356754892, 0.9218919010059553, [0]
-75.62166820041693, 0.5609431483751145, 1.181112388887402, [1]
-75.62288063709859, 0.7241496571527581, 0.9639415225988097, [1]
-75.45149555565888, 0.6243988793907179, 1.1227298029979274, [1]
-75.52689724680735, 0.48288231160868206, 1.001053177853022, [1]
-75.47639935766502, 0.5468407181921018, 0.9753241747881093, [1]
-75.91985393973026, 0.7040521272221043, 0.7954096070759092, [0]
-75.77721365449413, 0.5537201299589534, 1.2754830865575795, [0]
-75.77954694216466, 0.6531995569194142, 0.5620817433253338, [0]
-76.17078618552397, 0.6301513328551298, 1.2493181890070806, [0]
-75.22521075153213, 0.7441715406441951, 1.0128061583576045, [0]
-75.05967725618243, 0.6498700383207869, 1.0736612369089982, [0]
-74.80919619636431, 0.5800740478813449, 0.9357922075200276, [1]
-75.01965090060455, 0.6915803061850239, 1.0112294048877786, [1]
-76.55260158154319, 0.5518066483715844, 0.6613880415182659, [1]
-74.84618185922437, 0.5990076647691559, 0.9062252922493387, [1]
-75.52390529343248, 0.6262235029758858, 1.0086261337887132, [0]
-75.77989665035717, 0.6195977863998058, 1.0582466629925065, [0]
-75.32647546036941, 0.6059563723053185, 0.9876842621882362, [0]
-75.26824886678254, 0.5815329187209772, 0.7911201998687761, [1]
-75.5983746662741, 0.5573929445118568, 1.002129511012923, [0]
-75.82425110311038, 0.6029277247325787, 0.7997031881643107, [1]
-76.52280947028278, 0.5679803987309505, 1.1897164870785022, [1]
-75.5993884048606, 0.6457176561975514, 0.794105485897214, [1]
-75.3526423069654, 0.6336328200365382, 1.0642054976176398, [1]
-75.53551034974657, 0.5755875393549826, 1.097886026266081, [1]
-75.30862902807121, 0.5463649129720521, 1.0418021281333925, [1]
-75.40460147003361, 0.6643964467915071, 0.5902965479149582, [1]
-75.30150371148679, 0.5935898817384057, 0.7796428319840439, [0]
-75.53787816069509, 0.6398237307321823, 0.9434877454285502, [1]
-75.38842124726325, 0.6542876398490373, 0.9066600711232281, [1]
-75.20832701298139, 0.6699024524524138, 0.9704658762230294, [1]
-75.10887070588147, 0.6603799382317892, 1.0704134708665252, [1]
-75.31374189880717, 0.5770273656701017, 1.0003431208065627, [0]
-75.42412750496815, 0.7015740008526626, 0.7554892652347267, [1]
-75.63732575665462, 0.5885616456543337, 1.1094513344441619, [1]
-75.94284735939655, 0.6933021702517923, 0.830892336409085, [0]
-75.49135699464287, 0.6184336328236834, 0.7975369019089122, [0]
-75.49552654000601, 0.6134065513211275, 0.6932014559336758, [0]
-75.0148238616306, 0.6037248681648052, 0.7861307693128304, [0]
-75.03704398807099, 0.6065843799095664, 0.6625653916604609, [0]
-75.7743939817996, 0.5053615864190543, 0.9757640838738659, [0]
-74.78601613333461, 0.6027249283912064, 1.046575690659766, [0]
-75.07910010917743, 0.639135320836104, 1.0750353790839524, [0]
-74.97284190470126, 0.6399844638043157, 1.0088817596826856, [1]
-74.92332581356654, 0.6134542703340946, 1.1718018389682276, [1]
-75.74490784876619, 0.6810369501138758, 1.0426457487210519, [1]
-75.10104649435094, 0.7141389821330502, 0.8420059175510649, [1]
-75.22378557679241, 0.49148031725785996, 0.9331202174094074, [0]
-75.60550276445665, 0.623559654721333, 1.1753350448674083, [1]
-75.75445584900007, 0.5575419515002685, 0.5990787304524605, [1]
-75.05153582212704, 0.5780367464198493, 0.9245866041141584, [1]
-75.39383998465354, 0.6534276492203188, 0.9882576520018729, [1]
-74.96268546450138, 0.5332694460262023, 0.8402410167019011, [0]
-75.15006956476898, 0.6860676367793493, 0.9264340016830283, [1]
-75.96634127473122, 0.58048914612418, 0.917972836961812, [1]
-74.95361954358468, 0.6294921311202903, 1.1274534748953884, [1]
-75.37030669143319, 0.6302265429929176, 0.9067334767655123, [1]
-75.44623574479162, 0.6576871858763812, 0.9812215006622078, [1]
-74.91370379671244, 0.6104522449943705, 1.1669405400100863, [0]
-75.58557682412342, 0.6962564715103293, 0.8699484081032984, [0]
-75.02020260411899, 0.6000407240342542, 0.888264780663066, [0]
-75.14520548483986, 0.6380948310165119, 1.0781994489948337, [0]
-75.53146427773882, 0.5617232787295131, 0.8572153531480097, [1]
-75.7951741345393, 0.5720519536124095, 0.8624840834653498, [0]
-74.91765304377753, 0.6140485517237043, 1.0861068378350094, [0]
-75.52734372744456, 0.616540458451435, 1.0792716460032128, [1]
-75.57763602234074, 0.5952564312455811, 0.8108820716154143, [1]
-75.6586245440261, 0.7003173642202778, 0.910666449617983, [1]
-75.29769742751743, 0.5853320412535963, 1.0573988132484808, [1]
-75.14771740844738, 0.6752028465664089, 1.0184905033302576, [1]
-75.30733212292932, 0.5664577378896062, 1.0659007698718996, [0]
-75.4766861604203, 0.5578757643721095, 1.1319403048290662, [1]
-75.41310498691337, 0.7465287270847424, 1.1500171479620596, [1]
-76.50585957201618, 0.6436979901159782, 1.0814059104533191, [0]
-75.14737071544941, 0.6134280104399862, 0.8403566193498171, [0]
-75.1090989932356, 0.6249056177432664, 1.028573672219387, [0]
-75.39628217615062, 0.6053278279819859, 1.0068214752897524, [1]
-75.69207560045656, 0.5813699300011403, 1.1374710867969002, [1]
-75.63508274974164, 0.6197095417152444, 0.8557458368987529, [1]
-75.66652336300795, 0.5907189721911994, 1.1170785975187165, [0]
-75.30019232001054, 0.62363191901857, 1.011444229266266, [1]
-75.5690875206796, 0.6328311348610735, 0.9643604036162913, [1]
-75.27658170846358, 0.6016896578344907, 1.196505765389249, [0]
-75.53806864260875, 0.6520044262005045, 0.9131658605404314, [0]
-75.10655258186954, 0.5839523791353617, 0.9763227650682439, [0]
-76.30466914403507, 0.5885953137737504, 0.8515452996574633, [0]
-75.75615949620833, 0.6215018128200546, 1.2504401464082475, [0]
-75.24962152357392, 0.6797451019354233, 0.7472619199206729, [0]
-75.28625178412109, 0.575843330498087, 0.946894943654697, [0]
-75.44336028171185, 0.6510054185864975, 0.807008812172396, [1]
-75.08582915624153, 0.5278792121769733, 1.02179463923118, [1]
-75.0705219684463, 0.7086984332771781, 1.042317453107326, [1]
-75.71140578085775, 0.6200384238515877, 0.8475916825368827, [1]
-75.08064826004005, 0.5643837377759968, 0.9420678814018535, [1]
-75.53037550869203, 0.5264972865036895, 0.7596049017893187, [1]
-74.76420431702716, 0.6444090172417116, 0.9668378039206521, [1]
-75.72201389188852, 0.6615541231853149, 0.8388244021280205, [1]
-75.86763978437786, 0.5885908105459187, 1.0768384409995257, [1]
-75.35234131898285, 0.5462357337437003, 0.9929329700715466, [1]
-75.66906735968051, 0.6872458418781783, 0.8830543758838698, [1]
-75.41798556217749, 0.5912926019024641, 0.8217332028761865, [0]
-74.96419615170014, 0.6460219080715667, 1.1096850207396582, [0]
-75.38509019988007, 0.527426042245449, 0.9382314502473315, [0]
-75.75982155783463, 0.6983686234104325, 0.7834837092539603, [1]
-75.84761307742565, 0.6367166149836244, 1.0180807702792318, [1]
-75.00139402862976, 0.6444218416723465, 1.0633276761327959, [1]
-75.40828491913125, 0.7536847585979771, 0.9274803686073105, [1]
-75.03952474653728, 0.5985904861729842, 1.0344877847748433, [1]
-75.8926503571285, 0.6399973301504329, 1.1240255597963011, [1]
-75.05505535171949, 0.5272096751941835, 1.1247560785236321, [1]
-76.0461843245254, 0.7728744117694398, 0.664136711839242, [0]
-75.14913558804943, 0.6065526269344921, 0.9000381949356147, [0]
-75.75084492798437, 0.666294302404561, 0.8337380768558889, [0]
-75.61052120161946, 0.5963156359268251, 0.9196911060972451, [1]
-75.18215849274766, 0.5678945523202197, 1.0162024807307057, [1]
-75.14659867068306, 0.6613424901436393, 0.9994595131766125, [0]
-75.59012878677453, 0.5325254538743189, 0.8818938233649164, [1]
-75.4770730794376, 0.5594078488491465, 1.171583301534251, [1]
-75.78209570678537, 0.6216379385832034, 0.89850731704581, [0]
-76.24241789219612, 0.6516078602757237, 1.0499824159673161, [0]
-75.42683746830203, 0.6212392613220616, 1.1777619133928714, [0]
-75.50510436371088, 0.5724987917513649, 0.756301792693432, [1]
-75.35078948714414, 0.6881463289560535, 1.0077387004940832, [0]
-75.691923514298, 0.6503675869190118, 1.0823405669825297, [0]
-75.68450508365977, 0.6220039085088239, 0.9808655644203753, [1]
-75.4075120199542, 0.672096318626188, 0.9473316547090634, [0]
-75.36297488350397, 0.6836259595655431, 0.7665886394804228, [0]
-75.12662121661434, 0.7031963988653394, 1.058478424796619, [1]
-75.06012847601048, 0.617382855496858, 0.9194056512185416, [1]
-74.83702872544944, 0.5885021062287853, 0.9664607436694941, [1]
-75.51711200913901, 0.49471671409031837, 1.0081433731170564, [0]
-75.6193078817231, 0.5746277113859111, 0.9009764770971662, [0]
-75.64181265609827, 0.6987631889075573, 1.1373882883323385, [0]
-74.94545227426352, 0.6293401105244638, 1.0609008081107203, [0]
-74.97224054643141, 0.5613254307475448, 0.8512057651522242, [0]
-75.50008973398971, 0.5315444661435297, 0.8882639717660146, [0]
-74.9573895923603, 0.6462742236797572, 0.7913513617876451, [0]
-75.10193043149778, 0.5451923125659633, 0.945605146282793, [0]
-75.33277369166265, 0.6380620363424142, 0.9144808152173154, [1]
-75.70845519860794, 0.5768926011965427, 0.7229727510688091, [0]
-75.5540169921002, 0.7500064727764638, 0.8184768480160827, [0]
-75.75519933919321, 0.7002172243008576, 0.8530634643093825, [0]
-76.01842192557538, 0.6821106557771369, 0.7955869277065633, [1]
-75.06763866576279, 0.6856577097690854, 1.0258904231596084, [0]
-75.86604305325989, 0.8051810654225644, 0.9323065074138961, [0]
-75.07322927528253, 0.5910222073034147, 1.0191280456308949, [1]
-75.57661776678755, 0.5135419027143386, 0.9772699178741151, [0]
-74.98943390635846, 0.6621124107046626, 0.9572049017605779, [0]
-75.23040202855681, 0.6358936534710599, 0.8352183409313185, [0]
-75.50564449863809, 0.5440441150295721, 0.8603960124237143, [0]
-75.9596257313534, 0.5215288930567918, 0.8192813410977372, [1]
-75.62106541579537, 0.673932991949563, 0.9105769498158012, [1]
-75.72456983513347, 0.5574869139702372, 0.8494491099737927, [0]
-75.60023974559589, 0.6139007135716326, 0.8997886041506347, [1]
-75.73594618762601, 0.6316342490867828, 0.9552319911315026, [1]
-75.18241673558424, 0.5755958320003115, 1.0578849836928583, [1]
