t=1.0225771965364189E-4
logZ_t=-0.5910579024273623
-7.511725038139636, 1.8140805050675357, 2.8212911857042333, [0]
-7.488337400247866, 2.0099588433515114, 0.5505470209394219, [0]
-7.808582367581204, -2.650823882808959, 1.8471360307546545, [1]
-7.5971075611747265, -2.6994666908107354, 1.6206662965532057, [1]
-7.758185775498821, 1.9558476201738049, 2.8807169719774186, [1]
-7.442888530207323, 1.1048628699793186, 1.385796561003144, [1]
-7.791257905664666, 4.487020419225022, 0.5152620388130662, [1]
-7.2067131943922496, 0.021078867180744254, 3.2776045279550905, [0]
-7.513361511597524, -0.1411817322552893, 2.6405279992018027, [1]
-7.196896814390576, 1.2366791926369867, 1.0060544299620453, [0]
-7.180011407982839, -1.201610652453204, 2.5357304012383537, [1]
-8.138289614318259, -2.468531902502469, 0.04723813628376372, [0]
-7.3862433329620085, 0.21013120234232252, 4.151333612919066, [1]
-7.572041802366106, -2.4872055443468835, 0.7430572137636395, [0]
-7.703868345538553, 6.036822362067838, 1.1513685806139282, [0]
-7.9809868901285395, 0.7107268717556641, 1.3831994661836176, [1]
-7.664900983040424, 0.7131473387769844, 1.7637034941503698, [1]
-7.1722580205999735, 6.292317641279624, -0.6753637921390091, [0]
-8.207878723003601, -3.036327384961785, 2.448382908807913, [1]
-7.599301659967367, 0.3837210367934456, 2.826678368786859, [1]
-7.423405296168, 0.24982527144782862, 1.6245393599147304, [1]
-7.6797672498682035, 0.6636868104225688, 1.8802717089511023, [0]
-7.560440067762492, 1.8338966104125707, 3.1465278388677507, [0]
-7.203115745308555, -0.3547952479224177, 2.3893900660370813, [0]
-7.459679983758822, 2.3204258144202212, 2.893682283558185, [0]
-7.235555467562818, 1.1122957314904725, 3.5753207511299285, [1]
-7.401193006080527, -1.3756329388300523, 2.6382011409415265, [0]
-7.567530995632566, -0.6231099011510421, 1.002681141740911, [0]
-7.311661470731873, -1.7621130790880462, 1.2856987710955405, [1]
-7.836143107512398, 2.231028870141771, 0.5103114650577486, [1]
-7.228204175594842, -0.04662224910073309, 2.214168232389171, [0]
-7.695171743433306, 3.055416070901001, 2.807706904102616, [0]
-7.384645645267092, 1.1905768665961136, 2.505041405503467, [1]
-8.124445524013266, -1.422546250103116, 0.5089425606218112, [0]
-8.146090451940106, 2.641237029422837, 2.0734596347040837, [1]
-7.696812617058933, -0.2777316793138378, 1.86496854783666, [0]
-7.885864800993143, 0.5584186103095545, 2.264338646060424, [0]
-8.30219009315622, 1.6890747032356703, 3.0524846930453915, [0]
-8.165320366870802, 0.7152962303334265, 3.0039194155724944, [0]
-7.289929985850588, -2.465097994675637, -1.2580698044090624, [0]
-8.072584020260322, 4.1142975559110955, 2.300349092181727, [0]
-7.79807791470401, 1.2822083185250124, 2.2635776341174685, [0]
-7.205521788617518, 1.6213797366610867, 2.5089853047583897, [1]
-7.596368841257129, -0.546649235170332, 2.6827040114673926, [0]
-7.134111970814526, -2.040875559089357, 2.0746052795882903, [0]
-7.959741672395743, -1.8672060185451844, 3.38026545644066, [1]
-7.172213510163509, 0.3187984509710351, 3.497655408301884, [0]
-8.226052900132556, -4.557927961007295, -1.20076134853954, [1]
-7.246599098130151, 0.16524738487738533, 2.65033534979259, [0]
-7.186135331376178, 0.14609808490431364, 1.815205793429545, [0]
-7.371264183213839, -3.0380241594875823, 0.8586656167416352, [0]
-7.45441633660242, -1.8136283084087597, 2.4872976037128716, [1]
-7.289968555042686, 0.7994658520133906, 2.9498029839771776, [0]
-7.443702835949007, 1.7167658299713184, 2.264413262462106, [0]
-7.666321505902537, -1.3064352028351882, 2.5766641179827623, [1]
-7.066870866204398, -0.869919314250059, 1.3818928279694915, [1]
-7.186329062353689, 2.6301875854078984, 1.5382971221364032, [0]
-7.66269262560425, -1.0266779872618186, 1.7513269308737716, [1]
-7.918971497933396, 0.13675620095636987, 1.5753863178112373, [0]
-7.199493073324102, 0.1551672037705183, 2.299923892148118, [1]
-7.688146608278335, -1.856538737758875, 2.2907158237987106, [1]
-7.56053428435361, -0.5984000400222191, 0.9333535749208459, [1]
-7.165310372739457, 2.0909805654798648, 1.7768826357233314, [1]
-7.519821833025971, -0.3906187879067904, 2.7256502434997145, [1]
-7.451998916602833, -0.007293915473614021, 1.9370009754213597, [1]
-7.2103650055815285, -0.22136937351582464, 2.711565764591432, [1]
-7.683748620066879, 0.0147713408637824, 2.0537656667901563, [0]
-7.925517967899582, 2.4481967507291564, 2.701782360495717, [1]
-7.473317666701776, 0.9074026275117106, 2.4296150931101734, [1]
-7.356380886487204, -0.46741872924201333, 1.5952123509959342, [1]
-7.460201776437127, 1.244597647904032, 2.4341308303329443, [1]
-7.655201034737481, 2.363405369371759, 0.8641545690356408, [0]
-7.384698599848601, -0.4990616944285291, 3.3309341469648452, [1]
-7.9625148964595365, 2.6479918792699166, 3.094112589765904, [0]
-7.931049259327662, 3.498606048798862, 1.9540717627535173, [1]
-7.557838225189656, 2.6954927722045428, 2.208710034876643, [1]
-7.4659732460492565, 0.8277664250659107, 2.6366040046563555, [1]
-7.338255746539539, -1.6677492098851505, 2.190789768340914, [0]
-8.110901480876834, 3.337055645474132, 2.1809471544013648, [1]
-7.403663914043413, 1.5001167487643905, 1.8715552787446579, [0]
-7.433221445276166, 0.7757312900922879, 2.732485920429295, [0]
-7.352153450101516, 1.1340739207297548, 1.2235790958008108, [1]
-7.550423649844154, 1.001377881061089, 1.9752760874859656, [1]
-8.437540389644271, 3.390134597358833, -0.05023536481740354, [0]
-7.577204000175321, -0.010828601392555107, 2.683187498901825, [1]
-7.532067985556589, -1.7735437752536303, 0.9071572124460872, [1]
-7.515419326333845, 2.4979155609841106, 1.934235326594, [0]
-7.561570782891628, 2.5315962901559104, 2.140714377811695, [1]
-8.103932941307672, 0.9688825900495837, 2.9115548790140613, [0]
-7.605826933213544, 3.0674788784862246, 2.342453700045145, [1]
-7.321911762146399, -1.67814141475523, 1.7384677697297555, [1]
-7.821540981055957, -0.8108992181125716, 2.021039568092071, [1]
-7.204719727350756, -0.8378980119970764, 2.7297385647290255, [1]
-7.85280844077559, 0.4102707004512647, 2.5760587110588773, [1]
-7.374501243826756, 1.1549384889335625, 1.5889059264295655, [1]
-7.372131196504352, -1.664515381014217, 2.0819957909016416, [1]
-8.045143981445579, -2.7548857810216774, 1.5186919720898073, [0]
-7.3200132216215765, 3.777313684216233, 1.6827645495441554, [0]
-7.419832418424467, 0.13889246972083358, 1.702922477609735, [0]
-7.577570976364899, 4.753432750110152, 2.0617547658293938, [0]
-7.282005246567794, -0.6494499031362783, 1.9817420229045113, [1]
-7.330515580329513, 2.9085240751865222, 2.0061004562063713, [0]
-7.2624973871097005, -2.120732627569549, 1.5265878856464314, [1]
-7.1704633445898605, 0.04345838042499861, 1.7251677840392314, [0]
-7.440150939935667, 5.104204009713745, 1.0072820321763796, [0]
-7.416566722804786, 0.4627219783793296, 3.172632685429044, [0]
-7.964599982158186, -0.45474269500422615, 2.6400840464591298, [1]
-7.709268227277527, 3.777433863056009, 1.395422083855832, [0]
-7.384598330673761, 0.6830292733050536, 2.880771407935652, [0]
-7.634821923991244, 2.0807700075020645, 1.1792958061903849, [0]
-8.282820156054084, -2.385369220819775, 2.0162950800341815, [0]
-7.128554513895138, 0.16956778690231256, 3.7186030767014824, [1]
-7.368024072049548, 0.9359118130614243, 2.84609868805125, [1]
-7.574091975261588, 0.2156308070943893, -1.6719342080590835, [0]
-7.741215642288785, 0.7358468395505128, 1.7290471309989879, [0]
-7.30148846838353, 1.1997443386263944, 1.9745603276681725, [1]
-7.406478913799211, 2.299805660858436, 0.981922615151889, [0]
-7.55637000615122, 0.9003225088298331, 1.648192580126974, [0]
-7.1424407596911745, 1.837163390827586, 2.3590103709267263, [1]
-7.353337169405596, 1.6388565782610756, 1.5818310761425727, [0]
-7.1277512572680575, 1.302067565476843, 2.965449837031512, [0]
-7.268608715971588, -0.2695314747334181, 1.7065662686276004, [0]
-7.492460896648686, 3.9223739913026403, 1.6753833467327954, [1]
-7.300171403091895, 1.4782404667499534, 3.1383260471343926, [0]
-7.579811629231364, -0.5779076839088091, 2.9528044137654197, [1]
-7.2186429858520125, 0.727358349540947, 2.0311557399547637, [1]
-7.380544943675077, 1.7318336111750985, 1.7241426222355412, [0]
-8.016434187754053, 1.888616130270917, 3.068395145306494, [0]
-8.05011518014859, 2.7942427081233108, 2.107175510061821, [0]
-7.995464195584442, 0.053530799752019464, 2.7165433184025263, [1]
-7.370403889578484, 2.4889735308031833, 2.645913323450773, [1]
-7.333487526401157, -1.161754620762939, 1.1414682595515433, [0]
-7.713477755410589, 3.2285937662536814, 1.9205053184686238, [1]
-7.30314826330412, 2.041098772972462, 2.341944487249823, [0]
-7.504914676587413, -0.025527948661498323, 2.855285001871816, [0]
-7.34919515837615, -1.4294309404518728, 3.068972958228029, [0]
-7.5133784564407735, 1.635563097049189, 3.2218069120174393, [0]
-7.365971507575158, -0.7045860201827665, 2.540537710031619, [0]
-7.438713372131943, 0.6095822223776157, 3.7272379881597364, [1]
-7.537416127616718, 0.19420967486854535, 3.4138919779978742, [0]
-7.383648273336873, -0.8109952010738624, 1.932000934752954, [1]
-7.558421165925243, 0.39895934228809105, 1.772987936429701, [0]
-7.5800044366416675, -0.6026867886182952, 1.8069344322173353, [0]
-7.069405421438313, 1.9110052192606104, -0.040105497435177107, [1]
-7.714304715139593, 0.5965600432875349, 2.295731764317888, [0]
-7.245868910638869, 0.5491570794474927, 3.4460953894239976, [1]
-7.281706218985438, -1.8066051915463974, 2.7254808940131867, [1]
-8.643224112696101, 0.8682375046951754, 1.8070855961884977, [0]
-7.7871981982798575, 0.5401856912955969, 1.408251133675453, [1]
-8.015757669341006, -0.41981000727727213, 1.1077683087654449, [1]
-7.604093150145869, -0.11771889698348481, 3.208540868055001, [1]
-7.516968059537502, -0.531373311788057, 3.0945232977181316, [1]
-7.437450782369344, -0.2641563892751767, 1.5310445252386544, [0]
-7.143456727479585, 1.2649686740450656, 1.0033583707807594, [1]
-8.060668899174463, 4.198020288168131, 1.1887404102911432, [0]
-7.531256633696637, -0.29336660877144993, 2.9488793159895597, [1]
-7.298809252808197, 0.018729515136540198, 2.9808245082767355, [0]
-7.210940929890857, 2.426278387104566, -0.6846970030603237, [1]
-7.477644319247666, -0.18650789212578633, 2.040097293592809, [1]
-8.170846293596432, -3.7257089100851726, 0.11585742455632575, [1]
-7.213864393336514, 1.5459536826201767, 2.8144117963517514, [0]
-7.269678984554154, -0.18923633124915695, 2.250619201601421, [0]
-7.371351085493626, 1.504145395889739, 2.188400411108997, [0]
-7.597288574733643, 0.015473401040931756, 3.360229617106258, [1]
-7.70217840039048, 3.2026841809150293, 0.9969205227381162, [0]
-7.819234381679794, 1.1416327940654027, 2.637753651563278, [0]
-7.743601079556858, 0.17488428812606394, 3.1057598642678705, [1]
-7.315119793755654, 3.8234859835879718, 3.0467323610207426, [0]
-7.656371043307012, -0.9342022626623829, 2.141814100589888, [1]
-7.907516837557513, 0.481866738277517, 3.5754467422563034, [0]
-7.651915974658065, -1.3325420250405826, 2.096004071520405, [1]
-7.589429450811307, 1.53975343637911, 1.4840684199315626, [1]
-7.472605347308445, 4.23791671448221, 1.1834399352582814, [0]
-7.40151697395919, 1.6626526817295384, 0.04432282192445425, [1]
-7.5857385969952515, 0.39130662560165574, 2.908639974829444, [1]
-8.031748531383078, -0.5466208165216024, 1.2939022929228066, [0]
-8.859322183713598, 3.626464652953813, 1.695631097284831, [1]
-7.611793577115273, -0.11221533995149058, 2.132194309023893, [0]
-7.7351411509053785, -2.561445413756925, 1.2432337299627865, [0]
-7.6266347031164505, -3.927070306807936, 0.5384088172634283, [0]
-7.657627637586248, 0.47660816971480546, 2.308629895882292, [1]
-7.488432099089157, 2.074978325337859, 1.6037768221546171, [0]
-7.419587551172241, 0.8121942533970934, 2.1421464909397496, [1]
-7.29916119936439, 2.5104889069356773, 0.576387650819548, [1]
-7.671582093346669, 1.954232030093917, 2.329662065104497, [0]
-7.641639159826231, 2.198508410537354, 0.4309869803957247, [0]
-7.697936718587533, 0.07958035982359846, 3.179075063680007, [1]
-7.529972526077486, -0.7090162447604089, 1.7482978159753075, [1]
-8.32547582778359, -0.5914588956468514, 2.497858891200541, [1]
-7.302073989359479, 1.9456856058642622, 2.7099211165784984, [1]
-7.974470679156516, -0.84502012749122, 2.0585921835428027, [1]
-7.933298823364468, 2.265845012902138, 3.0265628160693114, [1]
-7.1432192690821, 2.549171424653289, 3.0477888659779553, [0]
-7.213909509442697, -0.2417575838323196, 3.07759583781929, [0]
-7.292038606827697, 3.3696538965688703, 2.5637021147778483, [1]
-7.481045423744976, 0.8486730592637357, -0.6159655123299319, [0]
-7.398449977208434, 0.823366275585637, 2.5597613979891003, [0]
-7.819566456031642, 2.965315979121569, 0.2861958244723789, [0]
-7.689440868433357, 1.5130324315129433, 2.587120042646763, [0]
-7.656488763220676, 1.1656684092143919, 1.5351307270050332, [1]
-7.72262828689592, 6.619389387528956, -0.6134155828867872, [1]
-7.372712403385692, 5.073174536864789, 1.6032641737603337, [0]
-7.903952209312447, 1.730823529034303, 2.2131297796028147, [0]
-8.148513828038187, 1.3074007958020282, 1.7320753287576114, [0]
-7.150469744668599, 1.294313763342859, 2.1891837257458726, [0]
-7.182545137942674, -1.4325636478244466, 2.364809306358902, [1]
-7.34443421472329, -2.401642442668378, 0.9278565396769083, [1]
-7.851727854261583, 1.1696060360175426, 3.0053437051187912, [0]
-7.224870929270272, 1.1475832215783595, 2.748738566159002, [1]
-7.878983908261856, 2.5789526671196326, 3.2615770875738423, [1]
-7.204753673407069, 0.707490194080605, 2.04158326042238, [0]
-7.503647201700956, 1.0575205182766994, 3.257561699003568, [1]
-7.452953905833885, -1.4363859469652003, 0.2903058669656282, [1]
-7.72675497407546, 0.9090457688855724, 2.3979568619477627, [1]
-7.6243890886065415, 2.6046638268350155, 2.591207867059468, [0]
-7.377739912639982, -4.328568892813894, 1.081472957750331, [0]
-7.563039705505927, -2.3045292868908613, 2.3012792932137147, [0]
-7.381774072463633, 2.3855487953424563, 2.209455433785595, [1]
-7.307374909069999, 0.9549081047506469, 4.087833969464857, [0]
-7.617277576423816, 5.754257696396242, 1.3276149607097618, [1]
-7.179198483690004, -0.057592517493896045, 2.173349696823288, [1]
-7.441744380108437, -0.7935314347421754, 2.2478043263066514, [1]
-8.002441926780769, 0.5016660847040608, 2.308609511876212, [1]
-7.521275258867009, 1.3176801569429357, 2.877856465615757, [1]
-7.3844376908413425, -1.1435366503960487, -0.24573932951947852, [0]
-7.367078617998249, 1.6237678059346954, 3.2461244753642373, [0]
-8.02612220626006, 1.2051848416200368, 2.22120180206241, [0]
-7.149290585399996, 0.5472104814825194, 2.5990069321694462, [0]
-7.495907780514339, -0.25226265857343844, 2.129431565286199, [1]
-7.309698608824998, 1.768372385508782, 2.6427806738931228, [1]
-7.700505997926431, 1.2548800427602171, 2.9892523975844774, [1]
-7.500646260829704, 1.889617018271272, 2.2421714580673933, [0]
-7.365163154377445, -1.302535094003725, 1.8805149452554706, [0]
-7.38969075693351, -1.551446200098771, 2.220427153174885, [1]
-7.154278324070593, 0.43961807337479986, 2.3206116332578426, [0]
-7.98431831859904, 2.6740969739747253, 2.6429675684758345, [1]
-7.240405106659731, 2.674899982995765, 0.37550533804029307, [1]
-7.480438590378854, 1.776330155525962, 3.396782480319139, [0]
-7.4116230720087035, 2.4675621164505075, 2.023412947435109, [1]
-7.4696250743245045, 2.3482291524320726, 2.509249791039122, [0]
-7.373279162214942, 0.20088030349818853, 2.897989307850692, [1]
-7.481093275104739, 6.210188651091752, 1.318296828854327, [1]
-7.2774565809612755, 1.5660378691359282, 3.5676267937275976, [0]
-7.437668815633471, 0.7970134000375051, 1.8295631700309525, [0]
-7.180667438251352, 2.2068731515930047, 2.5151192991040507, [1]
-7.172269781548767, 2.146034630833172, 2.021622497968446, [0]
-7.5578278785394115, 0.7905185789478851, 3.3480959561155506, [1]
-7.3371672649869595, -1.1066606038203237, 1.1667103479965304, [1]
-7.2114685868752995, 0.4006528611835338, 1.4980031759670194, [1]
-7.411853177710675, -0.8969496320620839, 3.662561046680317, [1]
-7.413372689907029, -3.314072443022659, 1.3418819174895484, [1]
-7.199308375722086, 1.882921950773345, 0.3286295643340178, [0]
-7.579292285287691, 3.5663038479762426, 1.5577388129003973, [0]
-7.727483753216165, -2.156263210251183, 1.270858823999707, [0]
-8.2389371001966, 1.0786288159570594, 1.3012513605133598, [0]
-7.330500814470426, 2.2418578913080123, 3.323992315481708, [1]
-7.234559789935259, 0.7346259290589305, 2.0300322017315904, [1]
-7.5980587342989585, -0.795480984571838, 1.9421745177645455, [1]
-7.3284889097889, 2.185706852501151, 2.6235303980695206, [1]
-7.377437484813422, -0.008219870994949918, 3.451217904693866, [1]
-7.441609190309637, -1.2080254528201289, 2.765254283256537, [1]
-7.346828923500362, 0.6596889895348341, 1.1467846734385798, [1]
-8.63717516671824, -0.662181715416361, 2.146270486465924, [1]
-7.596889722482196, 1.5265709180024118, 1.7461411010322752, [0]
-7.47537386548417, 0.17538667762230986, 2.4616847971335214, [1]
-7.602170532370686, 1.1086539038982175, 2.736983271613044, [1]
-7.659988574815389, 1.4679994702275019, 2.699639930185393, [1]
-7.457111212132155, 2.0615028761604144, 1.7493391687861037, [0]
-7.9682631834736295, -0.05006546068462958, 2.1621711671828003, [0]
-7.313022558026425, 1.6711925957441363, 1.6467125291370435, [0]
-8.07761585791706, -2.349648706840992, 2.0699213671219345, [1]
-7.516152111214318, -0.4112207411052602, 1.4464445521110254, [0]
-7.692871516552145, 0.29457840162839055, 2.610600142076728, [1]
-7.396101463373709, -2.3773539326558835, 2.0858077137796895, [0]
-7.385354246905314, 2.0013995200388495, 1.5534658267875008, [0]
-7.344288466928481, 0.6960365274099751, 1.269628542700087, [0]
-7.785654991123571, 0.9561839476931805, 3.021374534900268, [1]
-7.187325561323166, 1.287341042190599, 2.65196705889191, [1]
-8.130457918966348, -6.303973648401409, -0.496745427832039, [1]
-7.425605431364724, -3.255805089044738, 0.7374646434488092, [1]
-7.490728703759989, 1.2595521906403317, 2.983734940298362, [0]
-7.513529816665511, 0.06377406733982127, 2.866565734757928, [1]
-7.735243042289989, 1.4868868235824135, 2.448228218040552, [1]
-7.739665917138611, -2.49190732023515, 2.1032075903262943, [1]
-7.1473544998576894, 1.3933582517555052, 1.6202968488665466, [0]
-7.299677479683487, 2.231507656904699, 2.2056668376605675, [1]
-7.584819596296492, 4.790287678530143, 1.6144142924162554, [1]
-7.678040179917521, -0.8111503716653983, 2.0962317204104934, [1]
-7.440043282498966, -0.3208471805361104, 2.5312527081197462, [0]
-7.339884255613102, -3.155544826132309, 0.4486306355782821, [0]
-7.4914085894316536, 2.125354523085788, 2.1831179909897727, [1]
-7.400696816848715, -0.007315354959766429, 3.2794457291039407, [0]
-7.310492487628408, -0.0857201368662106, 2.705188821874017, [0]
-7.283571583179044, -0.5190866599647855, 1.9492700539295886, [1]
-7.764454904818087, 1.0367118717410584, 2.5780029553406294, [0]
-7.504101502331748, 0.8505198276189125, 2.8542623786619923, [1]
-7.920021057894436, 1.2305707345288237, 1.9096745763703327, [0]
-7.480226537366154, 3.1353406518109175, 2.2026952894930205, [1]
-7.995080507378454, -0.6141941238886781, 0.693617024165665, [1]
-7.683785042339192, 0.03072102649415931, 1.139227756947836, [0]
-7.7343011614924, 0.7059042329992988, 3.2754531724368494, [0]
-8.429973454227735, -0.27340063854607594, 1.2346970162175286, [0]
-7.334257778288659, 1.9448727645373058, 1.802350119417229, [1]
-7.712851327099101, 0.007002788576087715, 2.4219223869088387, [0]
-7.190674488502701, 0.9060157654200935, 0.8747429368533832, [1]
-7.382882242092966, -0.7052421454571447, 2.2741544373395297, [1]
-8.119321989467608, 2.0177251362940547, 1.4863857367684519, [1]
-7.462551775119254, -0.1047398951806966, 2.4281790223642115, [0]
-7.508395869058878, -3.1794123527423404, 1.5205688087730858, [1]
-7.139861185018436, -0.47753238552139554, 1.3560255632335463, [1]
-7.226120861636366, -0.03730535691754022, 2.5411120559952884, [0]
-7.854487480628183, -2.442009217720211, 0.9939478081623093, [1]
-7.59531737499278, -1.2372191325690454, 3.1664618033159133, [0]
-7.773429113719088, -0.06395161259694121, 1.6133674606732944, [1]
-7.746310780910777, -1.883106015085653, 2.1234677112680993, [0]
-7.081387415958502, 1.5426928421159551, 2.012932906819141, [0]
-8.478216098521404, 1.949429994058495, 3.1308739100662613, [1]
-7.423044052685929, 0.9603975239766975, 2.1722501527142333, [0]
-7.201265139953541, 0.882226619060597, 2.713412144285523, [0]
-7.369225787136002, 0.9903287218126275, 2.283102382513059, [1]
-7.3021565324191835, 2.034068320696899, 2.9114166805776613, [1]
-8.13794478932597, 0.2879336822599041, 1.6893624951847213, [0]
-7.305380641116814, 0.18540922257468417, 1.5616366669491952, [0]
-7.179560062740207, 2.0720001190588304, 1.8810483483839013, [0]
-7.401449619266793, 3.051713836991361, 2.6877722650609646, [0]
-7.612394329354712, 5.351585465038257, 0.599684515957633, [1]
-7.23409828205616, 4.038463009264173, 1.8565393472785674, [1]
-8.004846077864386, 1.0763449430123595, 2.764774054307873, [1]
-7.896035219117097, 0.08346928922779728, 3.0125529657408037, [1]
-7.266488342413303, -4.0456229717905625, -0.018144506385079362, [1]
-7.7336196988355645, 5.200531011397655, 1.367128776285906, [0]
-7.2610823865208936, 0.20343595849927132, 3.2750461050137614, [1]
-7.757304954420849, -0.09907557220957042, 2.2310039793267795, [1]
-7.488893726054915, -1.1037256105360225, 2.7866322994523407, [0]
-7.737477877187585, 2.3188175486768285, 2.404915970642614, [1]
-7.094306809548511, 4.550109841441945, 1.2432236139819426, [1]
-7.350291067141094, 2.272315221330971, 1.5645727985472095, [0]
-7.338897529925292, 2.29848054326395, 2.320914586184088, [1]
-7.288559806532084, 1.6964568238943387, 2.945109252732909, [0]
-7.335257260391131, -1.054097604828027, 3.0510805692392333, [0]
-7.654320767867598, 1.606071966936742, 3.3968754188717876, [1]
-7.5579129947479045, -0.41873197935732565, 1.3304626652143605, [0]
-8.440709971270795, -0.5414754387531855, 2.282911840025442, [0]
-7.348718215386035, -1.6817146960727465, -0.10411187234688146, [1]
-7.337924060405734, 3.461297774687057, 1.9143599359962038, [1]
-7.705792360870421, 0.08976846021306917, 2.6959601688433557, [0]
-7.072216327513392, 1.0417308193973573, 1.9630525805631904, [1]
-7.210847171070779, 4.454718228365404, 1.2324586880649437, [1]
-7.571579414185401, -2.0957964397735678, 1.1910109792189418, [1]
-7.142967239534683, -1.117349657943596, 2.0616387501984006, [1]
-7.196347621616189, 0.753624303526325, 1.9951395352294181, [0]
-7.520617043887232, 1.6359596529731464, 1.990816581798066, [1]
-7.603265906226413, 2.5703435207164844, 2.2577794307598342, [0]
-8.00809563676252, -0.9330375975993772, 2.357443814182715, [1]
-8.065159301346844, 1.7513459996932694, 2.681156315643518, [0]
-8.054776080279336, -1.9415772000837768, 3.100488926024663, [0]
-7.596597892952019, -1.375914482084499, 1.9498251019599149, [1]
-7.4441054610292925, 0.9946867777806213, 1.6708418523680242, [1]
-7.2537617232373, 0.3736521453194097, 3.5868865390919042, [0]
-7.720638795392494, -1.666917178045942, 1.401816560374062, [0]
-7.617291596113082, 0.5503079837875589, 3.0997144284360143, [0]
-7.462733053495381, 0.2794484768789261, 1.9364597260151268, [0]
-7.087437916935321, 0.019971157592697075, 2.7506918661095177, [0]
-7.3517654341394065, 2.086098006357593, 3.4852007475085456, [0]
-7.319138003677822, 2.577440924102046, 2.270974622464573, [1]
-7.781819330624789, 0.5349354812194922, 2.4066834868896114, [0]
-8.063687133344384, 0.8569076117980816, 1.8191768001623474, [0]
-7.702789155685531, -0.5799741496994857, 1.5621173031550606, [1]
-7.9080672309899525, 1.8742924678515782, 1.8217650504057743, [0]
-7.495129750055694, 0.48001462038000753, 1.7654037359730643, [0]
-7.3432163755285735, 2.5751828763316054, 1.8967694915123885, [0]
-7.736819456048902, 1.1279372075312266, 0.8181662972448103, [1]
-7.257470838003897, 2.8496645875135345, 2.393542904157135, [1]
-7.632931584758021, 1.0059994063557895, 1.903410290254262, [0]
-7.267158445807253, -1.9307783637690585, 2.014401223182739, [0]
-7.752507581678287, 2.192337374349417, 2.7040010860054675, [1]
-7.913408393687576, 6.490624962843359, 1.212686036342142, [0]
-7.644864449838822, 2.4424194255969494, 2.6759307750905648, [1]
-7.1009638107081985, -0.3091659803828767, 0.7602543353782011, [0]
-7.53161630008086, -0.8010560542011027, 1.2163085213338756, [0]
-7.710169155064832, -1.645565178128193, 1.3779424772358244, [0]
-7.663310265403719, 1.0957097826856201, 2.1685989974748225, [1]
-7.283416033835924, 1.5337171223642625, 1.2671792149106578, [0]
-7.544555432608799, 0.49517228032148186, 1.5348959431883114, [0]
-7.218499253136066, -1.0584973571197507, 2.134009667768223, [0]
-7.257086487533529, 0.6821680174763491, 3.0253597306570956, [0]
-7.211100946201319, 0.12731955833988018, 2.0045770764508886, [1]
-7.780460272423884, -2.327470860287944, 2.9626495138772997, [0]
-7.199587088462088, 0.36953697746181047, 2.8038540919096016, [1]
-8.082402423945426, 2.3135443541775227, 2.7165665874824745, [0]
-7.5993891954828925, 0.06567363792990832, 1.7462515277093906, [1]
-7.418821449989201, -0.09821973468432432, 1.5812165747260156, [0]
-7.360245194743489, 1.600043890401984, 1.3311815648884002, [0]
-7.397724866005325, -0.13400773497519858, 1.7023029988252325, [0]
-7.862875157804129, -0.22449629324847575, 1.1083932586548224, [0]
-8.006126747890576, 3.0015451924089755, 1.6640177755719496, [1]
-7.274439664551695, 1.8481496382820541, 2.143549221271055, [0]
-7.859277466470914, 0.30440845587555654, 2.8461872117375147, [0]
-7.3968266993777965, -0.5470888478037153, 2.357440626786538, [0]
-7.433645051486197, 1.129332858885435, 2.103115813490711, [1]
-7.789634445228596, -2.0354787228659523, 1.9484145903099708, [0]
-7.315314647229305, -1.3483879558729033, 2.0123833827566995, [0]
-7.501110148931611, 0.9824176834649989, 1.9675959512051884, [0]
-7.259295441646448, 1.3196615844707573, 3.586033074686754, [0]
-7.198962084359016, -4.088438558460182, 1.1731976688458405, [1]
-7.473911349893708, 2.3933901954248538, 2.316163726800186, [0]
-7.570539705308624, 2.94646336966361, -1.1090964401419445, [1]
-7.665468521718889, 0.30363453758645464, 2.8031388602753653, [0]
-7.0898243880643905, 2.7420630348528237, 1.1397936136072442, [1]
-7.140187448727411, 1.9934169445471261, 2.325720949577598, [1]
-7.376993682265834, 4.452153750947909, 1.9013510528106239, [0]
-7.498293177383335, 0.3909962465392638, 2.3094830088524994, [0]
-7.459759278674747, 0.4642791488240579, 2.2918005851354004, [1]
-7.326210129314353, 2.421164111301769, 1.7421860705060197, [1]
-7.439668556621415, 0.5374435072798003, 1.706518438881992, [0]
-7.679008225926621, -1.651850285371955, 0.219101496832399, [0]
-7.1865736993428095, 0.9558314799227023, 2.2383284144302027, [0]
-7.788700295198801, -1.476005093274077, 1.597834644226413, [1]
-7.5152545718436885, -1.0030990352581837, 2.979531500025924, [0]
-8.076186462207767, 3.1610306183093106, 2.1677567349888456, [0]
-7.711767283906658, 0.8439205106398722, 2.956648218399473, [0]
-7.301933474880038, 0.4818158657916436, 1.024635893103192, [0]
-7.502730769918606, -1.7178675785918163, 1.9062945430332014, [1]
-7.607704846012485, 1.6798816938829186, 1.1363140566300807, [1]
-7.564977464591519, -0.5308265233275253, 3.7888880419523088, [0]
-7.713203012784432, 2.3678048750259193, 2.0423136288774297, [1]
-7.493976513281221, -0.8632224001790418, 2.8660821175366045, [0]
-7.818745663737304, 1.4953537271314592, 3.6776187320612683, [0]
-7.358474863108765, 1.5905877894443026, 2.533289713780757, [0]
-7.237540196550283, -0.4947622187419671, 1.948615869098256, [1]
-7.894199339481894, -2.257180592762826, 3.173793313484215, [1]
-7.4581904581303435, 0.14088139203868533, 2.9142890907069074, [0]
-7.449470627659951, -0.23422679732422425, 2.485889915733015, [1]
-7.698985725792057, 2.7601676697538604, 2.4409696024447998, [1]
-7.3569886904057995, 2.813773833206139, 1.7133238244656317, [0]
-7.280177034500254, 0.5682818552468007, 1.8143081557612595, [0]
-8.026028245441127, -1.027208213582417, 0.32961851655521324, [0]
-7.422573275016218, 0.8273656448723509, 3.275739809921314, [1]
-7.341928243733767, -0.3401029861266096, 1.8316218313239863, [0]
-7.455046155822634, 0.6910448246945202, 2.8226911466557354, [1]
-7.462934430271012, 2.2821549186081382, 2.1914904609506984, [1]
-7.588211202197309, 2.7630788092401235, 0.47948667057983263, [0]
-7.571109426977969, 0.658324590714551, 1.4259949057803032, [0]
-7.437211060735398, -2.720489885520329, 1.5422793335679543, [1]
-7.465396313671178, 0.7752657123234166, 2.7866964589092307, [0]
-7.268259145291487, -0.15477445524890832, 2.8490338137015683, [0]
-7.689158517694083, 4.200200876825928, 1.6117037811230341, [1]
-7.249574559267208, 1.421024544161968, 2.6704441920370083, [0]
-7.392035641145165, 2.822730750837726, 3.7324755518681503, [0]
-7.896802973808296, -2.446769211098564, 1.2134183363569377, [1]
-7.76661222390845, 0.12018497183021637, 1.2451223255060988, [0]
-7.510204080908644, 0.9041625904277747, 1.411547660987265, [1]
-7.827616442404858, 0.5931025271916561, 1.9979797350560244, [1]
-7.604696286520357, -2.1233944648848553, 2.2994303304387165, [0]
-7.47088563643136, 3.605321464963296, 1.7516291270101085, [1]
-7.670851869402435, 3.621024327255313, 1.4346218379646853, [0]
-7.342301669827404, 0.853677856373823, 2.9289138910763395, [1]
-7.44559452873078, -0.6482475722634662, 1.7962619727167985, [1]
-7.2016060987922055, 0.7447810061009479, 2.001758800115946, [1]
-7.3534341773330985, 2.1415828345781183, 1.5163937203931614, [0]
-7.734999575796136, 0.6062845077072043, 3.1645605296914696, [0]
-7.558201737677153, -0.36997867345029545, 2.4495814184390645, [1]
-7.055015710984378, 0.53410642652993, 2.0725761788612, [0]
-7.406220358433668, 3.552701238590926, 1.4820638655521658, [0]
-7.937280757868987, -1.1915599664697485, -0.9848773607680363, [0]
-7.832610086553482, 4.2290975412020035, 1.5356137123247595, [1]
-7.107160103577282, -0.390340788506506, 1.517743235820302, [0]
-7.549285344469173, -0.3330138774263287, 1.6217854668147345, [1]
-7.531456218733664, 2.654653798339748, 2.566699334977165, [0]
-7.216381357518002, 4.96198438000074, 2.0158239576884625, [0]
-7.520818201714019, 2.4417433138209033, 1.8726247934184876, [0]
-7.437755543314466, 1.6041300560060954, 2.909604982913343, [1]
-7.7605989745297785, -0.9195965688494476, 2.754659648934818, [1]
-7.474995405033245, 1.283952647542379, 2.0240880250052355, [0]
-7.771702677246206, 2.0093015280382476, 1.316054704753471, [0]
-8.316751263005083, 3.6248604317787034, 2.5261562258975, [0]
-7.759077420389413, 1.3318507899458731, 2.103541402592568, [1]
-7.345238396006801, 0.4587512157397241, 1.8818354620708835, [0]
-7.691934337906626, -1.446828784899658, 2.7579643865593075, [1]
-7.822777696442568, 0.4841733904175034, 1.1155969650632644, [1]
-7.766550721116316, -1.4649783037257498, 2.380458098203197, [0]
-7.532199725981679, -1.0490952404908622, 1.932241618646048, [0]
-7.139939440686321, 0.5873654888157109, 0.6870675107751198, [1]
-7.397105545826797, 4.406465970626794, -0.07340415736029862, [1]
-7.241703832471492, -1.1587183065753306, 1.4789057891072253, [1]
-7.444348906693013, 1.3679985111898518, 1.176943225687165, [1]
-7.777501903895084, 2.0825168130793905, 2.6640991060522983, [1]
-7.212152839154042, 3.137236245128784, 0.9283248616523407, [0]
-7.298761904970239, 0.7914318347471213, 1.9797728192751154, [1]
-7.814532219821166, -2.5945739292744983, 2.119038026281295, [0]
-8.070908765121532, 2.4674996784099097, 2.4587403618160737, [1]
-7.892843688837148, -0.9921980336580647, 2.2921983903292333, [1]
-7.304546973237187, -0.6114446435651839, 0.3489907280778912, [0]
-7.877331852047353, 0.6675828299824169, 1.9172375273948108, [0]
-7.4391276215080495, 1.2832067082329486, 3.1160727792494, [0]
-7.1877188764828635, 2.50952351866467, 2.6446042348969745, [1]
-7.1763190960941, 1.775648570918555, 2.51029965656411, [1]
-7.363167653592015, 0.2873355671748252, 2.988654448017405, [1]
-7.389302868236682, -1.0004493164168793, 2.936766276215335, [1]
-7.4940830247426335, 0.32467296550482616, 2.2137283191513397, [0]
-7.382128766999716, 0.6463103269776034, -0.009244739244960831, [1]
-8.068978593204614, -1.944446070813752, 0.9368391356950773, [1]
-7.401337399439982, 1.858566765274413, 1.6385579488479454, [1]
-7.207892137431466, 0.5842045420809059, 0.9933754160801909, [1]
-7.1598432358091655, 1.2327946038577993, 2.7297804965973675, [1]
-7.776675664611544, 2.99546059431481, 1.9748217883356798, [1]
-7.304869107277614, 2.0716002692390854, 3.128286837926662, [0]
-7.1762967533385345, 1.1221312212087535, 1.2440489144355347, [1]
-7.669039034574562, -1.5204533132112268, 2.2826266205193666, [1]
-8.024195068702195, -0.9614975081470503, 1.5862420226609881, [0]
-7.908017361311456, 0.16229703014126273, 2.890264827827863, [1]
-7.392036846230845, 1.7719561510891204, 2.038635044766208, [0]
-7.246874981309506, 2.3315665211108567, 0.7784197218441633, [0]
-7.437287434763825, 2.05268417281334, 1.9099310047039, [1]
-7.753721492409027, -2.3385514795648925, 2.043606603250893, [0]
-7.314200490262971, -0.22877232136403947, 3.1788780543507675, [0]
-7.377661324510563, 1.7169322159675964, 2.6177956979834214, [1]
-7.896665049409585, -2.292873555364724, 1.9132849822732025, [1]
-7.782496616450157, 0.9311880805603208, 1.8092990878903308, [1]
-7.233312688153003, 1.65992433987967, 1.9787075540354067, [0]
-7.344613792547444, -1.3443615808071785, 2.5305925503963937, [0]
-7.523223748092018, 4.263732897505907, 2.2422470500505454, [0]
-7.5327752997367465, 2.8821670273096958, 0.07061077697206097, [1]
-7.211813537172373, 2.099192289796134, 2.519526626155059, [1]
-7.366888492432038, 0.5560222433117443, 2.3599884128415387, [0]
-7.826770128563703, 3.904242168527653, 0.9212428349750159, [0]
-7.4099609890405205, 0.4034754588130456, 0.8022072444885379, [1]
-7.5119180711230955, -0.3763336933260526, 1.7013494065931454, [0]
-7.483347989703736, 4.4788208455736545, 1.970128601682985, [1]
-7.84841522129415, 0.815714964567144, 3.8262927475527255, [0]
-7.275965886050621, 1.3353886727760453, 1.049306738129712, [1]
-8.209183298920816, -2.794215739174232, 2.1590353127141935, [1]
-7.648696731642952, 1.3994746529275535, 0.11756521315044632, [0]
-7.351644765723903, 2.0446897286447427, 1.241921609308449, [0]
-7.563465213443281, 0.2699116279413434, 3.002369078803706, [1]
-7.530750670304772, 8.179038334480415E-4, 2.637769716264557, [1]
-7.496950205845399, -4.2968530535755365, 0.6317255761190267, [1]
-7.403108643588454, -0.4408423679673641, 2.522601788196634, [1]
-7.189821359623075, 1.5336778272590386, 2.5055348225658425, [0]
-7.479957500371298, 2.1802093553821216, 3.299786381610285, [1]
-7.606030523968717, -0.7354319983559734, 2.3645456390952995, [1]
-7.465077029134787, 1.9349729147644095, 2.5314269773923233, [1]
-7.756602722153113, 2.338670805871504, 2.1151501565238258, [0]
-8.012976756836661, 0.7249136969897163, 2.5465200831656696, [0]
-7.371353641746056, 0.14430410981673858, 2.8981461766077095, [0]
-7.5272462439901915, 1.7063707317514063, 0.8445135864245836, [1]
-8.48270987898076, 2.551057832408012, 2.426500518395839, [1]
-7.287043023700733, 0.6069865543622868, 1.6787974840213282, [0]
-7.1981128689359934, 0.12622449011381098, 2.424677035883864, [0]
-7.45915229537194, -1.4522878141720454, 1.124469001545962, [0]
-7.454172533660196, -1.1630689376610102, 1.072061492770927, [1]
-7.533529775763355, 0.48968076026423524, 2.688268779825708, [0]
-7.1827603517703364, 1.2936342503568092, 1.7947173569444117, [0]
-7.285466136712268, 0.07857569365669947, 1.6762266030200492, [1]
-7.932089783274737, 2.5957435370298936, 0.8527039903207285, [1]
-7.430345502691028, -0.23760176918398423, 1.2847863978360952, [0]
-7.703048771987429, -0.8216788093067264, 1.0110877420237396, [0]
-7.480013979959464, 0.991684781919794, 2.885617799485846, [0]
-7.72046189333284, -0.3440315338803166, 2.1482584720149647, [1]
-7.435291593310547, 0.6782717240122731, 2.9706459153119376, [0]
-7.88175470533266, 1.6731412871583111, 2.929939135414359, [1]
-7.163411414653191, 0.8401885997401903, 2.24398424640275, [0]
-7.570888282375447, -0.08705006003318849, 1.4267576593518296, [1]
-7.473891199058955, 1.9578852689742545, 2.1423679405015896, [1]
-7.154323827040367, -1.1946554566650436, 2.1482933088538956, [0]
-7.374849941751393, -0.3552324497076218, 2.4274597257130877, [0]
-7.524097329290857, 0.47429419610697443, 0.5109021724500091, [0]
-7.186873509197328, 0.3042400444128425, 2.2570223001038103, [0]
-8.821384676586243, -1.3834129658837162, 3.4849418730300683, [1]
-7.3320605530108125, 0.6848687076945436, 1.378335223200123, [0]
-7.511895568863321, 0.6742522452734407, 2.435056515387061, [1]
-7.309566017677404, 1.663293487480088, 2.063242470200662, [0]
-7.419023709135, 2.8745235387056187, 1.3637675646124365, [0]
-7.585278666825353, 2.072288751069168, 2.613526652243032, [1]
-7.145917419519122, 0.31120782500370314, 2.8552447448565466, [1]
-7.632423789275658, 0.8508448682411731, 1.9094348961540697, [1]
-7.458330714628315, 0.8096328430303872, 2.5478851637115603, [1]
-7.138417700818998, -3.690225959837081, 1.7731798053141994, [0]
-7.269411034923275, 1.3802737861838525, 1.3352937532282503, [1]
-7.573450984946908, 0.39191819026823005, 0.3679187324499808, [1]
-7.517496361352326, 3.715956474639669, 1.836556225613103, [0]
-7.532452826270293, 1.636559380229782, 2.4592505836034526, [0]
-8.061966119191922, 0.07362244538437235, 3.169331659598779, [0]
-7.330648322024815, 2.962125544798051, 2.8550262908791977, [1]
-7.444717469998069, 1.0512042645923947, 1.317954913181013, [1]
-7.619964279236913, 0.7420396870424903, 0.5683442470106592, [0]
-7.488783280458157, -0.973816211175083, 1.3557979652193235, [0]
-7.5697794771503615, -0.5362647719898528, 1.3177356537083134, [1]
-8.137229866185255, 2.3597412516513736, 3.6276184245743783, [0]
-7.486070354617947, 1.2146795148541205, 1.9126967968948119, [1]
-7.650295641579523, 0.7109542840551446, 3.1876136771312655, [0]
-7.192453192836728, 4.003114447768837, 0.8768382996440418, [0]
-7.139613667911573, 0.9028734307609616, 1.3627167530144466, [1]
-7.434419510888568, 2.656842042858966, 2.108320073681824, [1]
-7.640762171614418, 2.510731931826942, 1.8062141663301587, [0]
-7.2154333484395385, 0.5743792997328709, 2.0891352947331105, [1]
-7.320889778940225, -1.6575791951085463, 0.2278279770740843, [1]
-7.607596081640961, -0.4070689715644, 2.0465251508321822, [0]
-7.360260079007518, 2.990485169205867, 2.2788396597026894, [0]
-7.298722528588049, -0.5238574912351752, 2.325391599691642, [0]
-7.400739620703412, 1.1711455380309357, 2.1638430430105258, [1]
-7.54313628915455, 2.55272606517834, 3.209906056917803, [0]
-7.8396447541773115, 1.9816992239909186, 1.86085943459747, [0]
-7.503493641855184, -0.00958124152072437, 2.7301153587945413, [0]
-8.236493670592347, -0.26851595285068575, 3.743276447761579, [0]
-7.511669286876618, -0.5668416191031646, 2.8560786575416346, [1]
-7.579854335926767, 0.5791322338305145, 2.1042332869029527, [0]
-7.837425185022491, 0.7284426050788233, 2.1061867551689755, [1]
-7.358735157083403, 0.6349641061367857, 2.6742801795697866, [1]
-7.991906628285223, -0.4360869276578463, 1.7322979573495676, [0]
-7.67370106977281, 2.7311791834286656, 2.0034135660876866, [1]
-7.985962582362608, 2.557272218722051, 3.5276388324779813, [0]
-7.246099665691211, 2.5846399159392432, 1.851494405179382, [1]
-7.278627493400122, 3.8070399939724995, 1.6972625553883518, [1]
-7.14732096975421, -0.023639496789326864, 2.523720634089256, [1]
-7.169960873918301, 2.1705525917502517, 2.802988656010876, [1]
-7.204749648811872, 3.002658271905266, 2.1661688010677977, [1]
-7.40122015142684, -1.0654997824673127, -0.2276928211847144, [1]
-7.669173372493543, 0.41242382391100846, -1.7758946514180916, [0]
-7.771976476603775, 2.481595044733244, 2.1660425374768657, [1]
-7.888731091946487, -0.35655555665922156, 2.843347048302646, [0]
-7.4667382667316655, -1.3050295708453108, 2.133738137145341, [0]
-7.3698886199078215, 0.8177041049169717, 1.6856295429738584, [0]
-7.56393756804021, -1.647554010452808, 2.0820878916227827, [1]
-7.67166744290566, 1.7450846054308418, 0.9317435649811807, [1]
-7.308958266904132, 0.1739534561155992, 2.740337470817173, [1]
-7.589161279463257, 0.52181096865676, -0.6089173634360552, [1]
-7.058341517246841, 2.9448350953722655, 2.443807940145655, [1]
-7.305215959244816, 2.6455081131635727, 3.3968320788248594, [0]
-7.1836002945794535, 5.152928463365428, 0.8112209504942449, [0]
-7.3439512484577, -0.4457818173140333, 2.7875222446383114, [1]
-7.197521469992373, -1.2970922527656992, 1.1538554834980368, [1]
-7.513149539130502, -1.939794672338062, 1.3005623296319901, [1]
-7.350658066680927, 0.4695422358493533, 1.1242815642303017, [0]
-7.406694480708447, -1.511521802259074, 2.924456496137631, [0]
-7.299002965341224, 0.2843265224785618, 1.5712525713701324, [1]
-7.191115316100266, -0.10645803677733606, 1.929116850514832, [1]
-7.525875271894738, 0.9703854375296547, 0.2798262506093212, [1]
-7.769509748928509, -0.5449339793152825, 3.2636251796030664, [0]
-7.801388902028674, -3.142094000685584, 0.4496536314048731, [1]
-7.536171538040094, 1.4394467081406699, 2.985720810804313, [0]
-7.392554137043377, 2.636602211164197, 2.9258566720071166, [1]
-7.93616648656616, 1.053060188758073, 1.9480723624559508, [0]
-7.8137355076757675, 1.2112397561998127, 3.2580259972488435, [0]
-7.822893515636238, -2.426470104312477, 1.3107782748990409, [1]
-7.208761489669329, -2.4803552062546173, 1.6407112926095178, [0]
-7.402965276749133, 1.2512136310324014, 3.1871152745086664, [0]
-7.61206104562378, 1.306127530109915, 1.7151737275843324, [1]
-7.263326171442358, 1.5441879312428843, 1.3975626570037247, [1]
-7.844821242887753, 5.094551854502822, 2.015833913247371, [1]
-7.471921994364203, 2.6621414821247287, 2.8850310388809675, [0]
-7.5694808129325155, 2.6020992989946725, 2.4759482625089655, [1]
-7.394168660199514, -2.1863955924917877, 2.78962646770466, [1]
-7.484441008730034, 0.3563675434142226, 2.8374225123202383, [1]
-7.31937685751252, 2.693995091286819, 2.661459930363219, [0]
-8.142984321719513, -0.673979573874777, 1.5981699695785752, [0]
-7.611323742554888, -0.887459900671445, 3.0148398246827384, [1]
-7.549141072401893, 0.7750009293682993, 1.599460995913083, [1]
-7.559313095100001, -1.6102703830517688, 1.4874767787571261, [1]
-7.506348502616476, -3.0472222203679133, 0.7356256036914781, [1]
-7.79053336200675, 0.6789501220981511, 2.8321461168092537, [1]
-7.217577301718227, -3.6036224158230654, 1.0962548928354388, [1]
-7.540346865228697, 3.728251724979822, 2.190608327016968, [0]
-7.2391782184048115, 1.6877310385943525, 2.4129240374968672, [1]
-7.4402409796656555, 2.98471970335598, 2.6463912405487457, [0]
-7.337587993669035, -1.072233506188115, 2.2728207345600775, [0]
-7.669938449906321, 1.6007621468145738, 2.8175106430292507, [0]
-7.170041507539368, -4.115536663481722, 2.1063516906139044, [1]
-7.346073412270225, 1.836805117551274, 1.471604997642422, [1]
-7.6420837285517615, 1.2878520992401965, 1.5082799965489513, [0]
-7.269759810636947, 2.4095838816547803, 2.0871006169238155, [1]
-7.239119920901874, 4.944436903951866, 1.0546181512795954, [1]
-8.10936276846002, -1.518551519225301, 2.6059661217804204, [1]
-7.317043535024448, 2.9247316329682667, 2.2634501136526315, [1]
-7.292074440277783, 2.5029367887326637, 0.025099885235100317, [0]
-7.649317674427452, 2.035671064336117, 2.680388220943331, [1]
-7.791817241818072, -0.0167861890835046, 3.549553069350764, [0]
-7.498813248140083, 1.0769007161245432, 2.6472322913586592, [0]
-8.07497566078816, -3.516375186991799, 1.095871823144404, [0]
-7.483574509557803, 0.3697349031549625, 3.2097219864662856, [1]
-7.535189698895921, 2.798185906130046, 3.1450798795852815, [1]
-7.4232051484100285, 1.832797942112396, 2.7028023134575485, [0]
-7.120469669694571, 0.08304866836580915, 1.463018890057563, [0]
-7.471822645322297, -2.477119798543833, 0.5251512693361429, [0]
-7.800353718299051, 1.4092493268853419, 1.590941307418191, [0]
-7.689291442638078, -1.0119109896449086, 3.6310280007037803, [0]
-7.524295946555516, 0.536592284318652, 2.3151861805566876, [1]
-8.352004411227943, 3.6675815727415664, 2.8173847366689153, [1]
-7.647271894386621, 0.31548137268152054, 1.9511332974038673, [0]
-7.8746612164609955, -1.8015277173988329, 2.6811695428258875, [1]
-7.370985658606315, 0.2625923493157205, 2.2576561335141507, [1]
-6.991205192138122, -1.5533852198426883, 2.02670077190236, [1]
-7.649857049020859, 2.0650663335585366, 2.1112395020675043, [0]
-7.487490495060793, 3.087905507461209, 2.351812037250991, [0]
-7.5281483778743485, -0.3317691933964291, 3.0421801935105726, [1]
-7.172396696942641, -1.9899888541777102, 1.950801325672722, [1]
-7.232248070772019, -0.21930431427652952, 3.155822607049009, [0]
-7.229491761203861, -0.6509943905321519, 1.9649218697508992, [1]
-7.618906238874973, 0.8134754371094415, 3.151996425788841, [1]
-7.5240506860822425, -2.4195382559582885, 2.3277452802749057, [1]
-7.8089716996007, -0.9623744901651663, 0.9942234381544309, [1]
-7.663223754532481, -0.9921527959579586, 3.359187392484495, [0]
-7.314581910372431, 0.7903302695225322, 2.1550152806192844, [0]
-7.345104893540183, 2.2311559079773247, 2.3866024386309634, [1]
-7.2269325327735014, 1.228380189334022, 3.203908722063264, [1]
-7.302831857175431, 0.11157359617361762, 0.5440745237277256, [0]
-7.593982085463869, 0.5027698828076868, 2.363976664995466, [0]
-7.344016319223036, 0.989432245758506, 2.129280968352703, [0]
-7.059593357102758, 0.7519442088307355, 0.4742132438208715, [0]
-7.326058791981128, 1.439574278874049, 2.0824498074389632, [1]
-7.815978152983897, 3.1214018286845784, 2.837330633393707, [1]
-7.197040856281872, 0.11987399894986583, 2.661156333864529, [1]
-7.625473805717469, 4.039515837184732, 1.669988088954709, [1]
-7.631316911445455, -0.639875941170213, 2.7608099009031397, [1]
-7.189295485674645, -1.1773734247996173, 2.0325095265123627, [1]
-7.634795984543371, -1.05641862299358, 2.8861227386684347, [0]
-7.698063205662268, 3.2359865090648983, 1.8528009692202674, [1]
-7.55147518022395, 1.5783428218756739, 2.2460890985653985, [0]
-7.323590715298342, 2.831108299564054, 0.555899180783511, [1]
-7.385236565065022, 0.2235742556598792, 1.613245968294355, [0]
-7.601648292894744, 0.9160324786598362, 1.8151037595839568, [0]
-8.255162964054662, -1.2644746117465049, 1.6594322254860845, [1]
-7.491398638078372, 3.498950278046646, 1.484378168043879, [1]
-7.605010114860822, -0.9190908983598174, 1.3763202050146528, [0]
-7.3230955347142395, 2.015046114910609, 1.7251571739896896, [1]
-7.767364190985338, -0.7378152440743954, 2.303430179162555, [1]
-8.546290531601638, 3.8489699949420366, 1.791007884470226, [0]
-7.3967564143132085, -1.2937547365819828, 1.6701462733448007, [1]
-7.480132823565167, -2.119921001581661, 2.5704452317733546, [0]
-7.253207780665044, 0.13134971957897856, 2.56128458088871, [1]
-7.248689965453331, 0.38433864571090925, 2.7187826928258625, [0]
-8.06266214627585, 3.2043128291578578, 2.648659311097056, [1]
-7.282531996601313, -0.4221326419594891, 2.3905199500522243, [0]
-7.132573554702121, -0.363680689047746, 2.1523290559734445, [0]
-7.8144507162139325, -1.8634328287648803, 1.8705829457428051, [0]
-7.149168374470185, 4.243181500135599, 1.6768464405343333, [1]
-7.817834243008103, 0.21535256582057327, 2.3787566615242532, [0]
-7.417312351309142, 2.89735511024293, 1.947414381027415, [0]
-7.476537178053069, -0.46366032363665166, 2.688468430317662, [0]
-7.027648065490939, -0.15182461336812647, 1.1167799149880482, [1]
-7.549024113380386, 2.054018640176156, 2.845554294187285, [1]
-7.3479172643129145, 3.4730316761431315, 2.209106992439192, [0]
-7.396120060414459, 0.7284384674909054, 3.0855042685482585, [0]
-7.207595993189395, -0.2708831154023985, 2.7817373472050653, [1]
-7.659033784243623, -0.4296457295948253, 1.9112179297923486, [0]
-7.286782675866271, -1.4620064708706848, 2.3590824449396917, [1]
-7.581155035100605, 1.0373577345545728, 2.9597366619197594, [1]
-7.35733983584478, 0.5765028949422408, 1.8322651489607358, [0]
-7.273797086113951, 3.031308485526597, 0.7352520090572913, [1]
-7.611335990358465, 2.0984019033991372, 1.403699933413916, [1]
-7.358729366561701, -0.5970699079457, 2.87837687775839, [1]
-7.2190699282884285, -0.5201043741455278, 3.317316540183015, [1]
-7.386181497454669, 0.9495167622532585, 1.1897246566222868, [0]
-7.27513935495577, 3.160105344589616, 1.757467760437403, [0]
-7.637631468654559, -0.4751772233298448, 2.2247338516510142, [0]
-7.649786368106642, 1.8068874862599156, 3.5347419463821854, [1]
-7.718605055782505, -0.6003015253415027, 2.000995080256826, [0]
-7.721504030602782, 0.7680581388006853, 3.502279437750781, [1]
-7.185922476886205, 2.570362296777184, 1.4393109433737206, [1]
-7.305270781286797, 0.6752444177938368, 2.3639365346433188, [0]
-7.266411853495692, 2.76054113560483, 2.8291617560431517, [1]
-7.3510280129436145, -3.149929652625582, 2.2302248946783347, [0]
-8.566672406834527, 4.263890390127293, 2.0204726430107436, [1]
-7.235836517930629, -0.06687447949362868, 2.0053052106694036, [1]
-7.333038620542197, 1.4184792961411852, 2.890546431628308, [1]
-7.253378783712581, 2.510945841344336, 1.6448034605634356, [1]
-7.713310002871703, 0.5095659444658929, 2.4113334105994277, [0]
-8.312862623986964, -2.1078346971564272, 2.678057961887607, [0]
-7.333131523768539, 0.30466664998892123, 2.347279526543643, [0]
-7.859582682821576, 1.0733145074113652, 2.5083186020648265, [1]
-7.274579048996963, -1.2519138487096058, 1.9189072190880347, [0]
-7.307215088189393, 1.3409535970687667, 3.586325392732867, [0]
-7.438834433449737, 3.185487207420357, 1.8788584187264434, [0]
-7.145119455248499, 6.7549840678326, 1.0501747549341276, [0]
-8.461697612078284, 1.2941181566903883, 2.586866942537076, [1]
-7.340073702538, 0.20170782130776388, 1.6302354825991243, [1]
-7.604592055501117, 2.101746567031604, 2.228783824778194, [1]
-7.3749753425784155, -0.49616677491743744, 1.933796401212362, [1]
-8.508157034694543, -5.629154149479679, 1.7191432068684753, [0]
-7.361630547761338, 1.061161532980623, 1.4489882266211311, [1]
-7.6440771828848115, -3.9662772716893557, 1.815228688244971, [0]
-7.605938843773644, 4.0138724517628175, 1.8265609982070998, [0]
-7.610625611718148, 1.3468416706586837, 1.3506066663021128, [1]
-7.369863668965746, 0.9435626130495613, 3.2328290095327326, [1]
-7.325388630573988, 0.2863162423406711, 1.8660023248104787, [1]
-7.876398810951067, -3.061953198007567, 1.4978368176520003, [1]
-7.157393710397348, -0.8279645873444348, 1.8251789814557464, [0]
-7.4249349183303845, -2.6231431801309824, 1.1329040524692182, [0]
-7.266749789755933, 0.2736503944531542, 1.8688240468598822, [1]
-8.236562790790295, 0.07892502907694032, 2.2662205251253393, [0]
-7.379378077094863, -1.3175566623212662, 1.983287533974444, [0]
-7.519178296004373, -1.739482213404098, 1.9434824390145937, [1]
-7.294061693927631, -1.4901280843248041, 2.6049746145460206, [1]
-7.689922016115231, -0.7174300332430774, 2.5773738941838893, [0]
-7.681358936066698, 0.4370541320294705, 2.856643467404201, [0]
-7.270904151963415, 2.072646857295669, 1.690827081308849, [0]
-7.484514835589004, -0.31055737261163774, 3.118977845160447, [0]
-7.227639751111712, 1.5266437946269922, 1.1677302144396877, [1]
-7.138026904127731, 3.1549747139704776, 0.3096003243382812, [0]
-7.194046059875254, 2.574474913773205, 1.5498209000651064, [0]
-7.804906352761549, 2.785094311300524, 1.1556305661986819, [1]
-8.631932028385046, 1.3023436638842054, 2.0769819856393408, [0]
-7.5416744289962265, 1.1285106680199792, 1.4233833838795125, [0]
-7.564817745337702, 0.2753009909979338, 2.3735706066694657, [1]
-7.663688267988564, 1.4266714854778464, 1.9578871325524247, [1]
-7.495961389488758, 1.4504579896979921, 2.440527069479118, [1]
-7.711272866748753, -0.8110260839625791, 2.1958834503083855, [0]
-8.126351900506895, 1.292120550134981, 2.972783806292801, [1]
-7.689669035129846, 2.715430149138485, 1.2036531897572575, [1]
-7.380795745187026, 0.6939125009244127, 2.1707482876575197, [1]
-7.7259416818909665, 1.283402651010786, 1.5070802621936357, [1]
-8.078366511160537, -0.10230682116912493, 1.5696239461771857, [0]
-7.155015464564687, 0.6203207833110627, 2.835056054711129, [0]
-7.7188454324662406, -0.41165428553397954, 3.108834000411383, [0]
-7.819010724083484, 0.42881732410293893, 2.289540893066481, [0]
-7.154830128085669, -0.4567378462215588, 2.429651438566925, [1]
-7.2837062020151615, -2.342725700924889, 1.881741799000927, [0]
-7.297044025753291, -2.645666713648982, 0.02853752632723794, [1]
-7.424974156935205, -2.1710359697427912, 1.2309233941738529, [1]
-8.607342489004997, -3.9420745326069166, 1.5401413473884, [1]
-7.330512767263531, 1.2381209770299808, 3.2935303177579924, [0]
-7.292270373184027, -0.6985301699942364, 1.7748767343043488, [0]
-7.324771259154944, 0.18569264629355287, 2.3461719692837413, [1]
-7.523708239536678, -1.3467457719788252, 2.725480811658139, [0]
-7.457377136256753, -1.021511103128529, 1.8256929899004875, [1]
-7.795774723645818, -1.353806299764459, 1.9493350048139386, [1]
-7.501783215134552, -1.4907310623375085, 2.487603726620545, [1]
-7.33175043672892, 0.31145124502594834, 0.9454361147097896, [0]
-7.378017707270981, 0.18988224942403464, 2.3589684432389255, [1]
-7.569793788818807, -0.8402449825674438, 2.5116084863696497, [0]
-7.597671761254547, -0.34736400762511455, 2.8602927628782133, [0]
-8.950960609096786, 2.115375856715911, 2.8968872190262194, [0]
-7.696403659361798, -0.7757305341087006, 3.2965644450121268, [1]
-7.814325067964731, 1.684663893134119, 2.1385098519219223, [0]
-7.34828469371888, 0.12643214148703352, 2.33446956844294, [1]
-7.494241481180062, 0.0348607763532367, 0.4952104118200669, [1]
-8.680071025440993, 0.5982290120404352, 1.492325721874187, [1]
-7.455237746484857, 1.8703909165102992, 1.8910544491919916, [0]
-7.984349439420139, 0.12570063084819505, 2.8968871795485085, [0]
-7.240692578755414, 1.0226336541636885, 2.1155683812458865, [0]
-7.213420955587343, -0.12187452359396123, 0.6335240562419424, [1]
-7.097861026617624, 1.0916000804746933, 2.843950054961406, [0]
-7.202456520652875, 2.1892442271642545, 1.6355161303767924, [0]
-7.885607443805979, 0.5339577475914954, 2.8437627890266137, [1]
-7.297680016349382, -0.34744590584999946, 2.514009210395021, [1]
-7.926934741532297, 3.481071694541318, 2.2810718945357236, [0]
-7.3671142919376456, 1.8843839515647813, 1.6751623606252548, [1]
-7.787005409728377, 2.020319684555436, 1.2780932445078241, [1]
-7.3225296743815065, -0.18777945963788925, 3.4052897108813243, [0]
-7.675895529311141, 2.033500231633491, 2.8286553945327704, [1]
-7.332764330836826, -0.8683236847405955, 1.6057762676444958, [0]
-7.415635076259478, 2.1886199279293, 2.9904413574534963, [0]
-8.27118362770285, -0.26654766954062614, -0.5535490919253596, [1]
-7.349366216826104, 0.368836140657715, 2.157683128386162, [1]
-7.348694401885675, 1.651897382994469, 2.0039936879161155, [0]
-8.763839004793454, -1.9520953314372962, 1.6901611928630997, [0]
-7.819980930773489, -0.32087215559391113, 2.355880069867984, [1]
-7.217673645553689, 1.097790982747924, 0.8826244308857369, [1]
-7.463843085907614, 1.4379898025225404, -1.8445846353244217, [0]
-7.794399987294348, 2.852946201769986, 1.720540414759056, [0]
-7.241131830530889, 0.16161133687840534, 2.4146922374073454, [0]
-7.29361532463882, 7.2475012739892115, 1.8477075286352302, [1]
-8.109699981308156, 3.3236052767375757, 2.621854804162809, [1]
-7.180452838081893, 1.846563609287726, 2.366480256529545, [1]
-7.396930710805926, 0.7045309241147781, 1.7661551670557933, [0]
-7.166316616320865, -0.38163538651201656, 3.1824364565895586, [0]
-8.118422572534083, 1.6663217944435111, 2.2342063163255865, [0]
-7.664859943780281, 2.03745825922979, 3.287896209825934, [0]
-7.3072401727260266, -1.124462445448721, 2.434283388039584, [0]
-7.627853401208085, -1.3197134847207623, 0.0604754038418136, [0]
-8.057883826781584, 0.39539343943997274, 1.692039309824334, [0]
-7.4463532606072, -2.0340088962938503, 0.4349846176119062, [1]
-7.437478522697049, 2.1182411911049126, 2.251035938721259, [1]
-7.230881590579222, -0.364391286084496, 2.278528003366058, [1]
-7.166038803724129, -1.0516525486346089, 2.0246751769827442, [0]
-7.7170049338345725, 1.5334994328328961, 2.909322820408795, [0]
-7.174653384898205, 2.401265875520605, 2.362057691705281, [1]
-7.466944806194223, -1.138176495664049, 2.3841170159785503, [1]
-7.317913181598146, 1.87652446591025, 0.8739138149040235, [1]
-7.571111045210875, 3.4114433194307683, 2.2245518285115757, [0]
-7.451445730832923, 0.09595729395069474, 2.8464805102426958, [1]
-7.576140242269287, -1.403477982810589, 2.1664057739521323, [1]
-7.277375915161539, 0.7359122353809096, 1.7656317288316934, [1]
-7.812448967504745, -0.5086934054719205, 2.3250638392027203, [1]
-7.561269193983179, -0.06425706644030504, 1.4389316673683896, [1]
-7.565798974644966, 0.7301150250968345, 2.218782632117087, [0]
-7.344447865660426, -1.5012036195157445, 2.4348729215743905, [0]
-7.36193845841084, 0.19146438554137957, 0.5999370427653543, [0]
-7.410890253828869, 2.6006452770048445, 2.1267781233321683, [1]
-7.337778044374187, 0.5837288305846389, 2.340124837012258, [0]
-7.596500964362219, 1.5272740944353815, 1.887869619528328, [0]
-7.413802448326184, -0.959734567850953, 1.256978631205132, [1]
-8.304590112025954, 2.5455830110515225, 2.5679749610443947, [0]
-8.042803710257639, 2.3513988365367804, 1.1278437831308148, [1]
-7.438430591483613, 2.0949468766556087, 2.9941822771302884, [1]
-7.329692604853113, 1.270946114906227, 2.322501961564925, [1]
-7.208136469187413, 0.5890463509074273, 2.1598399584907626, [0]
-7.35966441318073, -0.4794069789111497, 0.9175400286307074, [0]
-7.436287220543525, 0.6311973605422043, 2.873510214751347, [1]
-7.1968073620830735, 1.8481542157579924, 2.535392429080101, [1]
-7.838528982143083, 2.275306137854034, 2.096228084678251, [0]
-7.595057901659993, -1.7373240816830406, 1.862682018448404, [0]
-7.662057827366375, -0.04468605114874791, 1.9109296490264256, [1]
-8.04231698590039, 2.991186187053736, 1.6827839930572457, [1]
-7.564955467383725, 2.3985439327635047, 2.7921158266610626, [1]
-7.878725478943906, 1.3599547133876628, 2.2692090299512295, [1]
-7.056508561563989, 1.7567188783096155, 3.1034095621442757, [1]
-7.263433831589138, 1.6481851318591854, 1.8883769145619593, [0]
-7.747332201188366, 3.7493020979012472, 0.8591597716775421, [1]
-7.323863679041051, 1.2553093615505966, 3.1392057301119944, [0]
-7.661477100726276, 1.0044251626434342, 1.5208678679638266, [1]
-7.147658740105769, 1.479058679220485, 1.743819889314889, [1]
-7.593009207187741, 0.5642816805793716, 2.6463583953749366, [1]
-8.190684988947327, 3.8523874989274054, 1.252124738940156, [0]
-7.832488377547741, 0.5689019176012998, 2.180429727626281, [1]
-7.280992582644116, -2.1170979476960134, 1.9229983824412835, [0]
-8.179617008356947, 2.622395872081555, 2.5305593383023433, [0]
-7.015152760746752, -0.5828136417886269, 3.0708426576791688, [0]
-7.9706310093153, -3.5396554799890576, 2.3665428101775445, [0]
-7.729286508123176, 2.2922329398302272, 2.838095915942499, [1]
-7.212415721119765, 0.963149589542943, 1.9574376896996717, [1]
-7.449723979400114, -0.9320949340399287, 1.8247442174940214, [0]
-7.324633975928299, 0.3539508992122874, 2.8721625630190863, [1]
-7.439616552345591, 0.7423927357247062, 1.0168082228289899, [1]
-7.296931140328575, -3.60894419788813, 1.8376692647892314, [1]
-8.366702894869366, 2.044211938404619, 1.4915944900828566, [1]
-7.2152359515984985, 0.42836582383113975, 2.874136180395039, [1]
-7.731478288375612, -2.5052648591746376, 1.2687027792526862, [0]
-7.1950530375629285, 1.4381267035741283, 1.324104194336947, [0]
-7.657946081608025, 1.7041892589488135, 2.6353883480729907, [1]
-7.392821214072475, -1.2449653768309243, 3.16943209666171, [1]
-7.592712863100354, -0.016209014529833254, 2.7713942642413234, [0]
-7.558031516797844, 2.375516954949014, 2.6975604740194172, [1]
-7.3476270999210564, -5.562612003555694, 1.8031394576734054, [1]
-7.610036877215072, 0.5789523570039699, 1.3796450052248166, [0]
-8.023703220414342, -0.0803037679554297, 2.082072921646616, [1]
-7.58840102375022, -0.19190697190067585, 1.0578438554349547, [0]
-7.2482483392874695, 2.220597379052479, 2.128471511662885, [0]
-7.062156665855705, -0.2588180563280298, 2.192497774414953, [1]
-7.621798537368922, 0.9311960481417205, 2.367399945965068, [1]
-7.548360640345845, 3.1094678372235993, 2.3352891073902597, [1]
-7.670888972674648, 1.5020078562074288, 3.0482553500939362, [1]
-7.304223930827216, 1.365557820306893, 1.5982833669209, [1]
-7.672172437990327, 1.1437220926855256, 3.3745358741482434, [0]
-7.165721880333054, 2.260927005424232, 1.0728365777092934, [0]
-8.002731176251487, 1.05872260966074, 0.6560178478874932, [1]
-7.229818693084225, 0.33700551881972185, 2.606291048680496, [1]
-7.7040495660494015, -0.702866446630134, 3.096281370720143, [1]
-7.599344881189504, 3.3066312012843726, -0.9332832335886159, [1]
-7.8190569653632265, 1.5589587116537578, 2.95415658338767, [0]
-7.619151987603483, 0.5681980367871224, 2.0619148899278814, [0]
-7.499158967566185, 3.6109765030334318, 2.2774426014324005, [1]
-8.070006056146001, -0.21639368827508765, 2.183600743219111, [0]
-7.934124262687763, 0.20951313815458927, 1.6843968432896612, [1]
-7.5624241393215925, 1.3922376229145892, 2.640117502947473, [0]
-7.607417596223549, -1.6496164881691038, 2.096468361851474, [0]
-7.434026743754533, 0.12051794303189145, 1.1041873192127043, [0]
-7.624169903842954, 1.2239100232961322, 3.9595975125523815, [1]
-7.144455301335151, -1.2707930775329976, 2.145003216065715, [0]
-7.481616106079146, -2.0864378372290933, 1.6966858135985914, [1]
-7.170076940186468, 0.9819313280853974, 2.9110943706157, [0]
-7.44607957347859, 0.2803482593622406, 2.062806979191178, [1]
-7.612379386603015, 0.11404867410851538, 2.3151864539370077, [0]
-7.658586225642611, 1.6236170647598107, 3.5462235614879005, [0]
-7.703686458300727, -1.7280832694352102, 1.317987281113481, [0]
-7.519721214951482, -1.8560763434458845, 2.8153127102764124, [0]
-8.414100303093493, -1.3232490310627494, 1.9802891688090276, [0]
-7.782707909524313, 2.41485461283408, 2.7557411422632443, [1]
-7.651763377972114, -0.7592281951098712, 2.0737472934748955, [1]
-7.604217692300604, 0.10147831747259217, 1.6142508760934506, [0]
-7.232917419199826, 0.6597151717758472, 2.465101163541978, [0]
-7.7169965967752505, 0.35914093979233436, 2.575354301325182, [0]
-7.541211448390334, 0.9559084344030835, 2.0684947669839397, [0]
-7.616904205158714, 1.4851076770247837, 2.854256253697755, [0]
-7.534107981090846, -0.8392234797586884, 1.576740490578969, [1]
-7.716890391346911, 3.556562466003947, 1.7540641678080255, [0]
-7.561425510316026, 2.017952628071137, 3.165906167638494, [0]
-7.315763070514788, -1.0252633399041926, 0.2422959662108184, [0]
-7.266461748184437, 0.8178540595486978, 1.4084171458588655, [1]
-7.433070625025558, -0.4301648217965385, 2.6351094592162703, [0]
-7.662081740770739, 2.7151792000367507, 2.670659803379667, [0]
-7.9361783537466275, 1.4839471253881227, 1.3413632620106122, [0]
-7.617616046108909, 3.181241415526653, 1.7499962264488063, [1]
-7.352349316967542, 0.041719791055109035, 1.2260614388862332, [0]
-7.46628099809148, -1.4347217714555736, 1.9704688335816942, [1]
-7.501467769317612, 1.878528267106816, 1.978368233487671, [1]
-7.461681659875573, 0.5046841117037684, 2.607487655785576, [1]
-7.494061211202254, 0.2770964493971693, 2.5682006495880056, [0]
-8.008153675871933, -1.2840346131111326, 2.7207559608790888, [0]
-7.315595528301264, 2.7264302606784305, 0.8547353260746792, [0]
-7.323264512064294, -0.10297628882365162, 2.8910117284659305, [0]
-7.570863585576706, 2.55884490470466, 1.6699699716958507, [0]
-7.31328077777458, 1.5558955583795817, -0.02690455432779526, [1]
-7.701069624829067, 1.4120395937231311, 3.305366395272646, [0]
-7.331156046511729, -1.0117547113518888, 2.673537765431972, [1]
-7.407880797219459, -0.7875112728983453, 2.662273615686547, [0]
-7.969395442858937, 1.6163207825751482, 2.971121192073861, [0]
-7.844375117445469, 0.6207741364465615, 3.206491695066914, [1]
-7.413174181883331, -2.10616635185679, 2.511585885353159, [1]
-7.344164738552694, -1.4158532219533588, 0.7020359902675408, [1]
