t=0.001300066191789775
logZ_t=-2.0845565899530962
-9.042413791166796, -0.6786568666968078, 0.9869412888546345, [0]
-8.37909816806918, 0.3634093066551577, 1.019282073314869, [0]
-9.7354159189561, 1.11465936718675, 1.0539438392323524, [1]
-9.076032841464732, 1.2600298808822927, 0.7007837852465947, [1]
-9.193237036256223, -0.5425204667381158, 1.4529963564413122, [1]
-9.243615295721359, 0.1299131082687024, 2.150677588352746, [1]
-9.625934986379912, 0.9677415887394998, 0.8599774275145095, [1]
-9.417988472272103, -0.1727934915363536, 2.0243396586854345, [0]
-8.884381960522688, -0.3839878705599529, 1.4133370142229875, [1]
-8.518544491508472, 0.2109946299483477, 3.06729115675016, [0]
-9.07712068720256, 0.17489001862046738, 3.0089808307735515, [1]
-9.462809203214324, 0.23560330367900617, 1.8976449391550532, [0]
-8.689373249183596, 1.4699590740832784, 1.4801080676196097, [1]
-9.061138529247424, 0.06365893476303963, 1.898300797339181, [0]
-9.124633876059054, 0.9168977742491828, 2.2205027707318927, [0]
-9.707387869830686, 0.4091718231273219, 2.340082671713387, [1]
-9.49046744280238, 1.02980494317317, 2.358894104585724, [1]
-8.31040209213658, 0.8166281283255508, 3.1882951536131428, [0]
-10.178436659961907, -1.0410057634107897, -1.7203290747571394, [1]
-9.322693254976864, -0.1631142834975432, 1.7216692716616782, [1]
-9.556745265050566, 0.3652292926760148, 1.8515524746196035, [1]
-9.56343667115863, 0.6587266671037151, 1.663564755441658, [0]
-8.399294694213955, 0.6186529168490775, 2.382129865170051, [0]
-8.629301861445363, 0.3927123066072029, 2.4898053900662456, [0]
-9.324133541384409, 0.1297471547316681, 1.480553323291902, [0]
-8.27017693754219, 1.0553706311017002, 0.5055291874885668, [1]
-9.51296013834691, 0.5623359258881381, 2.3570857825643103, [0]
-9.977554968276923, 0.0833870002567978, 1.9839338482577522, [0]
-9.16891205111119, 1.4364709809381169, 2.2662517329959515, [1]
-9.511762398111518, 1.352976894190891, 2.412857466096825, [1]
-8.13486682476309, -0.06205123707004545, 2.0565244581996542, [0]
-9.43157291298971, 1.0812465886220453, 3.0854128485679437, [0]
-9.372032957764283, -0.1381667564495055, 2.778007180266722, [1]
-9.46564626866466, 1.13348676497294, 1.5217803974481587, [0]
-9.756708712255806, 1.364441743581942, 1.8518122252701947, [1]
-9.05541836670322, -0.09150608973498209, 1.5381451453992934, [0]
-9.427369210463542, 2.123098332187028, -0.3177601934105139, [0]
-9.741905767586458, 1.219216546885772, 2.5130661417409312, [0]
-10.772258673538888, 0.8861593548938811, 0.8623809369405705, [0]
-9.138878630102436, -0.6148040383235838, 1.2293015972424415, [0]
-9.915647595500477, -0.08514096806233062, 2.7693435017480947, [0]
-9.292284807684279, 0.3655070331057382, 2.600155792472317, [0]
-8.694621642966405, 1.1903423253651368, 2.988334383043734, [1]
-9.419850065337071, -0.20930973072695003, 1.7100934346937033, [0]
-8.478412806241074, 0.7626593015896335, 2.5790112080818592, [0]
-9.42873569485245, -0.500008676279661, 1.6908539225608699, [1]
-8.415649928921646, -0.6453720537351222, 0.8084317398424725, [0]
-9.701369647757128, 0.37169070066962073, 2.0596219357917334, [1]
-8.893734863092403, 0.9143159186435497, 2.130794792761112, [0]
-9.200214658671673, 0.8404070112484558, 1.0171349322960772, [0]
-9.561244762815717, 0.8733479079787811, 3.1729018386459975, [0]
-9.045693088762198, 0.09703385908322892, 1.7717868888789012, [1]
-9.28745433259262, 0.9650756516520971, 0.130246000198869, [0]
-8.73328586765737, 0.5008054330533365, 1.8912221847679243, [0]
-8.792622061724861, 0.30722034206476656, 1.8006707981911692, [1]
-8.739356047304117, 0.7664902007030019, 2.13630866978325, [1]
-9.310552648097142, 3.400297704526894, -0.3390998650010655, [0]
-9.270972622809664, 0.17377706268312665, 0.706083140006404, [1]
-9.300437699756756, 0.05115508523588641, 1.3647559362718646, [0]
-8.949316917707966, 2.094631806824478, 2.440638213638225, [1]
-9.293983278513366, -0.24277243460378262, 2.1485096415295732, [1]
-9.647382693515729, -0.5967338578807981, 1.4555719771785345, [1]
-8.541629662056613, 0.08266489297526214, 2.8197206232818246, [1]
-8.757556658501981, 0.18274321512579306, 1.962740522534803, [1]
-9.17691364846352, 1.0329632833385414, 1.9169007953156434, [1]
-8.872742191466639, -0.26022984048388526, 2.302238345497868, [1]
-9.177206892678205, 0.6095072654809752, 2.3739499058592184, [0]
-9.321178701192435, 0.7145999493787688, 1.0194067024001099, [1]
-8.849624171479801, 0.6727546428286538, 2.537084839072305, [1]
-9.202015531802893, 1.1156663970060667, 2.76224949855803, [1]
-8.553744117235734, 0.3801051003080344, 2.310879680780693, [1]
-9.448023577897393, 2.1749756815601824, 0.6124091254369, [0]
-8.43513020778505, 1.2480955151851536, 1.4550337180458819, [1]
-10.638924804740336, -0.16987371263477935, 1.3313566482048187, [0]
-9.780351817213939, 0.5144833986579873, 1.562756478373204, [1]
-9.358185234467225, 0.15523643740273152, 0.971845672745392, [1]
-8.712012964775566, 0.9684747188792875, 2.4480676305169937, [1]
-9.195573007107395, 1.4261610637601643, 1.8646467048250035, [0]
-9.836870744837594, 0.3947270052082481, 2.1107581953614325, [1]
-8.753137570167251, 0.13955690849676095, 0.8424333097359328, [0]
-9.22597370717393, 1.168326386396423, 1.9253642723854474, [0]
-8.681521432100293, 0.258181000926351, 2.6984011727428996, [1]
-8.736105621893811, 0.42130792796859495, 2.8280068133748717, [1]
-10.282103167837787, 0.6162555461027241, 1.4489327594320482, [0]
-9.416947883272828, -0.17106573470259556, 1.5750915328504025, [1]
-8.752855687640242, 1.2105507439573322, 0.7903734984539993, [1]
-9.045202898562804, 1.494282576597552, 2.31274630871597, [0]
-9.057090943884333, 1.5455635974449307, 3.0882764642899527, [1]
-9.451066637641862, 1.6648671018902206, -0.283447138369501, [0]
-9.210318898292975, 0.4205102951727492, 2.866911830575989, [1]
-8.648352909326253, 0.22683381694801186, 1.8568571614779237, [1]
-9.342863953552879, -0.42999132971398846, 2.1273265184499226, [1]
-8.749913556800665, -0.6309016940284526, 1.63676054977843, [1]
-8.834011637684178, 2.063531845069192, 0.6023521192340002, [1]
-9.608817765523247, -0.7832117695467038, 1.6269698435821738, [1]
-8.902569730555404, 0.5455540777296062, 3.5376643114335318, [1]
-10.033665924149512, 0.8031492523914603, 1.788230775793002, [0]
-8.734112594498056, 0.8228392431393587, 1.3875196201625772, [0]
-9.375410782446853, 0.8230769377251406, 1.9178871472435608, [0]
-8.866470227237222, 1.31206250793846, 2.146244751247774, [0]
-8.803985435526343, 0.31945006795145603, 2.1819796065832815, [1]
-8.715963793838963, -0.776804726025732, 2.07771518341152, [0]
-8.390906932370418, 0.28675740908758146, 2.1377221332334484, [1]
-8.49356656990852, 1.989541208357493, 1.4280674082016733, [0]
-9.801944121864432, -1.0510364269104164, 1.6626892221907932, [0]
-8.657788850052356, 1.4469004464693083, 1.7350970259791443, [0]
-9.062210441422781, 0.44979834843828675, 1.7710684767349674, [1]
-9.18906529353363, 1.4593928425065157, 1.8517144272594361, [0]
-8.620779349930757, 0.6957548425345879, 2.468473634560541, [0]
-9.25552316559615, 0.49164419024217576, 1.8638537299650686, [0]
-9.624490226629263, 1.9168205895036607, 2.0367678100606703, [0]
-8.884822132645171, -0.5038867741334001, 1.4882610601444648, [1]
-8.494222401728287, 1.058130911545923, 1.975916627679575, [1]
-8.568017886093884, 0.7252525329679452, 1.3666612280928263, [0]
-9.373061118079491, 1.1994071783585725, 2.0274197745309177, [0]
-8.306648214990801, 0.26229090075674033, 2.40805942088106, [1]
-8.77257218861908, 0.9411762129986871, 2.768178357198327, [0]
-8.88343331996083, -0.45916432527955897, 0.714009094979307, [0]
-8.46079816967824, 1.0981474087260068, 1.7326823882259246, [1]
-8.557201036202475, -0.12357553471771825, 1.7591820681843389, [0]
-8.575126387957944, 2.5035610204424863, 0.8971264178298406, [0]
-8.753285526129284, 1.3084143611349577, 2.387388024158522, [0]
-9.196662130732571, 1.0742212310440467, 1.610618914010346, [1]
-8.73376448265188, 1.5568156859778743, 2.4801378918966197, [0]
-9.520293989019715, 0.7258299907159091, 1.8915580620882433, [1]
-8.623010971182017, 0.9768671003671316, 1.7279972354611925, [1]
-8.793903938423508, 0.890589595654619, 2.2915617180345196, [0]
-9.892255529182679, 0.5233997106513728, 2.2714652106284796, [0]
-9.863367543859974, -3.0035787626459056, 0.7097250385049843, [0]
-9.410329985422075, 0.556037278311001, 2.0185391420779575, [1]
-8.860655668527423, 1.5812296985285208, 0.6736360845956529, [1]
-8.938776709038196, 0.6574471893689378, 1.6099171956901497, [0]
-8.927279555379345, -0.1380223207906917, 1.6833993654639339, [1]
-8.5772934173166, 0.31294518448583175, 2.4647814832547175, [0]
-8.589888784669464, -0.5344521957283761, 0.16682183907498804, [0]
-9.256335262701276, -0.40224480058070916, 2.068980070606153, [0]
-9.691845666071556, 1.2624145480585058, 2.0808912833125324, [0]
-8.924638116491511, -0.40593832956960485, 1.7484623865641928, [0]
-9.036735544333295, 1.110933065471491, 1.919367991276971, [1]
-8.956760237689211, 0.0028779594105000084, 2.732658190048312, [0]
-8.352424810093805, 0.7894970350167376, 2.473047593130593, [1]
-9.066487880404912, 1.1549315919382306, 1.5363020321106462, [0]
-8.847680514208141, -0.6837464673878613, 1.6673789386028581, [0]
-8.625109786679259, 0.23898719195265605, 0.17572255390221958, [1]
-9.722256979720852, 0.4793986149300904, 3.1631727900027444, [0]
-8.4430948356238, -0.8184344166713935, 1.1018428809857728, [1]
-8.67254774047114, 2.6800086320868832, -0.3426982819735788, [1]
-9.598369882121938, 0.7746408724918248, 1.3418175921362985, [0]
-9.62145348073068, -0.7444680762059868, 0.5157001532588265, [1]
-9.450279035674972, 1.0638804144197351, 2.2462807151931417, [1]
-8.772901576184445, 1.473886137758138, 1.2334168103987153, [1]
-8.776740402230264, 0.8656065668033935, 2.0326515046657008, [1]
-8.330284343698048, 0.3207776971431604, 1.6323344245657445, [0]
-8.456822102394367, -0.456577437484927, 1.2905153342804394, [1]
-9.22312396398699, -0.43639339001970623, 1.110603289961467, [0]
-9.057978923877783, 0.19754394601235667, 1.9906548887462132, [1]
-8.68931504986524, 2.78310240961323, 0.12334399925025785, [0]
-9.40100409705366, 0.03682261848879542, 2.502392859302707, [1]
-8.705203190264397, 1.0036132062348107, 1.4210946926517507, [1]
-9.758752323800149, 0.5708144955024338, 1.8285855680682845, [1]
-9.004829201695669, 0.054454827039128795, 3.135414128735657, [0]
-8.405665848603538, 0.255830833644187, 0.9130069298267263, [0]
-9.320704430980726, 1.0870800555558018, 1.7829964960164983, [0]
-9.01412049695112, 1.1901252842357903, 1.3621681328644308, [1]
-9.34546680784337, 0.040374739328063514, 2.547568595433919, [0]
-9.34104180192341, 0.7161244495117216, 2.0747006710025095, [0]
-9.153731642667662, 1.3498896574038204, 2.3112527781071086, [1]
-8.776494981449748, -0.3807756360621567, -0.2996311206469386, [0]
-8.728514100999707, 0.35967831104533154, 2.4027472967696846, [1]
-9.461306732474306, 0.9921257276557975, 2.2149905159970893, [0]
-9.586885182461875, 1.0999250509569323, 1.7998062554028347, [1]
-9.382299338935969, 0.20901073430501493, 2.6603523863092082, [1]
-9.47705089583064, 0.5636364133178898, 1.8860682763125087, [0]
-8.920457318104436, 0.5321330049780257, 2.773442846190346, [1]
-9.24876022823614, 0.715124451298242, 2.6434875309006807, [1]
-9.325135636911055, 1.279705514662837, -0.26040441148586124, [0]
-10.771310736456165, 0.6184178491834703, 2.4225571469748584, [1]
-9.313984701330405, 0.7908749014162019, 2.2386815095048918, [0]
-9.352437482864948, -0.26699011972786973, 1.3376521409882305, [0]
-9.319659836268416, 0.8068045809246213, 2.918790469237369, [0]
-9.7010058907764, 0.714479887305962, 1.07046397345381, [1]
-8.98301407610588, 0.578994677635525, 2.905897037867059, [0]
-8.658436896950201, 0.6230851689324939, 1.958123369088274, [1]
-9.494419276658629, -0.3132233755515268, 1.8960180323045632, [1]
-8.879742301663116, -1.5774525482117205, 0.8721775091624777, [0]
-9.716171835716352, 0.7604250841317473, 2.0778554436166092, [0]
-10.186374875030456, 0.4011175802760385, 2.651803818619626, [1]
-9.412031392384018, 1.9646237468242225, 0.4857756609545246, [1]
-9.843452563180772, 1.4847688965272752, 1.2005115793209284, [1]
-8.519497285174587, 0.539471631296848, 1.1723091473599905, [1]
-9.201879966044949, 0.9998047028436979, 2.359720941432718, [1]
-9.424218625566375, 1.9125728537990248, 1.5198500931675742, [1]
-8.893010675755226, 1.1587745475894347, 2.5393312382441167, [0]
-9.14313427616439, -0.7191134196158018, -0.36223693655303457, [0]
-9.120647014855871, 0.9431508098554232, 1.1725772510273527, [1]
-9.07945244155738, 1.3770247349687257, 1.1630841306741488, [0]
-9.443201839649985, 0.4744662716346647, 3.068665269874879, [0]
-9.629844600758586, 0.40225853720491356, 0.82444056101717, [0]
-9.832906137014124, 0.0819788347244721, 1.4682496811781094, [0]
-10.153820326127809, 3.0818151055941616, 0.5732268972194166, [1]
-9.335786950330544, 0.26063063429802025, 1.8179551585923108, [1]
-9.523611228769242, -0.5407075140000708, 2.325647610846431, [0]
-9.414848749096638, 0.3496031070281498, 1.323434599632208, [0]
-9.483122721825668, 0.6128344440724903, 2.23767707612014, [0]
-8.333941308465178, -0.23815550266871277, 1.7989411415456913, [0]
-8.827674252274498, -0.23549181723454082, 1.0994436844506645, [1]
-8.993952909749403, 0.6530969675128271, 0.3611012615496274, [1]
-8.996660614050722, 1.3108307603620843, 2.043975085415099, [0]
-8.281306405062425, 0.5027849880211124, 2.3838679166141405, [1]
-9.607361000696832, 0.7909080421935281, 2.3665758686257554, [1]
-8.851393124940556, 0.5135634391446092, 1.0761991303654197, [0]
-10.249571943889872, 0.40008517050742526, 2.055466028677839, [1]
-9.506264769307796, 0.06457712940163252, 0.8720921171462275, [1]
-9.131570948258723, 0.16423226961061185, 2.32477296056092, [1]
-9.324492679645969, -0.013299569563081204, 1.1099888213600149, [0]
-10.229372593655231, -0.21118358487144429, 2.219490883430523, [0]
-8.97631606415509, 0.10446183916237772, 2.267192452776128, [0]
-8.451359966293651, -0.29797047557108247, 1.636841987151449, [1]
-8.853258420381671, 0.9739090333721627, 0.07812209768644429, [0]
-9.230720977746142, -1.1639708154862984, 1.13670943007313, [1]
-8.039777914057803, 0.07582959232083519, 1.8025006739580862, [1]
-8.60180019084685, -0.40523919472721104, 1.5298161675559105, [1]
-8.920975542096379, 0.3915393190042914, 2.684222437552873, [1]
-9.788643847478111, 2.088431481838546, 2.1148152745308986, [1]
-8.710998917665732, 0.861384374570598, 2.149092363058838, [0]
-8.151883506668387, 0.2789676185586099, 1.5253649976023373, [0]
-9.20323658183591, 0.09890493385065026, 2.077985419958407, [0]
-7.909551822683021, -0.032962999324615994, 2.218001374524556, [0]
-8.856484046171051, 0.09843437311961012, 1.8582847380863903, [1]
-8.680071912867254, 0.6910116091633425, 2.7149636892166775, [1]
-9.868819131499905, 0.7991748389048318, 2.1510177062624507, [1]
-8.93229097329181, 0.04042000299082793, 1.853980199029455, [0]
-8.9905990947484, 1.3497674921155995, 1.7605470474643465, [0]
-9.192292939302456, 0.42798568913512725, 1.9645314826347304, [1]
-8.094036214582438, 2.059439959014113, 0.41575394743259153, [0]
-9.27973845777519, 0.6007205464999172, 2.178790000799319, [1]
-8.59021804009722, 1.0639486499784345, 1.84141334830344, [1]
-9.087035658101032, 0.5573351105807388, 1.0479320417909368, [0]
-9.623891868272173, 1.6463559498011144, 0.8548371293496445, [1]
-9.885032170716629, 0.8184839416549164, 2.7967190452221926, [0]
-8.595851331570584, -0.022200190343544035, 2.5409098833631902, [1]
-9.836173177351336, 0.0086578441756901, 2.8696090376404197, [1]
-9.363188828554767, -0.32592482473757944, 1.0141005916289334, [0]
-9.265896660803628, 0.24529597213242893, 0.7320695737797727, [0]
-8.698676622782205, 0.9814718571143508, 1.8869639978004549, [1]
-9.700424299083231, 3.2773221972546125, 1.3231239887201016, [0]
-9.33650290041607, 0.03499562810319912, 0.3659751110384961, [1]
-9.04198635182929, 0.5951445911794266, 2.3419576187200706, [1]
-9.314397513944282, -0.2506931379460169, -0.19251180029625292, [1]
-9.359696992531703, -2.1093992463562445, 1.3830774173463793, [1]
-10.133014219894784, 1.015909121770897, 2.2826745441426626, [1]
-9.150707604842179, -0.1215158289255347, 3.0851736220906743, [0]
-9.51519260542938, 1.3638009001753346, 1.2679105493892537, [0]
-9.721546298850047, 0.9252096959995033, 1.335483924543861, [0]
-9.590716580451723, 1.4732676484935083, 1.4713378305680118, [0]
-9.46726332855472, 0.8303596357013521, 0.9888185318401661, [1]
-9.172224654516876, -1.4177839067152183, -1.1615150496993851, [1]
-8.939754567403435, 0.2063493045861713, 1.9499340176780384, [1]
-9.10700572642226, -1.365648808887996, 0.9009788244519724, [1]
-8.58538015488279, 0.9933387421296667, 2.2502928252033807, [1]
-8.592904566442309, 0.802653901640396, 1.8066374230434397, [1]
-8.976798619263139, 1.157261904211652, 2.924560969989036, [1]
-11.516315131855, 0.28620260315908863, 2.0810627303814844, [1]
-9.193908019145146, 0.2825294823363985, 1.7861706172016976, [0]
-8.9523971132881, 0.368713398779452, 2.0103789149471587, [1]
-8.916628762103016, 0.6991215472554158, 2.3735582427153843, [1]
-9.045812969734586, 0.9235293973278706, 2.725765688708754, [1]
-8.439822641456207, 0.6761730311268289, 2.050522348911779, [0]
-9.141549811644985, -0.5887743910291781, 2.2474364115562926, [0]
-9.1448768857483, 1.4046305922622633, 2.0859535819097714, [0]
-9.747572917614738, 0.31219515644666807, 2.3991076790191257, [1]
-9.03267957333539, 1.4270765105326169, 1.8474534072401698, [0]
-8.516410435630695, 1.6190276293758963, 2.3437104096925414, [1]
-8.58212292071479, 1.0660969550097952, 2.753231441517064, [0]
-8.709939165786773, 1.435997758272125, 1.9686322515467034, [0]
-8.309885529506815, 0.48947931757108043, 3.4301636356736336, [0]
-8.64828169800532, 1.2529268939913716, 1.931944642627363, [1]
-8.33983939818627, 0.6580042598362849, 1.090163346959321, [1]
-10.13633438265001, -0.06133382802066967, 3.1155308865178637, [1]
-9.31423931351422, 0.5066532180346112, 3.2600126814360997, [1]
-8.75678927667137, 1.1050012182000566, 2.1268212740586643, [0]
-8.989212347086449, 0.7377359442118574, 1.7877796071153778, [1]
-9.285870427722744, 0.6987715885551609, 2.5394707385462807, [1]
-9.592403636378588, 0.4481814727983379, 2.5601405330586346, [1]
-8.335364644662342, 0.4633756586731941, 2.1146368656061276, [0]
-8.748274059872218, 0.6527108647516409, 0.9032107354023635, [1]
-9.35762846311023, 0.07553408041084286, 2.3639577394945266, [1]
-8.944245954323682, 0.7010736616623885, 2.7067469140417284, [1]
-8.628757266506522, 1.4862861227689363, 1.9665140425195986, [0]
-8.90249577974868, 0.37268932996631204, 2.9774678750543933, [0]
-11.052617516828839, 0.2668824443250325, 0.774513437296428, [1]
-9.303577242992091, 0.9193652194151141, 1.675488926880575, [0]
-8.620626459678375, 1.4370152895029027, 1.6906232781649253, [0]
-8.3776103925589, 0.3678600132652577, 1.7362705014328845, [1]
-9.22946167789424, 1.4564731378590001, 2.1473010477753913, [0]
-8.998949070040473, 0.8853694098522557, -0.769948575986219, [1]
-9.519094717197422, 0.8836074592966832, -0.004979434622757073, [0]
-9.666195322982178, 0.20969087597337777, 2.7344844610015597, [1]
-9.665843032491587, 0.6062775383305341, 2.3094038683200755, [1]
-9.83448377725141, 3.1593902873710347, 1.3240082030532696, [0]
-9.04862487207665, 0.4545286161015569, -0.04867917301800223, [0]
-10.539500480276008, -0.18889980724009603, 1.2089575147807357, [0]
-8.810711402697954, 0.3494219653824805, 1.089230503591545, [1]
-9.272831084510925, 0.5629921367920658, 1.553185255848138, [0]
-8.133169554333685, 0.5458273245485222, 2.4849531032959855, [1]
-8.609964353821654, 0.7155711933591705, 2.7008598000168256, [1]
-9.385861458102204, 1.0812522658683783, 2.934803736146171, [1]
-9.53891772699422, 0.4494088696202755, 2.318690373724016, [0]
-8.6477903930702, 1.2087021934552453, 2.6487486581636337, [1]
-8.260858518324047, -1.739488479881462, -1.282268528135549, [1]
-8.453948789934557, 1.5011549364597467, 2.828711138073184, [0]
-8.893396239359369, -0.8465489738761196, 1.7771473728088845, [1]
-8.913571588725327, 0.07284831223748267, 2.4697830048760103, [0]
-9.771212963653774, 1.2337958799622875, 2.2499053192072456, [1]
-9.461824681921515, 0.22833918122994978, 1.6402148913762407, [0]
-8.926798284986782, 1.7414690256913565, 1.7368288922516495, [0]
-9.69596871067483, 0.1626469458415462, 1.7398378115188993, [1]
-8.556629193612387, 0.49398930569772037, 2.1497739756912666, [0]
-8.545027092525412, 1.692978485634522, 1.7677502148862851, [0]
-8.811774827673876, -0.29577741062164287, 1.508032963774988, [1]
-8.46618654199761, 0.24309814485497372, 1.4101252072779575, [1]
-10.007469314585363, -0.157240529061073, 1.6735183118354278, [0]
-8.913690088449293, 0.48467178222693086, 1.3393299815401014, [0]
-8.355720653601978, -2.410998502416672, -0.5439914321648575, [0]
-8.955744224987194, 0.7066809116754655, 1.7100694067104674, [0]
-9.264310085464567, 0.8649532850625736, 3.33604305386625, [1]
-9.6678653495787, 0.359042575284333, 3.3000448843297336, [1]
-9.88677885563118, 0.7368581619351044, 2.699614677757082, [1]
-9.427622640767675, 0.40193980195918855, 2.778515042868917, [1]
-8.458638373479577, -1.6291682813205612, -0.02848958257332662, [1]
-8.952883603051463, -0.4921907281896356, 1.4664707217948614, [0]
-9.220586413570203, 0.7898098020830482, 2.0979809719862224, [1]
-9.01083679540586, 0.2723815321247608, 1.9260361121858447, [1]
-8.543598589907182, 0.30556908403359695, 0.5940051783321405, [0]
-9.266296889706455, 1.780668097876612, 2.135278854784345, [1]
-9.0868006250947, 0.8536712921242957, 2.807929286252926, [1]
-8.775211873977478, 2.4163344805845015, 0.6948472279041733, [0]
-9.322520738792905, 0.809905657746403, 1.5530431788972467, [1]
-8.670710846525575, -0.06623068098540652, 2.196022016569773, [0]
-8.572355116742697, 0.9437641461313109, 2.535213703411599, [0]
-8.836688530465333, 0.7050120626935734, 2.0953474899225295, [1]
-8.78628944433912, 0.3617925033108389, 2.239281210459377, [0]
-10.332677588813663, -0.0036457857476106525, 1.294988431422454, [0]
-9.222043631447995, -0.30413080981074575, 0.3196563049364659, [1]
-8.50709037187719, 0.011373326723637556, 1.9402149102520099, [1]
-8.522543559277896, 0.4241588138475739, 2.372821054012165, [0]
-8.264375603782888, -0.6023202796636689, 2.3610197951536893, [1]
-10.062605058384502, 0.33579892213607276, 1.3799848007317501, [1]
-8.923572104024185, 0.7239034358887199, 2.2515595691214694, [1]
-8.281753116984426, -0.8308709851489777, 2.3321490674481846, [1]
-9.237556689041543, -1.4431853834857722, 1.0313109664058984, [0]
-9.1629091733004, 0.16526277187621852, 1.9880698489286506, [1]
-9.694677450994334, -0.7023037369634072, 1.446638020269233, [0]
-9.532570238539519, 0.9070018401421107, 2.1716180991114307, [1]
-10.445933808532443, 0.0161408124101734, 1.8395628663357462, [0]
-9.496762105696515, 0.15479991119458336, 1.1182403025734424, [0]
-8.63566743128319, 1.4122691936458258, 2.012412477153389, [1]
-8.656234562917748, 1.7234959811905606, 2.339544371734835, [1]
-9.247090013546755, 1.0328167653623215, 1.4152350466822985, [0]
-9.24059594175461, -0.17093893174846575, -0.09122252577735045, [0]
-9.104641811169456, 0.2113719146553118, 2.2962770075440817, [0]
-8.671203291394134, 0.9854894848470324, 1.9137102530195962, [0]
-8.392049429212006, 0.3522136286412956, 3.007415106639309, [0]
-8.789548105930262, 0.32340829492305906, 2.369419320479718, [0]
-8.79636449109133, 0.7411796439649085, 2.958774735959609, [1]
-9.485752896739216, -0.07203426074323449, 1.3894740100748149, [0]
-9.549509586618328, -0.10590855990710324, 2.0074263436839894, [0]
-9.07089873579155, 0.7615641181192924, 2.205679799353123, [1]
-9.10688026829214, -0.1430149413301613, 1.5845109918393823, [0]
-8.84553153089165, 1.7598919106431032, 1.7400624286786766, [0]
-9.013322490118725, 1.8650247467128178, 1.4521487492765457, [0]
-9.091877342235875, 0.029143539073210586, 2.9840299582748884, [1]
-8.688058026915419, 1.2408497884158438, 2.489631677257557, [1]
-8.943614311658617, 0.35529629142867547, 2.2112506948600936, [0]
-9.196194956616234, 0.47114050409985136, 2.111031377303389, [0]
-9.29237519085896, 1.2141209392618837, 0.42544229972711545, [1]
-10.563325752614114, 0.125187956916891, 2.0466101858667223, [0]
-9.697969339533064, 0.9888045987846698, 2.3948588256550436, [1]
-8.473038817256837, 0.6087789412469317, 2.740367089334962, [0]
-9.607373528205406, 0.07071768018808583, 1.7208645095818436, [0]
-9.075890118897643, 0.11155488335840591, 2.3392575832815297, [0]
-9.797735033228937, 3.045019659781942, 1.0137935235505213, [1]
-8.91147147979447, 0.27610430144386494, 2.790741641354651, [0]
-9.232540099500657, 0.3500300857536769, 1.8833746452632263, [0]
-9.414668406431266, 0.6932308075576048, 1.7657353494616779, [0]
-8.30256337543845, 0.41056411223062605, 3.0749523867556823, [0]
-8.598439324631043, 1.3877677051935142, 2.1510252149405535, [1]
-8.923836373296973, -1.1792642601114953, 1.076613340636183, [0]
-10.025854010222305, -0.19683563985843167, 1.2008313513731446, [1]
-9.573757909173738, 1.469835437000407, 2.1042871070856473, [0]
-8.900994884326433, 1.7933568651470053, 1.9682054580936503, [1]
-8.57906086567971, -0.022038222291162562, 0.9460297224711665, [0]
-9.080469424452907, 0.7313827844868662, 0.7264907901976357, [0]
-8.664583979564618, 1.3957156462824467, 2.4042317145822856, [0]
-9.26863620011408, 0.31432712431244547, 0.15336981412948636, [0]
-9.784022650255626, -0.3803455544064503, 1.152800670757127, [1]
-8.689173661387107, 1.7290416228297618, 2.3513495417995185, [0]
-8.833051203800082, 0.5492144684095717, 2.531008733150685, [0]
-8.669601240608738, 0.6622908732587172, 2.2662078733681383, [0]
-8.933043034111293, 1.0416782629150536, 3.4131752711911663, [1]
-9.46918448217656, 0.07485420057600822, 1.8513522487436624, [0]
-9.257843452515061, 1.0854049441348352, 2.8109630471522684, [0]
-9.113741778884553, 0.47878239884119456, 2.4801034598368092, [0]
-8.401404550704429, 0.9178629001008156, 1.0824530513245343, [0]
-8.569752103710243, -0.5192879997745403, 0.7894082635598141, [1]
-9.305428211147648, 0.5249700042986691, 1.4332085710570515, [0]
-9.399083655344153, -0.23294824071646125, 1.5888837254738568, [1]
-8.858057894221846, 0.21559325687507094, 2.2857534141906393, [0]
-8.350240090744615, -0.8424648693249976, 2.2786288008803304, [1]
-8.480737232605813, 1.4928415502858146, 1.4720923199848013, [1]
-9.368636866455269, 0.5983140184845256, 2.8283490360893224, [0]
-8.728963518893744, 1.8636615243527332, 0.4647828419501814, [0]
-8.331025951651299, 1.3757484189448002, 1.6648965533923858, [1]
-9.129179793816785, 0.405682941982875, 3.4435877292364485, [1]
-8.927065782622938, 0.38782415983565044, 2.0114779649800076, [0]
-9.083411848446831, -0.3100379189386353, 1.5600660344766473, [0]
-8.631271899005577, 1.5463487769019166, 1.691056839314733, [0]
-9.354071204234115, 0.2299808529493984, 1.3964520239610756, [1]
-9.427198793661342, 1.3738376053380943, 2.0813719206702577, [0]
-10.229639308608476, -1.3737420260399633, 0.995640124830039, [0]
-9.508392813477508, -1.1689529779472854, -0.35852084091613234, [0]
-8.403821369169819, 0.29725945953181765, 2.050476409241776, [0]
-8.655693355606717, 0.5276190435376367, 1.5426641628631772, [1]
-9.57668178162295, 0.40218546068236694, 2.1150190738551893, [1]
-9.119649627774667, 0.27698718947366774, 1.8392360973422606, [0]
-9.274867295993591, 0.39144484711898575, 1.6496926924846569, [1]
-8.498222670272432, -0.09470067381128966, 1.718242803953593, [0]
-9.49589864304911, 0.017301537002652023, 1.605633040532021, [0]
-8.529376569875366, 0.24420971857613735, 0.10570596762160708, [0]
-8.883041949647826, 0.5297765699095809, 1.6020091457652894, [1]
-9.378549124633595, 0.7674749384056023, 1.6117295678619292, [1]
-8.551311284167166, -0.29759911921677706, 1.0556528370395832, [0]
-8.902479926170063, 1.435731340556662, 2.2966620507534206, [1]
-9.652383920407758, 0.23234835737610204, 2.2629310994299012, [1]
-9.1367763878096, -1.0458159951819375, 0.9047665596335759, [0]
-8.456518141672579, 1.1799943376556334, 1.812739924564074, [0]
-9.19049557226171, 0.2891538776944659, 2.624116236269806, [0]
-8.412539393501142, 0.6480885110060883, 1.9708504957957558, [1]
-9.751862773284927, 0.30112314577005916, 2.2548343218551485, [0]
-9.992236419400673, 1.8566315890230005, 2.572244881655079, [1]
-9.82125771816563, 0.0378253888748496, 1.5378383733659897, [1]
-8.75951589722613, 0.22143733577774616, 1.4459305650028937, [0]
-8.463619337519011, 0.6971366355832787, 2.335274059130585, [0]
-9.529550829922103, 0.20715246486567385, 1.977962179605714, [1]
-9.198821836486006, -0.5854202674742361, 0.7296141215641954, [0]
-8.929332970330151, 0.650568396841172, 1.9528611319229883, [0]
-9.147270185812877, 0.6217590943472062, 1.8116724493471748, [1]
-8.323929340659358, 1.441323814096127, 1.073856394380717, [0]
-9.405047825797006, 0.6346269686654831, 1.6952157868059212, [0]
-9.244365893016813, -0.027658545553148062, 1.3425077210932037, [1]
-9.282811469283798, 1.0434269080500669, 3.1694016778927434, [0]
-9.684093730905646, -0.9577007203654317, 2.136678017417792, [1]
-9.19720608606119, 0.42938462377271197, 2.187314284405824, [1]
-8.944581827297336, 2.807014522791518, 0.8146611315458858, [0]
-9.27743378853584, -0.5245925419141706, 0.26940488238313165, [1]
-9.346653735309667, 1.363147732427618, 2.0479446838747735, [0]
-8.557596545551265, 0.2292894962453247, 0.494344166795571, [1]
-9.630239961139749, 0.32859280142247416, 1.3278947569239974, [1]
-9.562400402987684, 1.0819572410790155, 2.1682319537786787, [1]
-8.541568677577065, 0.48777477120823187, 2.05406791127647, [0]
-10.336631441706698, 1.5767049099743387, -0.4368908159588879, [0]
-9.295736133927853, 1.0309272373755203, 1.3126931426725474, [1]
-8.847964704599379, -1.5356085716476895, -0.8634359158867226, [0]
-8.401485081850764, 0.06762034244488158, 0.5145190196141716, [0]
-8.886297250643764, 0.4547415726966545, 1.7980126018601157, [0]
-9.670962204168479, -0.10743277658166002, 1.8593755877789775, [1]
-8.728194609894048, 1.5772184278190975, 0.7211477899862013, [0]
-9.021404562808293, 0.4718290166157769, 1.7145782272179444, [1]
-9.44672970591641, 1.9023241135266598, 2.3219924230056685, [0]
-9.020991893081337, -0.9322577755305927, 0.5959384590517944, [0]
-8.80055379528362, 0.09139373720108357, 0.442688219657888, [0]
-8.789622857631883, -0.9114452409773895, -0.07007935193675041, [1]
-9.02727009732008, 1.2971500181775395, 1.8560084739753722, [1]
-8.824543585263761, -0.042038126231012385, 1.5049609192331348, [0]
-8.910401254469324, 0.87536344293942, 0.8477874161593657, [0]
-10.407671070502655, 1.48105715639561, -0.4500146524743843, [0]
-9.74170122448914, 0.6752659208156214, 3.1583781327854332, [1]
-8.485507860254677, 0.5810549660371306, 1.8687077906247218, [0]
-9.796894392010513, 0.4088191194831895, 3.2975218831015627, [1]
-9.405004928381581, 0.648954478877382, 1.6318580381438694, [1]
-9.100646251182338, 0.9661056565074951, 0.23403102876909054, [0]
-8.673801480155504, 1.058358538609098, 0.7506397472996846, [0]
-8.606385978469094, -0.06222680790612384, 0.11100454391138292, [1]
-9.166736420662168, 1.454929835430897, 0.835092930412972, [1]
-8.399835052603583, 0.5179729198364423, 1.3237963760659945, [1]
-8.916043903695066, 0.48351703859298156, 1.714553405084597, [1]
-8.991260181442831, 1.0809910397735858, 1.8594914363084327, [1]
-8.684279898029219, 0.15610946623710859, 1.7810771853962066, [0]
-8.388539180716009, 2.352645981954412, 0.8693520141838837, [1]
-9.404150279478474, -0.04236093187688761, 1.4601234593899874, [0]
-10.009965327780344, -0.15155835433202877, 1.3980610959574675, [1]
-9.198690948871766, 1.0257527183196147, 3.100544849194477, [1]
-9.483367570987188, -0.34096406562192483, 1.166462523101656, [0]
-9.56842358470732, 0.3583417638287869, 2.081807164096758, [0]
-8.778830111719621, 0.62976605798943, 3.4137192274541106, [0]
-8.355547968901766, 0.2230605022855885, 2.4180742212612936, [1]
-8.321400004896487, 0.5568463568148465, 1.8920444490797677, [1]
-9.607565196727883, 0.39538460950550386, 2.458425795225158, [1]
-9.334206056095567, 1.1135528009872413, 1.8902624591068244, [1]
-9.000256779842513, 0.7029045516937708, 2.1927137848179328, [0]
-8.474004425889618, -0.20168088443751842, 1.9123423890302857, [1]
-9.3344995425154, 0.3317247234758173, 1.1714309377771819, [1]
-8.426428928465937, 0.3053654638764264, 2.3357441059932724, [1]
-9.383195041891742, -1.9637360954184881, 2.1522525469028615, [1]
-8.024210506271157, 1.3401594380146729, 1.2746749156978057, [1]
-9.401156246548759, 0.8286854348425061, 2.5161142788220308, [1]
-9.03000468304643, 1.1483582731240352, 2.924466543234695, [0]
-8.610295080602356, 0.5384035464831302, 2.3403545798542638, [1]
-9.537477806667608, 0.21994355894943546, 0.9094168615263033, [1]
-9.474270471326271, 1.7846441342029733, 1.0613168643707191, [0]
-9.376429942159588, 0.3556622764078919, 1.1578584677984196, [1]
-9.39765225427373, 2.2462013815393433, 1.2112979825554935, [0]
-8.836146980886333, 0.5247289640138545, 2.1308165590299257, [0]
-8.761565319160308, 1.1508729848657198, 0.8259773030960916, [1]
-9.695906929983863, 0.9571944914751978, 2.218470961752867, [0]
-7.994320193582461, 1.017408490916638, 1.8146362665268327, [0]
-9.808628177077484, 0.5186795610468812, 1.7287024628673877, [1]
-9.572842976220892, 0.23660656088332876, 0.8555727985253782, [1]
-9.268421905986157, 0.4335091284560446, 3.0082969970861635, [1]
-8.47020747653349, 0.673091654183166, 0.9485802169256992, [0]
-8.666052040299132, 0.7212619327547758, 2.162464950038789, [0]
-8.774816352222958, 0.6405943592241573, 2.3649574825286037, [0]
-8.78270299997562, 0.45154895256530225, 2.9285597559575343, [1]
-9.309094800781708, 0.8343581560908149, 2.385514044475253, [1]
-9.099313966266246, 0.07459423964825368, 0.74325774765331, [0]
-9.08809607237409, 1.018792609647158, 1.6378264896294104, [0]
-8.684351759804443, 0.6764540219027991, 2.033873521607768, [1]
-9.143562860096448, -2.851239627855829, 0.0850990765430843, [0]
-8.87564768673827, 1.9597677317942477, 1.5442230238218677, [1]
-10.695323408854081, 0.9252927390328566, 0.1990898482839536, [0]
-8.7505012229473, 1.732677137343825, 1.37588145203762, [1]
-9.6360746267481, -1.2326602242569586, -1.0688492230366466, [1]
-9.122436635609445, 1.4568812087395209, 0.2993727338903993, [0]
-9.717864145949914, 1.5150977590271473, 2.3746417644809603, [0]
-8.868636551425784, 1.5497937710236225, 0.0017843091301656955, [1]
-8.385773676305448, 0.3463648682453379, 2.3786306643082464, [1]
-9.107578877752173, 1.2140225503350166, 1.8983640743294126, [1]
-9.020582040875716, -1.115035302932343, 0.9497184983109159, [1]
-8.625444622623103, -0.2060961080337682, 1.3050300107546464, [0]
-9.291575594985517, 0.9811730482113502, 2.7093699057715646, [1]
-9.53580118598945, 1.7930766326951204, 1.5809219272972697, [1]
-8.768260736372012, -0.588740427076047, -0.4385066679225571, [1]
-9.134968380917401, -0.26792015801302105, 2.1033532044938505, [0]
-9.172803636485886, -0.873074119393404, 1.3893666125130557, [0]
-9.372428164231184, -0.05656404164628337, 2.5992460265476796, [0]
-9.21044380901547, 1.423743401408436, 1.8014917622600781, [1]
-10.017277692414382, 0.017809716747641535, 2.7696831342079427, [1]
-8.284498568597584, 1.4654295574709197, 0.9741829697153146, [0]
-9.095857763872955, -0.7293131755974193, 0.420389032909646, [0]
-8.83873014937927, 0.8912121641968842, 0.45114207625570557, [0]
-9.811630915398087, -1.0110301670541808, 0.9188628956259312, [1]
-8.901767208605639, -1.09273831889162, 0.012100892255045514, [0]
-9.11692455650925, 0.6003105328144605, 0.844568839270772, [0]
-9.055095554735919, 0.5076193282611114, 2.262238559803222, [1]
-9.51198848484818, 0.6696717053798706, 2.7961313857195993, [1]
-9.197583498227257, 1.1447985722725298, 0.451396717987402, [0]
-8.929905903973843, 0.8816251738124027, 2.035587743300138, [0]
-8.450626020731205, 0.3033278035242808, 2.175027658288851, [0]
-9.301905772195514, 1.6784881387769923, 0.5045830371021678, [1]
-8.39426585062988, 0.3659581594941576, 0.4062468918045764, [0]
-9.647959113601456, 0.7709963027048189, 1.2679952347387773, [1]
-9.037291807356457, -0.4092074143051394, 2.716925665963302, [0]
-9.121991867895366, 0.5567897691926882, 1.6575517706887555, [1]
-9.134143564366891, 1.3389452622541151, 2.8434233900869064, [1]
-8.821369344376949, 1.2056707913852809, 2.200808815154022, [0]
-8.931037228375729, 0.36259452543338566, 1.423578128691552, [0]
-8.794981191027269, 0.6289478463916394, 0.6467083268289763, [0]
-8.584994715754492, 0.4483453108161416, 2.9819312553182193, [0]
-10.218553824141397, 0.4643590398595936, 2.49328207936832, [1]
-9.25042011707173, 1.5838900144611068, 1.8638255892854416, [0]
-9.560335960549043, 0.4081413088895882, 2.5204455966372246, [1]
-9.307414677757974, 2.367057401684496, 1.7581911983170762, [0]
-8.856542006844757, -0.9904163469520366, 1.1524980454414688, [0]
-9.154060486028515, 1.6507087867060228, 0.6634922960858054, [1]
-8.860645301636158, 0.906618901812067, 0.32566356781556505, [1]
-9.22663968825842, -0.49373495232013015, 1.5436260071787695, [1]
-9.637763505259548, 1.5064971592959684, 2.3157313567890743, [1]
-8.483035667143245, 0.6748309718223665, 1.825262067984924, [0]
-8.677039756545385, -0.34876151184982795, 2.504145061469926, [1]
-9.737229155389807, -0.5006274665828616, 1.0669207773768465, [1]
-8.72928366078906, 0.07631681797053858, 1.8854937622239711, [0]
-8.980744669464844, 0.29748481668421345, 1.0703881819145389, [0]
-9.547048669486568, 0.10369979615041913, 2.036386863831165, [0]
-8.715434658174813, 0.09067250991920033, 1.5451472302716438, [1]
-8.761260297707018, 0.47473347722133563, 2.1517985048321893, [1]
-9.073865117383027, 1.9057050688717638, 1.7527365886746966, [0]
-9.227694662182218, 0.7442994233228579, 2.2934155214877094, [0]
-9.004989209660236, 0.3443852273854393, 2.2171097419054298, [1]
-9.687305336056886, -0.2074844138547615, 1.2164021823195517, [0]
-8.672248898965481, 0.3168513325601598, 2.5145425104252634, [1]
-8.945286867616781, 0.7681683500132275, 2.1224709356749925, [0]
-8.586204111742907, 0.06429940465794798, 1.9008891908710353, [0]
-7.972680843942703, 2.7414978275360378, 1.3309115915911431, [1]
-8.673565744119232, -1.174972057906872, -1.5413914617502416, [1]
-9.289240823403077, -0.19580027462659583, 0.33669316333716925, [0]
-9.341318100283344, 1.2203361966860249, 2.248053551797617, [1]
-9.484268657806876, 0.09156906752677951, 0.3347413992110039, [1]
-9.66117423302896, 0.6259600003382866, 1.7632393522440073, [0]
-8.818568204870312, 0.08920502493161897, 2.85153145676617, [0]
-9.069386210459461, 0.8539739976571576, 0.5987790641506817, [0]
-8.90314972938693, 1.7297599604139675, 1.5190338192352502, [1]
-9.474434043386067, 0.1687960680163978, 1.0034878061520762, [0]
-9.638827170788298, 2.0888216813372127, 1.4109375186703634, [0]
-9.495615589635205, 0.3006770427775295, 3.4532499694473966, [0]
-9.81650436862621, 0.5986746139796281, 3.1179307515468473, [0]
-9.567526184460435, 0.9018093784356549, -0.48250731777913924, [1]
-8.730542130644926, 0.8959778064444922, 2.909967886991359, [0]
-9.129586908440729, 1.28127044683895, 2.106386345801789, [1]
-8.775299034542305, 1.1722755007520425, 2.232313460410774, [1]
-9.538091928691468, 0.8728525503198256, 1.1128983437262536, [0]
-9.625743771893122, -0.2582332654887154, 1.7734866047435864, [1]
-9.243489018028137, 1.2378973243561597, 2.1992389418390403, [0]
-9.011557744680617, 0.3564552727999708, 0.8366229652115703, [1]
-8.48631203705677, 0.8205475030980522, 2.5230991508624445, [1]
-9.276983071707297, 1.056114986751337, 2.016702239994098, [1]
-9.432989896032561, -0.34704016254459613, 2.1248404734838093, [1]
-8.534119252188562, 0.9580784914537164, 1.8644707818967639, [1]
-8.993303025223314, 0.5190111002534794, 2.766397700450729, [1]
-9.031731499992858, 1.432748628207765, 2.4339776473097015, [0]
-10.255491727645747, 0.054155929513428125, 1.9145043078890005, [1]
-9.327999264780635, 0.2644317954380714, 1.6468349292577853, [0]
-8.990026594551539, 0.49100039934387507, 3.3891519396707515, [0]
-9.003188366932099, 0.7629148231994387, 1.9141808613638802, [0]
-9.35534250314243, 0.07537719665240761, 1.3986106187448035, [1]
-9.903141859021007, 1.827203668853837, 1.6586450776178299, [1]
-8.284974325284756, 0.5866285040035956, 1.5222397507858423, [1]
-9.068481484012347, 1.0121162696805261, 0.062155819012213565, [1]
-8.639495703280689, 0.49790486498993597, 1.749096337883123, [1]
-9.23828053906583, 2.4428441946838784, 1.1309686671338373, [0]
-8.842844909243405, 0.5394388128790857, 1.8790992187243973, [0]
-9.52853856596208, -0.32304722125038743, 1.9424238546394483, [1]
-8.831351413968667, 1.3654156104219974, 2.2044456644783303, [1]
-9.29826151845746, 1.0375563139300141, 2.6232712357217007, [1]
-9.146512746369721, 0.3643265283193915, 1.2047758324968636, [0]
-9.432864599697306, 0.22194930213076036, 0.7501738466289094, [0]
-8.482413433373017, 1.0281593691947568, 0.9947386126447815, [1]
-9.141393206640817, 1.8420575689768557, 0.4886247934418742, [1]
-8.711609943232068, 0.17073657995355357, 0.6786836982984388, [1]
-9.164032205683961, 0.14621151619722594, 3.2192625061881337, [0]
-9.125090953752071, 0.26254809986433086, 0.8709455643891519, [1]
-9.169625271436876, 1.158954455210332, 2.4533237229113527, [0]
-8.694422250291963, 1.3937226814772374, -1.0985935562821179, [1]
-9.134385275299179, 0.8809197436377657, 0.9808263777517238, [0]
-9.98200515305017, 0.8000562395426571, 2.964136293679808, [0]
-9.445298738791749, 0.06708483127765585, 1.8387668619067805, [1]
-8.682348673760465, 0.15330522422997017, 3.2000885289362513, [0]
-10.007249805011915, 0.4957807116229998, -0.1526742240585792, [0]
-9.612769901157886, 0.6952056035561744, 2.371378179516296, [1]
-8.857817023521058, -0.04802032800112899, 0.9224157213092117, [1]
-10.54731383794922, 0.09949862456418446, 2.5961345954423485, [1]
-9.286641165542576, -0.4993378722295546, 0.3650510948528938, [0]
-8.865565233239794, 0.5986165699956222, 2.537649776049172, [1]
-9.616046440201469, -0.15129904392207827, 2.283193569546336, [1]
-8.851555213577036, 1.6954881967743765, 1.681857813644759, [1]
-8.64436912813885, 0.5208407556501586, 1.9392395392975412, [0]
-9.19231084637003, 0.5116387767749756, 2.4744380277087066, [0]
-8.780019756547528, 0.28785819983170735, 1.7529608746009218, [1]
-9.360705166943328, -0.01084425980500825, 1.9820992134802464, [1]
-9.078208384268429, 0.6762217036856315, 3.143027673032498, [1]
-8.781292881352623, -0.5742887713518307, 1.764491050353502, [1]
-9.041728542922268, 0.9101969373453949, 2.85148282101426, [1]
-8.760643801386943, 0.5183494849388925, 2.861466489533246, [1]
-8.813919231134763, 0.7378545690712415, 2.105391042936483, [0]
-9.120016480677124, 1.3502322394264072, 0.36589028161958076, [1]
-8.529952144856694, 1.1880158870773876, 2.551132843357318, [0]
-8.797289029209606, 2.440397840434193, 0.3807233200663931, [0]
-8.964437034324414, 0.7802182822661878, 1.2754973508586156, [0]
-8.756379536099855, 1.7375920305324108, 2.6130942762073266, [1]
-9.305057133512681, 0.8929981155620754, 1.8116494638821121, [1]
-9.013884402093113, -1.0835713876302127, 0.9796331382897704, [0]
-8.438639101995312, 1.076365080584215, 2.5843247232401443, [1]
-9.473652201025546, 2.8372640962927846, -0.699760944930955, [1]
-9.392690549689641, 0.4446960144037717, 2.221163277230188, [1]
-8.720248971630362, -0.28747601909612225, 1.2860708456307752, [1]
-8.556522176967402, 0.9277712611866543, 2.9158532145310008, [0]
-8.726110047337919, 0.47035008834394965, 1.5731576730498062, [1]
-8.682772694953018, 1.0337465056789414, 1.7406252776418614, [0]
-9.537927082281167, -0.016649110162365144, 1.942566690802256, [0]
-9.994773982761725, -1.6138310852878148, 1.6953438353220238, [0]
-8.646049847802692, -2.019520696541821, 0.16915892966898027, [1]
-9.086819512400616, 0.44993272741078033, 0.9515056499632883, [1]
-8.628640646915217, -0.6048796870792003, 1.5890553683685116, [0]
-8.967729574107153, 1.0836688163896715, 3.263112719743666, [0]
-9.20949922510498, 0.22659645177030474, 1.728096427007249, [0]
-9.194223769672446, 1.058418248305764, -1.6710478717921273, [0]
-9.350831950679009, 1.2619097742885237, 0.9301304781746704, [0]
-8.590788330729604, 1.8337341440074324, 0.9263981131722936, [1]
-10.430554434606, 0.41380089895254124, 2.1395505616635107, [1]
-8.612388149387879, 1.509476946103099, 1.975430425190321, [0]
-9.397019257254609, 0.7659377604371898, 2.648631574750437, [1]
-9.18098992536865, 1.0731609089656757, 2.122463169676062, [1]
-8.281184064046874, 0.8831272150500269, 2.6445807576443547, [1]
-8.85540690120904, 0.3505945208174235, 0.9358644123067069, [0]
-9.905309668438171, 0.520836843039481, 1.7593098951021393, [0]
-9.156339658558721, 1.0303523003730526, 1.6820280398714176, [1]
-8.565509844506462, -0.22010960578896466, 1.2046055747626996, [1]
-9.517405669977094, -0.5605266699020559, 0.733865156145521, [0]
-8.892124600810094, 1.0935992540008819, 2.339951299836474, [1]
-9.472137426767526, 0.8633139976222581, 1.0064383144372753, [1]
-9.527059766196276, 1.859366995590279, 0.2726167518551726, [1]
-9.807839053294686, 1.4345806681855637, 2.042249324251758, [1]
-8.719977672075217, -1.2105072103772039, -0.3864007996004978, [0]
-8.744128126003034, -0.150900761195925, 2.6458074359583486, [0]
-8.861598817621186, 1.8397089540958973, 1.172099081026122, [1]
-9.158954068904583, 0.8189295586162507, 1.6683599220004488, [1]
-8.601458904751714, 0.10460126700603278, 1.7554505792055042, [0]
-8.939297332574467, 0.37750924209202996, 2.1201426311301823, [0]
-8.701035855818235, -0.7921000260027371, 0.5545181732587852, [0]
-8.684634682623786, 2.3681700515493915, 0.602815235259718, [0]
-8.35506151505224, 1.1108939761774077, 1.947274780058008, [1]
-9.277857238759362, 0.9351379712420353, 1.5384142131140273, [1]
-8.728983671301586, 1.3276580613314146, 2.0843114937445955, [1]
-9.430736242267539, 0.9078946226650373, 2.6237747829054237, [1]
-8.845269901705295, -0.44412789575407474, -0.8748863746170509, [1]
-8.769216293071407, 1.268345819109972, 2.954994369921153, [1]
-9.436898458905345, 0.8520899280911753, 1.5837443737156853, [0]
-8.9474044187784, 1.08639630698269, 1.332669313949748, [1]
-9.585198868523287, 2.3542353828787874, 1.235630758676645, [0]
-8.496452109952244, -0.5944877332130302, 1.6700945677669699, [1]
-8.521285991861541, 0.9951362803258006, 2.6030716911350904, [0]
-9.06883278192029, 0.8388511240481429, 2.0836978836356446, [0]
-9.62816456646691, 1.9979369774526672, 0.3514296037656026, [1]
-9.097653682875915, -0.1960423057867371, 0.9937470730299062, [1]
-9.497598984995637, 0.9371127361040599, 0.1759835097019654, [0]
-8.704044545567395, 1.933208571126268, 0.4662673917803457, [1]
-9.803045019296759, 0.5109662895581395, 2.5515256311633636, [1]
-9.879258157690163, 0.9671971510891966, 2.7217972087662528, [0]
-8.68468851550586, 1.0737524677597639, 2.1540696814068028, [1]
-8.935810026779098, 0.641261244859794, 2.788136711727343, [0]
-8.782109268699447, 0.800210772137298, 1.6363674070488337, [1]
-8.57801649452627, 0.46459506830630437, 0.9358581222593805, [0]
-9.390174190447443, 2.2814850642209388, 1.8493142405088012, [1]
-8.963361728287262, -0.2747152629179712, 1.2752723498653484, [0]
-8.181919070922811, 6.531326598224751E-4, 2.1392231999577542, [0]
-9.406558948725342, 0.4468395580730998, 2.0796681962550805, [0]
-8.506747748540784, -0.3180945550857247, 0.8788187469530833, [1]
-9.21147462674302, 0.1801612877237478, 1.7754646656380784, [0]
-9.255102706028405, -0.39698479037709433, 2.5010490844821827, [0]
-8.88390601729011, -0.24759651593513432, 0.9737892581708747, [0]
-8.211289787787015, 0.4506808966787237, 1.688160270723043, [1]
-9.179218249417213, 1.1308604299030725, 0.4841651213246203, [1]
-9.06186632692053, 0.26301251103791756, 0.7983448988214495, [0]
-9.164558027092001, -0.05230508632595199, 2.906462875933956, [0]
-8.618707087321724, 1.6675933052526606, 1.8814249599920314, [1]
-9.442696532571906, 0.9169675843882551, 1.3390984003356088, [0]
-8.861189683759259, 2.169280406980527, 2.018721217742368, [1]
-8.93875783714597, 1.241233252785098, 0.49234077670490983, [1]
-8.724013537168073, 1.3992797481900592, 2.402991225849296, [0]
-8.463847440061814, 1.3247088469790715, 2.311915945676885, [1]
-9.146993259870992, -0.11412376612994746, 1.8411625440468633, [1]
-8.591790378309087, 1.36274691794794, 0.6301183165816895, [1]
-8.33136005904824, 1.0951420971916868, 2.4387068188026233, [1]
-9.68043461613542, -0.07214439199377332, -0.4910880648098908, [0]
-8.841816893895752, 0.0016521734111765163, 1.8786748753653195, [0]
-9.046256260717366, 0.3693527258967417, 2.046268481797809, [0]
-9.560735858269657, 1.023076006804466, 2.3680664007098517, [1]
-9.233992602806635, 0.22423960606362114, 1.2979304114162689, [0]
-9.21212494436067, -1.0211677965964983, 1.3486426278653627, [1]
-9.053827451748774, 1.4814277498604644, 1.5805038487681975, [1]
-8.645092628259825, 0.6247465725007663, 1.7185840244739268, [0]
-8.659173142122992, -0.3140948419137527, 0.8554945393099689, [1]
-8.822094222906925, 0.16779643177882425, 1.9361094326774357, [0]
-10.20905383551142, 0.4175566584612733, 0.2626069343285844, [1]
-8.976937611766973, -0.3237714563641707, 2.440522556759116, [1]
-8.892031216392601, 0.7017490212254909, 1.9864209420886356, [1]
-8.466337441194568, 0.5440734023539329, 2.7312040121086483, [1]
-8.96182097906735, 0.35163244937061566, 1.4350312857285537, [0]
-10.164433837226918, 1.0089707722838162, 1.8401336080798774, [0]
-8.138400027535459, 0.9544119698378327, 2.3682448858816048, [0]
-9.897075643411288, 0.571280241783711, 1.1053445390424292, [1]
-8.888119780434959, 1.3231442715473465, 2.39232599842646, [0]
-8.77214488000749, 0.2914850495953695, 2.421475295891319, [0]
-8.311732880627684, 1.155661258961191, 2.349026313007427, [0]
-9.909462582776296, 0.3109441752267804, 2.099378704529444, [0]
-9.94139076397467, 0.6718141582564225, 1.622999313463272, [1]
-9.171428195254169, 0.35303324162979677, 3.0179231725344975, [1]
-8.470872527276283, 0.194639262763883, 2.4467540214699763, [1]
-9.192068912187718, 1.0144711939189388, 2.569691907832139, [1]
-10.616715322811144, -0.3200335849365352, 2.143115930226391, [0]
-9.243186827774236, 1.1077408419550419, 1.4864884437441268, [1]
-9.331481301780007, 0.32784290489471735, 1.2651234895250272, [0]
-8.864393313913139, 1.5146760004332154, 0.09812963588706758, [0]
-9.030305491549344, 0.5507269015826528, 2.7884569941536306, [1]
-9.08201131967011, -0.8480223373284373, 0.1994934894756959, [1]
-9.153978355477138, 0.3370095518186875, 3.0628032033774693, [1]
-9.36861838587114, 1.0910996863068565, 2.503572889993284, [1]
-8.320844677220322, 0.40154163575832347, 2.2327719708033644, [0]
-9.396066664469098, 0.5688638304669563, 2.486504750446376, [0]
-8.789942926182656, 0.8604267411529636, 3.0921238474244386, [1]
-9.291980362521588, 0.5225414294797439, 2.5154305223823545, [0]
-8.876875427962943, 1.6538530867897254, 1.738658247577603, [0]
-8.989159193345364, -0.00604157440973508, 1.829208790835825, [1]
-8.802973051116638, 1.2118902100554536, 0.7246507409821854, [1]
-9.322009327140043, 0.9896931121556998, 2.0125158003061427, [0]
-8.908873428895642, -0.2811129971094448, 1.2802711672681288, [0]
-8.206622696562171, 0.7536571237427653, 2.186223254119778, [0]
-8.776865058031344, 1.4796107889796708, 1.9873370046396297, [0]
-8.676462531539922, 0.9640505382927634, 2.0754690768713036, [1]
-9.091317579397261, -1.9523591039178634, 0.47276572642046744, [0]
-8.73676991273056, -0.5199057352277716, 2.6210074936131402, [0]
-8.812399092840323, 0.3993511940769011, 1.766719700263954, [1]
-9.882966796651445, 0.22458552769644918, 3.1404448011516966, [0]
-8.380494120051477, 0.7369462014370483, 1.7784896380114008, [0]
-8.84906537816348, 0.21282748447367728, 2.6563610196488368, [1]
-9.206168284898137, 0.8603055791861728, 2.1017579639304005, [1]
-9.55165264550064, 0.9447014981966901, 1.5577992511985856, [1]
-9.697618597898282, 0.509622034653227, 2.911287128698654, [0]
-9.779932565971887, 0.49233742637715794, 2.212922043174058, [1]
-9.035000452566761, -0.08062023630610349, 2.720146542133658, [1]
-8.660170919686616, 0.550490590120373, 2.5359373909927427, [1]
-9.570462496834995, 1.862806736347122, 1.4980739614374035, [1]
-9.489833915528974, -0.04407398683928243, 1.3851453133527745, [0]
-8.83567158823732, -0.19098059261280909, 1.6570134628228528, [0]
-9.134835305748071, 0.05113681934987002, 0.9581923976403632, [0]
-9.678619738584581, 0.10643556407951932, 1.7338509860208533, [0]
-8.464230727711323, 2.6557678723416487, 0.5002100525943207, [1]
-9.102527618275001, 1.8731440822107586, -1.0024820867987128, [0]
-9.239505514889649, 0.3126703988264383, -0.6553221207390263, [1]
-9.216179693188417, 0.9486587959670862, 1.7803547352692153, [1]
-10.752187329802913, 1.154696422377041, 2.346417436732679, [1]
-9.02579075480578, 2.9364917707588765, 0.8149896481442801, [0]
-8.318089962324418, 0.4760962255405423, 1.9111461168787771, [0]
-9.019566111623524, 1.7852239528395524, 2.0080508619160224, [1]
-9.191901036415217, 0.20634421080516352, 1.9605265603888964, [0]
-8.868151735789327, 2.341719112578034, 0.6946735757255718, [1]
-9.122771365025656, 0.6206919839626935, 2.0021103639491953, [1]
-8.636397827189901, 1.5717905403741788, 2.0928172967338825, [1]
-8.112245493094925, 0.7493690641634562, 0.17981110854233195, [0]
-9.259063743142818, 2.94148964305694, 0.9899340773849977, [1]
-8.870071960876693, 0.8659747478940163, 1.3604877496400103, [0]
-9.524469675326166, 0.6199488381603321, 2.0949663946853394, [0]
-11.009159291517278, 1.7589455420713267, 1.1019867340887586, [0]
-9.987910249080551, -0.5754817957498549, 0.7981038245824172, [1]
-9.658774835463923, -3.198476665301549, -0.2327404358672157, [0]
-8.993721923469403, 0.6473910973704708, 2.236542256387068, [1]
-9.036894363671774, 0.29295037098762133, 2.7154621687697835, [1]
-10.144741332202909, 0.8406521948924357, 1.4378654080180389, [1]
-9.278909568982424, 0.5702107894474877, 2.891480083058883, [0]
-9.42186804702472, 0.9899218362182236, 2.580115977343254, [0]
-8.617956431413416, -0.3516726399168111, 2.6685537293680284E-4, [0]
-8.779092216555954, 0.7667621340477069, 2.18957516739478, [1]
-7.765542220118108, 1.0143905330840601, 1.4720803775764741, [0]
-8.679441439960991, -1.0274944171496094, 0.47178609441327146, [0]
-9.068902164071662, 0.4747213672756577, 3.00196070769632, [1]
-8.814731065747331, 0.9485026377828053, 1.035173604974735, [1]
-9.25816076021932, -0.2019086009852442, 1.3987462303429554, [0]
-8.925288352141182, 0.9960185637071599, 1.0504239366943542, [1]
-8.785471595568392, 0.608502571266328, 2.752769422313339, [1]
-8.646244032123853, 0.6478407590189232, 2.702544543308703, [0]
-9.02353366925456, -0.49682632086258693, 1.7731197249290371, [1]
-9.027524356769524, 1.4039364401087109, -0.8011074670822502, [0]
-8.898307360035897, 1.2379453039430288, 1.6187506866968744, [0]
-10.381576907189695, 1.1588402923960575, 2.4240170925102467, [1]
-8.346395482507116, 1.1808393116913816, 0.8018447261072539, [1]
-9.49264457553893, 1.6496670834166327, 1.930288357474418, [0]
-10.844195196081406, 2.6647645954500008, 0.7089323700284734, [0]
-9.465632837068233, -0.05424572397426031, 2.638876001482582, [1]
-8.558687209730833, 0.3843218347377681, 1.4037637020278653, [1]
-8.84800514101702, 1.2412753249228468, 0.36961566016235947, [0]
-9.871851696707742, -1.6934604643599918, 0.160567407686876, [0]
-8.648444712748486, 0.4119448177443945, 1.9087847564833882, [0]
-9.286531383534964, 1.1483193127986029, 0.6662397466950638, [1]
-9.765183679238847, 0.664183023612, 1.2084261033971484, [1]
-8.994256740607188, 0.5191884545260979, 2.7233041483805214, [1]
-9.78391466622784, 2.1041317718005486, 0.012776307248060503, [0]
-8.350068324574325, 0.5007191942386056, 2.398073308448631, [0]
-9.428394758636715, 0.8052526928779837, 1.934662384404585, [0]
-9.337656508869669, 0.8811742792828776, 0.4456715609820212, [0]
-8.337503280315211, 0.3999834985414498, 2.96256268072226, [0]
-9.160398906197797, 0.47461694253224607, 2.2227157750257724, [0]
-10.267967482121076, 0.0024455872798705425, 1.2622256958373916, [0]
-9.267900712403467, -0.0048175737392948115, 2.3514204774421126, [1]
-8.81518813520803, 0.9717351259017082, 1.3336664604999044, [1]
-9.312001316841478, 0.6743441197126641, 1.8861131273031755, [1]
-8.470032288191566, 1.237482111640115, 1.3785031916818231, [0]
-8.753394604126566, 0.9250963741314312, 0.3252636220152465, [0]
-8.481831580306984, 3.4339064120452054, 0.8733445376711267, [1]
-9.004059540434598, 0.7032289537480918, 2.4261533953522125, [1]
-8.971783236403441, 0.12886364624746707, 2.1585928527483373, [1]
-9.782228634625724, -0.19978980193165374, 1.1917730947738547, [0]
-8.679714433102657, 0.28387271921391255, 2.057858749405179, [1]
-9.241311741683827, 0.3409533954096203, 1.473593158622954, [1]
-8.718314762103192, 1.5117722005745668, 0.6793712849461624, [1]
-9.039408069602876, 0.0021439446524673667, 2.477516606904239, [1]
-8.769510490959307, 0.48529265003007654, 3.013054505016247, [1]
-9.008681310774246, -0.22416689646911048, 1.5165706642899763, [0]
-8.591711488117504, 1.6673650137193965, 1.202624009742393, [0]
-8.652777464155792, 0.03669779950075486, 2.611815127454343, [0]
-9.084387751417385, -0.9176465822649242, 0.8843637953558399, [1]
-8.963343405310459, 0.35361459997477296, 2.5556513592814665, [0]
-9.157725597871352, 1.1078414183146075, 0.9974394360670726, [0]
-9.717593742144533, 1.4259374737992143, 3.2888944052636138, [1]
-9.574914871118423, 1.0496094597672985, 2.0305262526616086, [0]
-9.449889756486812, 0.5979298866311183, 1.527037162703823, [1]
-8.804916518369103, 1.3638243561571923, 2.372763051394095, [1]
-8.462632624725227, 0.8612946507979555, 2.7719155254957957, [1]
-8.574837630851041, -0.12836716590551323, 2.588643551266917, [0]
-8.666410134027506, 0.6536001687227779, 2.4588166805370846, [0]
-9.179953500696792, 0.9290706484674809, 2.0905427978485878, [1]
-8.823413948688913, 0.08235597616419843, 2.3552812922522333, [1]
-9.042667053408778, 1.5009105592455008, 2.3917021185946785, [0]
-8.889490951888328, 1.5646744020162524, 1.0258754397852463, [0]
-9.65910725593792, -1.7992725731136856, 1.3343439340543561, [1]
-9.442140208310125, 1.6634382860735302, 0.6300203197713493, [1]
-9.195492123811071, -0.3777242187644203, 2.429989814229301, [1]
-9.282842894499183, 1.0838572279835428, 1.8458929274005587, [1]
-8.34875704198665, -0.0033925300693429805, 0.5982782496547956, [1]
-8.618889594002573, 0.9074921868681781, 2.556991522210245, [0]
-9.397032441649337, 1.4541538368733904, 1.9669034059780723, [1]
-9.722608441601414, -0.7854110768787859, 0.7245518083719301, [0]
-9.621908379842449, 0.3470947652042403, 1.5917836166692396, [1]
-8.313254542686368, -0.28190532525013057, 1.1980172076908429, [1]
-10.192332533888004, 0.6366929854575784, 2.8767606178444867, [1]
-9.641740657052502, 1.7251959465944187, 0.8369159145197251, [0]
-9.597030359395827, -0.041065252428998056, 1.5223640728373204, [1]
-9.105163406067966, 0.5852451873158353, 1.079155552764379, [0]
-10.3721231978437, 1.021831126549447, 3.2936247602709545, [0]
-9.028407129108512, -0.6096272229038591, 2.257982282800046, [0]
-8.758738150167384, 0.8122178607789106, 1.2455181636595534, [0]
-8.673992317881527, 0.6413403262036055, 2.271683700641217, [1]
-9.311307623197234, 0.13910449306104877, 0.8186421662639635, [1]
-8.633292591990626, 2.0530676145175684, 1.0539133841952024, [0]
-9.539617093332405, 0.44524909104490074, 2.8940983600715997, [1]
-8.815610382751148, 0.09611189696958455, 1.0980246852340534, [1]
-9.64501155693615, 0.8689082609622565, 2.171006367067463, [1]
-10.577606123395844, 0.8516335353587, 3.2031624357480872, [1]
-8.876841439239222, 0.5223327383583838, 2.985810180944047, [1]
-9.373130818133209, -0.6296044931585407, 1.313628882163442, [0]
-9.123508418257313, 0.5584677600104773, 3.325251287296838, [0]
-9.208350838234306, 2.1321523264802207, 0.8655978327809647, [1]
-9.149054958335341, 1.0513563935930006, 2.5176396378237955, [1]
-9.567918316676332, 1.8682806942870716, 1.7234670008831185, [0]
-9.70160276137547, -0.7615405900826302, 1.7702361094999959, [1]
-9.391027109545286, 0.6328866369305925, 2.5874275740197614, [1]
-9.044090676200817, -0.48870516983812307, 1.359062101110985, [0]
-10.699657188163767, -0.6108145325660725, 1.987265198692449, [1]
-9.651998186963816, -0.3242672509344149, 1.0636671593040692, [0]
-8.719004719623392, 1.1760909421010743, -0.6928677251469013, [0]
-8.323245045252289, 1.2691294160903555, 2.792029054521606, [1]
-8.618129577676376, 0.10893223060011403, 2.0716142857974122, [1]
-9.291547997423491, -0.28481178428722953, 2.469428128293833, [1]
-8.637289968928012, 0.8455161608841877, 1.3828930812650753, [1]
-8.558175331819093, 0.47772493082517353, 1.3155615888395238, [1]
-8.57507976228745, 0.8841604220987921, 2.476268049127265, [0]
-7.977258201560569, 1.657497328129642, 1.8066722433649502, [0]
-9.708891998779048, 0.37610277203973874, 1.9545725550743156, [1]
-9.215339159062205, 0.06694366461832135, 1.7375630264788584, [1]
-9.37620899014269, 0.5249249787744978, 2.1549283439741664, [1]
-8.594312463914815, 0.3138286045854328, 2.151290733083397, [1]
-8.923599908480853, 4.018403719348018, -0.8688617955884195, [0]
-8.935063167712054, 0.6698064591708286, 1.5454401648403147, [0]
-9.048059960180343, 0.31618280860156345, 0.24827800825465007, [1]
-9.319937600776779, 1.1822643929245504, 0.6820385876626267, [0]
-9.452682459862878, 1.3881277337848204, 2.529613642442486, [1]
-9.464163939948236, -0.10092206730921238, 2.503990992087055, [0]
-9.52730294925918, -0.06570942244724032, 1.8422500287756296, [0]
-9.041874020353323, 0.9150955417000581, 3.191336924357177, [0]
-9.279453072400976, 0.03397789233266493, 1.7549770175454888, [1]
-8.92281776197343, 0.7855013998840006, 1.702290284002916, [0]
-8.921381670815272, 1.4808361720416703, 1.0420481959603376, [1]
-9.031842742251477, 0.8998180128261521, 0.4900100380452137, [0]
-8.558527650696378, 0.6227303226501949, 2.7199418197131675, [1]
-8.83377064590208, 1.0088975102841722, 2.5234251019777636, [0]
-9.432597161149221, -2.59830179624985, -1.0164791167219187, [0]
-9.276237442355114, 0.9040700465903883, 2.2040354176982113, [0]
-8.940558841579623, 0.24648777107214936, 2.4988691101177145, [0]
-10.167971328433982, 0.364082921866009, 2.9570314343554687, [0]
-8.697159730279065, 1.9307358833692068, 1.7037754894814339, [1]
-9.200631977710177, 0.5799709502937631, 2.3652847910352506, [1]
-8.791839205274554, -0.058223174944520784, 2.4329422388062385, [0]
-8.545339137821209, -0.189753697752703, 1.0618100818111487, [0]
-8.67658111724271, 0.6850332446944548, 1.09457034114814, [0]
-8.71213541399026, 0.9487687263040572, 1.646950468817075, [0]
-9.446780242810446, 0.9868532457917051, 1.4152326246013955, [0]
-9.006810664357461, -0.28126761141238854, 2.7108187876994405, [1]
-8.826251662038652, 0.9858668636459367, 2.2441054218679612, [0]
-8.95919364309328, 0.2067448929889295, 1.8490785502498714, [0]
-8.72013472858918, 0.17730527988994826, 1.7222212340565952, [0]
-9.004732653355923, 0.7638631568200747, 1.4945942920966024, [1]
-9.33224450754649, 2.7698616541950014, 0.8678241568294234, [0]
-9.200462570809352, 0.1326462865762837, 1.1359312452214003, [0]
-9.064360788930827, 0.6298747422694899, 1.6184539800334492, [0]
-8.997144428665198, -0.9686920618944032, 0.5745948242851668, [1]
-8.691914654649418, 0.9325243597105896, 0.42509067195296435, [0]
-8.818036755915113, 0.24477303679859463, 3.1791841796833564, [1]
-8.682478298185064, -0.5288529795012127, 1.990045003607055, [1]
-9.877665932177438, 1.3986776634081255, -0.454854447914221, [1]
-8.857114004035816, 0.3717500252078352, 0.7769379400921528, [0]
-9.820763532523785, -0.11506631464479422, 2.4204187091265754, [0]
-8.662337576632279, 1.4469917794759088, 0.5469669355742783, [0]
-8.395087435968216, -0.7978319899066271, 1.031075766075521, [0]
-8.981424058229633, 0.1946283395838444, 2.0909437341933663, [0]
-8.908599520741939, 1.0029531572791046, 1.8846952055513198, [1]
-9.387108410417657, 0.8401854493966714, 2.2605378532292333, [0]
-9.031393417744743, 0.01186081172026704, 0.15864448060924952, [1]
-9.220492647995053, 0.6497474984618192, 1.0044267604101165, [0]
-9.538776695222445, 0.46393528295102904, 1.6788702763636465, [0]
-10.404297738711252, -0.22465179398380336, 2.3680076407062978, [1]
-9.256459731869294, 2.1748167881047324, -1.0170751025854157, [1]
-8.980113284353456, 0.9750906448604246, 1.5538749683952497, [1]
