t=0.07124884897845825
logZ_t=-21.67089065055452
-28.64400771181675, 0.7316463306473936, 1.3179776741054807, [0]
-28.68745627445642, 0.5702188840788721, 1.1076464182684773, [0]
-29.664724780563834, 0.5976634027463399, 0.9608170758378524, [1]
-28.5933581813722, 0.8682629936936812, 1.0102160853699838, [1]
-29.714317335209117, 0.6019607444034469, 1.7207631391664928, [1]
-29.033309565289354, 0.4315178020223382, 0.8523237300856443, [1]
-29.30119993621703, 0.7305056026951623, 0.8334523718250528, [1]
-29.861188741866446, 0.6315512130794505, 1.1596134474073396, [0]
-28.396607186474302, 0.4697865041318372, 1.287110387703422, [1]
-28.93140980720437, 0.5929238831925655, 0.8182349656211475, [0]
-27.784997168562224, 0.6961117884295955, 0.5720332953962963, [1]
-28.711200278904183, 0.4969709394394676, 1.3466312897022539, [0]
-28.45955830381672, 0.47473908961942074, 0.7710725517412658, [1]
-28.890627482059884, 0.5553658344026509, 1.2710794056267871, [0]
-28.91435594841134, 0.4375172668538123, 0.9269916880969985, [0]
-28.836772992997687, 0.8121428090503825, 1.5596375228973132, [1]
-28.769755000706386, 0.6214454909140359, 0.9657710736011118, [1]
-27.459501837747613, 0.5821137432065682, 0.9783449362713281, [0]
-28.888932794994428, 0.5827012539352552, 0.7685244149634302, [1]
-29.4887554576947, 0.7306590661399937, 1.1282819081141842, [1]
-27.973847665841273, 0.4837599939669663, 1.1698714258146423, [1]
-30.286242252295217, 0.8015240823653556, 0.840835504746554, [0]
-28.61652605501607, 0.5124404650309369, 1.1497000431247943, [0]
-27.993210524610696, 0.584353349339866, 1.336651990187004, [0]
-29.623698761205677, 0.45955291575931934, 0.9804787503693505, [0]
-27.62583595844954, 0.7648718120072245, 1.1793256184089498, [1]
-30.69341731685316, 0.7703272829483921, 0.3798535441193838, [0]
-28.920614428093202, 0.6651680435429721, 0.70264589863951, [0]
-29.04553183538711, 0.48548487803679435, 0.6772987150623664, [1]
-30.091185768019507, 0.703263649954603, 1.146125055490389, [1]
-28.05555775977904, 0.7020516403179201, 1.6373569119119518, [0]
-29.973971969113798, 0.709204510431521, 1.1946092206949304, [0]
-29.387416221414476, 0.6401525954716986, 1.7463333902040772, [1]
-28.708927565741217, 0.5075414887958605, 1.0964811105993082, [0]
-29.46271223723391, 0.5069594216164675, 1.4089903386366442, [1]
-28.82094906930349, 0.905467095557887, 0.7221420821892376, [0]
-30.895297495297953, 0.7559531928029988, 0.8198988767557973, [0]
-29.570840835196556, 0.5925082045663386, 0.8393663324546641, [0]
-30.528054059767864, 0.8251541964638489, 1.4234616778564022, [0]
-29.133948843659176, 0.6953559702115816, 0.815639743109055, [0]
-29.614404836084915, 0.5866479950446697, 1.2150533555236884, [0]
-28.372333798458556, 0.5439837952045046, 1.3504639415620752, [0]
-28.34235176558991, 0.7562629539357247, 1.270409573862606, [1]
-29.433681914094738, 0.7941614162200776, 0.6370210536088443, [0]
-28.46846279453862, 0.26230924186203425, 0.18906517426874334, [0]
-28.86957914251174, 0.8968201166558039, 1.1173988497245444, [1]
-27.183133335525422, 0.5596175291024241, 1.0476564814908953, [0]
-28.612417863550125, 0.6274231412689596, 0.5919468040839742, [1]
-28.278888856663706, 0.8053576237987192, 0.8037419284355798, [0]
-29.487048073260773, 0.5815117282565184, 1.2625835894283692, [0]
-31.190995664933983, 0.5853229522892259, 0.423964942670575, [0]
-28.386363906049247, 0.5041683229581029, 0.7866492280679962, [1]
-27.948562803169068, 0.3830919373849007, 1.166769683716498, [0]
-28.53862358174418, 0.6583702403078433, 1.3540140612537548, [0]
-27.565809894724087, 0.67007953683375, 1.1051460173153647, [1]
-28.070121391450975, 0.5983530326445136, -0.02679489544926205, [1]
-30.661135810971746, 0.7732199991511884, 0.24250391505103125, [0]
-29.864664179421347, 0.6313107550944403, 1.1240489413491817, [1]
-31.06631440186053, 0.695791576208684, 1.5554675247361298, [0]
-29.565515718508347, 0.3574368135828373, 1.0986276087507352, [1]
-28.460668526686845, 0.8625610398653636, 0.7545144705359255, [1]
-30.66119384056767, 0.6440200540807892, 1.5566253465349793, [1]
-28.079849578339516, 0.7801229995904398, 1.099507719065241, [1]
-27.877144460632294, 0.6885567836417632, 0.6931514045931818, [1]
-28.80653233146236, 0.6892775688928561, 0.7233051843704905, [1]
-28.008372003955103, 0.46721036813202055, 1.4944470107756775, [1]
-28.32517181404946, 0.6163958829990073, 1.3468081924468733, [0]
-28.406652954702132, 0.28306331582182326, 1.1388448960172899, [1]
-28.679701042670214, 0.7419142347168957, 0.5332216155599938, [1]
-29.11398923564533, 0.660001392556057, 1.1425371429885067, [1]
-27.274387554501956, 0.5002196717291472, 0.524368221507725, [1]
-29.60857454385334, 0.5735603685395967, 0.7325136500693753, [0]
-29.355511655624905, 0.44200613879399225, 1.5462067315718744, [1]
-30.486901389414104, 0.9067843761861385, 0.7123282496760126, [0]
-29.15827157160897, 0.3364707827598261, 0.9360467746118812, [1]
-28.578800387038292, 0.4848621350814819, 1.3524148010066952, [1]
-28.657696814962517, 0.48867306850010317, 0.5465714403632022, [1]
-29.565336202401625, 0.5883618542960177, 1.2030427168205806, [0]
-30.249366624945395, 0.5398937377875468, 0.7747404716728972, [1]
-28.58535516610842, 0.6955812134632934, 0.25141392791532113, [0]
-29.19547633630218, 0.8446308818184168, 1.1950255442787712, [0]
-27.999428090142906, 0.6676604537872878, 0.9300587555643429, [1]
-28.633100200057868, 0.7733235155601998, 0.7070846471712057, [1]
-31.393062683372204, 0.7508940474486445, 1.6946636062011142, [0]
-30.153489459189032, 0.7276969727932102, 1.433787386920912, [1]
-29.31640139446916, 0.6705943168523942, 1.1233321183886735, [1]
-28.10442052194646, 0.5770365999063153, 0.9609187015457847, [0]
-28.503500864806014, 0.4901605679600757, 1.0785498012665544, [1]
-30.493973810495806, 0.487802599304463, 0.7668833816268086, [0]
-29.16809177019783, 0.6713600224096348, 1.2480194726223988, [1]
-28.322500773042233, 0.7852221691320485, 1.229509902673779, [1]
-29.964920229192593, 0.7122432429569968, 1.0448893206776506, [1]
-28.530041341849277, 0.6680845553596533, 1.1786749748590868, [1]
-28.061674965012234, 0.7472574383122347, 1.0195510988286496, [1]
-29.83115777916412, 0.724176752626169, 0.7125736882498563, [1]
-28.922511573795653, 0.4027122016400859, 1.455217026456096, [1]
-30.30199599655873, 0.6843367116783883, 1.2546270544993041, [0]
-29.547182746325106, 0.3768842544242906, 0.6217427250239577, [0]
-28.829532703645615, 0.5379851253366388, 0.9170542447538131, [0]
-29.96515856497827, 0.6662019944838314, 1.2403146396823588, [0]
-27.96605992297282, 0.6682224819848237, 1.2541181239054051, [1]
-27.748012244511045, 0.5467815977335203, 0.814452811969506, [0]
-27.50029542840864, 0.6206065011944544, 0.4327919491807145, [1]
-28.070025329146375, 0.5534410246190111, 1.6241901020006644, [0]
-28.479320555662717, 0.8741490902587215, 1.171640997266692, [0]
-29.81924611918908, 0.681140151605496, 1.5524607457455197, [0]
-28.2574431882139, 0.5209329034967614, 1.227649127667484, [1]
-28.985237861529225, 0.6270218170647353, 1.2513561898550853, [0]
-28.581562512183787, 0.4525434841199301, 1.2380542454724488, [0]
-29.40611615756348, 0.4286592081590805, 0.7613573940204608, [0]
-29.715071008077864, 0.7879448557170889, 1.0643674761525828, [0]
-28.14057484391508, 0.6395333290718398, 0.8195250726435118, [1]
-28.64345382889468, 0.8663398336206032, 0.8717995532759941, [1]
-28.439424303625096, 0.903656328544939, 1.0604161103684713, [0]
-30.11689698430436, 0.5645149386434878, 1.3011528580206473, [0]
-29.01295376722311, 0.6649488097265691, 0.7621312480981453, [1]
-29.006745042352062, 0.847993164617652, 1.0481474266310362, [0]
-28.424781247016135, 0.5584888745528269, 0.8872809260809147, [0]
-29.210574778652617, 0.6781921100456556, 0.827795080653114, [1]
-28.557327244869143, 0.3676549373301192, 0.33836885179419285, [0]
-28.14997638790682, 0.531954333266879, 0.7163838922720394, [0]
-29.319640938182168, 0.6631007210391284, 1.4127173362186878, [0]
-29.2604629592561, 0.726751067874614, 1.0592884923792087, [1]
-29.08130619014789, 0.6218408401397834, 1.250354647811148, [0]
-29.70217332236906, 0.5638710054107636, 1.7386022947938442, [1]
-28.369938006389376, 0.7021199792689383, 1.4806071654251602, [1]
-27.86377750453621, 0.3735832738619794, 0.47924285817004947, [0]
-29.330667578173724, 0.6300447403689966, 1.050847642319831, [0]
-29.954658023580713, 0.5742818141984081, 0.8938576206022676, [0]
-29.17561549312787, 0.7160488168759372, 0.7118195782825653, [1]
-28.288464699847403, 0.6738095419729454, 1.5542979715016245, [1]
-28.47489700923615, 0.4124820560125173, 0.9979699253240008, [0]
-29.553440642266533, 0.5164977899733729, 1.4930499425601738, [1]
-27.20861443900215, 0.5190904557466998, 0.9464349987597012, [0]
-28.724507519417205, 0.7914756501714081, 1.3100977629514952, [0]
-28.94293347079458, 0.8355175104658169, 0.7700471115736834, [0]
-28.613263962326215, 0.5130662403318647, 1.2474582463033477, [0]
-27.779772427802754, 0.6094553757879665, 0.9035487524470314, [0]
-28.688944109404854, 0.7396389459875349, 0.8913053879791872, [1]
-28.188663079554136, 0.4838184304957364, 1.5663165185817989, [0]
-27.64334263952284, 0.7612690602657756, 1.3503955801923797, [1]
-28.460237486504983, 0.4663243462132842, 0.5677870325984875, [0]
-28.238007416030193, 0.6012822015502274, 0.7920605229489532, [0]
-28.374536344419457, 0.4812988188593911, 0.4020432024847057, [1]
-30.652997546060906, 0.7043619625241127, 1.0799118926634708, [0]
-29.165990928199268, 0.6069394626673563, 0.882753068938736, [1]
-28.674939982296976, 0.1593964844454257, 0.6894524648817895, [1]
-30.081971465366465, 0.5514732416529893, 1.6438266164934152, [0]
-28.957871131300944, 0.4787062086234102, 0.7806057139909591, [1]
-28.187063399931148, 0.30561489148961907, 1.2247668022957339, [1]
-29.374779516763397, 0.5888999090897165, 0.6091737269291613, [1]
-27.99633151338664, 0.6353377762439238, 0.48101684403383477, [1]
-29.429206098480662, 0.5795749504845453, 1.4215356115355953, [0]
-27.79470302168982, 0.8673790678642235, 0.6211063552274663, [1]
-29.83733086084131, 0.9317326245469542, 1.018651098402361, [0]
-29.115749183530678, 0.9234505728376056, 0.27199584979493346, [1]
-27.974402656289975, 0.7686973317338486, 0.7481515460495691, [0]
-30.379762162550016, 0.6572213608000177, 1.2982605396830977, [1]
-27.930504329415573, 0.6322659229470607, 1.3693149624313719, [1]
-29.409709983757786, 0.5126679693126424, 1.3286610074776313, [1]
-28.285063043219754, 0.6321431488123623, 0.9351728918353942, [0]
-27.55985256398481, 0.48002322299213973, 1.1767315734885537, [0]
-28.690228210245817, 0.682469074935777, 0.8141903613429141, [0]
-29.776033290364982, 0.6525140631099462, 1.07240505854851, [1]
-29.654245714348342, 0.8722903927659671, 1.1106844826852522, [0]
-29.08647793897003, 0.7302686626548476, 0.6790592155648634, [0]
-28.887911358924878, 0.5993688774456927, 0.6615950604609978, [1]
-28.71265104276374, 0.5613990339865865, 0.9793257990416293, [0]
-28.77601726668938, 0.5921349933088094, 1.4672612111708392, [1]
-29.9749568770679, 0.5888851367804895, 1.4351254241756721, [0]
-29.727089488652307, 0.6447291920023577, 1.0011266134433228, [1]
-29.58085855559448, 0.5803871701700366, 1.0765425068840155, [1]
-29.233544752351527, 0.3722953341291701, 1.1741083840103572, [0]
-30.12116262157118, 0.6215070424806415, 1.2206183237901753, [1]
-28.623223201223993, 0.7037657751058685, 0.9849709408641762, [1]
-30.04060194103231, 0.7204633422948048, 1.3846163120662458, [0]
-30.89815217539855, 0.590864181675458, 1.3801213415048732, [1]
-28.938064142609957, 0.3946817551612577, 0.5422428794011052, [0]
-30.79643529048948, 0.35463129187196013, 0.9875747192735467, [0]
-27.78429866404213, 0.5839651384723221, 1.4180371935744567, [0]
-30.563080936530156, 0.4175240509130479, 0.9736912145436107, [1]
-28.001036256162337, 0.5463033169147835, 0.9725839583475318, [0]
-30.13008745668694, 0.6289818403318566, 1.3169091463385645, [1]
-29.677564071501575, 0.5674906687077708, 1.3199573934804265, [1]
-29.224567961320314, 0.7766249088794782, 0.6933565571744956, [0]
-28.911537575375, 0.5576758769045191, 0.9497853933134344, [0]
-30.50326454514709, 0.768250944753935, 0.5068865300579882, [1]
-28.431839251745547, 0.5562772736598156, 0.986448691319107, [1]
-30.33058633086714, 0.5320667465750961, 0.6617056874713174, [1]
-29.206254256391734, 0.5945719107271745, 0.9378361530174807, [1]
-28.573869736535244, 0.7433780069955485, 1.1893148659802957, [1]
-28.659244003455925, 0.7763495056807487, 0.8146576278091769, [1]
-28.05220225410349, 0.6145962372612825, 0.8698786315455187, [0]
-30.223636863168082, 0.5629427738059669, 0.5645878387605394, [0]
-27.886175760687856, 0.6478695639138167, 1.24824512631066, [1]
-27.724908068963583, 0.6783537231727085, 1.2904905325103868, [0]
-29.63361849021447, 0.6371920363574382, 1.5178123542328967, [0]
-29.31714897858205, 0.7466001068400573, 0.8839574416707587, [0]
-30.668921122563383, 0.4831092067289282, 1.1867941018195038, [0]
-30.358671463919812, 0.7248067498449549, 0.5954699574138478, [1]
-28.52718532525624, 0.5885023943671682, 1.02639133153964, [1]
-29.302357448836688, 0.7461996699067143, 0.9564370738106367, [0]
-29.439080247334058, 0.6038715345344593, 1.218161621775022, [0]
-28.502296589251927, 0.5314258022473399, 1.1117816493335608, [0]
-28.91701394024383, 0.9725260177597617, 0.5961539156263647, [0]
-28.779784778618904, 0.9478642276563569, 0.510856946327869, [1]
-28.587677514049474, 0.9144939821254082, 0.8349525351831346, [1]
-28.291226215784093, 0.7490948407724456, 1.003907319928497, [0]
-27.489044864669797, 0.65374131516125, 1.1875279953264442, [1]
-29.50782541532769, 0.6477553240016475, 1.1549736134462862, [1]
-28.301970493559185, 0.38687669530508534, 1.0900439841080292, [0]
-29.679420752275902, 0.6730987023430206, 0.8929360383500791, [1]
-30.024615657189266, 0.43866733601309604, 1.5973935344472703, [1]
-28.59235135973274, 0.642123454820148, 1.1274697691990023, [1]
-29.91509641208759, 0.6805378168783967, 1.6468260452870107, [0]
-31.205028061187075, 0.7191808462623561, 0.6192982859890582, [0]
-29.19278131557264, 0.6333165319998815, 1.2193752067415313, [0]
-27.66385179036466, 0.6171602198272395, 1.2664219282033429, [1]
-29.48655297445216, 0.5156607151693857, 1.2991976372087106, [0]
-28.760153890240947, 0.47886646257597437, 0.9933431383119138, [1]
-27.13618336703879, 0.7045545356862113, 0.6573327979207206, [1]
-27.494271027443336, 0.48785705547547087, 1.178036535298515, [1]
-27.45611073457885, 0.6285215507973236, 1.526248950882413, [1]
-28.801156172701962, 0.9409741926979678, 0.7450596083866126, [1]
-27.93401173650367, 0.5006630125623599, 1.138675557462387, [0]
-27.37134064594316, 0.5471654159292454, 1.2270525486330928, [0]
-27.810591701261966, 0.6032944396698028, 1.2401016152812032, [0]
-26.929777524105358, 0.6648388205309089, 0.9375669920735624, [0]
-29.696259119555414, 0.4713481369747897, 1.187643330389241, [1]
-29.488178451562664, 0.5651278861652325, 1.4269298712279115, [1]
-29.659400447406927, 0.7463862233949397, 1.3260095536959617, [1]
-27.962430622046227, 0.6387764183053701, 1.0723868386725817, [0]
-28.30732369999936, 0.7072983449967334, 0.8415959134931146, [0]
-29.74011733064917, 0.4506325975530064, 1.154327780229484, [1]
-28.607722327730073, 0.15667828526162808, 0.2692461276136338, [0]
-28.593620917085197, 0.7901199122317238, 0.8977221729478974, [1]
-27.989839676043427, 0.5295697517744338, 0.8205444614351189, [1]
-28.960323579871496, 0.7898737172912217, 0.9710919311769327, [0]
-30.308966780834563, 0.5771176632491949, 0.39916488972799535, [1]
-29.402943160890523, 0.6948274014277227, 0.8999583402627566, [0]
-28.68353684256813, 0.4679101684663181, 1.7303148386754221, [1]
-30.00933269124398, 0.8429646106693015, 1.0082657138800344, [1]
-29.997344941285583, 0.7711597986900955, 0.5089975799121862, [0]
-30.426001887746416, 0.5865738986533038, 0.7140552663124813, [0]
-27.88930398509354, 0.6107446589416499, 1.0076393123736556, [1]
-30.887172449868274, 0.6099119580071185, 0.4290692819276009, [0]
-30.86351416485062, 0.6857846680264339, 0.9385450091351427, [1]
-29.71205790667657, 0.8081547826215343, 1.0055454752810289, [1]
-29.490556375487085, 0.6456165848892783, 0.8031498257887179, [1]
-29.12157662675311, 0.46582124797264124, 1.58514471091673, [1]
-31.88382222988143, 0.5409076592290086, 1.314825043035371, [1]
-29.043125292688746, 0.6756755147573567, 0.49836689148501234, [0]
-29.662150975160312, 0.6324609341380791, 0.7706383150177566, [0]
-30.16425798497371, 0.4922942367376539, 1.3236511938999014, [0]
-29.478937931451377, 0.6160561235691512, 1.3988268215968387, [0]
-28.362071589538317, 0.8556843816550176, 0.7908308303364382, [1]
-29.728961818725722, 0.6890287616537857, 1.1547053304608346, [1]
-28.893983427247075, 0.5459973628022307, 1.0936765159574007, [1]
-29.56612481166617, 0.5777456785498504, 0.3455713544945386, [1]
-27.405822302734304, 0.7606109500452672, 0.4290753498643561, [1]
-28.964030136788857, 0.5867628582267226, 1.1929524555803486, [1]
-28.66052156845035, 0.8446073384726358, 1.270185779168135, [1]
-32.92425586406248, 0.874873564338093, 0.38872431017612286, [1]
-28.089412587371335, 0.6012121622099482, 1.2974293853280836, [0]
-30.282348785744446, 0.8643536458827472, 1.0789990299825725, [1]
-28.901778198832762, 0.7244113209927432, 0.6517125437124021, [1]
-28.899408338841866, 0.7255011524622228, 1.526157036757363, [1]
-27.29495166055742, 0.5104137076689488, 0.887078775804669, [0]
-28.778977813138166, 0.41853958363641686, 0.09077384758438911, [0]
-28.949436951199676, 0.7501484116324503, 0.7636476451144824, [0]
-28.76991266564523, 0.6369988519028504, 1.0998694753656733, [1]
-30.0680580364879, 0.6195303053373431, 0.6855694905210481, [0]
-28.03230053310416, 0.303369452137215, 0.5647040658241649, [1]
-27.627303432726936, 0.6984005247043367, 0.87608912225853, [0]
-28.05661207290909, 0.4932721328311918, 1.0777675414174128, [0]
-28.408371913890857, 0.6553911584509806, 1.0126801045118092, [0]
-27.81743975960512, 0.7007962658623627, 1.445940731643501, [1]
-28.81586187059917, 0.7655349021386914, 0.6905468405641166, [1]
-30.570463508312397, 0.5527593481459343, 0.835625703120139, [1]
-27.980554525491485, 0.8464316320680865, 0.4625916885408292, [1]
-28.324154504250426, 0.7382335004303604, 0.762305087776179, [0]
-28.337612331321107, 0.7038545946135837, 1.3777336773379631, [1]
-29.73356397536046, 0.7724014996493757, 0.3672914418229968, [1]
-30.43997401405024, 0.4148524948946202, 1.289798741947414, [1]
-28.1914060324508, 0.7457016140604578, 1.3246607488412567, [0]
-29.455525758768346, 0.7000658862879551, 0.705186903867015, [1]
-29.770916949927493, 0.7640540564327898, 0.6378655321409654, [1]
-29.743870232757217, 0.7019061444861926, 0.5919965579465873, [1]
-27.123657417785147, 0.8025829674294872, 1.0458098490265333, [0]
-29.002443473801605, 0.465644277587546, 0.8767406764711932, [0]
-29.93928741124523, 0.7304902846801542, 1.1832622343015586, [1]
-29.09688571206194, 0.5547502063944559, 1.2679866263608013, [0]
-28.058673217107966, 0.545763277525768, 1.3358502505045182, [0]
-27.53930696338694, 0.7771783316353662, 0.8305278612428848, [1]
-29.894135636200932, 0.6958821056634357, 0.649787997920757, [0]
-28.796938741894632, 0.6908324208764605, 0.9955715220593678, [1]
-28.207347364461686, 0.3321747817087828, 0.6778096378116162, [0]
-29.767405236948704, 0.6133223665243698, 1.0673117072439628, [1]
-31.069992940654554, 0.5100336262061911, 1.567044317466536, [1]
-30.78208544852877, 0.6644800324473632, 1.0189119511309297, [0]
-28.402699753780425, 0.5937921960091279, 1.037621777409868, [0]
-30.63548052544312, 0.7696270028904153, 0.8899292314843028, [0]
-28.35322895936774, 0.5073247352330961, 0.7420746466489702, [1]
-29.21664101875749, 0.608913180278582, 1.2130994879676615, [0]
-27.447752618484362, 0.7997846371987911, 1.1355659506164624, [1]
-28.46930167901526, 0.6434625279336788, 0.947386428415172, [1]
-28.240301940152804, 0.5732288387649588, 0.9522720010331064, [1]
-28.724976775249054, 0.43131634352589104, 0.9956563382893983, [0]
-28.50255189158647, 0.5842045912596852, 1.1051935643064081, [1]
-27.095533082681957, 0.7690954425587597, 0.8259266665623832, [1]
-29.32545121624578, 0.5811608311613368, 0.9372744906356042, [0]
-28.606467540035467, 0.5485789915722172, 0.6032055461739303, [1]
-28.172316233797115, 0.6401734160052315, 1.200839972182806, [0]
-30.10262227484682, 0.591208400714041, 1.3696921152557135, [1]
-28.621465704622597, 0.3200931152631076, 0.5616153686464623, [0]
-29.28437320683699, 0.6978816140610863, 1.1494474719530139, [0]
-29.861946510354837, 0.6205583374086513, 1.5544850506571661, [1]
-28.143041954774056, 0.9193534732449984, 0.7421194497775888, [0]
-27.963275198686997, 0.6759186777524537, 0.7666110016638212, [0]
-28.261284804076194, 0.5762329538859564, 1.0195357557562563, [1]
-27.81384479374241, 0.6341730307656087, 0.6756369886746038, [1]
-28.96246361701896, 0.5239262906444853, 0.9669672005625902, [0]
-28.481813886945268, 0.6515689647702859, 1.4349655408963153, [0]
-28.850803944963335, 0.6831643718988798, 1.3385463811531735, [0]
-28.35780457000807, 0.7189218838201014, 0.9865827450278882, [0]
-29.500003112179634, 0.6053910043679125, 0.818873942563599, [1]
-30.100956250757076, 0.6026073326140073, 0.7475789732997291, [1]
-30.076562530433822, 0.6982889979308521, 0.6624788581128102, [1]
-28.6134798208428, 0.5812473170069209, 0.7662520757152114, [1]
-27.63949331082923, 0.776706239445369, 1.1815887813914823, [1]
-28.259145162416495, 0.7702395443133633, 1.1659797963806855, [0]
-29.19205399966511, 0.25416111318947154, 0.675876848969807, [1]
-27.901554025553963, 0.4838629212165125, 1.463181172185076, [1]
-27.69582580101263, 0.884408211150846, 1.0439381627016495, [0]
-28.457068900043705, 0.6816435831880597, 1.1846790519460981, [1]
-29.195520255389763, 0.8752333573560276, 1.2649917600425127, [1]
-27.964215410824032, 0.654393781774603, 0.984348165950593, [0]
-29.306983578973092, 0.6442011047472329, 1.215653750992347, [1]
-28.331488077054033, 0.5217406013543533, 1.5298423493008835, [0]
-27.715286571027498, 0.5537647182781638, 0.9545145862234699, [0]
-27.652293430520935, 0.7187792729378203, 1.387580855820822, [1]
-28.656946432921615, 0.7287005658672004, 1.302919987135588, [0]
-30.33030092770246, 0.6538486632737565, 0.7903855596318297, [0]
-29.171189872944577, 0.6859253031298075, 0.8482639439823412, [1]
-28.410329238649467, 0.5733529298326536, 1.6434942682083193, [1]
-28.710575602199782, 0.7245220754284336, 0.8765396034619802, [0]
-27.933027843958946, 0.8495619673849487, 0.7648154461470851, [1]
-29.79967739989993, 0.6014447220239749, 0.8106136135198974, [1]
-28.587527438170934, 0.7059426841846942, 1.0062473437656587, [1]
-27.97298055761385, 0.5253553542851653, 1.0818846282804846, [1]
-29.59106806184219, 0.7212498803419951, 1.4157082170415798, [0]
-28.950393704838707, 0.7938610799222644, 0.7174443040992935, [1]
-28.86412395024301, 0.41372891629895553, 0.8346418789252454, [0]
-29.485751312077507, 0.5135473745113875, 1.104396282542275, [1]
-29.636470443462073, 0.7501653126756027, 1.4161020979469032, [0]
-30.213859852406337, 0.4227907134875289, 0.5727508541799996, [0]
-28.736467784829564, 0.38226121567666005, 0.9545676354652635, [1]
-29.257215497371373, 0.4730427208855901, 1.5960378584226782, [1]
-28.843603156769863, 0.6845844782590328, 1.0280598267935261, [0]
-29.398848711383955, 0.4540173695946519, 1.057148024189643, [0]
-30.241809500391376, 0.49428153324524693, 1.0453936485371258, [0]
-28.587593111554934, 0.40612262320895914, 1.0469865955985957, [0]
-28.9117959193987, 0.7275835468446966, 0.9658913046505314, [0]
-28.536982973683838, 0.6159855723357716, 0.8343686293533304, [0]
-27.843134744626926, 0.46557377057111193, 1.3466327739347108, [1]
-28.67400132731254, 0.6433648318913227, 0.9646508523386499, [0]
-28.826689299385162, 0.7828590489250856, 1.3330517191431464, [0]
-29.74568764111279, 0.47257909214630767, 1.9263411578309193, [1]
-29.235160825017804, 0.5055570213554085, 0.5189356803004633, [0]
-27.815676742723923, 0.7284920631799051, 0.9347103537636106, [0]
-28.312495124628178, 0.5068637298415403, 1.7484351872693455, [0]
-29.98730316443532, 0.7145018222540634, 1.0761221531559038, [1]
-29.473091082134335, 0.9455702608826774, 0.7265135251921463, [1]
-29.2608781880292, 0.5509023635627089, 0.5642883721766383, [0]
-27.934249639265815, 0.8127377199803602, 1.3403796434159398, [0]
-28.492692846173195, 0.6429321859175221, 1.0293821483623082, [1]
-31.139021373215652, 0.885234902468146, 1.1336239042621443, [0]
-29.79802633004866, 0.7363092926184939, 1.2409309322879518, [1]
-28.652806660178122, 0.6668898153657314, 0.7470828994095264, [0]
-28.950354905163298, 0.34773949247036773, 0.813295614786558, [0]
-28.73287870976302, 0.654143122765662, 0.8764237468665326, [0]
-30.00151162138887, 0.8624219360680319, 1.466874821293367, [1]
-28.75085964725923, 0.5699025040123993, 0.6619717956157904, [0]
-27.717442224344314, 0.6620132249574908, 1.3101059088094076, [0]
-29.764373992238117, 0.3677550978935693, 1.03299595922286, [0]
-28.082987140750813, 0.26993837989707736, 0.9426782299493608, [0]
-28.483343560316023, 0.9831549567772331, 0.20569006876005702, [1]
-28.74759240811758, 0.7950455067333707, 0.9269236549166496, [0]
-29.59874269646467, 0.7531495047810125, 1.2093684644983667, [1]
-30.53544945686912, 0.7466504905607639, 1.3417869280073116, [0]
-28.488517732255076, 0.7509972583519414, 1.2548717618612222, [1]
-29.380316688218482, 0.6527962365903759, 1.045304148526272, [0]
-27.45038062505133, 0.6867683735503975, 0.9326450747194454, [0]
-28.958418616886757, 0.5029534966798844, 1.070496151999922, [0]
-28.904752484915825, 0.5512841423194349, 0.8981322680641001, [0]
-28.49493309672634, 0.6439533228862844, 0.8994382293882284, [1]
-28.4924545271718, 0.4493486893793569, 0.7643804845272066, [0]
-28.344168591522646, 0.613848979456404, 1.575396964302256, [0]
-27.833081584660327, 0.8247579731978043, 0.8154713538038688, [0]
-29.78053590323825, 0.43105050559804503, 1.2299123440555306, [1]
-29.36449209135275, 0.8080405877650966, 1.4752022674500267, [0]
-28.730347845219047, 0.630724272451437, 1.7472186513399037, [0]
-29.19067186707369, 0.568198348133414, 1.4381866282690288, [0]
-26.921208353459953, 0.5373553002879763, 1.138878364979302, [0]
-27.97486389055152, 0.6696590537290767, 1.2183652868775452, [1]
-29.320224187311656, 0.5063279245056569, 1.5251453196097766, [0]
-28.99788551335305, 0.6145722040460133, 1.2588847060141846, [1]
-28.508736019328026, 0.6165448796203118, 1.290294045454107, [0]
-27.616836376155376, 0.4198693463400777, 0.6260933987975135, [1]
-27.92704732404095, 0.6934072889426265, 1.116309278737968, [1]
-29.134730241299565, 0.610980425828553, 0.21623732856928257, [0]
-28.566282577973205, 0.5089447886975841, 1.0010407786112139, [0]
-27.51720120576, 0.6230431215068997, 0.8595694800590344, [1]
-29.061168468936604, 0.5165007192056033, 1.2244012983593668, [1]
-28.80931641148301, 0.7613260057491281, 0.7389190456152306, [0]
-29.093545908054782, 0.6617426514757379, 0.9451429871692684, [0]
-27.76526433275351, 0.546244981229527, 1.1617736651326946, [0]
-29.611736608081767, 0.7563285890411535, 0.6183049267329663, [1]
-29.820122892569497, 0.5766065074238784, 1.2132243209288336, [0]
-29.86846985693016, 0.39604278673456417, 0.7698081116177653, [0]
-29.387629638762633, 0.6332258836531865, 1.03241665536526, [0]
-27.0301503163707, 0.482621546439739, 1.14113133957989, [0]
-28.67393139847558, 0.6684583367173926, 0.9793248092076605, [1]
-28.355782434463993, 0.4837841474156835, 1.1023222502828933, [1]
-29.328466302830282, 0.792808972124122, 1.4255078947953708, [0]
-28.105804210336835, 0.5415120961038761, 1.3393459067539482, [1]
-28.631810755112625, 0.7917936409990359, 1.1513020376638115, [0]
-29.89296515390378, 0.5556793152777304, 0.7426372469835865, [0]
-29.00264250040131, 0.39054102364244075, 0.895495664144677, [0]
-28.39211136530786, 0.5390962718639407, 1.335342051479137, [1]
-29.747923195504217, 0.6916043923012438, 0.5895455159612419, [1]
-28.63134262607531, 0.6157074357174059, 1.2710487668056556, [0]
-28.356970737907893, 0.6521788759183775, 1.0876388463611126, [1]
-29.41124396183775, 0.5730849551578003, 1.386199898557531, [1]
-27.74207021401618, 0.2990367505760392, 0.9907872285086854, [0]
-28.39097220086572, 0.5891945657515452, 0.9640230362578559, [0]
-28.950076646794976, 0.7227970310284386, 1.342762806683111, [0]
-26.629576569758292, 0.8237358105580561, 1.187185405303416, [1]
-29.55582249593643, 0.38774622001659065, 1.0429386856459923, [0]
-29.352850418616782, 0.8510622734900988, 0.6207678900183566, [1]
-28.47669049173854, 0.8383880523934961, 0.7668131565700279, [1]
-29.063603179844883, 0.7626939040383796, 1.6734214247598191, [0]
-28.758989992898382, 0.8173321309393622, 0.9995671896385732, [0]
-29.118508314481357, 0.42434336813881834, 0.7168916436857685, [1]
-29.886840172313192, 0.7228762332682181, 1.3698396012000014, [0]
-27.72971146992022, 0.6127548201002979, 1.261091520072391, [0]
-29.614175560061554, 0.669758680277995, 1.0171739777725215, [1]
-26.943272813304144, 0.6786282795671676, 0.8169062109560637, [0]
-28.633261199795314, 0.8116308840018711, 1.247742509579493, [0]
-29.571406852527517, 0.44359866188187164, 1.2614910603823895, [1]
-28.65457847001945, 0.8871442407050971, 0.49431423931482554, [0]
-30.7305605757294, 0.7106631154558076, 0.592988557490786, [1]
-28.465795260318238, 0.7152881726693401, 1.14368048736345, [1]
-27.79254229586895, 0.5805119900537505, 1.0558436662897648, [0]
-28.764511227979234, 0.8774484225291712, 1.1004781386872666, [1]
-29.01984269164457, 0.46332316215570435, 0.804104303849019, [0]
-28.288527329623527, 0.6923128986628366, 1.426032845688983, [1]
-29.69420945156449, 0.5376419555629941, 1.0166901962575694, [1]
-30.03380929293814, 0.9073824594611428, 0.6873781968187239, [1]
-28.15465478945913, 0.87721867683329, 0.9380469026706328, [0]
-30.315786589937314, 0.6577057505878228, 0.9752885777092877, [0]
-28.48072627485405, 0.5676767473322284, 1.177297361002139, [1]
-28.255862284728632, 0.7694140169359177, 0.9145649994230328, [0]
-27.859878680659413, 0.5416635844656889, 0.7488105508418382, [0]
-28.462109871637477, 0.6669666886815537, 0.9885409424364664, [0]
-30.500638457860074, 0.6071995580493649, 1.2985728414461688, [1]
-27.785777614815576, 0.7329972098522128, 1.5240698570455153, [0]
-28.167234397690244, 0.5019200741925458, 0.3620578087934338, [1]
-28.626952019786668, 0.5307969894357826, 0.39478833973353383, [0]
-27.60284135012191, 0.5104769335471209, 0.9100970291382817, [0]
-28.998747865860043, 0.2026342527106348, 0.7831824195667145, [0]
-27.85788602938906, 0.5965643427663407, 0.6545050399566035, [1]
-28.599915572611, 0.37400204217026567, 0.7402041189062254, [1]
-29.53468641653448, 0.26356903633968953, 0.7531452795905742, [0]
-29.215428452286012, 0.7568188020795324, 0.46828604793597284, [0]
-31.779940212961485, 0.6331268727629857, 1.0302243660812425, [0]
-29.811074660340804, 0.44120704520162235, 1.0955000663543337, [1]
-29.17983313520716, 0.2438680239138381, 0.7760496594525863, [0]
-29.604881389226342, 0.6423858023001182, 1.5475541695206985, [1]
-30.168552686244098, 0.7420613670670415, 1.101781105398993, [1]
-28.399214888567567, 0.46936934448621453, 1.573194954948958, [0]
-28.082561130470122, 0.7461426823809524, 1.4980073367591786, [0]
-28.857038492553116, 0.36513239218753923, 0.7639801217019373, [1]
-28.266701790046195, 0.678498412091959, 1.1043973277342842, [1]
-28.893084652515736, 0.6375685347044353, 1.5648391463461406, [1]
-29.409778456969136, 0.5449394998089855, 0.9288058337863665, [1]
-28.410686982661076, 0.6878922997134798, 1.456862932783153, [1]
-29.383326145606425, 0.1742589013093353, 0.3441710440140069, [0]
-28.550785828697812, 0.5527583047519189, 1.657477233494042, [1]
-28.904333493783817, 0.6157213989812313, 1.28511254521499, [0]
-29.80557439033522, 0.585346619894575, 1.1549959199454822, [1]
-30.047930431510316, 0.6334300274167166, 1.259036499707947, [1]
-28.6609888502592, 0.5406229621490658, 1.301594392425852, [0]
-29.03008872778355, 0.6582219874400501, 0.9911652907736811, [0]
-29.20274550909023, 0.5861148704167292, 1.1816789702673371, [0]
-28.002749952840855, 0.50089436462546, 1.179383323604549, [1]
-27.19336140493702, 0.654837217952458, 0.69128425798652, [1]
-28.64546292160025, 0.4864765646575817, 1.3372280315673224, [1]
-28.770655828395643, 0.6239881102323527, 1.1036771428722196, [1]
-28.73621763401654, 0.6713849447440936, 1.1116477528984232, [0]
-28.215317305085907, 0.39263495171297935, 1.153766569223921, [1]
-29.241941118487997, 0.7452239778974005, 0.6148245390198985, [1]
-28.179431788486973, 0.7612221849264167, 1.383202512630144, [1]
-30.107047788366547, 0.46007280575020393, 1.3424187298693309, [1]
-27.756810980586042, 0.8341910416974702, 0.6732896624205683, [1]
-28.76856341847051, 0.7083665398114414, 0.9787979155260578, [1]
-28.853052424569196, 0.6072929710168621, 1.3127264473464821, [0]
-28.394286120210364, 0.8267105237414791, 0.9221153712033998, [1]
-28.05913502026668, 0.5741285259968699, 1.0748011256527226, [1]
-29.203682434262692, 0.38257858823449353, 0.4958205699731386, [0]
-29.51220937091245, 0.5719320260321291, 0.7977175481931222, [1]
-28.71301600642762, 0.7157138077987774, 1.4282808200003902, [0]
-28.068567310556322, 0.7355601379808888, 1.307148992802566, [0]
-28.818813218912535, 0.5581072078563136, 1.1609913090349637, [1]
-29.622319165282523, 0.626018970907718, 1.0597713274544254, [0]
-28.58360246468109, 0.7542178407247381, 0.9112301263794174, [0]
-30.566259591605082, 0.5645646160528311, 1.3191551034091569, [1]
-29.705448723740606, 0.6158760596898831, 0.29332675812619785, [1]
-29.44400827423495, 0.5093608762973059, 0.8918013592997731, [1]
-28.24572741962673, 0.5063144594232165, 0.9655109737401396, [0]
-28.02454942310459, 0.24392786401597655, 0.841375008734672, [0]
-29.593581873544732, 0.9896635111596102, 0.6019102792186904, [0]
-27.5036855735652, 0.6482800622721369, 0.8309445610311458, [1]
-29.446723944551657, 0.6432121516840339, 0.9697186933126372, [1]
-29.09965808617289, 0.45384097088271896, 1.055251671929489, [0]
-29.21239902699402, 0.4808577380889926, 0.5881902626515272, [0]
-28.725592466607562, 0.5386179128120658, 1.1890203920285702, [1]
-28.79175894885017, 0.6070310326823707, 0.4976254095681867, [0]
-28.365986029176867, 0.6084740441807053, 0.5132662419241257, [1]
-31.275333945263604, 0.5779955998402707, 1.318810917223455, [0]
-28.414810752889867, 0.6501833240716628, 1.1290549269660612, [1]
-29.923013121490026, 0.4697096349205306, 0.6956955913054548, [1]
-30.746675751564773, 0.6634575513986256, 1.2790778828671674, [0]
-29.09985614722622, 0.5172444719181504, 1.279421833991151, [0]
-29.083130448916428, 0.3528928933928735, 0.5441486012220531, [1]
-27.762577976517196, 0.6450975044592033, 0.2441622444897457, [1]
-28.59378165619474, 0.5259756722418378, 1.0800345006624648, [1]
-28.358025800220734, 0.7749264044102377, 1.267473826247378, [1]
-29.768157673691874, 0.6533907747058147, 1.3133321989868816, [0]
-28.26035377586539, 0.588074321651881, 1.3770604166303535, [1]
-28.42088624408625, 0.5974038471442096, 1.3724317654297247, [1]
-29.17720971443704, 0.5520525922267798, 0.9959558095729311, [1]
-29.297199275364992, 0.6716425467945112, 1.1102499200724756, [0]
-27.940558979448472, 0.7149408400421635, 0.5991270875898037, [0]
-29.811957445406613, 0.5324066745839058, 1.119114822960276, [0]
-29.07615043605347, 0.6172139068098796, 1.1836951086488292, [1]
-29.783249405238763, 0.43746258899049245, 0.8018215729434094, [1]
-27.940932362726727, 0.8944263656062494, 0.9730252757910618, [0]
-28.940982749471637, 0.7154258510222727, 0.4587188104845791, [0]
-29.456252054344255, 0.611162982525219, 0.7104453878744341, [0]
-29.306297836705998, 0.7922650260942836, 0.776638636166338, [1]
-28.972767342023875, 0.7082169407586758, 0.9372797163631681, [0]
-29.045198744704724, 0.7908483524615861, 0.7337346817930351, [0]
-28.08483692983596, 0.6781898688701832, 1.2652377662689283, [1]
-28.99307456821817, 0.7107333625135048, 1.1334396136670222, [1]
-28.293081637176137, 0.6629515865517468, 1.5466980326829782, [0]
-29.491799931589803, 0.7798201666055626, 1.1934217050400804, [0]
-27.368577328876665, 0.30015404707517324, 1.1147264297943815, [0]
-28.252384104735377, 0.6936185596395006, 1.4314031700591723, [1]
-27.079883025413448, 0.627914848276292, 1.1202704355720456, [0]
-31.750655086030473, 0.5959781324453929, 1.0881456972707828, [1]
-28.9145815221336, 0.5489643191262733, 1.664803353102954, [0]
-30.08048124807258, 0.6436960199822171, 0.570806577452235, [1]
-28.915358071880558, 0.413853457644181, 1.066110561549849, [1]
-29.30956374673177, 0.7682064163028589, 1.3711567734219612, [0]
-28.129025141322323, 0.7867474318589344, 0.9795127929469178, [0]
-29.150884373071793, 0.4240615666820795, 1.2484520199583122, [0]
-28.650724601248513, 0.41366764588572447, 1.2867355653330044, [0]
-30.35192134530721, 0.55735203786031, 1.0083612164492786, [1]
-29.060668833552928, 0.9672323875142479, 1.104950120177433, [0]
-28.41227069830879, 0.38299781587720805, 1.0928794491460445, [1]
-29.954104049590875, 0.9075803429304797, 1.3862831066560646, [0]
-28.486067213633714, 0.9782154803646465, 1.4332988155664177, [0]
-28.718644366486004, 0.38598137869688487, 0.7803286989494567, [1]
-26.929905289212662, 0.7321987610391879, 1.3389377626176628, [1]
-28.390166065370224, 0.5317123994919573, 1.5905221376874454, [1]
-30.6818806401198, 0.7525110313814602, 1.1291103814701513, [1]
-28.036091063607106, 0.5109454218441066, 0.9668214112910355, [0]
-28.212547539068805, 0.4745079347436468, 1.421676571312167, [1]
-30.024710653632983, 0.6628164661066913, 0.9766966477750336, [1]
-27.782543326661933, 0.563006330360187, 0.8967366176167817, [0]
-29.825551297145434, 0.5966664518321552, 0.8533854021871482, [0]
-29.819155594958303, 0.6814372672196124, 1.2713355356942109, [0]
-28.591384291950575, 0.7410937746111511, 0.9552978926654943, [1]
-27.9670713240025, 0.5223777932275309, 1.2788872503211968, [1]
-30.387818103231762, 0.62515712608657, 0.9803035704895545, [0]
-27.519253838040484, 0.6123182803830899, 1.0994799597526699, [0]
-27.899388103470436, 0.5456726312845368, 0.6993443035370426, [1]
-29.364008620254683, 0.8579816449664678, 1.3058239899364725, [0]
-27.95164802693016, 0.5338060364813486, 0.7509267486568142, [1]
-30.920156349364387, 0.6355414666621886, 1.1449759049699455, [0]
-28.013985933725145, 0.44189955854923946, 1.557765146083087, [0]
-27.86307496942613, 0.2179754305624913, 0.1856693539046328, [1]
-28.143788258399056, 0.5933278703057492, 1.0704987555138405, [1]
-28.73578141657431, 0.8512244694618604, 1.4503506189437667, [0]
-28.52333924160762, 0.6011947090957739, 1.2091723086563178, [1]
-28.46945378130801, 0.8730637042246466, 1.0345179434996337, [1]
-29.75999397050329, 0.655079628657087, 0.479185106209223, [0]
-27.959175822659333, 0.7144646548294685, 0.4353817519752647, [0]
-27.976765852804988, 0.7940310101813453, 0.8005663085678721, [0]
-28.3574374238734, 0.4800016608477508, 0.8623770646572455, [1]
-28.61194027452026, 0.7811247057281128, 1.3023666132991347, [0]
-28.907810974740826, 0.6056091360526996, 0.8513638770131469, [0]
-30.10723751818697, 0.8140438229947925, 1.014047688836965, [0]
-29.60041077552686, 0.49699515216151513, 1.2627138087851175, [0]
-28.6248150633855, 0.6907779119251592, 1.1836086768701841, [1]
-28.080638461963677, 0.591606674847589, 1.2081024630012391, [0]
-28.831518139633204, 0.6880998040838704, 0.9461301480558826, [1]
-30.536974455215645, 0.5501599853296893, 1.4135506616278477, [1]
-30.754027071223483, 0.6387797730708135, 1.1148281335605688, [0]
-29.37475946724113, 0.8801794068492297, 0.3047065314012237, [1]
-28.71584347704421, 0.6340520733126562, 0.5592712867266189, [0]
-27.85155496207404, 0.7498625417784215, 1.7296868233144291, [1]
-27.381726183755664, 0.5722202526505829, 1.0180175427845104, [1]
-29.273595793856476, 0.8406209084188099, 0.779779648583023, [1]
-30.115757932735416, 0.38682353134196534, 0.675565933003639, [1]
-28.180934857313343, 0.5062959016818945, 0.714775609082718, [1]
-29.445254990647626, 0.5126790887178847, 1.808455165906146, [1]
-28.933387668497403, 0.6719783928314511, 0.8696861231380519, [0]
-28.508853004865752, 0.9376270661604478, 1.2517049787152756, [1]
-29.70689716912684, 0.4950251074216405, 1.1118565557547146, [0]
-28.31852748843476, 0.47087460721400326, 1.13006866875077, [0]
-28.98853946526545, 0.560437993022412, 1.2075530972466946, [0]
-29.491547546337177, 0.6295877413391628, 0.8119385894526543, [1]
-30.254338437861538, 0.7100590510069769, 0.9859491581376152, [1]
-27.037567186245145, 0.5654307177872675, 1.0479565115161105, [1]
-28.593315577210447, 0.6107796786503923, 1.0877592142921557, [1]
-27.89044797105063, 0.6053645412164815, 1.3350021747386722, [1]
-30.08127144660241, 0.8604363554575702, 0.6646480934626455, [0]
-28.287017518995494, 0.6534338987349717, 0.4616069633476038, [0]
-29.531202937683737, 0.7036772325627147, 0.9003315747661039, [1]
-29.018243599048592, 0.7211964544813607, 0.9383083890858177, [1]
-29.8375977918712, 0.5988796301086541, 1.226251064700388, [1]
-28.307035177954422, 0.6404269490839103, 1.3997468202396552, [0]
-28.754159434156822, 0.5950217187420986, 0.8460197215181977, [0]
-28.2106256458571, 0.7696245974147916, 0.6423090156076336, [1]
-29.353645564794146, 0.5911946760268708, 1.334311095572992, [1]
-27.962231820756667, 0.5969051259145822, 0.8970849629407973, [1]
-28.141309020157987, 0.5551857073227758, 1.4604378998444574, [0]
-28.36776201111801, 0.7732022272547378, 0.8366596919029596, [1]
-28.15237766774816, 0.4422665958308073, 1.1517745585737909, [0]
-28.923295768223884, 0.888791758262122, 0.5762110514511944, [1]
-28.391529676899204, 0.7454182078927947, 1.0296346810390007, [0]
-30.735434547141487, 0.6379322957625696, 0.8065161760447376, [0]
-28.41462874302244, 0.7031905169578696, 1.0020830713872275, [1]
-29.562463866280503, 0.38899205483457916, 0.16375715094770626, [0]
-29.914663553043287, 0.39318875169001655, 0.6304014183732097, [0]
-28.57914164954129, 0.4485283363580607, 0.80413206973107, [1]
-29.064735014154817, 0.7267421729009566, 1.2610830000250077, [1]
-29.58226451729242, 0.5239452728093762, 1.113893110130218, [1]
-28.226677043155632, 0.615110207044921, 1.5856219764040487, [0]
-29.00772304610656, 0.4806995941224903, 0.9328602864643258, [1]
-29.66056531237336, 0.3465477006579173, 0.8831724071566281, [1]
-27.848611998283758, 0.19670517014580302, 0.2478619219967529, [1]
-27.958902137077693, 0.7233705229602281, 1.0609808160740988, [0]
-28.789410936519936, 0.5374601264982857, 0.5788237334951525, [0]
-28.865824104292923, 0.5151401700100289, 1.2909345356587383, [1]
-29.667867619700502, 0.5619374894244982, 1.8150462336301632, [1]
-29.278829414265434, 0.8056677433158521, 1.5192307772345086, [1]
-28.40177906770702, 0.37021559990291253, 1.2777192972895448, [1]
-28.60431437171428, 0.32850968731315067, 1.267134616524206, [1]
-27.980571961138928, 0.4147098156625424, 1.3197170974205785, [1]
-28.006181344399558, 0.5965269869250824, 0.9349589547344895, [0]
-29.425043290933658, 0.6422734412264954, 1.2064636848904633, [1]
-28.706307034503517, 0.7258814826139849, 1.3659941214212177, [0]
-28.123203915971125, 0.8310406427711813, 0.6150832582385033, [0]
-28.575969034755413, 0.7792818526128084, 1.119359564534405, [0]
-29.02792017107959, 0.6034796042640888, 1.6296835426540985, [1]
-28.36876076371804, 0.6271825556021715, 0.8436009559101435, [1]
-28.004344611764953, 0.6986261581856248, 1.1150823272035104, [0]
-27.97983929127129, 0.5758074345520513, 0.7269514165808607, [1]
-30.534542966850744, 0.5767835853434581, 1.531335425525501, [1]
-28.49395637107977, 0.547879085713617, 1.3338807182918906, [1]
-28.734583410371325, 0.5634871791998863, 1.0507521531280914, [1]
-28.486039002065155, 0.6383597021730897, 1.157422169492539, [0]
-29.32992425355396, 0.5310486559807062, 0.7222698430988934, [1]
-28.254938104106724, 0.4985649642423258, 0.6754447572652167, [0]
-28.455642814575842, 0.4951502045998799, 0.7244568888090004, [0]
-29.970802595929673, 0.7566954808927819, 1.4908213638264132, [0]
-28.343151722293058, 0.5367676829949841, 0.2918767669888931, [1]
-28.851528706077016, 0.58647224141167, 1.1525833040201272, [1]
-30.564142964505425, 0.25274976516913666, 1.102667026454839, [0]
-28.848454768819945, 0.7176424733453761, 1.3494989193405398, [0]
-29.36150013484957, 0.6921320033928091, 0.5403657743664905, [0]
-30.468209312652018, 0.278482253177476, -0.11505949715922822, [0]
-28.528735564265844, 0.6716606671596727, 1.188792036058092, [0]
-28.335219806589276, 0.6323070706988891, 1.2056350485569958, [1]
-30.896689699099323, 0.7217016120557225, 1.365385930248979, [1]
-28.830320236293023, 0.6274609668390821, 1.2006173677148708, [0]
-28.45883525880864, 0.7137822045372263, 0.7767540960841398, [1]
-29.079384059508065, 0.8759285001729606, 1.2360718323388726, [1]
-27.535411823764218, 0.6929986735302178, 1.0173922679058711, [1]
-27.472513976643008, 0.6736597240407074, 1.119047530543441, [0]
-30.02277214978859, 0.6952406227283181, 1.1084935668256317, [0]
-28.920059263110346, 0.5341696857317871, 1.6132306674464623, [1]
-28.627973263052446, 0.7413871042366299, 1.211524856798428, [1]
-28.67672935129734, 0.7094694150009097, 0.8179885405858909, [0]
-28.938798178494885, 0.6179845748038852, 1.3715330069781513, [1]
-28.501976509532717, 0.6248085157027816, 0.9478309590854909, [1]
-30.70325785742687, 0.7380897276671595, 0.8646515000444637, [1]
-29.063898853731825, 0.6106567621174606, 0.7623283564833646, [1]
-27.791091036423122, 0.49739652250466276, 0.4502203966825136, [0]
-29.08040984298631, 0.7004774960952448, 1.354931959097717, [0]
-29.36842918723501, 0.4102848643527503, 1.3055010102531928, [1]
-30.201993499301345, 0.5128533683077746, 1.7225729008052382, [1]
-28.24980462599683, 0.5256381370382678, 0.996605396496077, [0]
-28.866636109065894, 0.46794024204608686, 0.5405046883510429, [0]
-30.291979392373797, 0.4042061523896782, 0.8440109447804409, [0]
-28.45372555667048, 0.5992738011220576, 0.834207952512408, [0]
-27.793491544005292, 0.4744446217593801, 0.8828129959840881, [1]
-30.293337729385275, 0.646523100759969, 1.3793638344582755, [1]
-28.614529636067637, 1.13705283289549, 0.6324339070724987, [1]
-29.977269191779474, 0.20527584683181488, 0.38929945282717804, [1]
-29.257691880341884, 0.7220640608545538, 1.1480184998396994, [1]
-28.008005415266677, 0.680889506756891, 0.8435025780459661, [1]
-28.518493692638735, 0.5525180133636229, 0.7350451555086194, [0]
-28.759924815159657, 0.5885378658590291, 0.5946206441085207, [1]
-28.723653488370946, 1.0072204890141436, 0.9908019508743595, [0]
-27.830337340688114, 0.37360071696290215, 0.6552803240248231, [1]
-27.53819005471206, 0.36288197057405813, 0.801785860684189, [0]
-27.470132656881802, 0.5818184193776077, 1.108342942936082, [0]
-28.884872763296865, 0.6452954898357117, 1.3812883917006245, [1]
-28.177793661496, 0.6127599564424762, 1.3189113557682264, [1]
-28.26176534400312, 0.5921315171438492, 1.2489383728655787, [0]
-28.596583620166438, 0.4873204774105203, 1.3077495602530114, [1]
-29.039164459010617, 0.6450516210248047, 0.7568410404039065, [1]
-28.673351499884337, 0.40876161053149823, 1.268115897488926, [0]
-27.294626712322586, 0.5904732442080705, 1.0495422065392155, [1]
-28.18238077343921, 0.4131983066896334, 1.2256903248322242, [0]
-27.520768639114465, 0.8382344328042024, 0.8738142409809967, [1]
-28.425361332610724, 0.6762513734857387, 1.2755175248390018, [0]
-28.768794529956303, 0.9124231975801432, 1.0024979270516987, [1]
-29.24061970122439, 0.625926738788712, 1.311507646533572, [0]
-28.60421617834575, 0.513011875761144, 1.0498854400801287, [0]
-28.275373977587915, 0.8929298861316979, 1.2088005802674051, [0]
-28.52547971064085, 0.5705669381083104, 0.6001005234162082, [1]
-28.40250743951849, 0.6015338065816827, 1.213565348262426, [0]
-29.857169946421514, 0.5144250346313607, 0.84687962711957, [0]
-28.30824077205938, 0.6995005064077361, 0.9749608789180237, [0]
-26.895873308104324, 0.6374170108294654, 1.1043511916328175, [1]
-28.732990744889843, 0.7438222000241645, 1.1790957916111593, [1]
-28.575259068643273, 0.5904413398703863, 0.8860670572102596, [0]
-30.476829540703488, 0.7412067958865586, 1.0745030509775662, [0]
-28.704013376508126, 0.9333346665218484, 0.5211973548050834, [1]
-30.51327380283708, 0.42036807254885294, 1.295421001947004, [0]
-28.238948465200917, 0.5485128154201186, 0.7879292774280585, [1]
-28.491651646435255, 0.4885936326052167, 1.3211638081832762, [1]
-27.583975585660426, 0.5213620048999338, 1.3114845346226218, [0]
-27.02225680391198, 0.6587613162225965, 1.1848787492822357, [1]
-28.79275774750359, 0.6795394770860949, 0.6175380930959068, [1]
-28.954739909182205, 0.777182715306906, 1.1538064971043491, [1]
-28.95634961133865, 0.6925066769438275, 1.0775215038921315, [1]
-28.30510460350334, 0.5505367823173493, 1.3561572655457503, [0]
-29.73307078277904, 0.5901537793194997, 0.9791439435050773, [0]
-28.37716178958127, 0.7920365792336298, 1.144925487709728, [0]
-28.872056170951243, 0.5685968568749598, 1.0497240413789912, [1]
-28.780886241772137, 0.48157299331676456, 1.023599112275375, [0]
-29.28704694436296, 0.8001532662688087, 0.8331293859569868, [1]
-29.030416525121524, 0.4350513555724471, 0.8601029556491413, [1]
-28.599324165460576, 0.6571938040803138, 0.7767527437208952, [0]
-27.511207813679157, 0.28965450905242235, 1.567026508309326, [1]
-28.179293211226312, 0.36388949365936285, 0.5509903842813733, [0]
-29.92503105607341, 0.5728189693167522, 1.1922021560056635, [1]
-27.8121388798685, 0.471993391925097, 1.5857933493902179, [1]
-28.59331677228604, 0.7110634138419295, 0.493410297453302, [1]
-27.499085361538604, 0.6416943636284668, 1.1729080999474717, [1]
-28.533052543203038, 0.6471715198090515, 1.212339402382179, [0]
-31.617747912376444, 0.571080160285134, 0.9166686576016972, [0]
-27.551635264941304, 0.5406121255312879, 1.1274165079464886, [0]
-29.05627901975438, 0.6514782768982552, 1.1225733341502442, [1]
-29.726404869093646, 0.7024306229415174, 1.1200465372373531, [0]
-29.564700122941733, 0.6289705706268045, 1.3478683333495796, [0]
-29.04329285165355, 0.5504161826522854, 1.3323991914141051, [0]
-30.239637073515237, 0.21785880398621382, 0.7164631229196334, [0]
-28.46586256728704, 0.663437514240152, 1.5709196645411594, [1]
-29.336184582657214, 0.892229098920739, 0.2869655628193146, [1]
-28.286725703120176, 0.49734501609215975, 0.8940540388314044, [1]
-29.27000230708154, 0.7438489512677711, 0.909513563865545, [1]
-30.938624056413342, 0.6071593164432156, 1.283225069884335, [0]
-30.504194796346404, 0.33657033280406845, 0.9791482200291516, [1]
-28.88312695805707, 0.736407330741393, 0.7926283733439554, [0]
-29.00214912816676, 0.7913336487351983, 1.0511778148588915, [0]
-28.15855631833911, 0.3925011110597376, 1.3963249629394647, [1]
-29.618575532108576, 0.24965217194701556, 0.693225222723464, [1]
-28.646855698467085, 0.5015027711768174, 0.40645822576402435, [1]
-28.32915215791922, 0.672547194750372, 1.5646305041556519, [1]
-28.252542555821083, 0.5058881783041826, 0.9732520934621688, [0]
-29.9258986045346, 0.5297554845099305, 1.3026248756257839, [0]
-28.754031976319787, 0.9148615874477903, 0.4375982096771923, [1]
-29.395246819230522, 0.4615272308795963, 1.0659049957980387, [0]
-28.41462476926458, 0.5671197840637539, 0.7517818725692902, [0]
-27.3676454342215, 0.5912753989508581, 0.8351279934925904, [1]
-28.38713293983339, 0.8225633641311098, 0.8651298249791877, [1]
-29.989705836765605, 0.78409710188169, 1.5110787972869892, [0]
-28.527212465612667, 0.45989743495652236, 0.7936431461343176, [0]
-27.7179728589811, 0.5404328073542175, 0.6644982111407323, [0]
-29.873930764667477, 0.713471408088063, 1.4054012725858598, [0]
-28.25258806262153, 0.6194183568105082, 1.258797557155935, [1]
-29.28159589562543, 0.6159161723821409, 1.0291262302955717, [0]
-28.778233543607282, 0.556401528884108, 0.8705819295956603, [0]
-29.591234284233472, 0.5756722764667713, 1.0015068748323772, [1]
-29.611101809080665, 0.6057433150592273, 1.374805446729784, [0]
-27.71290770773383, 0.6123569816967174, 1.2280124142979776, [0]
-28.46014089903012, 0.7623990858793789, 0.7964351073486527, [1]
-29.151843782276327, 0.7162762987821906, 0.9838210625127741, [1]
-29.2268079936126, 0.5180145276746749, 1.1937540970462357, [1]
-29.086893627826164, 0.6818252679213703, 1.2711720412033478, [0]
-29.764439501428665, 0.56854229193307, 1.0085530140999648, [1]
-27.880849246653742, 0.7175775131824284, 0.4751835956985938, [1]
-29.09124354352375, 0.6195229400326006, 1.1305075546747652, [1]
-29.541124835112036, 0.5970725618632716, 1.2217969915935325, [1]
-28.92950751343267, 0.7963656671518154, 0.8694592943812967, [0]
-29.235680376490656, 0.8776675861877146, 0.7392675774670165, [0]
-29.127081589302545, 0.7060454106279032, 0.7531167911514417, [0]
-28.47807098867211, 0.846193736545069, 0.24409459530863253, [0]
-29.24654963062229, 0.7707107007209508, 1.062594241137745, [1]
-29.223423597383402, 0.6801869071179725, 1.129249140335608, [0]
-29.934905146751504, 0.8768356932214951, 1.0662758067547704, [1]
-28.303698880543706, 0.6931994019548376, 1.087453204247785, [1]
-30.248347248310637, 0.7203010870542494, 1.585943003831047, [1]
-28.069953266564188, 0.5727080869115764, 0.9762811379097882, [0]
-27.974994266647272, 0.7070925136640118, 1.2416117172095715, [0]
-28.389305367667028, 0.4362664739556515, 0.4556042100180056, [1]
-27.99697158620818, 0.6669554511787625, 0.7359186442047833, [0]
-28.3800470812818, 0.9232819890190331, 0.729345904332553, [1]
-28.034559274116475, 0.5414124502136093, 1.3365911267937178, [1]
-28.088123474209414, 0.7298043296604102, 0.9039185996907393, [1]
-28.35677848415732, 0.8090084907763058, 0.7605946295557593, [0]
-29.515153543110802, 1.2514777467372908, 0.44499659104650663, [1]
-27.56661912846485, 0.6420142388267573, 0.501647660676368, [0]
-29.832217993664774, 0.6486110950414112, 0.8702940601792926, [0]
-30.606747430651932, 0.716958703386346, 1.1573261158852937, [0]
-29.589161043784117, 0.5980902493482401, 1.337193073964652, [1]
-29.693571445780478, 0.5790769275574906, 0.7262287616485106, [0]
-28.44849464705683, 0.7520079429774201, 1.25467409691946, [1]
-28.181100410930302, 0.6361818907815388, 0.6518278674131366, [1]
-30.56871661798432, 0.6391065094468313, 0.977436299966286, [1]
-30.126782147198707, 0.5890294378843165, 1.1575286227060486, [0]
-29.185007573005887, 0.6403963981516237, 1.233276399931333, [0]
-28.908549006922488, 0.6591032136725354, 1.3249914385373642, [0]
-28.944492448424977, 0.5581076750281081, 0.9471414390668875, [1]
-28.28844427147071, 0.8235317022546684, 1.402367518381492, [0]
-29.20130149577607, 0.7552893829478686, 1.275130628436687, [0]
-29.32167423622518, 0.5897414429417197, 0.787191172346678, [1]
-28.152819200649727, 0.5504976290155578, 0.738984474702125, [1]
-28.107895216817052, 0.6744358999652487, 0.9319253460880591, [0]
-28.6127688233531, 0.47191199083049107, 0.7504012089371569, [1]
-27.949523041890057, 0.8822157795145225, 0.09898068436160823, [1]
-28.934459717528842, 0.5967054709417958, 1.5544321656367828, [0]
-27.343773489531813, 0.5119648393716091, 1.0433473050845896, [1]
-29.337955825308708, 0.7806971675821992, 1.4299812907707659, [0]
-29.260898345858614, 0.4615520114146584, 0.9090450843339376, [0]
-30.729071303718182, 0.9063535532336213, 0.4836526194725821, [1]
-27.70981171003398, 0.49650920758869344, 0.6328569214797628, [1]
-29.507333369628, 0.6694010199118741, 1.4903473111854035, [0]
-30.85901340568924, 0.8894392211767885, 1.1873759462142577, [0]
-30.08545279172051, 0.5019092785757523, 1.2212318975055065, [1]
-29.0377394279602, 0.6121516299513016, 1.461772653401658, [1]
-29.641282536863795, 0.8062025188496419, 0.2338965494148215, [0]
-29.727284074872053, 0.5157859744677608, 1.194124941250271, [0]
-28.872050923073193, 0.7071663463541626, 0.44975388291757223, [0]
-28.801979732975497, 0.4985149137108291, 0.08896125426320675, [1]
-28.8442397177271, 0.4897775801071952, 1.0364579344682296, [1]
-28.742718382150837, 0.7596950907355279, 0.7985418982878322, [1]
-28.82794981569351, 0.6875859423534674, 1.0622019483535172, [0]
-27.324873760685502, 0.9148348575355713, 0.5011591438891546, [0]
-28.96615109397122, 0.7634073764620896, 0.9326267056161999, [0]
-29.185422204418057, 0.5236684831848588, 0.8891183677834726, [0]
-28.719766675354546, 0.4715913698623935, 0.9705562513949078, [0]
-28.1017083245286, 0.565532871298581, 0.9908619924530695, [0]
-30.616920248098697, 0.8780236291103366, 0.8828366010432189, [0]
-28.900737301301515, 0.7003310271032064, 1.0898285595145296, [1]
-27.63042356818415, 0.430776764265945, 1.0992615840061382, [1]
-28.925051731558803, 0.8163165451562657, 1.052490296299289, [1]
-28.448413239270362, 0.5254972350005747, 0.9092873858190271, [0]
-28.304866988949623, 0.5088324326912457, 0.417794570702395, [0]
-27.975064625924258, 0.9319243017450964, 0.8427742613254039, [1]
-27.73564430506474, 0.47552729483392664, 0.9921352469946376, [1]
-28.875801335469117, 0.5294268523713153, 1.2152112997281819, [1]
-28.916694298141437, 0.9317644105127967, 0.8923350031772552, [0]
-28.744715953582467, 0.6467783226216923, 1.1058739467101837, [1]
-28.230924405355953, 0.5759088933276595, 1.1956267492701667, [1]
-28.676758117218256, 0.343268183575839, 0.8377376139307409, [1]
-30.109822951578398, 0.8866156773813703, 0.8634384157007378, [1]
-27.728795451958764, 0.6738005748375393, 0.695395377028886, [1]
-29.33788782745649, 0.9030950537202115, 0.7172794073473379, [0]
-28.263929888295753, 0.7444173994999408, 1.0602305365666547, [0]
-28.21082337488477, 0.7903413052631515, 1.464083777817962, [0]
-29.013052789058786, 0.5764729765153923, 0.8567785257628057, [1]
-30.151097538097865, 0.7053215553428215, 1.2401433794141294, [0]
-28.557877909503354, 0.7178727594951467, 1.0311231171830135, [0]
-29.389298981535045, 0.6986601738855874, 0.7207587080394837, [1]
-29.117485951739347, 0.47335750066172433, 1.134623790454584, [0]
-29.514821195884096, 0.9320904431736452, 0.607149770167008, [1]
-27.68371314973068, 0.4368572612623225, 1.4933769705490705, [1]
-28.049650534788835, 0.4377102823327391, 1.1059414541781998, [1]
-30.14695846508835, 0.6012896375240657, 1.074885350575698, [0]
-28.737496637798962, 0.5920733204780705, 1.0158366181153533, [0]
-29.084193796886552, 0.7531920987461174, 1.0868707720873179, [1]
-28.39437382245277, 0.7613841059750474, 1.3342521332735178, [1]
-28.503959526635253, 0.9322048051443346, 1.738477599195907, [0]
-28.169501396207234, 0.5642613190556002, 0.9706945449466657, [0]
-30.59867964686279, 0.5534483644960784, 0.5659914524591602, [1]
-28.904077683978997, 0.6178337924708253, 0.9812932254570332, [1]
-28.41703132430101, 0.9043867940445471, 1.0521245313682692, [1]
-29.958287671905317, 0.9135111348419358, 0.7426700533441788, [1]
-28.48638202964266, 0.7907133072623437, 1.1749757777169636, [1]
-28.373429563400276, 0.6357407623808286, 0.8349977943948964, [0]
-29.962199340984398, 0.3408894966487826, 0.5345715399424862, [1]
-29.800728585212756, 0.7035626177175345, 1.3193375465237662, [0]
-28.967684841281553, 0.8056612062516626, 0.5825206601701163, [1]
-28.55134053733861, 0.4298273814020832, 1.077592119277384, [1]
-29.845763661251684, 0.4711720695329963, 0.512901015741327, [1]
-28.424355007231, 0.782635418279768, 1.2160836977253953, [0]
-29.203168150865658, 0.4084462318756953, 0.9522638828769783, [1]
-29.719551600518557, 0.6980706342177103, 1.0254487939162, [0]
-29.33689360381318, 0.4517583176034141, 0.9835282862986627, [0]
-27.53724930871147, 0.7113438931868132, 1.3637073920891876, [0]
-30.84243232203548, 0.5353872782412731, 0.9618443793225685, [0]
-28.11800350096148, 0.6522781162042515, 1.136909582647382, [1]
-28.707135921702807, 0.4284307568049672, 0.7383975303438776, [1]
-29.711548735672903, 0.49326052570165363, 1.1955155604242382, [0]
-29.705927202965384, 0.8982822762831091, 0.9036375167308383, [1]
-30.563663222144516, 0.7728386585666059, 0.8660034162569183, [1]
-28.888735021685562, 0.7142914323063774, 0.7331824669033551, [1]
-29.985586465450353, 0.7461723667733351, 0.5790456614260198, [1]
-28.871987047628757, 0.7576618363799517, 1.1078655645691717, [1]
-29.570747825596694, 0.3562505104415076, 1.1352396281057195, [0]
-29.449387291664447, 0.4438948442181565, 0.6559862690416923, [0]
-28.697000915392234, 1.0029158080316596, 1.1225544034823542, [1]
-28.28185058709681, 0.7408771039235089, 0.9595669559207985, [1]
-29.683915191886285, 0.6115978500530498, 1.4656804487219226, [0]
-29.697217355437118, 0.3579896786669016, 0.9940721923737748, [1]
-29.26698157500463, 1.083459913054929, 1.244462737213916, [1]
-28.992533283866535, 0.654649354183879, 1.798645858458426, [0]
-30.809969163698366, 0.5784631145514108, 1.639146396376384, [1]
-28.370941118266785, 0.813040126653646, 0.9050789553559753, [0]
-28.29566103772267, 0.7693209320180023, 1.0523796824649365, [0]
-28.749015899189036, 0.4338228811200954, 1.7367814968515696, [1]
-28.809212345660146, 0.6697139250402595, 0.3658054140706518, [1]
-29.469813732842287, 0.7167844433881629, 1.393326304629611, [1]
-27.46785557483218, 0.7006535678310261, 0.9193732388991487, [1]
-27.969643749403524, 0.5363445475363934, 0.9572830224326161, [1]
-29.190791108498924, 0.3129173591299119, 0.5862591571636103, [0]
-27.480165335512243, 0.6122318649096201, 1.4411718610806774, [0]
-28.988822494681266, 0.6427090271059603, 0.7251520212554551, [1]
-29.165814442612852, 0.7092776407527096, 1.1811928288760236, [1]
-28.785315349399767, 0.5547806171430252, 1.0999341465180952, [1]
-28.668956398615826, 0.7179632341820161, 0.01588300724948387, [1]
-29.056533592709656, 0.5902287549244711, 0.8093710918160915, [0]
-29.845236393029857, 0.6327012309397475, 1.2421772799613422, [0]
-28.680971693637563, 0.39005624225225266, 0.7385096996313668, [1]
-28.61599294686895, 0.5706907812164141, 1.4380710397907275, [0]
-28.95469973242855, 0.8862018757601878, 1.1516347036093653, [1]
-28.455692210118453, 0.6487927236432787, 1.0775524778403331, [0]
-29.810945902771067, 0.7411438684473555, 0.8430850758111406, [0]
-29.793759974837894, 0.40178476346047, 1.0104073426211038, [0]
-29.350115700060297, 0.5101687176037412, 1.4711293151145517, [1]
-28.827309441263377, 1.0175330555316484, 1.1472523377313406, [0]
-29.424054132625074, 0.4127464629297821, 1.232432479649346, [1]
-28.361651925989552, 0.8853322394592283, 0.7261548138692622, [0]
-30.01010633279559, 0.46858819162403975, 0.435314673401088, [1]
-28.49468295636022, 0.8309920834346083, 0.9621064688022798, [0]
-29.623591333703757, 0.6303574040973446, 1.3048941611518965, [0]
-28.570962469589304, 0.6096024656484389, 1.5777283349203906, [0]
-28.484231975851884, 0.4782812909413517, 1.5109826939977202, [0]
-29.675572581913848, 0.36567569637816266, 0.9341192124654016, [0]
-28.323554942274498, 0.5974553884672864, 1.1012182574000318, [1]
-29.65074372263536, 0.4344986853727863, 1.030267256155076, [1]
-27.94700772987196, 0.5233895344825493, 0.9313742429015819, [0]
-28.050171774827398, 0.5452497975635467, 0.7562607121378917, [0]
-28.583042768261514, 0.7409532180708496, 1.0807280765895697, [0]
-28.614318986215086, 0.6197155120402748, 1.1592133981372306, [0]
-29.540970986170677, 0.7469598024429391, 1.080878867267473, [0]
-28.32695436607747, 0.64591193478003, 1.1245841054141599, [1]
-28.570516561647622, 0.6699820330120341, 1.769060910849606, [0]
-28.63163938653088, 0.46194729525239436, 1.0664251246831586, [0]
-28.122129410976562, 0.46310742229677604, 0.832397462682448, [0]
-28.96088735587139, 0.3677604160391906, 0.5784018981183096, [1]
-29.963650379010403, 0.6806309891466455, 0.57446707877817, [0]
-29.214919788524476, 0.602040938664539, 1.4947031932235857, [0]
-29.051186529048923, 0.44380287722866085, 1.0944379391858265, [0]
-29.921261661295457, 0.6147760905148008, 1.3153903684402712, [1]
-29.668861934527698, 0.6287726092599656, 1.0603331354337062, [0]
-29.879241685193385, 0.6215954555439173, 1.3145505534204047, [1]
-28.548467210278737, 0.4730193032398804, 1.4371331029818597, [1]
-29.69667506007922, 1.032682615262146, 0.7540065346740361, [1]
-29.07732267153651, 0.685203533775393, 0.13850576546797444, [0]
-29.964090144556792, 0.5628246890194907, 1.01232593399076, [0]
-29.717226658344696, 0.7974721035556995, 0.7151604818850275, [0]
-28.000236453852565, 0.49389292912327276, 1.1468390764619805, [0]
-28.63948999451418, 0.48579849313158996, 0.7068960817902696, [0]
-29.561894675542593, 0.5345429387439425, 0.9581224858063759, [1]
-29.636978255150936, 0.3350137462159307, 0.8965978952505423, [0]
-28.29705028505159, 0.7774121730110791, 0.5491513165059103, [1]
-27.8685673260624, 0.7317010712518404, 1.2545918786927404, [0]
-30.96856190841272, 0.6029450212798373, 1.1140919271821197, [0]
-31.997068912510766, 0.5545965864030533, 1.0316686756472995, [1]
-28.228033283018434, 0.680300942300116, 0.8179370189127713, [1]
-29.41430680474368, 0.41960932658287575, 1.5520996536682845, [1]
