t=0.10570891394162928
logZ_t=-29.985795513432873
-36.927752789458374, 0.6762185962339817, 1.07344073660689, [0]
-36.77619516807203, 0.580991794869633, 1.1611729672711042, [0]
-37.792880926646895, 0.6259944095939808, 1.1550942873211172, [1]
-36.92452728009796, 0.5697676530754832, 0.884642300438774, [1]
-37.9636874251718, 0.6812480143305013, 1.1006599231968919, [1]
-37.137901390821526, 0.5806811812050539, 0.7033686190803986, [1]
-37.39732554515103, 0.5604403399547153, 0.8686428629620857, [1]
-38.34229670291804, 0.6283641357419991, 0.8566918319954168, [0]
-36.72703722054913, 0.529985915815628, 1.0851583775986269, [1]
-37.32148546594573, 0.6174813702597104, 0.40891213222961753, [0]
-35.96274292664925, 0.6344442567545464, 1.1799312278395975, [1]
-36.983400151905975, 0.5764913479387407, 0.468431729135611, [0]
-36.79339175147305, 0.6150591673429846, 1.1566350882384924, [1]
-37.2538346075141, 0.5984661846806901, 1.055716742260825, [0]
-37.26194072429089, 0.5109252975925794, 1.1445909268624057, [0]
-37.563864950819145, 0.4141079615857159, 0.6743814518406414, [1]
-37.01109618435977, 0.5258750294255912, 0.838234977257384, [1]
-35.56257924550023, 0.4324907853202905, 0.9491577564886847, [0]
-37.26685255869584, 0.5711112720951828, 0.9329708467339681, [1]
-38.1280090496908, 0.6053434762218401, 1.1295530177967918, [1]
-36.322172918836394, 0.7275469661140663, 0.8582336755310869, [1]
-38.64529618893488, 0.6478009755254489, 1.3596189857085434, [0]
-36.76185772810422, 0.46607477948036047, 0.7299611278731243, [0]
-36.78568952984151, 0.5441955411389052, 1.3587946915715552, [0]
-37.86513188452425, 0.3577735137220262, 1.1392727346356972, [0]
-36.305300105051614, 0.4373873740333774, 1.0138539681207515, [1]
-39.07660256469682, 0.6657164669763714, 1.2780199619932644, [0]
-37.14120177243342, 0.6232852873568631, 1.2153690751651005, [0]
-37.23639562905941, 0.6315487230747641, 1.0292821043357823, [1]
-38.40883250836281, 0.58343934694889, 0.927569739624537, [1]
-37.14603884054522, 0.7299086186183439, 0.9063082130851425, [0]
-38.0689713873534, 0.598698221694684, 0.8226072746567361, [0]
-37.860571298803045, 0.40470180589301363, 1.162969614304547, [1]
-37.17468963888913, 0.64526906888408, 0.7033993227058728, [0]
-37.81790021346827, 0.5878973104288403, 0.8344824868286883, [1]
-37.14204083735536, 0.5224767630452367, 1.2402170742352054, [0]
-39.467458829448866, 0.9091325072880204, 1.261890299778851, [0]
-37.576540687445544, 0.7573391583219491, 1.1319577518242823, [0]
-38.679781741630016, 0.5223824814050192, 0.7562255094568298, [0]
-37.442029272236255, 0.5723054514701829, 1.3147198579939012, [0]
-38.006753304284096, 0.3914722920885987, 0.9505288548993662, [0]
-36.872316249758555, 0.6131970949344753, 1.3123017830560768, [0]
-36.82009047380971, 0.5073717815925932, 1.5438223686261947, [1]
-37.5234005235338, 0.6113850089980932, 1.1113062537203957, [0]
-37.03484683510327, 0.7885636486553362, 1.0072603849127462, [0]
-37.40463446347245, 0.6654592702378511, 1.209067953043985, [1]
-35.44130813406288, 0.42489816900723804, 1.149466636795088, [0]
-37.34032967088073, 0.695015619545513, 0.7870141697062261, [1]
-36.608649177101235, 0.6219330879285554, 1.1339187797193555, [0]
-37.500050489756816, 0.6270963726623573, 0.854017914945053, [0]
-39.62697998441616, 0.3997753328823316, 1.2831817380789547, [0]
-36.75476694440086, 0.7931895111127081, 0.9854947566556832, [1]
-36.290706849233295, 0.6994081528197943, 1.575884618160492, [0]
-36.92287462964139, 0.7917924265337538, 0.6454801459480267, [0]
-36.04123045380766, 0.4926453894544475, 0.48798426711665355, [1]
-36.59292198823638, 0.7279952305808646, 1.123000576373757, [1]
-39.04005340206515, 0.5443930498138332, 0.9965504202463151, [0]
-38.33318731839223, 0.6391068496124969, 1.0426828690703913, [1]
-39.32761307181247, 0.8283373800674811, 0.776024729018244, [0]
-38.54236683454847, 0.6213869715707292, 0.7601122143570743, [1]
-36.661513826428745, 0.6651929619762025, 0.9783144663035497, [1]
-38.76341130999527, 0.4807632650082326, 0.948865511858448, [1]
-36.467705326307005, 0.7725834530595294, 0.48615676592228896, [1]
-36.07266480449937, 0.7590191247481792, 1.077485431141434, [1]
-37.238885833922104, 0.5846025104122546, 1.3317095141390807, [1]
-36.5616931897893, 0.6819980345524594, 1.183679836054431, [1]
-36.535167932503114, 0.4895272106600238, 1.1145764450844144, [0]
-36.56760313245361, 0.7959235804612209, 1.13048034621528, [1]
-36.89115807379148, 0.47912769393135624, 0.7990587775441395, [1]
-37.26467153693508, 0.6848926062365432, 1.2099032677288877, [1]
-35.498769352814556, 0.6912216359144044, 0.8031685415801794, [1]
-38.193130623769925, 0.6071977881046916, 1.5985440116899536, [0]
-38.178317753016024, 0.9540017003727665, 0.9965340875150385, [1]
-38.83076509853832, 0.6976273012248895, 1.4037721968357275, [0]
-37.97510837351775, 0.7018742812171954, 1.0353290095504901, [1]
-37.24255070166603, 0.5583944385858678, 1.1348558762068375, [1]
-36.890980127470144, 0.5811936768234517, 1.0485059703481934, [1]
-37.79267085855217, 0.48539017695383413, 1.1341332734328748, [0]
-38.43191021595247, 0.5039939639277736, 1.2712904284526965, [1]
-36.95713488931233, 0.6031155947938666, 1.4841096124039865, [0]
-37.62041439400553, 0.7299018563181944, 1.1206657592348268, [0]
-36.057642908091964, 0.4352797633885776, 1.26783120070164, [1]
-37.059299774328146, 0.6909908764843352, 0.4556748225609554, [1]
-39.969338597234355, 0.4234109451695104, 0.9496543226750694, [0]
-38.57723282905425, 0.6090386885744921, 1.0805133562103575, [1]
-37.56178189287237, 0.6110768755618453, 0.9915977182912284, [1]
-36.2771502329514, 0.7132805822328208, 1.087641543014029, [0]
-36.68579730967778, 0.7563990351335614, 1.3415277569166597, [1]
-38.66470903019087, 0.6953526732976021, 1.2668900286457028, [0]
-37.30475466556666, 0.7943936222210924, 0.8672259340808557, [1]
-36.43072999291224, 0.759757922910786, 1.1580472780854074, [1]
-38.03971045444692, 0.613177705927963, 1.1544261823051425, [1]
-36.90031310023023, 0.7629461906447585, 1.2327526461346845, [1]
-36.167677995234605, 0.6558926860936409, 1.1677863316153203, [1]
-38.240498992990126, 0.4886488261673465, 1.321733054132629, [1]
-37.39982614527139, 0.6773802280167666, 0.6469908590241207, [1]
-38.6954357019845, 0.47707581840142127, 1.0426429377607689, [0]
-37.74224269352452, 0.631872550736499, 1.1705377287365242, [0]
-36.98561266093521, 0.47019492079191694, 0.9682320160450444, [0]
-38.399637711076714, 0.6149534774871125, 1.3040734349503922, [0]
-36.279642149716175, 0.6540013209180942, 1.1764530224130638, [1]
-36.110419025425045, 0.5420081017976955, 0.977247139180454, [0]
-35.57354966129175, 0.5261124283962708, 0.7984498927062428, [1]
-36.50850198688222, 0.6946330318940053, 0.8677971876915349, [0]
-36.686386584556885, 0.5219588530565372, 1.1089975363773017, [0]
-38.47681976118025, 0.8092485589267363, 0.8576444287577445, [0]
-36.4256731741753, 0.6051953631546139, 0.730308564365768, [1]
-37.41507381224435, 0.8621263742561998, 0.4493437090621495, [0]
-36.89898421515067, 0.6410581329808638, 1.354054686054227, [0]
-37.99032415030079, 0.8288048016922739, 0.72633138478882, [0]
-38.63115161149913, 0.761938932875287, 0.713021468300661, [0]
-36.39529210717173, 0.6867349272283605, 0.9829459097022225, [1]
-37.05350463101602, 0.7121433342053802, 0.7350741163055714, [1]
-36.667599613557435, 0.5572627972061118, 0.8760321382570255, [0]
-38.48118632324998, 0.5002393633378122, 0.9879066257930906, [0]
-37.20039073334975, 0.6018803678111152, 1.1202677503838292, [1]
-37.150864483991654, 0.8045447544137398, 1.0454702248624244, [0]
-36.680220902541706, 0.6261276083706315, 1.375151150617807, [0]
-37.501342217136504, 0.6819125641272697, 0.8558640471799353, [1]
-36.82756250182599, 0.45428023667146394, 0.9757972485388913, [0]
-36.21541376766324, 0.6125764009712842, 0.7015858675614566, [0]
-37.930872030963364, 0.480329921015613, 1.1121228181849188, [0]
-37.69442707227986, 0.5907351886038883, 1.0864972784206948, [1]
-37.52878505488029, 0.7659801530981003, 1.119218174530147, [0]
-37.99669077904475, 0.6480001192675625, 1.1733973264439952, [1]
-36.36394501235469, 0.6290676300497704, 1.0327046988184208, [1]
-36.22229327787737, 0.5632755644349654, 1.357530166103862, [0]
-37.423987947757205, 0.6290461480131816, 1.1491793738647738, [0]
-38.02508802314799, 0.529119048413866, 0.708308536472575, [0]
-37.43533886532627, 0.8086134933546726, 1.2237030774423459, [1]
-36.60814338744645, 0.7675036520972293, 1.3588058591306953, [1]
-36.89400561560798, 0.6046662515358892, 1.2744215949535354, [0]
-38.24234899184569, 0.9223385613755948, 0.4557942304142558, [1]
-35.495125995625784, 0.6196285272852635, 0.9709834055430163, [0]
-37.25017947818531, 0.8951398487421488, 0.5795835796883564, [0]
-37.272447707608016, 0.6374042299204401, 1.2978553773577177, [0]
-37.19870787029142, 0.5784223201103706, 1.4073695895753509, [0]
-36.34220423961508, 0.7805681998177116, 1.5668308401544655, [0]
-37.10253451066981, 0.4848685248967635, 0.34277930802917517, [1]
-36.59209021920814, 0.6660691438772504, 1.204414866248555, [0]
-36.05021778746592, 0.7496650417552551, 0.9401131450307592, [1]
-36.8287262303609, 0.5163204046778407, 0.6357802169162863, [0]
-36.53827887670809, 0.4050670290540489, 1.2375265172606555, [0]
-36.6554381896095, 0.609930397760835, 1.0695502355289002, [1]
-38.724881943435406, 0.7758519039993726, 1.1041538278980152, [0]
-38.281646014987395, 0.3795260718629467, 1.486202182668858, [1]
-36.91848811554063, 0.6825032562251482, 0.9625070483806821, [1]
-38.33465446123768, 0.7000848461666415, 0.4643488292373067, [0]
-37.58096580032728, 0.6516173919249206, 1.2908105761437463, [1]
-36.544845634538305, 0.8432129621421587, 0.5534955190916719, [1]
-37.858413847196616, 0.5504264189310122, 0.911212199401155, [1]
-36.12242254059802, 0.563681504955687, 1.3049500273627033, [1]
-37.68753940486948, 0.3648664656381763, 0.9447094904164359, [0]
-35.917602926024415, 0.7592831741486122, 0.9940460172802017, [1]
-38.2144480077638, 0.615083641198681, 1.1491703331808356, [0]
-37.739769500047366, 0.5311100230320426, 0.5062203217597954, [1]
-36.34814809220142, 0.657367568556072, 0.5674223021287712, [0]
-38.517284363461194, 0.7761671205843579, 1.0957871441196334, [1]
-36.28081323072709, 0.7939136525374177, 1.041746850444311, [1]
-37.639680995975276, 0.7045785018671611, 1.1725226421870996, [1]
-36.441211220798536, 0.7951591621698848, 0.8276524894208062, [0]
-35.702584893499804, 0.5177456710574063, 1.0871618792550608, [0]
-36.80568178998548, 0.8393891556281382, 0.9923468461888385, [0]
-37.981982689685076, 0.6547342574078276, 1.2712431962796749, [1]
-37.910500353146745, 0.6100830509955597, 0.8124713817152251, [0]
-37.20984301755899, 0.7298368372178221, 1.0270178308096645, [0]
-36.90646983802701, 0.6830346981040092, 0.8303520617373192, [1]
-36.74298897001715, 0.4018268468785994, 0.5465191712718138, [0]
-37.103483298817174, 0.7097861599828136, 1.1497745104786075, [1]
-39.12070328645193, 0.5931644177035861, 1.435523785293648, [0]
-37.901056825907816, 0.7164560353758312, 0.6866552974910247, [1]
-37.906719504151056, 0.71043107902847, 1.3360686774269173, [1]
-37.95796236121898, 0.8206658426451983, 1.1408742639209428, [0]
-38.28327956124092, 0.6218293395421337, 0.9928587002716285, [1]
-36.72633888114582, 0.6655623227026991, 0.9956319862578962, [1]
-38.38387557418346, 0.7670796546535792, 0.9112476198314838, [0]
-39.33101822658362, 0.8107274063993746, 0.7147071505658563, [1]
-37.257423783073804, 0.6829505075578964, 0.9026103310584683, [0]
-39.49856538318219, 0.6246314067392688, 1.4083012007806845, [0]
-36.66602154031837, 0.6627753488453553, 1.2907773777751275, [0]
-39.404775916899794, 0.4298663012885887, 0.5716968146276775, [1]
-36.41840069731788, 0.678461603922254, 1.532072613456774, [0]
-38.499042801111464, 0.5893136167706339, 1.205926826674317, [1]
-37.96093644925902, 0.5172470003971795, 0.7298888723306645, [1]
-37.71222197845871, 0.7408896190724784, 1.4006642187915084, [0]
-36.95478693016398, 0.7445433080073118, 0.6239364007885972, [0]
-38.888828027216604, 0.5457293733169526, 0.3018697661257598, [1]
-36.58344514307245, 0.364996338479324, 1.010090177613811, [1]
-38.51594300128023, 0.7043587333105985, 0.467354594534779, [1]
-37.597624386450285, 0.6706478352364416, 0.9428647517854387, [1]
-36.68427059592734, 0.5587860779565713, 1.0270500560151752, [1]
-36.847156817552616, 0.8609762144851005, 0.9414206568223864, [1]
-36.5018297461292, 0.5133702192431461, 0.7284759763427595, [0]
-38.55777536413005, 0.5772786663500868, 1.1380702913316718, [0]
-36.25178255579408, 0.551204073201865, 0.8465333326115814, [1]
-35.92415782972028, 0.655479309919123, 1.0728501951321434, [0]
-38.53633105532059, 0.6709753324331926, 1.0848978604192736, [0]
-37.54346240918265, 0.6903893761235678, 0.9266625060512159, [0]
-38.935312667814785, 0.8134270354135841, 1.115089919742426, [0]
-38.5060879361723, 0.649147444280608, 1.2073696252665505, [1]
-36.60397626581849, 0.5429562666324876, 1.1792072501138462, [1]
-37.477288182967165, 0.5588289242906572, 0.9634795140483605, [0]
-37.96670557816076, 0.7157377776674938, 0.8832505862087109, [0]
-36.84547576297281, 0.72669052268612, 0.35534495996148274, [0]
-37.823712918507994, 0.5545964941268985, 1.2337701744390719, [0]
-37.1234861850723, 0.6564345841278098, 0.9625349180851898, [1]
-37.045868763193816, 0.4192233889785286, 0.653502413881019, [1]
-36.68241329693406, 0.6157249363373715, 1.4394588729214597, [0]
-35.58689960532445, 0.47784339910741935, 1.1410785947373931, [1]
-37.72036677609684, 0.6904147584346967, 1.1298477718591884, [1]
-37.009482280498126, 0.5140597009460756, 1.4682344508707152, [0]
-37.87378447662058, 0.6552849300370067, 0.6900130425368769, [1]
-38.63761844881659, 0.5386128379672056, 0.840761538649762, [1]
-36.73776808175632, 0.46563425549712867, 1.067176014759261, [1]
-38.5337890066617, 0.4697243792768543, 0.6043743732863649, [0]
-39.62464809127545, 0.6315058431389124, 0.8527483237635817, [0]
-37.46238269687067, 0.5410886982143196, 0.9194213867750132, [0]
-35.9373779969421, 0.5347343532327153, 1.2249313678296831, [1]
-37.715809685571905, 0.7091497710830592, 0.6154964338376722, [0]
-36.804286350616266, 0.5436694454136569, 1.0883366252959088, [1]
-35.91153899732317, 0.7426648676645291, 0.52664353724879, [1]
-35.78386334100564, 0.6412212620700691, 1.2791768890508866, [1]
-35.85502523038684, 0.7962873790248259, 0.8600355801816061, [1]
-37.047583438253625, 0.744553809060047, 1.277197034913528, [1]
-36.21079414056773, 0.5697601324934869, 1.1869180440477156, [0]
-35.574237924161096, 0.44074769608722314, 1.1476148918183298, [0]
-35.927421616013945, 0.6019633063050464, 0.6603716290049922, [0]
-35.102242938144876, 0.47826421040337325, 0.8444229158900716, [0]
-38.08466978229718, 0.7251773701551069, 0.9103642693841775, [1]
-37.89455554642949, 0.49136931426050406, 1.3152595109922367, [1]
-37.99500658531808, 0.667426761332271, 1.1400374898134715, [1]
-36.28192845825583, 0.5063574841392593, 0.91322640739257, [0]
-37.12220916798127, 1.056106493306865, 0.20820400127200167, [0]
-37.93931900831526, 0.6934112980304705, 0.7924180242198251, [1]
-37.126838828207866, 0.5617020137286513, 1.3098880236658512, [0]
-36.87373480741165, 0.6003421647626579, 1.2519978200339117, [1]
-36.419616079778, 0.46361502870067517, 0.7621725777920242, [1]
-37.36343623778568, 0.5055887033362376, 0.966258567187412, [0]
-38.608647684132166, 0.6388356167842294, 0.7837842900499079, [1]
-37.56964493028262, 0.5954558424282668, 0.6629061976692556, [0]
-37.22013385755575, 0.3978110445263309, 0.959674330520657, [1]
-38.57911803593798, 0.709014586800291, 1.199398222916882, [1]
-38.450035000002735, 0.9631939936526418, 0.39911698386758077, [0]
-38.650998912762155, 0.5554771395573741, 1.4941267817119146, [0]
-36.069972639734516, 0.6285105851215973, 0.8757168705500815, [1]
-39.20618315472787, 0.49400163658342194, 0.8076074848099144, [0]
-39.12075269898439, 0.42271316722059693, 1.0007854998270194, [1]
-37.945829856619675, 0.4593148002949666, 0.883909319296373, [1]
-37.82553125709399, 0.6265510101461932, 1.1159257650792178, [1]
-37.46893650166304, 0.8579871799261913, 1.0713885717007514, [1]
-40.18340158499543, 0.5201415818408308, 1.203238556534016, [1]
-37.43779948086816, 0.5638058000436473, 1.475284062949985, [0]
-38.260454739791484, 0.6498458986315718, 1.4780975723377487, [0]
-38.30161393855399, 0.7042289056629473, 1.2699865897915603, [0]
-37.85222683891637, 0.6538668343165237, 1.302083747220171, [0]
-36.57969892975828, 0.7469145894589679, 0.5311125730025176, [1]
-38.376981343729106, 0.5305504517104392, 0.5096044958849684, [1]
-37.36182118871317, 0.7140751501041424, 1.1435466259722125, [1]
-37.83474981157988, 0.7380078939921422, 0.8578621087734477, [1]
-35.79018739821954, 0.5936394668950391, 0.9513950603173197, [1]
-37.08608851535159, 0.6439429342409216, 1.366141131989207, [1]
-36.94804914716986, 0.8202903960266608, 1.019739729702735, [1]
-41.10988321400836, 0.6497166962110514, 1.106769455688757, [1]
-36.594875581544386, 0.6126234129395387, 1.2188551282650335, [0]
-38.952401878157964, 0.5331008330571747, 1.4422142043984723, [1]
-37.51224206406705, 0.44268644176808936, 1.2644318368882241, [1]
-37.26723891637524, 0.6653686220130797, 1.4182460485970387, [1]
-35.609979684389835, 0.8331393237738031, 1.0940078416882693, [0]
-37.208470852762645, 0.6717295583934031, 1.1421420270832934, [0]
-37.06693623173519, 0.5133273394438009, 0.6686397740307892, [0]
-36.9314725309997, 0.5815167355569388, 1.1862923725098542, [1]
-38.4938627503712, 0.5629812131690742, 1.152376495985631, [0]
-36.69291973192772, 0.6839026604839115, 0.6976527682888771, [1]
-36.389035577249906, 0.7179070963449266, 1.5071991645025609, [0]
-36.5094669231899, 0.5036027005286847, 1.1949595180450865, [0]
-36.85577945248476, 0.6321446942849821, 0.7588247682364105, [0]
-36.24865971870056, 0.6498817720081826, 1.2214381841559918, [1]
-37.38871905618995, 0.3789739347181738, 1.5374459116707397, [1]
-38.844704940088384, 0.7233842274785734, 1.1475300490635874, [1]
-36.58987301665879, 0.8709240040058233, 1.3220738784790127, [1]
-36.33464120362825, 0.5408113004463988, 0.5756658525574332, [0]
-36.802317440743664, 0.7757163578914669, 0.6256885841465718, [1]
-37.955943455938346, 0.672026992876804, 0.5881829189059667, [1]
-38.80788660561475, 0.5221595890596674, 0.8675048894961673, [1]
-36.74443626324222, 0.6816996334784025, 1.5056478708394216, [0]
-37.83333332424172, 0.7696725226368446, 1.4469891075912529, [1]
-38.137026878520615, 0.6320141614822558, 0.9063252167198778, [1]
-38.05915396787529, 0.5046837892970085, 0.8358380969120474, [1]
-35.328535210569655, 0.7771039843636107, 1.1165267376421144, [0]
-37.3917666785471, 0.5744156369374376, 1.1322873819179797, [0]
-38.25680522002106, 0.5794542495918104, 1.3025835318209509, [1]
-37.505102029588116, 0.8282093395415133, 1.1083619783088512, [0]
-36.36311305924934, 0.4639607538849162, 0.8985346579021901, [0]
-35.782353578175965, 0.6960089040714702, 0.7321456074125233, [1]
-38.135215027761674, 0.4971129338619998, 0.831436522677044, [0]
-36.91853413790494, 0.63993076778582, 0.9988215800772993, [1]
-36.69752457618127, 0.7509019878317903, 1.4951343357317357, [0]
-37.75962219490049, 0.6795939681026714, 0.7616913833348423, [1]
-39.63976327070524, 0.624515776392681, 1.6909198811752617, [1]
-38.89598774230635, 0.6071486176678583, 0.9784742802089736, [0]
-36.39505167879272, 0.7270520382851416, 0.9103066931297997, [0]
-38.81369169503468, 0.6554856025459473, 1.1280495568593616, [0]
-36.576269209335436, 0.5811367099658625, 0.9890557662322199, [1]
-37.38824405055699, 0.523913656309162, 1.2883149795107574, [0]
-35.933430095290525, 0.6332739119474939, 1.028374452945237, [1]
-36.56250493675716, 0.6319249416623407, 0.7198844701146838, [1]
-36.46614777334016, 0.7307100279109978, 0.8077905282623283, [1]
-37.63482741581699, 0.22125056564347179, 0.4293029899039348, [0]
-36.5832887944602, 0.6786679967146797, 0.9909339937160295, [1]
-35.19232551561278, 0.6376939921714447, 1.1595503815514685, [1]
-37.49679993871125, 0.593010394166021, 1.2631748996205752, [0]
-36.89296299938604, 0.75980887419552, 0.6877811373035432, [1]
-36.64798945440433, 0.6309918686648968, 1.2499025312121153, [0]
-38.33556206349438, 0.5306972699576742, 0.7390975470349532, [1]
-36.96271486486141, 0.7847027393721946, 0.9640316316026101, [0]
-37.491645323411824, 0.6699698218815767, 0.9579197217682162, [0]
-38.398325615431624, 0.8510500135280267, 1.3569605405893992, [1]
-36.43538499267574, 0.7342645123789519, 0.676364067340203, [0]
-36.09624543261905, 0.6243097713884812, 1.3774305390213875, [0]
-36.72361627801789, 0.522141673625148, 1.4801596123988834, [1]
-35.8356200545599, 0.535667882352341, 0.9273341955692795, [1]
-37.14641968792658, 0.5361207163050608, 1.0805335739014486, [0]
-36.90524816512102, 0.5481303232927702, 1.1017805265931337, [0]
-36.991586636835855, 0.6040812203436302, 1.116649868253764, [0]
-36.709978880646084, 0.780955524835492, 0.8242542525025189, [0]
-38.02325669432029, 0.47426534819664584, 0.6564930597975314, [1]
-38.56999489156709, 0.7114576297883823, 1.258579310839159, [1]
-38.04323270414436, 0.6554593057813359, 0.9984367956241637, [1]
-36.89750300900318, 0.8168830006726564, 1.2203566881178127, [1]
-36.20596277412783, 0.6520919407502894, 0.4966487199909096, [1]
-36.375635370103126, 0.6034857416660393, 1.1629735500513871, [0]
-37.484335523698405, 0.6750333867636964, 1.0388108863015408, [1]
-36.20140768098268, 0.5486919090509564, 1.0688015732972524, [1]
-35.89400857152179, 0.7657656563687825, 0.7396870212749426, [0]
-36.91183029200179, 0.6412613665417812, 1.5271539571168327, [1]
-37.293948102692234, 0.5931173238177166, 0.9411424469264733, [1]
-36.199172997088915, 0.6147805801302381, 1.23157531747727, [0]
-37.57711140109397, 0.5552872807453065, 0.584862702763657, [1]
-36.563502525904575, 0.5159844418853912, 1.0653782015215472, [0]
-35.753958751354226, 0.5204129349941085, 1.0397568522823941, [0]
-35.99303656693277, 0.6290243111129905, 1.3289470476649932, [1]
-36.85649660397853, 0.5575319054334198, 0.9224412969933796, [0]
-38.33703850536087, 0.6755201517916661, 0.9558630399549425, [0]
-37.670266971503025, 0.6831871310120478, 1.3138116527067836, [1]
-36.790943843727796, 0.5594051275857123, 1.258539669690394, [1]
-36.74814383572893, 0.5957950910384429, 0.7606395738786864, [0]
-36.211284464067845, 0.6920144604567431, 1.704761833172462, [1]
-37.858419162636885, 0.7352005931471824, 1.257976985062104, [1]
-36.98229619460213, 0.6556082180296171, 0.8586123789770469, [1]
-36.302312850643695, 0.6772534509577738, 1.2547737785094875, [1]
-38.520330610913, 0.779205221658366, 1.2455756990898885, [0]
-37.0344646299493, 0.49537194935001194, 1.1748559417426239, [1]
-37.13510250738959, 0.6467094502448489, 0.9931194388888631, [0]
-37.70770420716654, 0.8368191488416095, 0.5473369351897177, [1]
-37.920316334573336, 0.557631545024541, 1.1749735888086714, [0]
-38.478848647128494, 0.9087734579555045, 0.43693865854813335, [0]
-37.50483028148776, 0.560864611563215, 1.3010985381569167, [1]
-37.75815292824764, 0.6036552685371195, 1.2320814975369083, [1]
-37.119631691986186, 0.7490895259801678, 0.7042350144527267, [0]
-37.87050897200686, 0.6699843642616842, 1.2229220254750501, [0]
-38.49556730612886, 0.5483633421322452, 1.2255818893898418, [0]
-36.87441714070518, 0.7513669729185619, 1.165017301883225, [0]
-37.52312327523305, 0.7325961656658976, 1.757842019884619, [0]
-36.61816394384002, 0.6186054299951996, 0.9331411594804158, [0]
-36.19455147174064, 0.7143288285179036, 1.0831719188853477, [1]
-37.7580594123255, 0.5595336869191379, 1.1268379844559822, [0]
-37.01045213106337, 0.4561378763954068, 1.2455629636618961, [0]
-38.62962990147753, 0.7368490623716751, 1.1303043303940217, [1]
-37.34342212503481, 0.5467087188561784, 1.1658449271527827, [0]
-36.18368320415032, 0.929160847494602, 1.033775308058554, [0]
-37.02649920314767, 0.6023406479712246, 1.4555261506649813, [0]
-38.06095053211072, 0.5674745106800587, 0.9193209839587471, [1]
-37.809984325057776, 0.8421318212373462, 1.0362492419909404, [1]
-37.881483171352194, 0.6967817914742056, 1.5551510167717022, [0]
-36.78569066272539, 0.4475646626300814, 1.0515333024957487, [0]
-36.64301866095991, 0.6273295595892678, 0.8087240678423654, [1]
-40.19317876475989, 0.296719224948472, 0.6030286045358185, [0]
-38.030522606861595, 0.8505007637645717, 1.248917766613489, [1]
-37.200392751379475, 0.49899007927638045, 0.7455875301209152, [0]
-37.083039209015695, 0.6738410348779967, 0.9035708925355059, [0]
-36.8245398128025, 0.6920954128989625, 1.0263770793969713, [0]
-38.58351729533568, 0.9173115056399741, 0.8008416372177274, [1]
-37.15475719456383, 0.975803081482207, 0.5584038368112434, [0]
-35.90246475751355, 0.7744711435602198, 0.8778127359029754, [0]
-38.41659836344428, 0.6439983697186809, 1.0317001164338582, [0]
-36.30338312246454, 0.5341590142449716, 0.6613728132721869, [0]
-37.854428155958544, 0.6331039968632179, 1.0932226708903263, [1]
-37.4838674354701, 0.6128123564909449, 1.2168766353964608, [0]
-38.224774378863835, 0.816376257065856, 1.218095602367526, [1]
-38.76767007276321, 0.6331554553226448, 1.2255434077411032, [0]
-36.74472894880465, 0.9572845843429234, 0.322574889345073, [1]
-37.56132990597352, 0.722417293115977, 1.0503349090082552, [0]
-35.589485279856625, 0.6035615950170596, 0.8178848564093402, [0]
-37.134676507167875, 0.6549485124450077, 1.1012252280263461, [0]
-37.018422035784226, 0.6850201967791827, 0.8055910888353743, [0]
-36.741484737652506, 0.6340586454035806, 0.7890538015463912, [1]
-36.74272425321334, 0.7325234101035705, 1.1588397180253875, [0]
-36.51882228744545, 0.7844168548797459, 0.7558805388561237, [0]
-37.02088726616111, 0.7523625151974437, 1.2846257922381592, [0]
-37.968360237672705, 0.6404352428817903, 0.7112516484379827, [1]
-38.12366916555454, 0.40639860342526724, 0.6105857075239978, [0]
-37.901323879794695, 0.6811287695519458, 0.7637885795251372, [0]
-37.60388490690004, 0.7495977813112767, 1.406139487127856, [0]
-35.05344970370248, 0.7657143483034297, 0.9818675215156927, [0]
-36.52630579804344, 0.6661958946718086, 1.20661114491008, [1]
-37.53480836952396, 0.6841265722591016, 0.959751761846962, [0]
-37.628606423294585, 0.713984823123355, 0.7016629711126742, [1]
-36.967836477680564, 0.6173107198381398, 0.7371572862897855, [0]
-36.22820716639541, 0.5743324548708337, 0.946430217881509, [1]
-36.223919595664995, 0.6230177313357927, 1.1484163809525076, [1]
-37.59394949844277, 0.5985342055627068, 1.2195730882027522, [0]
-36.708305816796624, 0.754973100167226, 1.2812971753195288, [0]
-35.65386678397254, 0.5616720276743417, 1.230857571718621, [1]
-37.33162413386431, 0.8683301322223851, 1.2531452555967524, [1]
-36.94385409488171, 0.6258172126868211, 1.0226142753588205, [0]
-37.25510994879128, 0.717000152318604, 0.7969974465625224, [0]
-35.99604473949172, 0.3042584778190416, 0.6707730992521705, [0]
-38.04604492096742, 0.7706326693735833, 0.8178307611759319, [1]
-38.406337840235196, 0.7073361901708584, 1.7130160960400267, [0]
-38.27411012145131, 0.6005319210144238, 1.295581018092285, [0]
-37.56650798652993, 0.6016493439151436, 1.066805762227075, [0]
-35.18652079717895, 0.619087687013819, 0.9778625742676559, [0]
-37.0029422471601, 0.7739507916721516, 1.2974450016310362, [1]
-36.70915315216559, 0.6174657402675976, 0.5803321750685372, [1]
-37.64289887781437, 0.43399594683424314, 1.241360200342363, [0]
-36.19443708562462, 0.6344122437743308, 1.0657653323793053, [1]
-36.94170331292416, 0.5656659515449305, 1.4430145976222528, [0]
-38.68041938961145, 1.0564216632278822, 0.7582946158423325, [0]
-37.347594121290314, 0.8693956599736725, 0.9903309900568089, [0]
-36.63615882495371, 0.6870338102294145, 0.9673636253277001, [1]
-38.222374526720614, 0.6960856606788879, 0.9921538361494792, [1]
-36.956487861269444, 0.7391597145266764, 1.0849469347751386, [0]
-36.641037290781995, 0.3485649454173535, 1.0744826641856755, [1]
-37.70599942103988, 0.5691438855965067, 1.3341647534176866, [1]
-36.20648306296598, 0.7185622262054743, 0.24501702899671407, [0]
-36.41989196140386, 0.6319165853063611, 1.4589412078996638, [0]
-37.07941403808818, 0.6717237468070313, 0.9243039976787237, [0]
-35.516808420099906, 0.47749830656673664, 1.1657353729330349, [1]
-37.90557317884762, 0.7883446062408408, 0.9555547141976601, [0]
-37.82895788796452, 0.5751007406436158, 1.0866976518170424, [1]
-36.962123832710844, 0.6859242562995429, 1.0619890133832521, [1]
-37.46179277911869, 0.49793436953844616, 1.492600399597981, [0]
-37.123335209211895, 0.5489068126429565, 0.9781612934890307, [0]
-37.512210648973024, 0.6735536414617354, 0.44492588816620904, [1]
-38.26904653496285, 0.5503816612306123, 1.2440905576721437, [0]
-35.962539756270296, 0.4986466832264534, 1.5246990087216616, [0]
-37.79687994338055, 0.6404330124877062, 1.0337615774023836, [1]
-35.18698251614772, 0.6624098760975436, 1.094823743433953, [0]
-37.089295245611154, 0.9304002342226585, 0.5654069051868001, [0]
-37.80571238964977, 0.6456006338926497, 0.8387795946016533, [1]
-37.061139589500236, 0.6757137139630929, 1.1304924152574352, [0]
-38.891199354959845, 0.5290361850925509, 0.9994882785977931, [1]
-36.77339360409496, 0.6155782670542067, 0.6941931862148791, [1]
-35.95167118875265, 0.8022323727006482, 0.9866707788306032, [0]
-37.129815115256505, 0.6044391239755257, 1.1967070714656631, [1]
-37.26207718476883, 0.7637403646861654, 1.194295653879244, [0]
-36.82098101193102, 0.447913299678534, 1.4262065883804402, [1]
-37.76854519561995, 0.6918585865636769, 0.8529999761391209, [1]
-38.39501001857075, 0.6357055886010747, 0.5908296490923379, [1]
-36.34440316648981, 0.7585787170649032, 1.2101489472337912, [0]
-38.37222406133892, 0.4789127776118791, 0.7405666968191101, [0]
-36.578822311869274, 0.729314622265825, 1.0204434246690193, [1]
-36.34578325396374, 0.5749708004895799, 1.170357952742394, [0]
-36.08435967680393, 0.868666806816528, 0.8339466359939168, [0]
-36.774777726933536, 0.4376601626577402, 0.5678768885812785, [0]
-39.32097537088872, 0.7887236603281882, 0.626793738138481, [1]
-36.22572690748709, 0.7095637053344463, 0.9133988247310411, [0]
-37.126024168972826, 0.7379341210066389, 1.2681636209700735, [1]
-36.85283343885927, 0.8642930329126401, 1.104676150493036, [0]
-35.84681912252356, 0.5683974675689444, 0.7522133565687419, [0]
-37.42560546477839, 0.4858667086189774, 0.6866233841755125, [0]
-36.02754144560972, 0.5788617783725915, 0.8767471031265328, [1]
-37.58542496187242, 0.8223368094616715, 0.5926707477336768, [1]
-38.20025286062831, 0.7832487220399545, 0.942291225215366, [0]
-37.77476920302893, 0.7624514468417947, 0.8909275375322879, [0]
-40.03250714660798, 0.6975878773327492, 0.7072689964839355, [0]
-38.02072857566463, 0.5125948937232465, 0.9443476203042842, [1]
-37.77616122869541, 0.40264950432674257, 0.9873912437928345, [0]
-38.21605133124512, 0.49679906214189473, 0.7378099101215349, [1]
-38.54325567385137, 0.7313546433969318, 0.5540109075323741, [1]
-36.82103597002653, 0.6519993252294141, 0.8659863790988995, [0]
-36.22695982936597, 0.6704945642978555, 1.2883103813308827, [0]
-37.206088829347536, 0.5182232989747064, 1.3560176221344045, [1]
-36.33587549097546, 0.6055712815587035, 1.3675255739227725, [1]
-37.7889209907704, 0.6884656362656081, 1.5342424074767103, [1]
-37.70272479829005, 0.5148906369059104, 1.1174940383573913, [1]
-37.14073803564586, 0.5177764052969315, 0.5926774654711155, [1]
-37.91063124499321, 0.5111279774501567, 1.616695744971687, [0]
-37.775164617356566, 0.6120907808000176, 1.1567178559520592, [1]
-36.995629232814196, 0.6473790307573717, 0.9150906640257191, [0]
-38.30908572990984, 0.5466302553223628, 1.4158920098604817, [1]
-38.23386927496562, 0.5306434699287872, 0.8459096020774874, [1]
-36.949411937287486, 0.7110729822939283, 1.24868581394538, [0]
-37.16329106163277, 0.4072888686730861, 0.904048856080067, [0]
-37.37904532602606, 0.6071893605064302, 0.7619162848610275, [0]
-36.51184441947781, 0.713059740200258, 1.4333823969573807, [1]
-35.23092712408033, 0.741371452932635, 1.063181696738542, [1]
-37.232165766914946, 0.5451771011389103, 1.24086961706909, [1]
-36.919794517268265, 0.588375387083812, 1.3096456920964359, [1]
-37.065214572258995, 0.43328817268927067, 0.8637071792389351, [0]
-36.4864135196924, 0.7692019062013079, 0.6619236537694254, [1]
-37.70399017224405, 0.4312445501586263, 1.0861162951917935, [1]
-37.111775432807654, 0.6561296385538885, 1.6072984378305604, [1]
-38.480408830341034, 0.6465134474188642, 1.3567664368995755, [1]
-36.05827342210811, 0.5511589998502162, 1.677051823474154, [1]
-36.96880133998406, 0.6201730219328279, 1.021194415103181, [1]
-36.90047834887417, 0.6421634917918493, 0.9487516949869684, [0]
-36.71128061364199, 0.44095904338903746, 0.9284168580600975, [1]
-36.461701482153906, 0.6447692178116209, 0.9443011232458385, [1]
-37.37778981753115, 0.6949798399161194, 1.2310342384773543, [0]
-37.87552202658374, 0.8487919792436259, 0.6271474414532878, [1]
-37.275417565858085, 0.7471191060600527, 1.2686132312805132, [0]
-36.15174107492997, 0.7093722715389283, 1.1168652077705334, [0]
-37.60136570272928, 0.49201325531158546, 1.1991404452397596, [1]
-37.88791261804133, 0.7714770342044186, 0.7020326559483872, [0]
-36.909021815769655, 0.7271734496976461, 1.4874181310638774, [0]
-38.71780412378778, 0.6884887553365684, 0.9709946655117491, [1]
-38.40909645154931, 0.6715618812296843, 0.34963561860691916, [1]
-37.56092354878146, 0.5626521292310187, 1.3697878037859017, [1]
-36.68568774257578, 0.6397179186800882, 1.35173127029879, [0]
-36.282965479301836, 0.5894733246427516, 1.00419625961128, [0]
-37.8019090198344, 0.8459329961030122, 0.9455110916963066, [0]
-35.91885830779351, 0.3717737183081724, 0.931053846832907, [1]
-37.77237755506464, 0.8356359497869088, 1.035144343292825, [1]
-37.23517600256194, 0.5975166302778427, 1.0212826703234055, [0]
-37.60362042323201, 0.7671871367286593, 0.8808581512476255, [0]
-37.02182827665988, 0.751520344930367, 0.6818988870523581, [1]
-37.084934049431716, 0.6739042353887339, 0.9366721467338079, [0]
-36.84448767652764, 0.595180015689015, 0.8886593024181262, [1]
-39.55631899249347, 0.66990906331187, 1.2492462327391003, [0]
-36.555585840988705, 0.5560265560381283, 1.1139948721415727, [1]
-38.57368255272477, 0.6724166200234142, 1.656939050446151, [1]
-39.07326109425739, 0.7617601420740302, 1.2723973053215092, [0]
-37.22624183171437, 0.46177604368123754, 0.8720366168425423, [0]
-37.7339612880497, 0.6144951333694226, 1.1295162100556664, [1]
-36.12206908255941, 0.6245103717203, 1.0913686609913529, [1]
-36.60742196277884, 0.6900149102653836, 1.0967729504338861, [1]
-36.80264980470878, 0.7783774457925654, 1.3339732631097165, [1]
-37.97500354317068, 0.8742021752657947, 0.39284242513762896, [0]
-36.51301545479111, 0.6977156738864626, 0.9491661711986153, [1]
-36.54895430562833, 0.7468582252248507, 0.9028767436013689, [1]
-37.17365457528073, 0.3432742077715796, 0.7849315500565869, [1]
-37.39617546925171, 0.6722103408710434, 1.567115649000795, [0]
-36.298030511535195, 0.48116261467859056, 1.1914894767567912, [0]
-38.00539913714096, 0.6545831916880394, 0.6423969741500593, [0]
-37.57622848374771, 0.7076327889555988, 0.9318662003762779, [1]
-38.08938050091951, 0.5643855952938606, 0.7923318747746624, [1]
-36.09956237301454, 0.6494001819570249, 0.6853905267435736, [0]
-37.26956730901735, 0.6147900944357438, 0.9575350795602429, [0]
-37.77051009178361, 0.7699214828421916, 0.31419936098143175, [0]
-37.59501589591855, 0.653525640056697, 1.4598664539502277, [1]
-37.102261183427395, 0.5619374330577844, 1.0812746564290199, [0]
-37.13773224822697, 0.5674946045647666, 1.3773723428316433, [0]
-36.15064527216584, 0.681278202280116, 0.7145925724035934, [1]
-37.099908166262026, 0.6779633500332721, 0.850690264859728, [1]
-36.62987779038654, 0.6935680813407443, 0.8361152073528705, [0]
-38.103692199818234, 0.8087903373026895, 1.2137289288340722, [0]
-35.82039282465721, 0.6906146730374592, 0.8738298466847944, [0]
-36.33828454104042, 0.6896323102947318, 1.1231614072870635, [1]
-35.251829527208265, 0.5721613674448872, 0.6150222327167394, [0]
-39.93880742827971, 0.5469124313511096, 0.931298923686903, [1]
-37.454877528834, 0.790953627191025, 0.9547944777474654, [0]
-38.45677219624136, 0.7397535274521123, 0.2911135249160911, [1]
-37.4571310478504, 0.7236370431785285, 1.0477418747855372, [1]
-37.597204932808154, 0.5586771044217044, 0.7375235072963519, [0]
-36.36186375331161, 0.840006971233477, 1.321868276459989, [0]
-37.87114119103173, 0.5084229505034247, 1.3807360974214635, [0]
-36.71602166204227, 0.6030854849110252, 1.1311871220924743, [0]
-38.64581030305896, 0.23642425246267418, 0.8973817696622548, [1]
-37.590638034074146, 0.6082533983536769, 0.9555186745835561, [0]
-37.76463773632443, 0.48712078210295046, 0.5875917128343605, [1]
-38.48341417334394, 0.8487157940882146, 1.3733235430279014, [0]
-37.06376748253453, 0.6612372810210458, 1.1728674329198383, [0]
-37.02756665295117, 0.48507065223897894, 1.1080758319796302, [1]
-35.2783915481599, 0.6840944338429678, 1.3578251913192503, [1]
-36.74574700860183, 0.7131483136680239, 0.8984773728712486, [1]
-39.01842455211651, 0.5231875428804538, 1.304862795137782, [1]
-36.314440649795465, 0.6011763269099758, 0.6019928909601308, [0]
-36.57001858439109, 0.6086293591382124, 0.6756923525850376, [1]
-38.24920317061249, 0.6788757095916587, 1.1055982892805898, [1]
-35.81132745192497, 0.7428881388271361, 1.0668812078623349, [0]
-37.94337235295961, 0.5731882939201771, 0.9729090960639879, [0]
-38.21758132946538, 0.9538803134144147, 0.5552220838181895, [0]
-37.185330133239184, 0.8518944030347608, 1.0316479490012314, [1]
-36.206348062876316, 0.45999350933277156, 0.7443189483707544, [1]
-38.462597655443545, 0.6096481881483607, 0.7347514167128038, [0]
-36.170167775447545, 0.7058081318859641, 1.2509286074321533, [0]
-36.25625184151991, 0.6823364267265782, 0.9864178076952215, [1]
-37.85478647678382, 0.5493688483074741, 1.4257066803692031, [0]
-36.123790272927735, 0.750149439445227, 0.9455174663288157, [1]
-39.128195368864134, 0.6188502533518181, 0.9646605822119987, [0]
-36.54096033573936, 0.7586185404796225, 0.7439770125411006, [0]
-36.410241957040576, 0.8251293485015989, 0.9383940195658067, [1]
-36.43794395810564, 0.542663805565057, 1.0102242347718413, [1]
-37.34402046477687, 0.382516615850443, 1.338581839636912, [0]
-36.64461363488183, 0.5531478793839035, 0.6698326429436801, [1]
-36.99926537314537, 0.7046861631232585, 0.3154247258464954, [1]
-37.9793657403077, 0.6892306805125841, 1.2746074168684602, [0]
-36.30852332225498, 0.5289092708519393, 0.5340383049158488, [0]
-36.1130880665227, 0.7806830401503203, 0.7063391043215739, [0]
-36.81563982059588, 0.6762680664388647, 1.091898513225096, [1]
-36.803358411139726, 0.5831308948271002, 0.8064723004692571, [0]
-37.66149254063137, 0.44975454964572514, 1.312975804147658, [0]
-38.55760965780296, 0.8879893976561655, 0.35067682369856423, [0]
-37.866992220432394, 0.4582999243881692, 1.1030182707340623, [0]
-36.89903729787761, 0.7060942155889622, 0.936381788153188, [1]
-36.123798428359805, 0.6896303415723789, 1.2400062064260837, [0]
-36.980719404931655, 0.6709141761452329, 1.1088755259771805, [1]
-39.091174178735116, 0.8040390074430444, 1.1911744925964092, [1]
-38.99605696122965, 0.5941392326822953, 0.6141000119253073, [0]
-37.749338736224914, 0.539750256443045, 1.1495379409359532, [1]
-37.12327799106848, 0.4591632038615343, 0.9750959439897869, [0]
-36.4274507306031, 0.6804644162988704, 1.5646643838556573, [1]
-35.53955520643348, 0.5812949283812645, 1.2342916853414245, [1]
-37.60753376688521, 0.7306459576101381, 1.5011173651271306, [1]
-38.154826061236996, 0.5953179354270349, 0.9248637531264823, [1]
-36.37752923235896, 0.8768694265871966, 0.7975656344349151, [1]
-37.99021353649075, 0.6012810196828122, 1.0887399760451115, [1]
-37.177586185139376, 0.5233190424307309, 1.11659807614888, [0]
-37.06055730732996, 0.832960452681793, 0.3422358706158418, [1]
-37.934654845433066, 0.7295646580293096, 1.227880517807659, [0]
-36.65995730415825, 0.5539508226141829, 1.4698698741489555, [0]
-37.297401396465844, 0.6225440242148573, 1.0792362130482511, [0]
-37.744826113843295, 0.5753129801548653, 1.0336554800077633, [1]
-38.46451831042899, 0.659484344502569, 0.6541600180681428, [1]
-35.232457351300496, 0.8958202596083823, 0.7367939787382214, [1]
-37.01621744021699, 0.6125939210298229, 0.6638126528157053, [1]
-36.20269961265992, 0.5721478305394689, 1.0942810749693788, [1]
-38.34052495789013, 0.6744233687864346, 1.1079717168064338, [0]
-37.38685587332721, 0.8684596994463498, 1.4521916082181678, [0]
-37.68996810625476, 0.7423452954830269, 1.290929693539952, [1]
-37.20577403609196, 0.5880450082721042, 1.008491605231312, [1]
-37.96144136759378, 0.7223356714391928, 1.1386199675648154, [1]
-36.75908324573641, 0.519918566425123, 1.1497679185340575, [0]
-36.91452815417892, 0.7921804787711627, 1.0173060794983255, [0]
-36.76192399787059, 0.6738415979489473, 0.6220585851218581, [1]
-37.6502818362237, 0.4996237920965605, 0.8917034621817186, [1]
-36.1954724802305, 0.8024452981876264, 0.6073066158106476, [1]
-36.58869729408719, 0.6846269825573132, 1.2724191332876449, [0]
-37.17740174886775, 0.7030250603181012, 0.8955179733149409, [1]
-36.155403451273344, 0.5467264319376868, 0.9611704064130853, [0]
-37.29702520947116, 0.7457336297057084, 0.9894866027743863, [1]
-36.99382793891133, 0.5789940517839054, 1.1250694567784887, [0]
-38.90740076786365, 0.6423239131306014, 0.7865958777584581, [0]
-36.90201766350346, 0.7189322778500664, 0.5674053410680002, [1]
-37.992829097580845, 0.7333727516679124, 0.7689572644168396, [0]
-38.37004855694745, 0.5791556494307477, 1.5013474709879824, [0]
-36.7456347568549, 0.6221281013995344, 1.1113047621733532, [1]
-37.348089575661774, 0.5053819926018404, 1.0273724674002627, [1]
-37.739925164877754, 0.8023135204497259, 0.6834570507930342, [1]
-36.45641017062799, 0.6307945020691081, 0.7394223365497052, [0]
-37.07911291063766, 0.6878100952563007, 1.0582716766574725, [1]
-37.90832786431279, 0.6181661783455535, 0.6098374857784806, [1]
-36.41123222668541, 0.5949667633469138, 0.7607694674497383, [1]
-36.15766596833871, 0.8273446587245858, 1.1241493352286673, [0]
-37.126661278728314, 0.5039350201368943, 0.7570581992216857, [0]
-36.98080713120028, 0.593934573218335, 1.1589112594873607, [1]
-38.362906200545645, 0.6172609334448099, 1.2469982419065582, [1]
-37.76201845571005, 0.439674713217933, 0.906212014380442, [1]
-36.58363595975286, 0.6519402273407414, 1.1068132140061715, [1]
-36.993535188326376, 0.6961205643464525, 1.0755133992669776, [1]
-36.907205267297, 0.567772231951033, 1.1500073416861216, [1]
-36.18985521047847, 0.8150300290811145, 1.277774099876325, [0]
-37.86989618801929, 0.6621099295084993, 1.3468328634787363, [1]
-37.49103998044327, 0.527986441970628, 1.4945136768982925, [0]
-36.549426111921555, 0.5699975868093268, 1.0504051478699648, [0]
-36.67245117349526, 0.630834502857527, 1.4137744854391074, [0]
-37.527625844125936, 0.38564664666106113, 1.0271242215645762, [1]
-36.78303805310556, 0.6682368472979525, 0.8720589489281163, [1]
-36.30762371858491, 0.5658129042407353, 1.4570664521774495, [0]
-36.233627347097176, 0.6535910231818987, 1.024639169951434, [1]
-39.001542918900945, 0.9620675108271203, 0.667161490417806, [1]
-36.83568677790243, 0.5433316433421527, 0.6776036404140569, [1]
-36.951028473715176, 0.46017957031578016, 1.1069125148777486, [1]
-36.908188390021046, 0.537934277185985, 1.1066094030759357, [0]
-37.37531852873857, 0.5008804268680824, 0.8140855222700608, [1]
-36.4160646946812, 0.5672287592977523, 0.7396996558990421, [0]
-36.52043473152458, 0.6053474013690661, 1.1274807199326176, [0]
-38.22633785892762, 0.4488570298918654, 1.0215787519673036, [0]
-36.891460596011335, 0.7026523638242419, 0.5278088069583802, [1]
-37.3987316351425, 0.5048968289126987, 1.4311940803058363, [1]
-38.62224664996873, 0.5917669478377579, 1.31699903293014, [0]
-36.99780233802732, 0.46800604195346335, 0.8779713194790906, [0]
-37.61927385126439, 0.7408039772598582, 1.0828295746162495, [0]
-38.8046396465433, 0.7470544428881412, 1.04985224179621, [0]
-37.16202443383339, 0.5367119637146951, 0.8456297179963465, [0]
-36.91996185574926, 0.5713033071374156, 1.5911314125833795, [1]
-39.02833381648926, 0.6877744014568696, 1.1558357064287184, [1]
-37.20901382052836, 0.5334629928333612, 1.2131060140787493, [0]
-36.7755281987858, 0.6542579985429027, 1.214008471126206, [1]
-37.311044378648724, 0.8760400386502175, 0.8748280675240891, [1]
-35.8162468531391, 0.7817942778462547, 1.1980096183988416, [1]
-35.80014305765802, 0.9487373046146135, 0.567575723327709, [0]
-38.29392969282489, 0.8505200930610952, 0.6489094541867747, [0]
-37.049675551728534, 0.32186022716829565, 0.9945001661368276, [1]
-36.9811300740417, 0.6249709336412435, 1.3211793967234573, [1]
-36.71949030213952, 0.5944629513127337, 0.9052666849064495, [0]
-37.52955168409031, 0.7365665227490048, 1.3298577504304876, [1]
-36.991988239351386, 0.7230593171006591, 0.8987543307709729, [1]
-38.79053929400954, 0.4831850625563689, 0.9963170851126857, [1]
-37.42334515732353, 0.6344440561165784, 0.7939136969631382, [1]
-36.26766907796345, 0.7694263604823305, 1.4690477562096256, [0]
-37.854984187877314, 0.4691543554232569, 1.3691818042830906, [0]
-37.65516169203216, 0.7482239071662211, 0.9792756768124927, [1]
-38.426581945187415, 0.700409566468292, 1.2955683675970888, [1]
-36.27453896972791, 0.4225935461970935, 0.83795132147153, [0]
-37.3997356178779, 0.5024759262455025, 1.5017856161633358, [0]
-38.555091887648, 0.5306394193005131, 0.6812275870644453, [0]
-36.42223884979427, 0.6197884942461722, 1.091319913065837, [0]
-36.1153396673918, 0.6783004138818622, 1.2667288575371138, [1]
-38.34533135470151, 0.5967324039504709, 0.8236271048798747, [1]
-37.42623265371874, 0.7794698690629476, 0.9602753447786807, [1]
-38.64796878021937, 0.621673368088547, 1.0207370479618667, [1]
-37.298959874213615, 0.5641184427130318, 0.8153636366151639, [1]
-36.43487033126226, 0.4338422189245912, 1.0921366023753745, [1]
-36.75740260762068, 0.413252702127691, 0.8515400062763195, [0]
-37.11468018493412, 0.5370448290476532, 0.5151387682219394, [1]
-36.78151107437941, 0.5634879622152784, 0.9377231941941241, [0]
-36.46889453544917, 0.5011262764774116, 1.1074991486343495, [1]
-35.758157410739, 0.5856110123658502, 1.3457173255121375, [0]
-35.5947875930784, 0.746887353474752, 1.1188908967403874, [0]
-37.029432485286556, 0.6927628473501957, 0.9626534062942087, [1]
-36.25697475221883, 0.6365350152512546, 0.9079702677141709, [1]
-36.45424199826358, 0.797937093768147, 0.6508628619792836, [0]
-37.11704578513144, 0.5464002699824129, 0.5932672844482298, [1]
-37.32795199121709, 0.8136114091845834, 0.6223295723071239, [1]
-36.91614259501465, 0.6913075543213045, 0.6759620952009184, [0]
-35.4059590713958, 0.7943223588506038, 1.405871663266004, [1]
-36.6272513025007, 0.44515119479371673, 0.4926027492359353, [0]
-35.830221862481544, 0.6524982950042305, 0.9076709402159049, [1]
-36.605471683348576, 0.6635234912224603, 1.0434180563844968, [0]
-36.90738075669318, 0.5884364577986748, 0.5843005208960144, [1]
-37.38916568504437, 0.5440742687083728, 0.6932474976912834, [0]
-37.13907346483829, 1.0494594102736838, 0.5718652837654189, [0]
-36.482412214731305, 0.5163411062169416, 1.0016848183192364, [0]
-36.65890682733013, 0.5289572726419979, 0.8990274727577171, [1]
-36.64158097847923, 0.6084446229646877, 0.966103254717995, [0]
-38.72623617839232, 0.8722409180378425, 0.720933260742851, [0]
-36.43510251573487, 0.4454930741597162, 0.8693408570200354, [0]
-35.26358403261879, 0.5624683904336373, 0.7236867017027744, [1]
-37.026532528881056, 0.6213094192036063, 1.1791475834171912, [1]
-37.366220258631216, 0.6689664332514471, 1.0762183674062706, [0]
-38.68771493946174, 0.7513300898124131, 0.9929312540636239, [0]
-37.02439213086837, 0.6147271431769376, 0.9941949258822624, [1]
-38.94845940247405, 0.5119627542758958, 0.7728575751900858, [0]
-36.34165125055716, 0.5064587124742669, 1.099548722870773, [1]
-37.14691852584285, 0.418255957903695, 1.3176091721211558, [1]
-35.817119158054645, 0.6741755549717432, 0.9093339382330651, [0]
-35.17250336926923, 0.6088885524275911, 1.3343574751682243, [1]
-36.82757551807669, 0.5735195363659746, 1.3073652642755151, [1]
-37.14317994212113, 0.8195372639829939, 1.072001484318792, [1]
-37.347442375957016, 0.49577063740632166, 1.634500450914065, [1]
-36.73402494910029, 0.7752187352180375, 0.7667330788686159, [0]
-37.983174776001924, 0.8495300642459024, 0.9445989900434492, [0]
-36.48671988235115, 0.5676123888855387, 1.0070140540479993, [0]
-36.945508387117414, 0.7026740490876336, 0.9314512054930199, [1]
-37.013285871275784, 0.6627363148145309, 1.205713594467667, [0]
-37.82443811148054, 0.7743429697855154, 1.0077936367720288, [1]
-37.23071731361417, 0.5369387391996971, 1.0719360351260407, [1]
-36.74962906057978, 0.6885682237793123, 1.1032770733287014, [0]
-35.841764860787436, 0.5048512310535824, 1.0455875833356165, [1]
-36.48378495504669, 0.8454942482767074, 0.2896982183301595, [0]
-38.088585423397966, 0.768082808932694, 0.8747298636374667, [1]
-36.01923128594728, 0.6186401480515393, 0.917762556137909, [1]
-37.073664016302644, 0.5759215021948494, 0.8986360854444816, [1]
-35.821572769106425, 0.5827122400969738, 1.0109285445275706, [1]
-36.89936404555098, 0.9007891864491134, 0.5238911627671106, [0]
-40.005263515620214, 0.3763556692340954, 0.5001763070933505, [0]
-35.632531800257105, 0.6693271856416758, 1.4805988219675674, [0]
-37.281501282354725, 0.5519900254280546, 0.8438799417778488, [1]
-37.89306708435778, 0.5679458001503916, 1.3493714460904915, [0]
-37.660891890367694, 0.49418501902060186, 0.9124203590944505, [0]
-37.46068387150412, 0.5851573519328316, 0.7520375711720144, [0]
-38.30193773762633, 0.6226162052892321, 1.1943209396385996, [0]
-36.87237750643606, 0.6682901714733132, 0.8086939261483448, [1]
-37.69377930235006, 0.808346201470419, 1.1433284265946517, [1]
-36.63091882777313, 0.5509544183811136, 1.4099136318746295, [1]
-37.77630731985059, 0.7888606523185155, 1.3653002201149664, [1]
-39.571723875325624, 0.515782059842558, 0.7912279258387309, [0]
-39.0579907300184, 0.5452714618874256, 1.230383210618156, [1]
-37.30735687379562, 0.6041175872385436, 0.413476930376306, [0]
-37.527917578112124, 0.8544181172665979, 1.1009412156714162, [0]
-36.29618224890309, 0.591746101439655, 0.8529811988131469, [1]
-38.22843820791199, 0.6558978351855604, 1.3524083839305008, [1]
-37.078902223995115, 0.5935334854950092, 1.2791213265229104, [1]
-36.80790694193451, 0.5290399954424794, 1.2243637254509538, [1]
-36.56739208652582, 0.5965853791158396, 1.4376718197030183, [0]
-38.03131571419715, 0.5498861195830438, 1.0517528428015206, [0]
-37.23468113715517, 0.5013086029953282, 0.8991256733006463, [1]
-37.69005705147251, 0.755038054470745, 0.680118868721719, [0]
-36.47320078007716, 0.5488651956450276, 0.9393017401254936, [0]
-35.996857556655655, 0.8730189993246067, 0.9806320844085807, [1]
-36.75472892218409, 0.6712862655912075, 1.0023391243303357, [1]
-38.75721492213237, 0.7663219359876828, 1.4125946723615996, [0]
-36.72499042247933, 0.6378069901657293, 0.8243546209153854, [0]
-36.2538330352366, 0.7725257006877595, 0.7625539980830566, [0]
-38.48976752497327, 0.6385233596280502, 1.6515095211214477, [0]
-36.843205806442334, 0.8713350094838311, 0.4825846354824617, [1]
-37.52295899051382, 0.39045741180695354, 1.3047353732651632, [0]
-36.86063432291707, 0.6999314096924717, 0.9529000971786962, [0]
-37.892789242385135, 0.5960393072771906, 0.7465776341983126, [1]
-37.94314475214116, 0.8471014556505345, 0.8550508667420573, [0]
-35.835330742244274, 0.7722863295984816, 0.9670811448738239, [0]
-36.54814228071681, 0.6505104678599877, 1.0603856568696808, [1]
-37.89167126452707, 0.6484151536087592, 1.2137786179172534, [1]
-37.37523881460327, 0.6854442174045958, 0.7855189875300683, [1]
-37.183084008240336, 0.6614054881916848, 1.2150422803503023, [0]
-38.14516985004693, 0.5153945794246507, 0.5466907875831365, [1]
-36.099726081885315, 0.5756637337150705, 0.5490371473733663, [1]
-37.33342634337112, 0.49530385134857974, 0.8410797761472373, [1]
-37.65973667995993, 0.560744493049636, 0.8074761097588871, [1]
-37.01747983604026, 0.4863903434471024, 1.1815786212995765, [0]
-38.191076237329675, 0.5281612589560672, 0.19597584161559245, [0]
-37.59361639276375, 0.6883694137670119, 1.0202599089649333, [0]
-37.19556127229811, 0.5556907500098607, 0.7533546111387264, [0]
-37.41582162104072, 0.7789624111287269, 0.7366887289323688, [1]
-37.470611111565695, 0.734171148158661, 0.9139495432491089, [0]
-38.12346895213092, 0.5301644568108257, 1.378317284857506, [1]
-36.435268563128645, 0.4207846011461923, 1.357446852015252, [1]
-38.8823775688025, 0.6649791618305665, 0.6744041202998722, [1]
-36.59628868254751, 0.5943943509634021, 1.3138564109769013, [0]
-36.265056068817245, 0.566010225312528, 1.20150556550155, [0]
-36.58578689303787, 0.5421349036900637, 0.9412037668576311, [1]
-36.622756139615085, 0.4897343268780937, 0.9433155382958837, [0]
-36.829382711435144, 0.5702153673929398, 0.8600104010065864, [1]
-36.30355183731888, 0.4614640899575067, 0.5955439270980794, [1]
-36.27241836992118, 0.7389623713173659, 0.8134340110961303, [1]
-36.56516487713801, 0.7691582801700572, 1.0770479318618251, [0]
-37.69211418586771, 0.6595538838373356, 1.1707191893194908, [1]
-35.95186328005994, 0.7935294700861925, 0.9923738332263764, [0]
-38.002998442019305, 0.5943856838233472, 1.1430501882611563, [0]
-39.07486581773576, 0.24499335658726615, 0.24779295742959134, [0]
-38.28176383042257, 0.39810630983718354, 0.7564324589897191, [1]
-37.908975801976595, 0.5543009946353932, 0.9651740237226817, [0]
-36.597742730661395, 0.5932432685102144, 1.0266924068138064, [1]
-36.545896026080264, 0.5991082850293021, 1.2317837564653609, [1]
-38.725572615618574, 0.5378875826166218, 0.7899808849235423, [1]
-38.32250860525129, 0.40472630969605145, 0.7932407922064741, [0]
-37.44461210613273, 0.5367990949100948, 0.8515716506783606, [0]
-37.413552018034046, 0.5073444861295151, 1.7306411572928526, [0]
-37.517844844438685, 0.7449608818346994, 0.6105945531585658, [1]
-36.75981945882356, 0.5333075683938493, 1.4792908512654355, [0]
-37.48255767699328, 0.821441556424048, 1.2321470632298515, [0]
-37.52439858301494, 0.7169371502274018, 1.1099248022937078, [1]
-36.8282154946194, 0.6219431298770238, 0.9608472300590929, [1]
-36.73334629084147, 0.36999758940438876, 1.3870255000510872, [0]
-37.24059185613403, 0.6024170748905004, 1.1915903511277084, [1]
-36.68930408868087, 0.8058088636451634, 1.0228926881222749, [1]
-37.324244733888015, 0.6878981664303789, 1.544957647953662, [0]
-35.54562259699033, 0.8102641216889329, 0.8515670297392505, [1]
-37.62947117285606, 0.6706093942006853, 1.5024396697100473, [0]
-37.48560901865786, 0.759434064665405, 0.9673427649138295, [0]
-38.98221795637804, 0.5711251333560973, 1.1503390257051531, [1]
-35.82991299430525, 0.6731193498187651, 0.7120014486067308, [1]
-37.91997576366318, 0.561728786962121, 1.0062541877544575, [0]
-39.214319005152966, 0.6673739524494178, 1.1567967713378517, [0]
-38.24643454556539, 0.6168519473037337, 0.7684077094510464, [1]
-37.63744039454159, 0.7728720293836427, 0.9720612656753678, [1]
-38.27263819338286, 0.6399567200929572, 1.0285482104041217, [0]
-38.04368647458496, 0.6377152479540311, 0.8013080753001641, [0]
-37.93247476589121, 0.3714785942893035, 0.912679206913829, [0]
-37.28429935030133, 0.627293498745734, 1.3574198162799602, [1]
-36.82823408885907, 0.6104282305030398, 0.8720416589123042, [1]
-36.87868753417446, 0.5195480470054674, 1.0976984264297371, [1]
-37.07745518581152, 0.3925469354191919, 0.4057481518166077, [0]
-35.8640499384412, 0.5621592360049827, 1.243557612895791, [0]
-37.12808298069306, 0.5986963063748185, 0.6697025510470003, [0]
-37.26154364986696, 0.6561229017123222, 1.1825956093614898, [0]
-37.54249368807385, 0.6842280847844343, 1.5016015721603344, [0]
-36.21080773699205, 0.6005971166528856, 1.1967066414780299, [0]
-38.89555956108137, 0.6746261262787032, 0.7472808477408, [0]
-36.94115750118486, 0.6570105287177719, 1.246742260532298, [1]
-35.90030076792449, 0.7454837617350142, 0.5350291876900874, [1]
-37.315913147610665, 0.692916362794626, 1.1964194480464154, [1]
-36.94971096313709, 0.5643212478993151, 0.6904541629528518, [0]
-36.53298721230785, 0.4374491443987338, 0.7349142288918389, [0]
-36.550184924988365, 0.6235379928321452, 1.2367589956767249, [1]
-36.29193332070868, 0.31137683192451054, 0.9834438749254909, [1]
-37.338625760508464, 0.8269196430558341, 0.6447732125165043, [1]
-37.09716237623881, 0.5021833893701576, 0.6263898179947954, [0]
-36.908668976484215, 0.5970945349021506, 1.091605612038658, [1]
-36.40180079694747, 0.738185705091374, 1.3387863695318956, [1]
-37.21623824446675, 0.6561540246548221, 0.31182513533094475, [1]
-38.84079156024206, 0.6735938419501906, 0.5229918473543838, [1]
-35.994883359097884, 0.6155074457417894, 0.8473387792993073, [1]
-37.87385767233439, 0.3822060184968469, 0.42269787398177716, [0]
-36.44212364553354, 0.4559931903707516, 0.5915688932283553, [0]
-36.644136106417456, 0.6317045918199955, 0.8278568120025339, [0]
-37.16116908622276, 0.7135280922735292, 1.0563095203671007, [1]
-38.502670741479484, 0.6871670648009526, 1.2867083860798767, [0]
-36.679405545399895, 0.4988741659376157, 1.191728924826175, [0]
-37.55936143663583, 0.6056652797764586, 0.6425434322740953, [1]
-38.07730449760215, 0.5216492982639052, 1.3912257036433147, [0]
-37.96962188780933, 0.5421825480194546, 1.4011983538382435, [1]
-36.00561949336269, 0.6954392324273984, 0.8870524481270072, [1]
-36.289921397084385, 0.7111624590299961, 1.2192819298315032, [1]
-38.614368342434474, 0.4906309639283397, 0.2058611290892703, [0]
-36.73430556188809, 0.6173252719231401, 0.9588456905765204, [0]
-37.24907983630167, 0.6357003008976889, 0.8549339487069025, [1]
-36.58544716564041, 0.3771809008277691, 1.1877387701237858, [1]
-36.883703825224586, 0.7513065226163785, 0.832593942543042, [0]
-36.29542695060351, 0.7383833861642244, 0.7644545510277034, [0]
-39.02803315643922, 0.5463119426888544, 0.5523200056441061, [1]
-36.95405778499104, 0.6354320364471454, 1.1308880677106694, [1]
-36.78909064774009, 0.6907857018513931, 0.7567344656806785, [1]
-38.304823642737304, 0.5106333414373387, 1.2442778241222068, [1]
-36.70919965640629, 0.6862682000097787, 0.6744280113509675, [1]
-36.501420905011855, 0.776030672762693, 0.7181145733395304, [0]
-38.481604002281564, 0.47224777310418997, 0.9040721521201318, [1]
-38.138149114961685, 0.5590786305396284, 0.7910236810631874, [0]
-37.230356559272046, 0.5359098838206895, 1.3912536800962991, [1]
-37.41045875812871, 0.5108045070947931, 0.9762841721190926, [1]
-38.198616872218516, 0.5587272109014201, 0.941271633559142, [1]
-36.69668701347575, 0.5746341396314623, 1.1705454883547426, [0]
-37.58624283375063, 0.6315642352989694, 1.1517304179881322, [1]
-37.91828361168418, 0.7313445429400379, 1.0076401398847437, [0]
-37.36081472707426, 0.46778189893240935, 1.0659237554664436, [0]
-35.823638291357604, 0.5820893943019733, 1.0566200043115268, [0]
-38.86438571541753, 0.5531394007813158, 0.8086909903547722, [0]
-36.40851891236378, 0.6080327323160923, 0.5627845720830694, [1]
-37.057233976809655, 0.6385314767281701, 1.0672373054039719, [1]
-37.885674712420155, 0.3734306505158497, 0.617425672587553, [0]
-37.96318982459078, 0.654536751510512, 1.1798829397479897, [1]
-38.9362849124987, 0.478163819935705, 1.097769162019821, [1]
-37.31859432802845, 0.63173284549411, 1.1294931014358305, [1]
-38.39600278730744, 0.8174012417349852, 0.3738028000879472, [1]
-37.21594898407312, 0.4826473555428253, 1.0936553504692519, [1]
-37.765228004183264, 0.5429256368632445, 0.9555236489163607, [0]
-37.75626391727996, 0.747206266048127, 0.569490609065418, [0]
-37.015272392937725, 0.62786052694929, 0.5763778396013326, [1]
-36.35802535963866, 0.5598772853216548, 0.8398330957784421, [1]
-38.039389410149205, 0.5271136250262132, 1.3110903040658002, [0]
-38.0420524346031, 0.7094715150572044, 0.7387406619498051, [1]
-37.921295306487934, 0.6111061538832854, 0.3497231811992113, [1]
-37.298342058098704, 0.5856009924746814, 1.6597884468248485, [0]
-39.240298484706045, 0.6753312188288707, 1.3413777024911706, [1]
-36.61971320420147, 0.4677854593113907, 0.9497332148308385, [0]
-36.69304804530182, 0.5931571310855033, 0.9673060280888801, [0]
-37.38838193940969, 0.8034149069092327, 1.149764452368546, [1]
-37.171345315392514, 0.3353567693075722, 0.5738385842281657, [1]
-37.88076517772572, 0.4069053236794175, 1.0335298408900004, [1]
-35.74317164808802, 0.5177203235390297, 1.1740306297016958, [1]
-36.26907594958771, 0.5461927618641971, 1.3557792803421063, [1]
-37.53667979900406, 0.7334489413644034, 0.6128824004892677, [0]
-35.98734001796325, 0.7334962700188195, 1.1766870330543506, [0]
-37.21811656418043, 0.8615798457140729, 0.8164250833550245, [1]
-38.011828268557736, 0.5776952216091572, 0.599447738616485, [1]
-36.810514771309926, 0.47731526674774394, 1.467742549356474, [1]
-37.091918554318184, 0.3852168193189034, 0.9983815816557016, [1]
-37.12215842096235, 0.4971484669396031, 1.2919278926352442, [0]
-38.232527056581915, 0.5876748656515162, 0.38548588524576427, [0]
-36.83168936445727, 0.5467974477134916, 0.8982120931148414, [1]
-37.184055603258955, 0.7206197557932015, 1.2776832216189855, [0]
-37.22290291223249, 0.5573508824394049, 0.9715613080577279, [1]
-36.63406145118013, 0.6892979258294872, 1.296844254593032, [0]
-38.01314074990927, 0.4362604401308696, 1.082152085779383, [0]
-38.370703840712125, 0.7432738059972132, 1.1180156090284437, [0]
-37.64240477630955, 0.5732274132524637, 1.269728883660668, [1]
-36.978299275950604, 0.9086542309617768, 1.0559459683280148, [0]
-37.98279601593243, 0.6038279987117472, 0.7858993936587788, [1]
-36.64682625033814, 0.7338335395433873, 0.6827183244956828, [0]
-38.1858779107264, 0.5351727550299841, 0.995238769393981, [1]
-36.80049729594232, 0.7306325917579457, 1.1633027633648045, [0]
-37.740332291698046, 0.5085636166342966, 0.9859309986660552, [0]
-36.90335908804764, 0.7210016021906355, 0.9044366520057262, [0]
-36.779141786477524, 0.6752723452667556, 1.262994197189411, [0]
-38.24089085117557, 0.9081224487865096, 0.5885152929075547, [0]
-36.45429487417271, 0.5746140586956416, 1.1675225738116342, [1]
-37.86390926873443, 0.5979416945936529, 0.813393954176282, [1]
-36.081282741125804, 0.6044478747222027, 0.7838649548391952, [0]
-36.42500490822537, 0.5920166950013723, 1.1394389049679257, [0]
-36.882348129502084, 0.5988167832427295, 1.0405520000060098, [0]
-36.66018251313395, 0.7735711880777685, 1.1540524039732039, [0]
-37.78963005093554, 0.6927379297202364, 1.245266346997652, [0]
-36.56595304277356, 0.5358472636787834, 1.2482523318904848, [1]
-36.843386592414, 0.6451398868086604, 0.8529691140014122, [0]
-36.82974039923518, 0.7988462804093892, 0.7955394742207333, [0]
-36.4112158149216, 0.8673159372464362, 0.9343228851265725, [0]
-37.235557082656086, 0.5685950906921327, 0.6572761178483371, [1]
-38.10201708502775, 0.5798774881789427, 1.14292386618063, [0]
-37.53140846827935, 0.6816990902826732, 1.0568844182250943, [0]
-37.248743884799026, 0.6754962795190534, 1.086758020157751, [0]
-38.20986309672357, 0.5939516709263166, 0.8642533559163239, [1]
-37.92376168923701, 0.6375615678285917, 1.5711916243537372, [0]
-38.312157859911686, 0.5778888302592726, 1.3059002688990895, [1]
-37.12690196946418, 0.669550807590341, 1.4738780616545204, [1]
-38.258734483172034, 0.28217004864057815, 0.647297701687666, [1]
-37.66952670362534, 0.6523529234719851, 1.3365259637979334, [0]
-38.72615608496271, 0.6333463143871957, 1.399341393717915, [0]
-37.941913956963184, 0.5431071728587739, 0.8053601519024225, [0]
-36.28565919347726, 0.7877918068440535, 0.9720762337968739, [0]
-36.686691692319734, 0.5937751716561942, 1.0287196549507778, [0]
-37.69049188851154, 0.6572238663353658, 0.8679132395187495, [1]
-37.964207284563905, 0.7439965847487755, 0.7681264415691692, [0]
-36.72191364330126, 0.5525319368309345, 1.1754541188176484, [1]
-36.16522817541825, 0.8252636116312582, 0.9531736656546219, [0]
-39.19928014304939, 0.5450091000417454, 1.1634588039330938, [0]
-40.09791503846692, 0.6056168582650183, 1.0524491799011195, [1]
-36.36568645893897, 0.5089377477558049, 1.1913307282748993, [1]
-37.74603283340527, 0.7066460860943108, 1.0073485642717035, [1]
