t=0.23474551785787134
logZ_t=-60.43743836779551
-17.770382691513348, 0.6512773766590425, 0.9716904705440029, [0]
-17.91538298180398, 0.5682667534251249, 0.7393874145888187, [0]
-17.762613228896104, 0.696264282132555, 1.162714046906334, [1]
-17.90635953398351, 0.6303849092279308, 0.8984933175676695, [1]
-17.829005840675922, 0.600813433085918, 0.9439158817182466, [1]
-17.794084527898463, 0.6528564983021398, 1.1747861931257417, [0]
-17.86968752798109, 0.6859409867902405, 0.779013411857435, [1]
-17.977830744133517, 0.6460071974949578, 0.86081816507788, [0]
-18.51641476996021, 0.371647229639294, 0.9897324408524251, [1]
-18.02074795901061, 0.4905319385425951, 1.2020243999074278, [1]
-17.757711980446523, 0.5317379696081856, 1.0035466224572016, [1]
-17.76856988898768, 0.6329434303468187, 1.1134570358683138, [1]
-17.830141885214857, 0.5171253175003837, 0.8855632281058855, [0]
-17.9363895896046, 0.625517205895287, 1.1998250903297185, [1]
-17.86599941064373, 0.530385678333052, 0.832720333372626, [1]
-18.159316844253, 0.6211184968125045, 0.6853771725370998, [0]
-17.86582002300509, 0.6472129003318153, 1.2596846699271091, [0]
-17.906167495850205, 0.4774223945861466, 0.7673399331575441, [0]
-17.879243938941197, 0.6359944539721964, 1.0364417113683455, [1]
-17.810875117152573, 0.5698703400506268, 1.0296474998700589, [1]
-17.881569599870122, 0.7319287161053556, 1.1168512849715686, [1]
-17.836646112507456, 0.6514644464327207, 1.1250439233016052, [0]
-17.93765586679607, 0.5324150305230435, 0.8921832360389873, [0]
-17.88597450204785, 0.7543163070424399, 1.0661755501153363, [1]
-18.103740158187996, 0.6128653507449207, 0.8270949957957048, [1]
-17.762263867448375, 0.700537886714223, 1.0015352158359527, [0]
-18.106669369505553, 0.5945508089102305, 0.7631255772321662, [1]
-17.86386472669089, 0.7462367573809894, 0.8278240986256785, [0]
-17.964941905099415, 0.6068650878161197, 0.885153166991883, [0]
-17.941553514632155, 0.7002512350410199, 0.9577602839847354, [0]
-17.814556336329325, 0.5966081640961285, 0.8875385214698202, [0]
-17.990796550323964, 0.5493276275982846, 1.1375270034182545, [0]
-17.8625861492729, 0.5802198771879878, 1.2349205678041366, [0]
-18.30922268476854, 0.7345303681511227, 1.065439719963171, [0]
-18.051401915202227, 0.806966826166256, 0.9602185946631194, [0]
-17.7509383938983, 0.6701832101383486, 0.9612149061056416, [1]
-17.747160911358907, 0.6600478951698431, 0.7454344702260947, [0]
-17.78970896828192, 0.6460440721970413, 1.1394805951927065, [0]
-17.854602941287045, 0.7259364598988298, 0.757996612313441, [0]
-17.85202957787371, 0.6649892347366084, 1.0683235763773602, [1]
-18.006412187664246, 0.5256483090657931, 1.1221255130568628, [0]
-17.816680803397222, 0.5948735198316987, 1.0816874394040665, [0]
-17.741438727306946, 0.6439490382981182, 1.078769064466221, [1]
-17.794600460385585, 0.653313686091632, 0.9802610847690187, [0]
-17.744379087399142, 0.6210107863576525, 1.0241661423522548, [0]
-17.928349392881866, 0.6720355999911205, 1.3856919840358635, [1]
-18.042804331247776, 0.6642950294654448, 0.9085477717042991, [1]
-17.932143007093373, 0.49116164312581334, 0.6982580207775326, [1]
-18.003160638875503, 0.6776087947061029, 0.8962687925503054, [1]
-18.001971750886092, 0.5373880641869313, 1.0610188081170473, [1]
-17.92678877536646, 0.6640160786576565, 1.3826382120260925, [1]
-17.88157515989861, 0.5346823221581471, 0.8512082735493478, [1]
-17.972524953545495, 0.6364015244003036, 0.8616634878020379, [1]
-17.838114740259165, 0.6304504554347481, 0.8950422993846685, [1]
-17.83967069105183, 0.6778310220706442, 0.8183688216157365, [1]
-18.06430427153502, 0.7652549657059492, 0.7358976830162378, [1]
-18.005904876875494, 0.7837035320986633, 0.8612594657183386, [0]
-18.129531247047215, 0.6003507334285593, 1.2407337472262712, [1]
-18.32261564810465, 0.9428885167001313, 0.10782567578205293, [1]
-18.550078491944085, 0.5497101479802748, 1.202469857097487, [1]
-17.95198736029453, 0.5177165196293758, 0.9802352406235261, [1]
-17.922127181381423, 0.5643709769276106, 1.1552361025710784, [1]
-17.920415520272485, 0.7240907947613371, 0.6821720970221792, [1]
-17.79558700700467, 0.5912048372415613, 1.0086196507732714, [1]
-17.865356737331908, 0.43993417037675175, 0.9858720844048645, [0]
-17.827491022706496, 0.6329883884034775, 1.1041302710291854, [1]
-18.031822207360594, 0.7025925171201322, 1.161480036257533, [1]
-17.81755587148568, 0.5707246797812459, 0.978444071869973, [0]
-17.86785739793239, 0.6494588504918999, 0.7629478822994271, [0]
-17.920248392108455, 0.7011475297543981, 1.0593257152405213, [0]
-17.777366343928705, 0.4961797176830068, 1.0384109607248984, [1]
-17.8560244996814, 0.4762081117654545, 1.292642600090548, [1]
-17.86503882034936, 0.6730857289763502, 0.9028816556594644, [1]
-17.834423300351506, 0.618284832378246, 0.905275992927708, [0]
-17.844804254618992, 0.6455779658753813, 1.0951855694339787, [0]
-18.134468160368197, 0.5898523170486777, 0.8193529720237147, [1]
-18.153971228517246, 0.7694765258042607, 0.7379698315516283, [1]
-18.047448572567554, 0.6273151359955195, 1.2111241882284272, [1]
-17.92372923745039, 0.5868723093253627, 1.0689258412179674, [1]
-18.019213008931946, 0.7372338313672421, 0.6522023138827846, [1]
-17.81085686523518, 0.6616289764585962, 1.030006616000948, [1]
-18.17383154516801, 0.6823664375487278, 1.2782291578539051, [1]
-17.988571510507448, 0.7097463023539967, 1.1197339941613873, [0]
-17.921501517730352, 0.6188862790882277, 1.0634650704193853, [1]
-17.932353835747687, 0.5827363895521245, 0.9078875042435858, [1]
-17.9062116643892, 0.6955701492109878, 1.1590435836410937, [1]
-18.109670328124256, 0.5868905127687463, 0.846806352272501, [0]
-17.761864109727625, 0.5859719290730223, 0.9299555507023236, [0]
-17.837610124891146, 0.5871643594097229, 0.9058706736285388, [0]
-18.00274956792445, 0.5157214259089931, 0.8822618544602453, [1]
-17.770982773927894, 0.6690430681905236, 0.8232546423548155, [1]
-17.834199552916715, 0.6588615188578788, 1.186841604434821, [1]
-17.97265658043749, 0.6675229873991898, 1.0691408044869257, [1]
-18.03613946584803, 0.5927881962336308, 1.1541857252944256, [1]
-17.803671489676532, 0.6405028209293097, 1.0082769804278502, [0]
-17.768193545953213, 0.6113573636976051, 1.0050334346243914, [0]
-17.867391874430922, 0.7352327719264715, 0.9991087944282403, [0]
-17.899077258781308, 0.6482846030219896, 0.9586292555432441, [1]
-18.074659855644978, 0.7500452722249382, 1.1447883178483327, [1]
-18.163248413193788, 0.4076511389104557, 0.7206562683228608, [0]
-17.941070475866088, 0.5456727071517897, 1.2683667135332841, [0]
-18.035198075055924, 0.6551064046130429, 1.089438317729888, [1]
-17.834126401534977, 0.5114165013636872, 1.0614417050481646, [1]
-17.810229512734626, 0.5403474779943099, 0.945210642451112, [1]
-17.86576253550485, 0.47327607842281233, 0.99767624536978, [1]
-17.808099860413677, 0.4959834224462559, 1.1154110180604204, [0]
-17.925144812108435, 0.5651139212250315, 0.5408952256650883, [1]
-17.788591115497738, 0.6281273726346971, 1.0375522998460978, [0]
-17.950332483510074, 0.5861739051630143, 0.8677951788232172, [0]
-17.82944507569492, 0.6769225194996467, 0.9782197951565115, [1]
-18.111880678788214, 0.4931493444199949, 0.7790756881723695, [0]
-17.87536280338812, 0.5671188025525848, 0.6778835318976579, [0]
-17.974034339337894, 0.6612488417607381, 1.0994032678817054, [0]
-17.896982464911062, 0.6529548763855596, 0.9456164349990828, [1]
-17.948261844671727, 0.6520964510574753, 0.665712894549966, [1]
-18.05883851513931, 0.6882057205264086, 0.8020099155864824, [0]
-17.819371277321608, 0.6896403138146424, 0.7461182623330217, [0]
-18.20263596575457, 0.5287614662245111, 0.8288634800361544, [0]
-18.006329309214475, 0.6674647297759572, 0.7749027331933338, [1]
-17.944891703107725, 0.5280136859838893, 1.1091177902928013, [1]
-17.92678444040295, 0.6781894445069134, 0.7098190952547578, [0]
-17.927166437604782, 0.5734163826666436, 1.132802762211417, [0]
-17.76337598252003, 0.5425342682098406, 1.0959472011073357, [0]
-18.13496542743187, 0.6228965921739266, 1.046407909487589, [0]
-17.817838178867202, 0.7101084583064406, 1.1009749252759722, [0]
-17.85635898048107, 0.541831546516472, 1.1280864503471713, [0]
-17.802400808912605, 0.5444741105095141, 1.1612821506143867, [0]
-17.901469760311937, 0.6030473942099461, 0.7317132599387295, [0]
-17.879129008759577, 0.6733301993095322, 0.9576263403846219, [1]
-17.873370599308707, 0.5979896665869698, 1.196138189020376, [0]
-17.87572668162141, 0.616722155298878, 1.1404032676877043, [1]
-18.00146739031791, 0.6595804725701191, 1.3081003684014534, [1]
-17.944967803153464, 0.5353267596871369, 1.1751874666959616, [1]
-17.90594583013592, 0.6555913085855543, 0.7517354535886978, [0]
-17.87578990814097, 0.6405391977769107, 0.9473952538361781, [0]
-17.735965150452454, 0.626768125692205, 1.0845409350268342, [1]
-17.989965989418398, 0.7589527143415333, 1.2523200175169142, [0]
-18.154229099894348, 0.481623338921536, 0.5121995749096615, [1]
-18.01537083216644, 0.6058826273788273, 1.014654162203466, [1]
-17.815725364455734, 0.6112920923134417, 1.0003787990218125, [1]
-17.864531635610653, 0.5878680101988172, 1.104757626367284, [1]
-17.74505380318807, 0.6810955445973561, 1.0338660916263276, [1]
-17.931389315051256, 0.6747790289929597, 0.7375937818968316, [0]
-17.72181898129984, 0.6229144411117236, 0.981515755604592, [1]
-17.88358444645, 0.6497233516217592, 1.0558399634462952, [1]
-17.74511025398156, 0.626634025664309, 0.913177628610149, [1]
-17.877648080913218, 0.5511531227054002, 0.729797999735033, [1]
-17.80139716176367, 0.6046525469943002, 0.9621458712005881, [0]
-17.83627424053096, 0.6000392521921655, 1.1628575312544975, [1]
-17.857304572862386, 0.5195179136273944, 0.8952220566775884, [1]
-17.9137883391655, 0.5086092837323686, 1.1267487810033938, [0]
-17.96919956333349, 0.6029143585900409, 1.2079915489966084, [0]
-18.00256468431093, 0.6749136288238582, 0.8247243618031443, [0]
-17.981866287300555, 0.6021139646288601, 1.0872245450696973, [0]
-17.883340701460995, 0.5852589287315382, 1.0860944905620553, [0]
-18.042611903278537, 0.6950950468843828, 1.31020660424936, [0]
-17.964517147801065, 0.42239768420646223, 1.1075555896061187, [0]
-17.98820991730023, 0.4539555620824919, 0.8584542250571678, [0]
-17.915035405250226, 0.6174181200389948, 1.2403940404031901, [1]
-17.992500534290954, 0.5270335293911104, 0.9925316322306542, [0]
-18.30782131920456, 0.5456817541027221, 1.2443711248122309, [1]
-17.768021707268954, 0.5579437448590967, 0.8327965453991789, [0]
-18.052963391525413, 0.5152212430953531, 1.147082967977011, [1]
-17.869898614845784, 0.6824374527821171, 0.9425863254953895, [0]
-17.834707898282268, 0.641129251567334, 1.070473049474442, [0]
-17.965320860231742, 0.48783927074105704, 0.8218462312074281, [0]
-17.747057486691794, 0.6642595764623858, 0.7716563191927042, [0]
-17.87801766758422, 0.6892120508068984, 1.0904197030425749, [0]
-17.976733331593106, 0.6810128945310548, 0.7096954809942635, [0]
-18.143530117502372, 0.6011325624752872, 1.1642799731367899, [1]
-17.895304664513255, 0.6007438544234625, 1.22139517893698, [1]
-17.84422175037056, 0.5747345231095776, 1.0343738888772172, [1]
-17.750058923084822, 0.6451391908410835, 1.0283242293890058, [0]
-17.74500814955128, 0.6380100229875492, 0.9458583730037191, [0]
-17.954241596598823, 0.6167297860046712, 1.261573157563403, [1]
-17.823129702218452, 0.5846365806879739, 0.7431998602569327, [0]
-17.815185249806177, 0.5517560973862049, 1.0176518990719177, [0]
-17.90185275889133, 0.6680707418535797, 0.8304509241507215, [0]
-18.00597979443684, 0.5379009289253833, 1.0226594084504337, [0]
-17.864060616834443, 0.5528057235801801, 0.9776888774021202, [0]
-17.85962986911855, 0.5810203602704268, 0.8507684883153706, [1]
-18.026967310777824, 0.5914353877679946, 1.2414171023912015, [1]
-17.884344501427876, 0.6884593046238291, 0.8493615694506546, [0]
-17.7193609473308, 0.6410995504351147, 0.7463250729468609, [0]
-17.776999014734812, 0.6195355677767519, 1.1098555244444457, [0]
-17.77610845041248, 0.6266472061972382, 1.164516339123688, [1]
-18.016422809781563, 0.6249162711340858, 1.1429248030604853, [1]
-17.924482026855312, 0.48544586232902764, 0.9813476304743949, [0]
-18.19353482106412, 0.6448879181404018, 0.8506170802859827, [1]
-17.886430472766804, 0.6342912267768209, 0.8733626455306138, [1]
-18.040616357112185, 0.5945903131014102, 0.4231439235216531, [1]
-17.83978730797596, 0.6800591465481327, 1.1307136495994654, [1]
-17.9375973910671, 0.8638488848423632, 0.7874864358365649, [1]
-18.160515119521285, 0.7443802939451276, 0.8987769031052043, [0]
-17.763232991821194, 0.526613265444397, 0.9577482315888823, [1]
-17.84393613575381, 0.6253381501602888, 1.241614983105339, [1]
-18.2610499348824, 0.6957158513488959, 1.3856846328184431, [0]
-18.05023126596446, 0.4597189871129837, 1.0456575212318326, [1]
-18.081639250434545, 0.5365667681955044, 1.002667830248087, [1]
-17.773542558410657, 0.6135545906489182, 1.119038889405662, [1]
-18.085958668341103, 0.6935745929489674, 1.0655482924616682, [1]
-17.864322193004124, 0.5884717557641388, 0.7950389798182617, [1]
-17.835950316357195, 0.6564692475767903, 1.0741477270910578, [1]
-18.180760973988356, 0.6057149230684028, 1.2113294981132288, [1]
-17.92249767852958, 0.6652493754169548, 0.7971527292761074, [1]
-18.026060333615423, 0.5968846873027027, 1.2311698121709866, [1]
-17.91486075320296, 0.6149885935168286, 0.9658834360292764, [1]
-17.82372813126537, 0.7540400478576802, 0.7714053280014442, [1]
-17.921023258201835, 0.6184447202730604, 1.000030621910607, [1]
-17.860439714787624, 0.6705156978324628, 1.0124182044318135, [0]
-17.834295714243336, 0.6085120810517038, 0.893222397220027, [0]
-18.072594078586352, 0.6227395519398667, 1.3397485408623298, [0]
-17.832009422833753, 0.6008720341205673, 1.1141832352243974, [0]
-18.026227868750002, 0.7061722567655425, 1.1177250792061222, [0]
-17.769208762883864, 0.6227263661464133, 1.0853116976517267, [0]
-17.91127222384173, 0.5865094904071417, 0.721858560233301, [0]
-17.790032041929678, 0.5809063854333438, 1.0128063718634615, [0]
-17.95503469705981, 0.5314431923007179, 1.2256233791089814, [0]
-17.821119173670414, 0.6540318617902445, 0.7046071057465318, [0]
-17.847953038523773, 0.6511350985979413, 1.1725594629173965, [0]
-17.850178182128104, 0.49173479515658836, 1.146467146167839, [0]
-17.992365966642268, 0.6580999271587038, 1.2717488310048946, [0]
-17.920624972099198, 0.5956878150069659, 1.129891739860299, [1]
-17.782397020661946, 0.6996063486722716, 0.7867106576888012, [0]
-18.006384136442804, 0.5757434489912157, 1.3191946650129307, [0]
-17.868076275899615, 0.6132686975852509, 0.9639250011001064, [0]
-18.08799654942474, 0.39306964716894743, 0.5968440683007201, [0]
-17.98810248750456, 0.495351747537883, 0.9154713701357111, [1]
-18.46656164232975, 0.4379196627334594, 0.7690961731174054, [1]
-18.09217084158451, 0.6363703331387, 0.9206166474977446, [1]
-17.806586908324967, 0.7612005812540994, 1.0118152080627212, [1]
-17.923324671020723, 0.5021147946767568, 0.9822201916347876, [1]
-17.893154568280465, 0.6173655442381502, 0.811993378311147, [1]
-17.865867500428568, 0.5124312426162636, 1.174846260932075, [1]
-18.058368850538702, 0.5826180912426333, 0.5131114798729092, [1]
-17.859098857542563, 0.5095637653558424, 0.7272121420309987, [1]
-17.773424276282537, 0.6113947808632026, 1.04688253845284, [0]
-17.717437502309746, 0.6407207167198276, 1.1693983116838083, [0]
-17.954144559808807, 0.38593859932522706, 0.9565027877974303, [1]
-17.878110970618238, 0.47984265731420417, 1.099850519339872, [1]
-18.00889488746051, 0.6062185058189837, 1.018258093884488, [1]
-17.922209255340086, 0.6895011327118836, 0.9914417496179074, [1]
-17.815545246846323, 0.6314745310297509, 0.8819509649347418, [1]
-17.927165901607804, 0.6613624673951257, 1.2155299376429047, [1]
-17.786648693636394, 0.7106252780514463, 0.9449647129412799, [1]
-17.914492714264252, 0.6471496021254425, 1.1553071380831312, [1]
-17.792163686871067, 0.5846186822054653, 1.0547872646956675, [0]
-17.707273301185126, 0.6448337188062409, 0.9596655627133384, [0]
-17.961979727372466, 0.5877779690388271, 1.159865930499831, [1]
-17.912885289118986, 0.7228094155797017, 0.812966911775213, [0]
-17.82834613628585, 0.6946577155693522, 0.8377905425326777, [0]
-17.931070887034902, 0.5727196683886835, 1.243303756065931, [0]
-17.952057628637444, 0.6128836706154092, 1.0966388445963842, [0]
-17.78613010623142, 0.6210627336839368, 0.8022601914953601, [0]
-17.754430471035636, 0.6511752439490228, 0.8708734004718661, [1]
-17.808649066331586, 0.6028590497021113, 0.7099448653453295, [1]
-17.8280913305154, 0.5734196007633208, 1.0684806251503505, [1]
-17.89629441504115, 0.6697381653538823, 0.7692942153514191, [0]
-17.751434652303487, 0.6855382272033442, 0.919928806591363, [0]
-17.82226681442545, 0.6931457259962723, 0.6880842259654631, [0]
-17.898101842662193, 0.6594871140418369, 0.8345791791204633, [0]
-17.963125442051577, 0.5352307843903024, 1.274554772321409, [1]
-17.95754288803955, 0.6556815237325102, 1.025483624877016, [1]
-17.817856697125574, 0.7647955791736757, 1.001655879180671, [1]
-17.758393980276548, 0.6031234125254505, 0.9219596679517112, [1]
-17.848058947266463, 0.6143121420080568, 0.9326041446851383, [0]
-17.79952487935878, 0.6898602350281686, 0.912326823444601, [1]
-17.774126274205116, 0.6314421510358468, 0.9642378412352747, [1]
-17.825960075339413, 0.6336315290269954, 1.0968025638313204, [0]
-17.842556547701907, 0.5998160130465612, 1.108676115798045, [1]
-17.824418760478743, 0.573864105063266, 0.6840828489185686, [0]
-17.981279075384887, 0.7474077531908319, 1.1483859526509366, [0]
-17.773706382966335, 0.6564929903906097, 0.9938546438485698, [0]
-17.831298732871183, 0.5767777928118614, 0.9403882777174981, [0]
-17.84684145963991, 0.6693590708264628, 0.8749248519699767, [0]
-17.724352781797823, 0.6451793353258691, 0.8544348365933908, [0]
-18.043086576587182, 0.5627072979947609, 0.6740551443540288, [0]
-17.70101919721592, 0.6115660863409947, 0.8952638713841365, [0]
-17.874091220387626, 0.7954820540818603, 0.9577947180707782, [0]
-17.83373347561425, 0.5737828642007403, 1.1304522905561099, [1]
-17.793632956508134, 0.6907673616417965, 0.7810788680731522, [1]
-18.04524531763529, 0.621334757353606, 0.7465746992403076, [1]
-17.735012466111954, 0.6474816524043338, 0.9603571657191529, [1]
-17.771054991011123, 0.5956134954169173, 0.9782987390087371, [0]
-18.02047988470342, 0.5601624329884569, 1.00045697215439, [0]
-17.771839228786295, 0.5982552224906301, 0.9270245368367865, [0]
-17.83490867263997, 0.5355311676634891, 0.9883419093318478, [0]
-17.869247408648647, 0.5180844241920055, 1.1249754422315887, [1]
-17.77369063107293, 0.4952906497896542, 1.011124230934038, [1]
-17.875712269987332, 0.5960460904657828, 0.7729687507472561, [1]
-17.90999359619302, 0.5470563624829521, 0.8850570803520833, [1]
-17.90592611170188, 0.6001781856331775, 1.04150000387184, [1]
-17.993820271797833, 0.3964820033185445, 0.881423175212696, [1]
-17.90915404024026, 0.6580567848980039, 1.077217123379438, [1]
-17.78473642143844, 0.6427319569507064, 0.8906124284680704, [1]
-18.32102750110551, 0.6357260469248489, 1.2048361144267374, [1]
-17.972728396482864, 0.5854868638620139, 1.355154899364125, [1]
-17.774904664625563, 0.5773453730037793, 0.8164934010874474, [1]
-18.08045385743473, 0.7622501672753984, 0.8396970192941978, [1]
-18.19001070311188, 0.6219822835523954, 0.9680870054252699, [1]
-17.97380526072054, 0.673203211992667, 0.9318357105000448, [1]
-17.949859071084777, 0.5165308183034598, 1.1386260325881976, [1]
-18.17676628902032, 0.6491049448959141, 1.2881682504229188, [1]
-18.07174146650359, 0.6113152150575907, 1.2969890048309185, [1]
-17.993510801928636, 0.6432335854743985, 1.3316506547501707, [1]
-17.838891254847248, 0.47068845611086507, 1.0356489852639812, [0]
-17.87494478702425, 0.716903661004359, 0.6701222444565165, [1]
-17.7940668980063, 0.582672401218828, 0.8090865620316753, [0]
-18.158384901245782, 0.7173426193876772, 1.0849034891736655, [1]
-17.984447797506068, 0.5846993445242097, 0.9260200338641142, [0]
-18.479309872064103, 0.6124986723902954, 1.3879236660236431, [0]
-17.939753205739493, 0.38583449038799905, 0.9534285465112804, [0]
-17.85029022891706, 0.5381427081931959, 1.1261422153690106, [0]
-18.016874922978005, 0.5162201992145777, 1.2813082186254936, [0]
-18.03753314798643, 0.7677013497026725, 0.7211360893933014, [0]
-17.974508064337574, 0.6951425291669996, 0.8135573308545763, [1]
-17.871741877855307, 0.6914326556482386, 1.0664903383699194, [1]
-17.891536660209024, 0.7525194325183016, 0.8350989743226692, [1]
-17.923871600372518, 0.5709331813186286, 0.6546321785742122, [1]
-17.82334006709901, 0.6056763084944793, 1.098930414157436, [0]
-17.810129295256782, 0.5474133066410417, 0.9816653114312441, [0]
-18.064053801162206, 0.46537212280336065, 1.0333471575488793, [0]
-17.816957473107916, 0.5760558065968961, 0.925272371886116, [0]
-18.145005640296397, 0.4704846676596953, 1.0632522270628344, [1]
-17.709014968441533, 0.6005237235704224, 1.0176910433340964, [1]
-17.9000395493131, 0.7434324986275718, 0.9614304677970738, [1]
-17.787502258873793, 0.4943045741702228, 0.9709683276191732, [1]
-17.788973713379512, 0.5675322528456688, 1.0020670556503504, [0]
-17.766237018206805, 0.611888617079499, 0.9895903512386283, [0]
-17.820563836935793, 0.5919881905625025, 0.9384684906756191, [1]
-18.04207065811283, 0.7026406040663634, 0.9497888867408966, [1]
-17.890503770753348, 0.7287454570913008, 0.9068299352566901, [0]
-17.880280672869347, 0.7069567904215839, 1.0253555318967493, [0]
-17.920089728834913, 0.6595365145414674, 0.9410030910464416, [0]
-18.146309239209003, 0.5827313805391956, 1.3001032959218248, [1]
-17.884127865327024, 0.6504493910699329, 1.12651250866192, [1]
-17.798977056648642, 0.5510299612188276, 1.1680933277849563, [0]
-17.769624190417858, 0.5702921877558444, 0.9900048023323993, [0]
-17.91602180001672, 0.5042509529027227, 0.9845909942431763, [1]
-17.937293304757112, 0.5961196577198515, 1.213684456912732, [0]
-17.993498719389848, 0.6061048503774547, 0.2734813384887841, [0]
-17.841816842939764, 0.5503541293789876, 0.9263563989212353, [0]
-17.822811363147604, 0.8358328061163989, 0.46009022080805717, [1]
-17.74105232415739, 0.6395191470424137, 1.0847261633699676, [1]
-17.919309862381397, 0.6921383221558084, 1.2323477422473865, [0]
-17.711613571307435, 0.6282565042922961, 1.0410831016714575, [0]
-18.03969945029297, 0.6962377350741555, 1.0628581274698745, [1]
-17.839054486644756, 0.6365146745584452, 0.9120994982049675, [1]
-17.920595031275088, 0.6831452250459431, 0.6240790802407961, [1]
-17.925117461440095, 0.5090878730813099, 1.315337462574307, [1]
-17.809302087168902, 0.6045025104595886, 1.165121128531955, [1]
-17.96595342442192, 0.6136883079387245, 1.0505870481837436, [1]
-17.800031624358027, 0.6028387552948502, 0.7743898389238751, [0]
-17.95081049622595, 0.5400587594377123, 1.0292375438528816, [0]
-18.20748849688119, 0.6581736699823131, 1.1193248338345858, [1]
-17.89137555969543, 0.7193204751212998, 0.7071141724841162, [1]
-17.94363943518301, 0.781324911471277, 0.8206124779329811, [0]
-17.775275869723927, 0.6289705378762651, 0.9894493200476812, [0]
-18.005853320038266, 0.7833191359975616, 1.1296095147120804, [0]
-18.008371418505238, 0.5539673184221781, 1.0718412221171616, [0]
-17.769690229650475, 0.6621644712564979, 0.9244272082664281, [1]
-17.767423550590873, 0.6642281888780676, 0.9054842484949586, [1]
-17.94132228524213, 0.6140576692676432, 1.0153818532264012, [0]
-17.903480327158032, 0.617068658020302, 0.8938434594468647, [0]
-17.765486540553233, 0.6639178184192195, 0.9502775849681758, [0]
-17.839094163559057, 0.6237244107484831, 1.160685067531626, [0]
-17.921961390265366, 0.5168338648322752, 1.008243173010422, [0]
-17.773173407277866, 0.645187185247168, 0.7884189294104084, [0]
-17.796046952436598, 0.5008690649931766, 1.1791095906590738, [1]
-17.783137156284116, 0.6256644072930946, 1.1369940801891179, [1]
-17.828717059401292, 0.600845434775281, 1.1733310802901809, [0]
-17.901280046983537, 0.6215831134854569, 0.8662952663530403, [0]
-18.00124086013107, 0.6759692574860557, 1.2998007072510493, [0]
-17.782783708157517, 0.5947548896474814, 1.0915961858947554, [0]
-17.890242496047758, 0.5797061715318208, 0.9102649627648143, [0]
-18.04921902822252, 0.5822835380976827, 0.9398073809592291, [0]
-18.284987384568872, 0.6439228040357559, 1.3562027697339367, [0]
-18.002426605393467, 0.6932836332735148, 0.9384505731058631, [0]
-17.93272738525751, 0.5036127997531503, 1.0274941844015206, [0]
-18.05464988765712, 0.5233255781473833, 1.0934559314963694, [1]
-17.839561236228466, 0.554111528262841, 0.7859410230760422, [0]
-17.852155384461515, 0.6924521790371779, 1.2238714830912025, [0]
-17.948010732504443, 0.6106963728092986, 1.2173184663787207, [0]
-17.785679187046455, 0.5972547260701118, 0.9626215401228084, [0]
-17.773812563799645, 0.6104085340954004, 0.8242271536191617, [0]
-18.040625802322626, 0.5204303616151261, 1.1775802261694344, [0]
-17.939385598215154, 0.8760156438503762, 0.7527224816709988, [0]
-18.353144595699117, 0.6585867297781949, 0.8110860631003222, [1]
-17.764156839460874, 0.7012474502288129, 0.9169976564477251, [0]
-17.999271388328186, 0.62334039596739, 1.1702622394687943, [0]
-17.874233452029067, 0.5938967356475169, 0.6933753745121918, [0]
-17.71021251362877, 0.6521086052504594, 0.9886188512871913, [0]
-18.035154606776334, 0.6746345764864178, 1.1980704302662013, [1]
-17.946894862945594, 0.5258955327330921, 1.2361680115922435, [0]
-17.927379162151134, 0.49155926792477134, 1.027169409343264, [0]
-17.83873946555393, 0.5857098598089423, 1.2077272486214263, [0]
-17.880691731968067, 0.657973074387445, 1.1167430734780541, [0]
-17.900578706358594, 0.693402689517883, 0.6814770652922464, [0]
-17.89936124790138, 0.6277999324407663, 0.574960223197189, [0]
-17.887237247813065, 0.6228023428453372, 0.8715317695354486, [0]
-18.254648719434574, 0.5915451952393335, 0.6906428593014018, [1]
-17.892289296097747, 0.5612931473407432, 1.0359751617210526, [1]
-17.75579123286033, 0.6886234319588469, 0.9598130205585249, [0]
-18.015723745102893, 0.6161908109886103, 1.0888241139066797, [0]
-17.81157622983437, 0.6367408593392028, 1.1888083205584419, [1]
-17.928843493571005, 0.70526382296298, 1.045618266101641, [1]
-18.194825754547118, 0.6494796051380461, 0.567792413600984, [1]
-17.93372148611167, 0.5230614233212892, 1.1187951968084437, [1]
-17.83505490776732, 0.6243653773746842, 1.4224372111204562, [0]
-17.876855706014894, 0.7597623000920738, 0.8571959149667348, [1]
-17.803204794972974, 0.7098173717600792, 0.7630764346798693, [1]
-17.721536246649695, 0.5440177888013058, 0.8422710371379504, [1]
-17.88263413991818, 0.6652635730009868, 1.099984898646147, [1]
-18.013369014368674, 0.589206192744971, 1.227810838366603, [1]
-17.977546175557595, 0.6452604074203219, 1.0952911169905213, [0]
-17.79593874775744, 0.5433303657579885, 1.0731649151445966, [0]
-17.98560362021727, 0.6012505228343175, 0.7339168348963945, [0]
-18.05851027338456, 0.4075951286500028, 0.8250293335652361, [0]
-18.03249025788008, 0.6308375251425743, 0.9957696116843632, [0]
-17.856169874700875, 0.6727829236120614, 0.9727577053278524, [0]
-17.802326102228776, 0.5787842237701782, 1.1625993278274924, [0]
-17.763309607828468, 0.6547894625875065, 0.6866309947925024, [0]
-17.720747127154485, 0.5797598488133191, 1.1489441446556428, [0]
-18.099971818439855, 0.500653758439511, 0.5129589589850608, [0]
-17.856160332783823, 0.5573423954133, 0.9853049637028625, [0]
-17.70209811043636, 0.6483535951322342, 0.8903439356790095, [0]
-17.700534680993496, 0.6094360979248387, 1.0073744902500485, [0]
-18.034085689675713, 0.43906973741704364, 0.7400712511507489, [0]
-17.981850514357166, 0.496920629408397, 1.269314549252759, [1]
-18.029922881845646, 0.8051203563041541, 0.8225301255866171, [1]
-17.883379133110658, 0.5237647263661955, 0.9475886552807562, [1]
-17.78505014050077, 0.71571229099586, 0.881544734241951, [1]
-18.18671560768925, 0.598111370114582, 1.0205062190344474, [1]
-18.081384771756017, 0.6981476439963047, 1.2156114656594592, [0]
-17.709214799849335, 0.6286742761735646, 1.0528672559869667, [1]
-17.806774218719667, 0.6565893842335434, 0.7794241536735523, [1]
-17.85742536071885, 0.7176697703399926, 1.1425158166219764, [1]
-17.74796104221583, 0.6814432003488546, 0.8977979622789978, [1]
-17.886030362374232, 0.5454184265261505, 1.0076575186381562, [0]
-18.16685013758326, 0.6729023442795645, 1.1095128906299396, [0]
-17.991829439633147, 0.6384132078621707, 0.8126628115829069, [0]
-17.9495671143626, 0.8407064647433133, 0.9508649640821074, [0]
-17.99334629633235, 0.5382778309719185, 1.0346574066481562, [1]
-17.91870248833372, 0.6969535249160349, 0.6757581553013621, [1]
-17.85240681075973, 0.776008644723382, 0.7094695857009419, [1]
-18.032560196571257, 0.6285726622351078, 0.6700952917113745, [1]
-18.024993600569605, 0.6778182682408587, 0.9140942155819587, [1]
-17.79507627693601, 0.6016803660908872, 0.8576740725092094, [1]
-17.871113980054375, 0.6543847862113324, 1.060986904624645, [0]
-17.78229274165327, 0.6669304916862406, 1.0648649210422367, [1]
-17.950948095310956, 0.720713609924799, 0.970251228023355, [0]
-17.922456851195346, 0.8040356780533946, 0.9695667040397509, [0]
-17.984462752379173, 0.6316055210019758, 1.0614034678264483, [0]
-18.076343535513633, 0.530801283178992, 1.0250173106501883, [0]
-18.1732739943122, 0.5073379108565023, 1.165620364194899, [0]
-17.90974591931121, 0.7350527453532122, 1.1761493152947573, [0]
-17.712259856450654, 0.5987867521913506, 0.8853971004638833, [0]
-17.95591508534055, 0.7681913404096508, 0.9373175093990582, [0]
-17.848357155671692, 0.7370602414286582, 1.1060989124003306, [0]
-17.825392788445015, 0.6984813872640907, 1.060585130535655, [1]
-17.77840551872996, 0.5640277054191115, 1.0258996111110528, [0]
-17.863178525730053, 0.547309354360598, 1.3031600229427336, [1]
-17.798946275284752, 0.6155244027679909, 1.05737008576905, [0]
-17.809009157204773, 0.7968176399572963, 0.945689398676613, [0]
-17.797604788765423, 0.592115066136496, 0.7615641462378038, [0]
-17.969961644531345, 0.284566650645528, 0.843339280775749, [1]
-17.886770086067852, 0.5614430664123945, 1.234737088426885, [1]
-17.772767055025852, 0.7403027584282372, 0.9527325561764929, [1]
-18.073897542558285, 0.7133157360435088, 0.9272799397728773, [0]
-18.212941969028936, 0.5556892820343131, 1.2919837546705877, [0]
-18.273250359742594, 0.5699160391650688, 0.7880293298991881, [1]
-17.736902560748618, 0.6388714625874851, 1.0145143636182326, [0]
-18.077967012343816, 0.6744541015884917, 1.3373290039429553, [0]
-17.895936169620487, 0.5593239956830082, 0.7735423486507718, [0]
-18.099237592852297, 0.6460777352010116, 1.0873739268329574, [0]
-18.096948329380133, 0.8016266151614565, 0.7911689421527142, [0]
-17.84461046083789, 0.4844929876608369, 0.8522140051228602, [0]
-17.90196755639207, 0.581713160635534, 0.645330944463969, [0]
-17.849244904045122, 0.7303382577818437, 1.079248934951858, [1]
-17.85466671797086, 0.6793741709994465, 0.9973358675682671, [0]
-17.846375019289123, 0.6924976364894601, 1.0062542572256552, [0]
-17.8343951352857, 0.5419193189268531, 1.189164342098276, [0]
-17.977622104383364, 0.5948838074041705, 0.9965248168599014, [0]
-17.73132035865561, 0.5993810517332281, 0.9928636457149653, [1]
-18.100240827632437, 0.7313300698683822, 1.2973473351809324, [1]
-17.900213593961837, 0.5598260326203115, 1.2311853453619515, [1]
-17.846830096935054, 0.5667835432128905, 0.9989573067238577, [1]
-17.89969220387991, 0.7384906188861234, 0.8959213182887513, [1]
-17.903205078448014, 0.6683701577165864, 0.9541994734517358, [0]
-17.792806726114485, 0.5945321257044494, 1.047868341170766, [0]
-17.843009920073335, 0.6039082547355582, 1.013065678092134, [0]
-17.823169180687106, 0.7604272724398843, 0.846112254038885, [1]
-17.820898004956067, 0.7164865257850499, 0.9198353843576784, [1]
-18.000893934959606, 0.6202327067996344, 1.2833256534362443, [1]
-17.713081492058834, 0.5982537056373608, 0.8745370383202862, [0]
-17.811996583673576, 0.6357774882014778, 0.8494151820523229, [0]
-18.11546618940825, 0.4784738902929778, 0.6522082162699615, [1]
-17.857815982512562, 0.6157980345405611, 0.8095170273558242, [0]
-18.138314120532154, 0.5568046537918329, 0.9530977828187703, [0]
-17.904713954450948, 0.6816541283733952, 0.9367456955730835, [1]
-17.770648802360114, 0.6532878082958704, 0.4678227453675007, [1]
-17.978596154237323, 0.6579443155645563, 1.1183133546812785, [1]
-18.021603577580876, 0.5116309315569756, 1.0065578973326421, [1]
-17.943970690639958, 0.5958304027361618, 1.0483958417541241, [1]
-18.03009145452133, 0.6110761251774777, 0.4962333036680707, [1]
-18.055708247139908, 0.5106262522460125, 0.587173437600563, [1]
-17.942877466444436, 0.6309327773695856, 1.0746099261898157, [1]
-17.731290119260127, 0.5906010613352881, 1.179786839852469, [1]
-17.82540982124367, 0.6464459982514821, 0.7568350318881455, [0]
-17.765729483604023, 0.6104619427859991, 1.1716502874066967, [1]
-17.80859996911147, 0.643825290186759, 0.7111135717116615, [1]
-17.862039423224495, 0.5633843459422452, 1.1364495431936819, [1]
-17.865763002734234, 0.6036647524020867, 1.1737215318460266, [1]
-17.859720565604338, 0.6773860888797814, 0.7822668072435959, [0]
-17.827172548522487, 0.6978054551020145, 0.772750182331745, [1]
-18.190021294703485, 0.7374316283037878, 1.2478232773214029, [1]
-18.079836434623022, 0.697011664407651, 0.8068625559996165, [1]
-17.913062633195413, 0.6438232025025661, 1.305589642309381, [0]
-18.08451869734413, 0.6405005218901741, 0.8162612994797827, [0]
-18.054352190843584, 0.738831272526906, 0.6975610846587792, [0]
-17.74314016802764, 0.6708123503403636, 0.8799993497951832, [0]
-18.076160825169016, 0.5893553760103816, 0.922688667017853, [1]
-18.30377715547316, 0.5996858766667885, 1.1093791681013, [0]
-17.9479092979093, 0.7624802016353057, 0.8799455984377003, [1]
-17.78643875699638, 0.6252881069640366, 1.1337725269622616, [0]
-18.08854649412186, 0.6053334131278236, 1.3025873595525228, [0]
-17.822953751561517, 0.5350089295665887, 1.0187656576840685, [1]
-17.80762285289955, 0.5454716727189429, 0.9525381269388635, [1]
-17.956156735149488, 0.516630673087959, 0.9021902999731576, [1]
-17.766618368539195, 0.7306079841916873, 0.8686538364308557, [1]
-17.87816612112598, 0.5528983201934154, 1.1684198468159244, [0]
-17.858045421112507, 0.6656228342554047, 0.8490196000702739, [0]
-17.720671209161658, 0.6414551825658186, 1.0601041548131525, [1]
-17.781306235360326, 0.5996467234812688, 1.0087355299995737, [0]
-17.93930230928413, 0.7241978750927981, 0.9329253244937437, [1]
-18.115140122591605, 0.6746458301306636, 1.2363878337840652, [1]
-17.738213419306977, 0.637836848115801, 0.9530743271419629, [1]
-17.80263028903044, 0.6214439177874735, 0.9522742751317717, [1]
-17.796070110378885, 0.584383108627831, 0.7300557678519499, [1]
-17.972606280106458, 0.41656517319805725, 1.0594000792864686, [1]
-18.047779808757387, 0.6869777835171571, 0.7207179977282451, [1]
-17.928820078510768, 0.5194111867940148, 1.075717386778381, [1]
-18.161161714673085, 0.642455398331822, 0.9490810017141142, [1]
-18.27433256463953, 0.6025385778396309, 1.1179014733233845, [1]
-17.798446288893505, 0.7030648316396961, 0.9791063657739716, [1]
-17.875119083883906, 0.5442222210065789, 0.7504053214329233, [1]
-17.705901400865464, 0.5966223687277258, 0.9831420620873639, [1]
-17.831299451187956, 0.6236844496763082, 1.099607856584758, [0]
-17.812789995782573, 0.7722923659490359, 0.9083808331982062, [0]
-17.96900106455326, 0.5790564093280502, 0.7895356914628242, [1]
-17.905931513723427, 0.6764940630500769, 1.0580142413301914, [0]
-17.83729389855316, 0.6621089841877785, 0.9993513189574824, [0]
-17.886307499378724, 0.5584825285012529, 0.3862490090351297, [0]
-18.201457093474776, 0.8799812210405892, 0.9532263925511004, [0]
-17.97008776034427, 0.7239350146917898, 0.9532578389163128, [0]
-17.91245775138325, 0.699336039568151, 0.8378378941373319, [1]
-17.904379503042026, 0.5773100801784088, 1.2160877502311305, [1]
-17.80002688184304, 0.5963460539100961, 1.0329776009403868, [1]
-17.930422560964786, 0.5447365545221072, 1.0838569492637717, [0]
-18.060833333415506, 0.5872092435477, 1.0982155898814996, [0]
-17.875173194377584, 0.6743179817590261, 0.8494629926280101, [0]
-17.73692662192328, 0.634074325759423, 0.8924567604976321, [0]
-17.90017698519981, 0.644337239277362, 1.1467159645871616, [0]
-18.21522781825689, 0.6458972446650055, 0.8950996807933007, [1]
-17.885956479330144, 0.6413089252061196, 1.0799546601467027, [1]
-17.765034270944216, 0.5277099638025974, 1.0105627110142443, [0]
-17.885216319017502, 0.5977746225836827, 0.7811160161870871, [0]
-17.827229782307736, 0.47473322731417733, 1.1018309569421745, [0]
-17.885805611170934, 0.6671553405376088, 1.200108401617396, [0]
-18.016704222338845, 0.5089406050998118, 1.0445671658332636, [0]
-17.815972069511584, 0.6733867052176562, 1.0704522294385739, [0]
-17.898640886044134, 0.6087197449815016, 1.102650190030669, [0]
-18.165212931326074, 0.6516672347637019, 1.2912427261206314, [0]
-17.86262465270678, 0.43132022059266695, 1.0307480053817093, [0]
-17.864886987862434, 0.7075003130427269, 1.0177427901800773, [0]
-17.957405585021604, 0.5580053971138151, 1.1201564457192728, [0]
-17.72811100471313, 0.585068520589154, 1.095810963177061, [0]
-17.94537449798763, 0.5012582729694639, 1.0394483760885858, [0]
-17.89129872941161, 0.4760399588043856, 0.916623536113506, [0]
-17.84911380931286, 0.6616007761874381, 0.7664036855823886, [1]
-17.955788228160845, 0.5052946378396193, 1.0430679864355075, [1]
-17.827868834240213, 0.6846002302423586, 0.9762728874629689, [1]
-17.94785687850027, 0.6015977016171676, 0.9503358362112497, [1]
-17.887295777189436, 0.6512862678619686, 0.9058149408168024, [1]
-17.82629843124951, 0.718335649771917, 1.2488706654114075, [1]
-17.85638529832781, 0.4943185381993891, 0.8649532810611528, [1]
-17.829062553791278, 0.5482098657121611, 0.9414151629925824, [1]
-18.054534647531256, 0.5144726585484696, 1.1020962696488517, [1]
-17.752659070300986, 0.6247858168742898, 0.9289723999645553, [0]
-18.00415569671709, 0.6726130702605914, 1.415573116841545, [0]
-18.027453815448848, 0.7021845480138839, 0.9981725003215537, [1]
-17.998227828453093, 0.5086384799952924, 0.8682153524565203, [0]
-17.827782570728555, 0.6701562535992802, 0.795997702887263, [0]
-17.872620849383686, 0.5508606031469234, 0.6856757332685737, [0]
-17.74016849751352, 0.6506029834497898, 1.0315262459542052, [1]
-18.402174963270852, 0.3834984645514449, 0.6793046639202716, [1]
-18.029204046567, 0.5967826969379996, 0.9421486846400913, [1]
-17.697358710582044, 0.6447047343148911, 0.9608489350433981, [0]
-17.868389189490014, 0.5674737355598644, 0.7496269433892139, [0]
-17.846511875713187, 0.7151644912049178, 0.9568620046635475, [1]
-17.74540267310784, 0.5824988228294277, 0.9382608361500124, [1]
-17.737334051404545, 0.5540496430825586, 0.7989136665418317, [1]
-17.78509449437055, 0.6656060156663336, 1.0987588370930599, [1]
-17.839323053346472, 0.7040516521427523, 0.9581006997508731, [1]
-17.773564986105036, 0.6390474558981827, 0.9814636396407762, [1]
-17.835851629549122, 0.6470482948257014, 0.7138859809896722, [0]
-17.784972207557846, 0.5838028992512397, 0.9727358942686707, [0]
-18.034436585835145, 0.496467765403263, 0.7566598557948437, [1]
-17.749749953037284, 0.626023988822661, 0.9221306885490927, [1]
-17.798309051010655, 0.7321016516681782, 1.0611863253055214, [1]
-17.90509015797613, 0.6768467671001188, 1.1455221356623457, [1]
-17.88098001746573, 0.4685106690071753, 0.7151333677210073, [0]
-18.11901038081552, 0.8247882222370758, 0.4741528307367787, [0]
-17.787429607200984, 0.5781208282578361, 1.0857313022967074, [0]
-17.892095542890818, 0.5351823609222963, 1.1044007193861458, [0]
-17.759690945412654, 0.5264962225074916, 0.8726398725435496, [1]
-18.116649844088716, 0.7653396554261218, 0.6384277761809374, [0]
-17.735551607169956, 0.606756158855843, 0.8122792957033462, [0]
-17.783138005953145, 0.5705238588661368, 0.9382278581011035, [1]
-18.10922070921052, 0.7412880895992878, 0.9313748197666878, [0]
-17.747309793643137, 0.5551080505548212, 0.8570053055505344, [0]
-17.9142188935295, 0.5932483148413804, 0.9245050331988032, [1]
-17.98517612420096, 0.6435069731952168, 0.8059634708444019, [1]
-17.959107719417055, 0.5247085907360777, 0.7325594577696088, [1]
-17.791142177627364, 0.5987426178495224, 1.1276627791438576, [1]
-17.926059141810317, 0.5539419650221863, 1.1927376892283048, [1]
-17.76151796675021, 0.598665954407779, 1.1112319696285096, [1]
-18.078911947790335, 0.515309822714161, 1.337307751854009, [1]
-17.778865360347954, 0.6571067400753383, 0.8241478937196585, [1]
-18.16233980350774, 0.6663137340407745, 0.938536941356927, [1]
-17.93783806345677, 0.5630198617532978, 1.0031067264992277, [1]
-18.019278834348178, 0.5434068610264281, 1.079941683022639, [0]
-18.032936694335415, 0.5667288491749728, 1.2464779196462632, [1]
-17.80265324133355, 0.6217604027653769, 0.666277632407925, [0]
-18.11160051710349, 0.6559947251243797, 0.47455950805308056, [1]
-18.001209866008985, 0.7099996606430273, 1.1623586626048368, [1]
-18.110122480543183, 0.5788985716309754, 1.424090108288794, [1]
-17.808698498526148, 0.7325354632955564, 1.1591243160375455, [1]
-17.80792220009987, 0.57973252109477, 1.09959889298925, [1]
-17.87060517748951, 0.5159582980547792, 0.8609684922420118, [1]
-17.698415724117222, 0.7505002169966867, 1.0780154032920652, [1]
-17.746151872509778, 0.6959991223706097, 0.8469132161759155, [1]
-17.978356124267446, 0.49677761159708905, 0.7942305450029414, [0]
-18.08401706785088, 0.5656834993475103, 1.0452872208427184, [1]
-17.813899636770362, 0.5826562898996052, 1.157960105433478, [0]
-17.709834054539936, 0.5557111693519183, 0.8351084901815119, [0]
-18.1240836538756, 0.537064100453488, 0.984040085331848, [1]
-17.997990434870104, 0.7245339138569454, 1.151650994165509, [1]
-18.4625351991371, 0.7360560930996122, 0.7081176346442476, [1]
-17.7586291922979, 0.633044396594246, 0.9540133376409763, [0]
-18.317796316654977, 0.775649630802614, 0.6062324820886456, [1]
-17.753066191625926, 0.6382141933474571, 1.0941789717713042, [0]
-17.768501780790253, 0.6061847570352177, 0.9657498692656672, [0]
-17.986533349176536, 0.5889583107387245, 0.7204206348799433, [1]
-18.09843277984078, 0.5483489248314335, 0.9837024367262084, [0]
-17.858008617521644, 0.5786508664817036, 0.9445505044824591, [1]
-18.090545568557925, 0.47778837824382897, 0.918191856166195, [1]
-17.824176362751263, 0.6076978977520223, 1.0895864915574391, [1]
-17.743477869478163, 0.6528534342657828, 0.9362295143935757, [1]
-17.858750127785328, 0.7869594082025856, 0.6332438958859602, [0]
-17.960026473626, 0.700447566899757, 0.7796090934847626, [1]
-18.370857085193222, 0.6931255365617347, 1.1919458454406482, [1]
-18.199914956721205, 0.5199847822901003, 1.2135921530586646, [0]
-17.938645404621848, 0.6180002475802744, 0.7916549534638025, [0]
-17.835493411367455, 0.7119196010846107, 0.9899730957134447, [0]
-17.7743829979958, 0.6870151202675158, 0.9244999338736843, [1]
-17.762745499969053, 0.608431166464124, 1.1797004734046113, [1]
-17.857348971872216, 0.5896642414873022, 0.8846628933128566, [1]
-17.98336155267133, 0.6272963099182124, 1.223996368943624, [1]
-17.93596913970138, 0.4849851922045613, 1.2086523183405142, [1]
-17.78016197396248, 0.7090810003459437, 1.1269716548061526, [1]
-17.771161774895017, 0.627650427986443, 0.8594547835387606, [0]
-17.858913321287947, 0.7557956525319441, 0.722100545617652, [0]
-17.775031966676686, 0.5501170948680795, 0.941610112646158, [0]
-17.94527840181105, 0.6839375547564377, 1.2139485967426389, [0]
-18.122933833919486, 0.6282339212550929, 0.6407960880994252, [0]
-18.269601007443402, 0.792042870087037, 1.3366207741955414, [1]
-18.344571428225304, 0.7672123997556453, 1.228350814032282, [1]
-17.98092894071377, 0.7186683383789128, 0.7162227745256213, [0]
-18.018565422553294, 0.6329935074056754, 0.6396267332323464, [0]
-18.383475778928318, 0.6303569457970476, 1.2995795174265787, [1]
-18.25356099551292, 0.714097323988429, 1.285231259692857, [1]
-17.871906814225717, 0.7014275322324411, 0.7996543747184214, [1]
-18.28046855080134, 0.7983301362512767, 0.9106324107261266, [1]
-17.85222782560234, 0.5665464188684872, 1.1033505990674508, [0]
-18.029164629447585, 0.6183316133475351, 1.0102237360592912, [0]
-18.357547523598782, 0.5721081686382234, 0.5510075959116897, [0]
-18.146908254977554, 0.7927903873339939, 0.8631614254351839, [0]
-17.753196595161775, 0.563014380845208, 0.8861112898200112, [1]
-17.881755009317555, 0.6498168608278359, 0.844756925472164, [1]
-17.980939812295695, 0.5669864354383529, 0.7408007195484423, [0]
-17.92843738802795, 0.7932944313575703, 0.8348440937583658, [0]
-17.78090534370909, 0.6259691928322796, 0.9044364381089842, [0]
-17.965286051701813, 0.5568171217590321, 0.8078911035218744, [0]
-17.94448665888697, 0.7042287556791467, 0.8629970070396266, [1]
-18.080996464797764, 0.7398389720266346, 0.9493231540896948, [1]
-17.89351570324643, 0.7638751447634293, 1.1128824695993074, [1]
-17.923038609156812, 0.6560764626118923, 1.0691256573221148, [1]
-17.817842770674595, 0.6665519554406982, 0.8612836446562718, [1]
-18.050656105341965, 0.5840695343275251, 1.0646966720087778, [0]
-17.84856248470726, 0.589857010206234, 0.8106655527834004, [0]
-17.9771121457215, 0.5492580796414068, 0.9371986008669515, [0]
-18.0102164770315, 0.6438938262123952, 1.3035907082362959, [1]
-17.793617552951794, 0.6252099660091486, 0.8997487818344053, [1]
-17.799928097436705, 0.49609940673354724, 0.7089530753698071, [0]
-17.881118126419047, 0.6145820917174049, 1.0938815740755161, [1]
-18.318960089375537, 0.6356762003343202, 1.2569153792675165, [1]
-17.90970963096127, 0.6651195633319361, 1.100510549609788, [1]
-18.005566820995856, 0.6400747506261167, 1.2475865179005428, [0]
-18.29468812113152, 0.5129185979843749, 0.8539594771177128, [0]
-17.811718959858773, 0.5462983208868926, 1.0733659984227928, [1]
-17.872456729820257, 0.541483509332741, 1.2374645219816582, [0]
-17.762238403091153, 0.6512790405164759, 1.0632703158106058, [0]
-17.786788400297617, 0.5422436717139398, 1.1776697921111918, [0]
-17.774477475937942, 0.5353311488371603, 0.9009709465064306, [0]
-17.823526679072874, 0.5581415637264001, 1.1349652199172606, [1]
-17.773531612244177, 0.6353249807065184, 0.8498102290071712, [1]
-18.047317749183296, 0.42987945559678686, 1.2416768746793965, [1]
-17.818295656574872, 0.6230419410476645, 1.0770339748394098, [1]
-17.894086045304107, 0.5889767697204954, 0.8354049603918285, [1]
-17.903195850771304, 0.639501827682452, 0.9638686181963968, [1]
-17.886170172411493, 0.6513209849599253, 0.9652877747140257, [0]
-17.770192047471106, 0.6130927266751439, 1.0946750407219223, [1]
-17.751450527263938, 0.6301007786735414, 1.0960602507543202, [0]
-17.848503231740807, 0.7038823440516064, 0.9369468645046242, [1]
-17.801697729416055, 0.5815297369702406, 0.7783387340538184, [1]
-17.724292074480392, 0.6652534295634507, 1.070188125304911, [0]
-17.835669826974488, 0.562101583846165, 0.8017359050015873, [0]
-17.923067675841583, 0.4238700374096697, 0.9186731151831409, [0]
-17.7468948278072, 0.6121675624515724, 0.8752216812736104, [0]
-17.84144753760295, 0.595075488918503, 0.8313048020904474, [0]
-17.795130442007796, 0.5177548878204413, 0.801412531487419, [0]
-17.941637483673283, 0.754970820355735, 1.098414976279049, [0]
-17.831735692881345, 0.7243112629985132, 1.140738121448611, [1]
-17.802591732725798, 0.5597160299365653, 1.0792295553115832, [1]
-18.218428814786318, 0.4658978017846095, 0.983387698332229, [0]
-18.14046897746007, 0.5492427633931517, 1.2199501190129647, [1]
-17.765246650136028, 0.6991904668201947, 0.9138697005996999, [0]
-18.215820758560348, 0.4869519411204229, 1.0579496206432943, [1]
-17.868844922942973, 0.5005119931364892, 0.9125234018563162, [1]
-17.901893928083, 0.6567946860051551, 0.6761052153252467, [1]
-17.92115432052197, 0.4462028106908173, 1.027366140219896, [0]
-17.97618608878687, 0.6644035151479656, 0.7719516752563375, [1]
-17.976150544015187, 0.5040815402185974, 0.8264920652283126, [1]
-17.82550246422135, 0.6459800933821339, 1.0183020607735562, [0]
-17.855608417173862, 0.5988232528229732, 0.8766671709571185, [1]
-17.812735933538402, 0.6674627362291363, 1.0614534109076088, [0]
-17.75179434215747, 0.6434916347479189, 0.807819490998888, [0]
-17.87559228978541, 0.638831509166545, 1.047136300097678, [0]
-17.779505664070424, 0.5352402167575535, 1.1735780825810505, [1]
-17.92765848942133, 0.5192699081801628, 1.2101310603940572, [0]
-17.719030217192362, 0.657987416556082, 1.0103001806929992, [0]
-17.91930953386631, 0.6732587346580254, 1.025652097481955, [0]
-17.868796807063973, 0.6870129529614495, 1.1397797946185129, [1]
-17.81225895889379, 0.6605785969422516, 0.9300924429170034, [1]
-17.849925426677782, 0.6653997379684421, 1.1001773270251267, [1]
-17.861570108874172, 0.49374869934613375, 0.9415122381589835, [1]
-18.309573739114466, 0.7652214250367119, 0.6205569495379123, [1]
-18.01496831287076, 0.7045201486145364, 1.17824730621738, [1]
-17.92304575474416, 0.6376635034044551, 1.2152120900149757, [1]
-17.755808689831326, 0.6779449039044444, 0.9530824273771885, [1]
-17.90700991734104, 0.3836643278101989, 1.1508396292383374, [1]
-17.846064300884372, 0.7095166847775184, 1.0466419170407306, [0]
-17.834230696025553, 0.5504850324273708, 0.9849993307151242, [0]
-17.933160638067367, 0.632047705020098, 1.3487695786588383, [0]
-17.914208029733658, 0.4993898294909466, 0.9203605336010431, [1]
-17.778312329016735, 0.5319165200114278, 0.8674124464718393, [1]
-17.813740599363946, 0.6170075916933785, 0.7197575587346411, [1]
-18.255321711712217, 0.45733642890886567, 0.8295391625806847, [1]
-18.022936271310407, 0.6427353285054045, 0.8313112543657943, [1]
-18.074478087549153, 0.7660320671431907, 1.1086778527111012, [1]
-17.849225256408296, 0.5621781513653392, 0.9079570684287306, [1]
-17.981925191358826, 0.7830406404362216, 1.0095933076896335, [1]
-17.891265713044255, 0.684104895394607, 1.1564714783967391, [1]
-17.97709543479302, 0.47171954363628427, 0.9187670627936415, [0]
-17.812999500650573, 0.6421694861903597, 0.8093186834363971, [0]
-17.86279585840589, 0.49210446952604414, 0.9865547505924288, [0]
-17.77968065931995, 0.5111054092040843, 0.8795181726194969, [1]
-17.819682068633732, 0.7210988203725642, 1.1726050108570159, [0]
-17.733338352173575, 0.5847057695877419, 1.008370419526164, [1]
-17.839348669416136, 0.659263510409496, 0.9885698294668692, [0]
-18.018057966220272, 0.3876298016652739, 0.8544527200078282, [1]
-17.82719632305136, 0.6398762545472423, 1.0405737556995707, [1]
-17.78540353445535, 0.6199996171201066, 1.2175079440526562, [0]
-18.10131405999579, 0.7285904416871556, 1.1264092116520197, [0]
-18.00644638767707, 0.7250538811027839, 0.959229307454292, [1]
-18.057822235034134, 0.76756038739233, 0.670419273793759, [1]
-18.03882871802797, 0.5487823239887547, 0.895386108092772, [1]
-17.814069630039604, 0.5779283904899147, 1.0303631473491894, [1]
-17.876299917771505, 0.5288121868675739, 0.9785656023345581, [1]
-17.982932564139194, 0.4910119135672888, 1.0290905399108587, [1]
-18.035125409555558, 0.4992686173517197, 1.1381191035823257, [0]
-17.809222714345637, 0.697342883469031, 0.8280485930783443, [0]
-18.491105382622358, 0.5548738532669795, 0.9139514576723471, [0]
-17.99628118167946, 0.7330507146499347, 0.7296186939534328, [0]
-17.802293185909345, 0.6195760681301292, 0.9885846617258955, [1]
-17.796371022591526, 0.6399509037617154, 0.9634261246125831, [0]
-17.864891049193155, 0.6476208792736379, 1.0539710183289184, [0]
-17.891051390805718, 0.47388034012924274, 0.5748195411987923, [1]
-17.758189558314186, 0.5697052614909572, 1.1337185439699655, [1]
-17.74987095909187, 0.6477573878190722, 0.8156299957542039, [1]
-17.738934076322412, 0.743593537265202, 0.7699934095641333, [1]
-18.008640368759345, 0.5528749388014987, 1.2107594276244855, [1]
-17.926340974768436, 0.5167846176537013, 0.8822215811190737, [1]
-18.06165039966398, 0.49594299108859113, 1.0208544402617068, [1]
-17.75222186853899, 0.5929891032283251, 1.0790329904608167, [1]
-17.926769577863908, 0.6811729902900603, 1.0261117925729932, [0]
-17.94731716615523, 0.688291784177505, 1.3247851500379924, [0]
-17.95429639287861, 0.5062833997727318, 1.3466779661367518, [1]
-17.878264486656466, 0.5471437357513298, 1.0021467971133915, [0]
-17.86728244602093, 0.7651581089130224, 1.0177948097349827, [0]
-17.92402736663847, 0.7265381355001772, 0.9316488607306244, [1]
-17.79586227265409, 0.7046182490874777, 0.9162209622729044, [1]
-18.078397341654668, 0.5782075093147214, 1.3369207744876654, [1]
-17.914009882184672, 0.7372459044109997, 0.720547462389848, [1]
-18.06516117958903, 0.6497655417893142, 1.14927759274022, [0]
-17.81443567350283, 0.7500549860834789, 1.0644762831315704, [0]
-17.794432340028298, 0.6515347678890936, 1.1577022841826612, [0]
-17.80516789536261, 0.5175719593156269, 0.7944270646443083, [0]
-17.959818194633083, 0.5113069837411716, 0.679485902069443, [0]
-17.827140077451293, 0.6286193318254379, 1.1112675898264137, [1]
-17.877207944654145, 0.5769963258011215, 0.97134011902216, [0]
-17.752615567105227, 0.615321258239645, 0.8545724004917193, [0]
-17.892163514536826, 0.7089770750993674, 0.8425564714985001, [0]
-17.91617956864141, 0.5185325834269214, 1.1794792684332638, [0]
-17.859953472124282, 0.6217792408211283, 0.7362960437610979, [0]
-18.180456880974848, 0.47162016296986037, 0.9782239632605144, [1]
-17.763094243616436, 0.5678519432462306, 0.9186876198446314, [1]
-17.796900082260866, 0.5995032960074388, 0.836980646989305, [1]
-18.12105816535363, 0.6337774478921478, 1.2028462001350784, [0]
-17.786697049364722, 0.5526334245169864, 0.8840903961294209, [1]
-18.041745184919307, 0.4064997357271506, 1.0683916476351958, [1]
-17.848860884588426, 0.633859433124763, 1.027444717435463, [1]
-17.790160214143523, 0.5673013039531035, 0.9614781280704414, [0]
-17.7709085551131, 0.6809900980886391, 0.7315768291325737, [0]
-18.198004878150666, 0.6120211006511205, 1.3607396376257488, [1]
-17.770813982807887, 0.6016042762205567, 0.9483904427201955, [0]
-18.00577243869261, 0.5482714020274304, 0.6851342117233683, [1]
-18.212132119883123, 0.3939533130910753, 0.9325086975466785, [0]
-18.00131398055305, 0.7106208360234737, 0.8132097270776086, [0]
-17.879931423557057, 0.5579551167660914, 1.1407320700910402, [0]
-17.79237251892459, 0.6595124285307868, 0.9872242013488761, [1]
-17.753042381334318, 0.5900618819203362, 1.1876242866265978, [1]
-18.095711480178906, 0.4843100669360852, 1.0564847376052462, [0]
-18.042817435702585, 0.6499809375871477, 0.7906762676580655, [1]
-17.758167500902996, 0.688614285778788, 0.9089870881396259, [1]
-18.02985102563271, 0.7320100899848261, 1.1878803097379005, [1]
-17.938100449910518, 0.725553238166351, 0.7302664193233777, [1]
-17.808467755489357, 0.6163963131524225, 1.1743556344622248, [1]
-17.957870010132638, 0.5077848090907704, 0.695144296408291, [0]
-17.855628290684784, 0.7094650628943593, 0.8313018437136253, [0]
-17.976923567394486, 0.5566425310664614, 0.7447466904479138, [0]
-18.01146888335959, 0.5312132065979311, 1.3016245484977216, [0]
-17.887687799809015, 0.5617928110220854, 0.9541463438551234, [0]
-17.916831033316164, 0.7367247774565663, 0.845803089096394, [0]
-17.701141784307225, 0.6802172966978067, 0.8403103644202327, [1]
-17.84644151823064, 0.5419903979772513, 0.8101583489303693, [1]
-18.147466866619233, 0.8287409223868315, 0.9558319619879183, [1]
-17.76112156243828, 0.6768196641266773, 0.9920440526057553, [1]
-17.902195886751432, 0.6768299659399882, 1.3783934273062357, [0]
-17.836327992867172, 0.7142161833524022, 0.9077141427398495, [0]
-17.85506128964619, 0.5594965699278818, 1.1309268928942662, [0]
-17.836113407760497, 0.6002616626888253, 0.8605626017728834, [1]
-18.085336894700536, 0.6171037375160139, 0.9481152967853004, [0]
-18.28496014506146, 0.6394649760206494, 0.4823787544942501, [1]
-18.609225050404042, 0.4115049919054855, 0.5070020736718048, [1]
-17.807004836082683, 0.4842506216679382, 0.7563713949087728, [1]
-17.970215770500424, 0.6483336966100515, 1.225626381601765, [1]
-17.934593852306474, 0.564010218107649, 1.3736545434256664, [1]
-17.99055656707984, 0.5690991826617301, 0.8532868989064841, [1]
-17.7509946237296, 0.6657539105608107, 0.869863440411488, [1]
-17.932105146290034, 0.6418584656076958, 0.7838901201951637, [0]
-18.058232431648527, 0.6397015864821075, 1.3512582088199407, [1]
-18.02828068498462, 0.593936857232729, 1.2850098734126638, [1]
-17.819804519340536, 0.670829370914033, 0.9659130425648053, [1]
-17.784164293019145, 0.6583083725265872, 0.8569504354028661, [1]
-17.787320420756746, 0.5451859678712732, 0.8647655896422807, [0]
-17.785123112868295, 0.7239218444366864, 1.245069459219283, [1]
-17.895409473883156, 0.5766743884091029, 0.8658374623265843, [1]
-17.80741426240045, 0.6259938286173509, 1.0218287950364622, [0]
-17.923168541742587, 0.6330244180237283, 1.064042474358616, [0]
-17.935028020729654, 0.5926822297466702, 1.0998264634164943, [0]
-17.8108540920133, 0.5715506983809299, 1.164747175518588, [0]
-17.856950023833537, 0.7421049649620409, 0.7120435077981815, [0]
-17.967205453690763, 0.6838965830403199, 0.9275517942611711, [0]
-17.749743078514964, 0.5733237174549309, 0.9248147023676605, [0]
-17.70844990760815, 0.47916577850398384, 0.6653832100429944, [0]
-17.76027510623903, 0.66353118649772, 1.080253021112153, [1]
-17.747403785714837, 0.7344882094542485, 0.9455683117592247, [1]
-18.210474745869647, 0.42497742282289763, 0.9619054994043673, [1]
-17.76907621193715, 0.6629020932258392, 0.9851936894206853, [1]
-17.979601415044122, 0.6125435398956417, 1.254566915171915, [0]
-17.915638794909388, 0.6276401433210692, 1.1281136122909428, [1]
-17.856588386207008, 0.5239454973547377, 1.0230653093533377, [1]
-17.9453582428054, 0.7454001759082723, 0.6585120900539384, [1]
-18.10116255339925, 0.5033759157759952, 1.0765224804883942, [1]
-17.8483882601299, 0.5047406096552477, 0.9561841310665677, [0]
-17.82337707907946, 0.6744832705927822, 0.9231129343091963, [1]
-18.44679263264076, 0.6437706427243247, 1.2067891376213566, [1]
-17.77179410327388, 0.6689513073880295, 1.044793378106351, [1]
-18.010209601712205, 0.5819583780107918, 1.0547084401319764, [1]
-17.80566492482128, 0.5300832732394795, 0.8983004304030018, [1]
-17.758233852726676, 0.593344316459743, 1.0081262436529141, [0]
-17.754331684398164, 0.5320939342459604, 0.9588208923882955, [0]
-17.89319963661044, 0.7123077556472426, 0.8616657338297073, [0]
-17.81376337925193, 0.6458080182750632, 0.760579956209192, [0]
-17.998543095698494, 0.6209609069617634, 1.2154066259516638, [1]
-18.057748903103956, 0.7291188312720123, 1.2604447073255463, [0]
-17.813038844760616, 0.6319310835457429, 1.0085372792838163, [0]
-17.792723696154855, 0.6484951273730841, 1.1154786451340772, [1]
-18.038574687299576, 0.5440738783656078, 0.7212195482160298, [1]
-17.87748225765614, 0.6927112970993324, 1.281716125360949, [1]
-17.81182055861123, 0.49121167709002855, 1.076586493669342, [1]
-17.755668111913234, 0.7691570994386386, 0.9419746251714914, [1]
-17.835372791809295, 0.6287127593740228, 0.9040754580669532, [0]
-17.81333893039636, 0.6737048360527891, 1.0573259106031827, [1]
-17.802494016768875, 0.441607342735699, 0.765257193530446, [1]
-18.041151652211212, 0.7245986461353326, 0.9868803627687345, [0]
-18.0247885839073, 0.4986094362959319, 1.2470774412768801, [0]
-17.772351679170338, 0.6131278607719584, 0.8179563012235039, [0]
-17.85339718170689, 0.6629553766378801, 0.8597227110818346, [1]
-18.034390470214714, 0.5969561726744143, 0.944730921931406, [1]
-18.089164707553266, 0.6176829115770419, 1.0645091720861277, [1]
-17.967044401003676, 0.5371044455737863, 1.0756131885111913, [0]
-17.99677981712298, 0.6907385525028241, 1.0216202416482996, [1]
-18.2985384931515, 0.58477587690323, 1.26754973464723, [1]
-17.814397462676244, 0.6636186153026866, 0.9535448417095959, [0]
-17.9219562715397, 0.5559237636291502, 0.8134745595359192, [0]
-17.8461051831205, 0.5776606893879599, 1.161029331232814, [0]
-17.826531804533175, 0.6249751394828678, 1.1330804125316554, [0]
-17.849092332956676, 0.5758066468886316, 0.8030512531536282, [0]
-17.984669808101852, 0.5591593072506161, 1.1309242642431467, [0]
-17.95728838597253, 0.5742606784502116, 1.1727934943753835, [0]
-18.088642440095164, 0.7557394730759501, 1.0657279105847504, [1]
-17.866960948795285, 0.5115217418243457, 0.8963494060483931, [1]
-17.782703542945548, 0.7183359433162425, 0.7139304720915884, [1]
-17.940052516256706, 0.5930000677000193, 0.925515210660561, [1]
-17.89286339962669, 0.6968336726360721, 0.8707829545418733, [1]
-17.78271067974658, 0.6098031947465801, 1.2087270305384161, [1]
-17.76677633229869, 0.6919449987678636, 1.072348526902409, [1]
-17.7094761195561, 0.6093608997646249, 1.062333831213538, [1]
-18.112038083695364, 0.5141589554092894, 1.327659011456575, [1]
-18.034384370623066, 0.6099024637962519, 1.4671905716823315, [1]
-18.088873598062445, 0.6183369209531594, 0.59181668624813, [1]
-18.26372381431653, 0.5759412395427628, 0.6654673976915603, [0]
-17.931351666459847, 0.6886711626217991, 1.0798431582276098, [0]
-17.86465448351084, 0.6839301635916151, 0.9177018409776683, [0]
-17.964354811430017, 0.6785363123269307, 1.21774160814128, [1]
-17.721322927688306, 0.5918638797232383, 1.0573321483395879, [1]
-17.780272914556377, 0.59535770150987, 1.0629785111487375, [1]
-18.129162624377443, 0.5970389343185514, 1.1885075566475631, [1]
-17.958825535831835, 0.5565002178643562, 1.3065518457051855, [1]
-17.716371694444906, 0.6453758415478217, 0.9778811035373218, [1]
-17.78982941486814, 0.6782193331041038, 0.7619438384793592, [1]
-17.956961337898598, 0.6778787597184031, 1.3159449481839647, [0]
-18.045716776688735, 0.540915333013777, 0.8624890897572863, [0]
-17.753243390292717, 0.4668058358392514, 0.9349614449864311, [0]
-18.04932338579111, 0.49715480334269013, 0.8693969535739865, [1]
-17.787604472484443, 0.5777532825335796, 1.0114233404032236, [1]
-17.903389795075675, 0.6036534674541606, 1.1958264356712363, [0]
-17.792625153621863, 0.5524524542679915, 1.0433673902014409, [1]
-17.87054856397801, 0.5087648427184508, 1.1732575410190325, [1]
-17.875256520552508, 0.6584649232006805, 0.8206431042372522, [0]
-17.9599441684447, 0.8497230083294823, 0.9557962851331795, [0]
-17.845077417218494, 0.7419562426508166, 0.7986007334105434, [0]
-18.28109162053117, 0.7505380106193896, 0.859054674564439, [1]
-18.2276688898609, 0.7055360343620006, 1.0500492273250859, [0]
-18.064682802572946, 0.44225991855132707, 0.7621313729129129, [0]
-17.857091253754266, 0.5415307345819176, 0.923855283975546, [1]
-17.80187648209138, 0.7223575553400015, 0.8509328753467688, [0]
-17.90434316852087, 0.554657505158968, 1.2375578234151097, [0]
-17.753545859364248, 0.6315834534392506, 0.7648862777107779, [1]
-18.009769839073762, 0.5255242286512847, 0.9614043237709926, [1]
-17.835567545140943, 0.6725421702682773, 1.009300862890223, [1]
-17.98398045797964, 0.5502657087100402, 1.065459888274949, [0]
-17.98949487739129, 0.7234097394757236, 0.6908238656693673, [0]
-17.884923107101738, 0.667188082626134, 1.0031354507658672, [0]
-17.7579953744074, 0.6613957300762124, 0.908565949136479, [0]
-17.752871995832884, 0.645263203687497, 0.9250827978279641, [0]
-17.828269844135807, 0.5368863537083701, 1.0968084392527766, [0]
-17.836719202018237, 0.560132479015661, 0.8979884163105221, [0]
-17.93161458812492, 0.6726759665885054, 1.114113127307496, [0]
-17.81625611096517, 0.6265968903452166, 0.8133554435608312, [1]
-18.112539284228195, 0.6985112431242883, 1.2668749850645564, [0]
-17.923559780154438, 0.6049336175515792, 1.0150982964889137, [0]
-17.851081852369422, 0.5485216521728732, 0.9478175323296296, [0]
-17.89602469957516, 0.7079305595443963, 1.0565814255087504, [1]
-17.753429267741804, 0.5970740855641652, 1.1321500538801497, [0]
-17.87933486918968, 0.8144060952992127, 0.9575550574233567, [0]
-17.828124457991013, 0.5412745255134458, 0.9865756112370828, [1]
-18.051315432343305, 0.4986546470360555, 0.7026249861208761, [0]
-17.982105491675185, 0.6978399820490404, 0.8667346535865793, [0]
-17.939250162718217, 0.5710476197147154, 0.5710992772495411, [0]
-17.78639206782403, 0.6545021909385471, 1.143536285537252, [0]
-17.79936360103855, 0.6955643627453283, 1.3407813762994876, [1]
-18.0462689736094, 0.6762149305603516, 1.040752409674843, [1]
-17.890175411000563, 0.733732908183443, 1.0627499475218019, [0]
-17.858328615731164, 0.678032712195741, 1.0638892993745412, [1]
-17.953876880591316, 0.7338629543509467, 0.719786303232371, [1]
-17.84243040557985, 0.644339448957225, 0.8745941247785123, [1]
