t=0.0011005081564143772
logZ_t=-1.9343169073972213
-8.859144741303183, 2.9160600716774665, 0.6783881517397073, [0]
-8.192172265987784, 1.2183271999831957, 1.3436163051872994, [0]
-9.591629921447264, 1.843968430277446, -2.3894411742068007, [1]
-8.968265579310344, 1.8676708412935923, 1.327797750821604, [1]
-8.937779196869073, -0.027453914968686766, 2.8283677684209048, [1]
-9.091971771190007, 2.054191596880109, 0.9606354813627391, [1]
-9.54056750065246, 0.393660263648712, 1.5295118666206284, [1]
-9.27613190143099, 0.891455460938545, 1.74580344830593, [0]
-8.69779552323689, -0.37292479729165967, 1.9400560388959565, [1]
-8.420011059266855, 0.3661500537499802, 0.7197815969396759, [0]
-8.853124982762418, 0.9742537496615189, -0.1576630828320815, [1]
-9.377229634530272, 0.23560330367900617, 1.8976449391550532, [0]
-8.593466328286718, 0.712489037211233, 2.5869366999493284, [1]
-8.902335554917999, 3.0562792134737675, 0.7882030155324434, [0]
-9.027841391232835, 0.9168977742491828, 2.2205027707318927, [0]
-9.62452852955359, 0.4751007583911444, 1.472859855420323, [1]
-9.388957725719369, 0.34738241503445266, 1.789091461812335, [1]
-8.222854268522106, 0.5735177372175639, 1.827479464973595, [0]
-9.998265499954963, 1.0588159346466501, 1.647261780617796, [1]
-9.009904198558562, 1.2219214670078056, 3.3187027992121942, [1]
-9.486958201006933, 0.3652292926760148, 1.8515524746196035, [1]
-9.463465672867446, -0.3844496629512828, 1.467812743626901, [0]
-8.310785200868311, 0.6186529168490775, 2.382129865170051, [0]
-8.543821165150705, 1.6453208271172057, -0.021165857999266846, [0]
-9.246674043262187, 0.515457279840236, 2.2238148974792056, [0]
-8.205040061886246, 1.371933450936622, 2.116093547225444, [1]
-9.395382536755244, 0.0983675076335212, 0.42524410894099995, [0]
-9.876743270092257, 1.1208425665687574, 1.257581770583127, [0]
-8.917157128628423, 0.16105364541109896, 1.3477735246638092, [1]
-9.322835551015345, 0.9382853937486817, 0.49899949518739484, [1]
-7.977230013442518, -0.06205123707004545, 2.0565244581996542, [0]
-9.275961546784876, -0.03269895387151833, 2.152550962756836, [0]
-9.031594015647, 1.4577068205336, 2.590126635744518, [1]
-9.248539256260827, 0.5739044750431865, 1.3011825330051254, [0]
-9.619511183894591, 1.49857306356008, 1.424287347126763, [1]
-8.97240243592743, 0.7705108100476188, 2.1917723498618864, [0]
-9.349119837111287, 0.17100071779572623, 1.1853386152679621, [0]
-9.57514619249834, -2.707026351342012, 0.15569055151784483, [0]
-10.526363844002105, 2.4814509332709878, 0.30637919539688085, [0]
-8.916886451393047, 1.8343632081155938, 1.6973476424864162, [0]
-9.671438356981755, -0.03384101181995969, 2.124987515195625, [0]
-9.118054924602728, 0.13531292564738212, 1.7056506627028982, [0]
-8.452440065403843, 0.6464105786547749, 2.0621162826890105, [1]
-9.30355432004968, -0.7363138176950192, 2.3487492370634504, [0]
-8.366181869855346, 0.7626593015896335, 2.5790112080818592, [0]
-9.222994842356204, 0.8496393804944511, 2.748248580064761, [1]
-8.204457759673392, 2.783934209403524, -0.18180050790250207, [0]
-9.610645031460985, 0.6137582301370808, 2.2716743718513697, [1]
-8.776955790813423, 0.8930997800050611, 2.735402634046967, [0]
-8.946125660817296, -1.0511824209789506, 1.5655489977667179, [0]
-9.25761941004377, -2.9180341871525903, -0.6786482953053641, [0]
-8.89148325486032, 1.0090777682724619, 2.322776225201234, [1]
-9.192695808996175, -0.6305595565069644, 1.8844982598243734, [0]
-8.558443879047646, -0.44908562572707905, 1.60949393300753, [0]
-8.68576654027764, 1.5967134829528553, 1.6139585524663582, [1]
-8.667847005328952, 0.5005245785713862, 1.0912668590009253, [1]
-8.946057275869187, 0.36691104151917187, 1.9355136676510383, [0]
-9.162574644154097, -0.4108584216695279, 0.8532427975999275, [1]
-9.128463035183412, -1.1507217071371159, 1.3085749749660778, [0]
-8.671010377881556, 1.0570722151895398, 3.1957959424503204, [1]
-9.14863042096796, 0.059790978589751534, 2.2774991588583027, [1]
-9.303741850467537, -0.6985411187383369, 1.693074473813657, [1]
-8.288477175141, 0.08266489297526214, 2.8197206232818246, [1]
-8.660104818496697, 0.18274321512579306, 1.962740522534803, [1]
-9.072750509745623, 1.2674158333498566, 2.1796475757815266, [1]
-8.629120773692005, -1.8905057061594668, -0.2802111642892211, [1]
-8.794287070545161, 3.454289586660604, 1.7411997781046282, [0]
-9.128556024073113, 0.616425122092042, 0.8152555629938566, [1]
-8.686339832106288, 0.2794993740234911, 2.995358978587193, [1]
-9.00001784384801, 2.180305286419398, 0.9025877882949878, [1]
-8.406708060895989, 1.6115285729695346, 1.7809588182876939, [1]
-9.292101737340834, 2.1749756815601824, 0.6124091254369, [0]
-8.349814026796997, 0.307552079093366, 1.9227776876483165, [1]
-10.485269568112217, -0.8681897748131839, 2.0063899326490446, [0]
-9.68246779252595, 0.49435034104999437, 1.8992422600706476, [1]
-9.251811592280191, 0.013159804606823866, 1.887819819759906, [1]
-8.561207339935, 1.7851895621417349, 1.0202405918494535, [1]
-8.990272180567956, 1.6753319311346435, 1.481916787616116, [0]
-9.75551450020735, 0.3947270052082481, 2.1107581953614325, [1]
-8.656474956367632, -0.31649932838742356, 1.0514653294963923, [0]
-9.131666602996027, 0.3143533560854821, 1.9909357306389484, [0]
-8.493942011687404, 1.1475093442319613, 1.8002400566188035, [1]
-8.603030714560724, 1.1173266999504479, 2.2259166928209364, [1]
-10.123407248768222, -1.6150303888835666, 0.20353500337856167, [0]
-9.290846456618503, -0.17106573470259556, 1.5750915328504025, [1]
-8.667511917998318, 0.6400318950664684, 0.872880281388368, [1]
-8.8873070354373, 0.4286449552114856, 1.6142844263924232, [0]
-8.73334491201781, 1.193297881253522, 2.4140917422230417, [1]
-9.279878331974501, 0.2656087821610254, 1.77033718810628, [0]
-9.052571914283773, 0.4205102951727492, 2.866911830575989, [1]
-8.555137164823497, -0.6550988936926494, 0.5792497211912808, [1]
-9.136488234242965, -1.1450321325944528, 0.9254986832612999, [1]
-8.568078252916338, -0.2363831973365128, -0.28014860795857055, [1]
-8.728032453280507, -0.08204990456848266, 1.784447678423994, [1]
-9.310177123306595, -0.7832117695467038, 1.6269698435821738, [1]
-8.614103936849741, -1.5321202912099738, 0.568147815748131, [1]
-9.932740454566867, 0.5230781688347516, 2.8018996719512064, [0]
-8.576253761830268, 0.943797700772356, 2.6998850958433995, [0]
-9.30670805292191, 0.8230769377251406, 1.9178871472435608, [0]
-8.700817310135195, 1.386474767360013, 1.7082803710904735, [0]
-8.70921161943828, 0.31945006795145603, 2.1819796065832815, [1]
-8.442437976065344, 0.5517720814006862, 1.83176219727535, [0]
-8.116644810315906, -0.3099729596963381, 2.3509916713572006, [1]
-8.253816799232098, 1.989541208357493, 1.4280674082016733, [0]
-9.345879820971986, -0.38251501185025516, 1.609224150409987, [0]
-8.507783591533, 1.4469004464693083, 1.7350970259791443, [0]
-8.947422558212796, 0.6541587521359179, 3.116803805434068, [1]
-9.009495839531398, 1.5678180679326374, 1.915040890666507, [0]
-8.52363116063839, 0.6957548425345879, 2.468473634560541, [0]
-9.103752267182074, 1.9050332874869769, 0.8877524480183404, [0]
-9.367002967604302, 1.0648049536692317, 2.5095364424602145, [0]
-8.697389548572858, -0.5038867741334001, 1.4882610601444648, [1]
-8.39631844698059, 1.058130911545923, 1.975916627679575, [1]
-8.5186904317178, 0.7252525329679452, 1.3666612280928263, [0]
-9.244485868004414, 1.1994071783585725, 2.0274197745309177, [0]
-8.180899313517248, 0.26229090075674033, 2.40805942088106, [1]
-8.553369280548836, 1.4492812165040254, 1.419253504839452, [0]
-8.664165445439815, 0.8524580121338681, 2.4977982513582475, [0]
-8.373800679501077, 1.0981474087260068, 1.7326823882259246, [1]
-8.401640147941835, 1.8863631942219565, 0.9201188955606414, [0]
-8.420542151582813, 1.4193660685935914, 1.0700509713971984, [0]
-8.539088955588612, 1.3084143611349577, 2.387388024158522, [0]
-9.119114507673684, 1.0742212310440467, 1.610618914010346, [1]
-8.382161054791005, 1.5568156859778743, 2.4801378918966197, [0]
-9.457584875617632, 0.7258299907159091, 1.8915580620882433, [1]
-8.56118686702037, 0.7389450456795462, 1.5790581623450075, [1]
-8.664347109580364, 0.11171896253205332, 2.548682783237947, [0]
-9.783610506987078, 0.21277067890005041, 2.7066895197483154, [0]
-9.379402746536485, 0.6827890663015084, 1.2615043170609774, [0]
-9.34499046874796, 1.0535610882612214, 1.3001921543919939, [1]
-8.759708477733914, 1.0988000340955661, 2.0665023510441176, [1]
-8.88609144739193, 0.6574471893689378, 1.6099171956901497, [0]
-8.79698506327704, -0.268653016777582, 1.8446015582696433, [1]
-8.454517515826174, 0.31294518448583175, 2.4647814832547175, [0]
-8.426449884502558, 1.3784358989649086, -0.2179950407233305, [0]
-9.020206425705721, -0.243586105167807, -0.2450644057076964, [0]
-9.531438521349395, 1.7223842253476003, 1.4317923876899215, [0]
-8.71159870109294, 1.5014161839510711, 1.6798939681303477, [0]
-8.939813032662117, 0.6123105773842425, 1.0267259373511408, [1]
-8.689847721077614, 0.0028779594105000084, 2.732658190048312, [0]
-8.248329467410596, 0.7894970350167376, 2.473047593130593, [1]
-8.918124081134602, 1.771894073217021, 2.5672620326478683, [0]
-8.685530891206653, 0.8894641885203327, 1.686510018113971, [0]
-8.510031445818932, -0.02142925347653346, 1.40763385246017, [1]
-9.651240385109599, 0.6296982689947246, 1.8242513151206226, [0]
-8.237205987005478, 0.3986761056681305, 1.9077442644134797, [1]
-8.538515343481832, 1.7656552544565616, 1.7105750700108642, [1]
-9.548186514952791, 0.7746408724918248, 1.3418175921362985, [0]
-9.512901269491204, -0.5724296922365464, -0.017146125482408126, [1]
-9.370172638587727, -0.257417950184577, 0.5182231482677645, [1]
-8.710699055519951, 0.795552047144002, 1.654515607159759, [1]
-8.698708114087571, 0.8656065668033935, 2.0326515046657008, [1]
-8.265864400744825, 0.3207776971431604, 1.6323344245657445, [0]
-8.33959025538937, 0.8498566502933297, 1.9412566992406513, [1]
-9.093713305577454, -0.43639339001970623, 1.110603289961467, [0]
-8.958674060289754, 0.2135352044675184, 1.4894055600751583, [1]
-8.507452506834374, 1.359816529532255, 1.846397626643697, [0]
-9.181934666988997, -0.6137722508506238, 1.5898811050624373, [1]
-8.641432904398801, 1.0036132062348107, 1.4210946926517507, [1]
-9.630904221040131, 3.0484468353462564, 1.7028044403990517, [1]
-8.666322437855735, 0.21991674288593455, 0.4555173183926464, [0]
-8.327387873356239, 0.8193631058649264, 1.8668192627291564, [0]
-9.127583728025357, 1.8905386376338351, 1.5812122191327647, [0]
-8.848998255074891, -0.46299121781217867, 1.5003175947948852, [1]
-9.143339003496116, 1.3300568620927504, 2.207117198794915, [0]
-9.210209988874125, 1.0654503934428001, 2.778622007387541, [0]
-8.999414852640278, 0.20817501371912306, 2.281819304918593, [1]
-8.514310107887557, -1.5690736867950261, 1.1592456857388016, [0]
-8.586416415822375, -0.30897689392708494, 2.3248263154636697, [1]
-9.353768107476288, 0.9921257276557975, 2.2149905159970893, [0]
-9.491698835470915, 0.026086487918972612, 2.034777727966787, [1]
-9.117094211369928, 2.3638439333687735, 0.8356176705980186, [1]
-9.36964553001511, -1.8227294828994993, -0.05933277990647434, [0]
-8.789512278447715, 0.5321330049780257, 2.773442846190346, [1]
-9.133226909311038, 0.715124451298242, 2.6434875309006807, [1]
-9.228913215394607, 0.06310575541773167, 1.7905082688100968, [0]
-10.470303982533844, -0.17426752226815978, 3.0308038505991446, [1]
-9.209747341531239, 0.8828732642970555, 1.791840396401092, [0]
-9.226267488573825, 0.2119458289803145, 2.660558199228022, [0]
-9.104745660708721, -0.052556933030152075, 2.50487376140088, [0]
-9.543557022123904, 1.707431139135255, 1.4267287121894638, [1]
-8.83629632272592, 0.578994677635525, 2.905897037867059, [0]
-8.558774494259822, -0.39566477433294533, 0.44529747262583896, [1]
-9.247872883939039, 0.7651650692589547, 3.429161028562227, [1]
-8.684794063188422, 1.0108377860121198, 2.1939081173123776, [0]
-9.59811075080575, 1.9894408011341906, 0.6428956974480088, [0]
-9.84702466706643, 0.548519933821744, 1.935693722686441, [1]
-9.189825858042077, 2.66390093800179, 0.36726646472753777, [1]
-9.703612505808415, 0.7356783566688994, 1.2641488846240443, [1]
-8.388253325666174, -1.717946587193673, -0.3261713420156375, [1]
-9.107006709497586, 0.433786692694313, 1.6818208305063864, [1]
-9.13737948046699, 0.9568097819224134, -0.1333653624672787, [1]
-8.745896483120102, 1.1160707952019808, 1.8194586929315488, [0]
-9.036449346347482, 0.13000126994801214, 0.2140168866463718, [0]
-9.049884580652423, 0.4943847957350431, 2.3357159418433935, [1]
-8.93780048485652, 1.3394650884585007, 2.3343285179963216, [0]
-9.310264331555228, -1.0015028447325254, 1.6612395708418477, [0]
-9.572572482523768, -0.7384385792118582, -0.5911858837717764, [0]
-9.709700777260583, 2.085685774114756, 1.6480154955699384, [0]
-9.912012678565842, -0.06331864354839367, 2.8957501162992036, [1]
-9.257756693687115, 0.26063063429802025, 1.8179551585923108, [1]
-9.41060862316768, 1.6110029377862245, 1.7854762277360345, [0]
-9.228249960182458, 2.10056843825535, 1.4441763372720386, [0]
-9.408588713084175, 0.5599321695046438, 1.737792130498981, [0]
-8.154069360082179, -0.4039354640627648, 1.8436170698996102, [0]
-8.701088263753476, 0.5333075241966836, 1.734601465259944, [1]
-8.915619979642306, 0.9563298591404958, 1.9896801273307103, [1]
-8.868468914179784, 0.2909817690201173, 2.2705735561326015, [0]
-8.1182990164054, 1.5172829785551238, 1.4390807236233645, [1]
-9.512635146621028, 0.7909080421935281, 2.3665758686257554, [1]
-8.792677752818227, 0.9758352612542063, 1.3587401821357958, [0]
-10.08340952746518, -1.7074810888879304, 1.1547824340557997, [1]
-9.383084978454864, 0.982955114715038, 2.655850927705198, [1]
-8.990965146975082, -0.36160083069052273, 0.9951296281655374, [1]
-9.247144997088357, 0.25737591655475633, 1.8069440514848765, [0]
-10.048511998145635, 0.6183163790681655, 1.9389772508418708, [0]
-8.815431032123078, 0.3638245769313442, 1.3703368788331582, [0]
-8.327081476469333, 0.3629560127483673, 2.045815817573678, [1]
-8.7555515494128, -2.296319039704901, -0.6925536967847712, [0]
-9.035958722414268, 0.4482414489314046, 2.7375613302715838, [1]
-7.910268144175791, -0.8645739415301001, 1.87605880994791, [1]
-8.44956142751477, -0.11016074289944222, 1.9255241251837472, [1]
-8.758244800210889, 0.4842957770247278, 2.9743494992793513, [1]
-9.715489070675263, 0.7133016628690152, -0.06938493735334428, [1]
-8.577296064785866, 0.8557391654595128, 2.7005971642670765, [0]
-8.070704611596394, 0.5201855356536969, 1.387905680864987, [0]
-9.04986605452912, 0.8716381884463902, 2.949002014875938, [0]
-7.736029022051161, -0.032962999324615994, 2.218001374524556, [0]
-8.796975382034221, 1.1150301016905804, 0.6242091840926483, [1]
-8.557695345428979, 0.6910116091633425, 2.7149636892166775, [1]
-9.749114738988384, 1.2850088954001562, 3.3067892379286548, [1]
-8.80313613395063, -0.703091994667111, 1.7505296832344548, [0]
-8.801683683256634, 0.22449265670764762, 1.695166874302756, [0]
-8.988835324182446, 1.2343516890886284, 0.4409179572456746, [1]
-7.961170165138107, -0.6187543843460999, 0.6248588014428242, [0]
-9.16176520750157, 0.2789132093668858, 2.51392136731712, [1]
-8.490661692852369, 0.28821962901288, 2.215506985481508, [1]
-8.971676577288427, 1.6150597275163474, 1.2012288212187348, [0]
-9.456644021978319, 1.5157922614486905, 1.5643883212840486, [1]
-9.699330002471404, 1.0277288048083968, 2.8194579633053714, [0]
-8.475887591120143, 1.3192746624332885, 0.8746183576461162, [1]
-9.636172405227166, 0.4606075678310422, 3.0164637552855704, [1]
-9.14278839338617, 1.313069044069212, 0.17128145496978836, [0]
-9.03848772755672, 2.229993456588426, 1.6711808499775636, [0]
-8.617062852464894, 0.9814718571143508, 1.8869639978004549, [1]
-9.56917645200836, 1.9813455575765522, -0.2735636465676079, [0]
-9.215805597110817, -0.009626651727524572, 1.995482727522053, [1]
-8.956325737183835, 0.5951445911794266, 2.3419576187200706, [1]
-9.15208354616073, 1.668858849916543, 1.5289515914573268, [1]
-8.978682413358083, -0.6798679119863693, 0.8336206758641707, [1]
-10.038834805901983, 0.5172862681748662, 2.1017298006474157, [1]
-9.041731134901111, 0.4362222384842695, -0.42185495873789414, [0]
-9.384007535388822, 0.06416168347274209, 1.8837773862632505, [0]
-9.62537759233964, 0.3601137192787499, 2.1023962556124376, [0]
-9.444579394181293, -0.04819983771518738, 2.1217395020261747, [0]
-9.204708879898813, -2.1342361486337715, 0.25702655240930006, [1]
-9.073545321174466, 0.3380037970525209, 2.3924443603819587, [1]
-8.684320585872529, 0.08411646575143417, 1.3256386678668812, [1]
-8.84034824025535, 3.2032641361903043, 0.5394536293884671, [1]
-8.48103325369291, 0.8772176747101015, 2.300391066486724, [1]
-8.516564079797067, -0.8901166383340695, 1.1126180759600952, [1]
-8.757299949174374, -0.2906318775939507, 1.5942006872289196, [1]
-11.42898888671093, 1.3273591026220086, 2.4030065640492104, [1]
-9.119771188645991, 0.2825294823363985, 1.7861706172016976, [0]
-8.874723251683681, 0.368713398779452, 2.0103789149471587, [1]
-8.827232602790183, 0.6991215472554158, 2.3735582427153843, [1]
-8.750807415185617, -0.601201802894342, 2.506011967843006, [1]
-8.327818600166767, 1.2247601312377685, 2.202902344001756, [0]
-9.009939924241854, 2.033335707600223, 0.958145163214907, [0]
-8.830378352216322, -0.7864546936519262, 1.8356175096798295, [0]
-9.642913357034528, 1.1045179878509397, 1.396020028132876, [1]
-8.872875269184693, 1.4270765105326169, 1.8474534072401698, [0]
-8.290305008902621, 0.504429041738774, 1.893966722292741, [1]
-8.451475832372102, 1.0438386264036492, 0.6607741826614664, [0]
-8.45009372817285, -2.6323034502966784, 0.37553356554093, [0]
-8.132153156352066, 0.8154217422197938, 1.956516251055477, [0]
-8.51988580796551, 1.4360152231299272, 1.557577068183656, [1]
-8.275163005335378, 0.8039427992493491, 1.8524283798301155, [1]
-9.902269453554906, 0.5443117318239257, 1.0958619049573761, [1]
-9.095363790447745, 0.5066532180346112, 3.2600126814360997, [1]
-8.65744824675423, 0.09672115019552896, 1.0491356410518868, [0]
-8.854844554200247, 1.9435149733181691, 1.3010202030980411, [1]
-9.117705454921412, 1.7689794165571804, 1.830950315674806, [1]
-9.401838407279998, -0.05882570380976099, 2.973279496151574, [1]
-8.258636891362, 1.4361347836312408, 0.6944361168470982, [0]
-8.680382796348567, 0.5554052054873133, 1.296012158141443, [1]
-9.157749518717944, 1.460532250231047, 2.0424179829043556, [1]
-8.700037426388652, -1.0593039676334133, 1.0103732713347242, [1]
-8.504882787923982, 0.5476024044570942, 2.6196821225494586, [0]
-8.755092992633562, 1.1115261600850275, 1.7788661970017337, [0]
-10.916954619097721, -1.2702296231135026, -0.6552153938760736, [1]
-9.055734978634236, -0.34916095970586825, 2.0536645319966045, [0]
-8.49487824922976, -0.016722813404998704, 2.4658862912571364, [0]
-8.186021042210319, 0.9221122448330934, 2.7064489281370854, [1]
-9.00640298981893, 1.2975257551404067, 1.5681136281203343, [0]
-8.864613416527789, 1.6851178208962272, 1.3046750777004474, [1]
-9.386672911332745, 0.7127820387783559, 0.9055775855139956, [0]
-9.52572479930703, -0.43124739832788217, 1.636928978452026, [1]
-9.582647465032675, 0.6062775383305341, 2.3094038683200755, [1]
-9.424456722917036, 3.4180998223772328, -0.8525714503178459, [0]
-8.950273329627759, 1.4242556147462222, 1.255353257617813, [0]
-10.459404628670118, 0.9648404183449822, 1.852433948649504, [0]
-8.739209350592008, 0.48462061492494507, 2.290956468399128, [1]
-9.212914943481247, 0.21694213048219335, 1.9755253554940873, [0]
-8.034422957838856, 0.5458273245485222, 2.4849531032959855, [1]
-8.487809937044949, 0.7155711933591705, 2.7008598000168256, [1]
-9.213307183062351, 1.0323908167283762, -2.0050286471766987, [1]
-9.447705749777302, 0.4494088696202755, 2.318690373724016, [0]
-8.4819230208538, 1.1214401311416182, 2.366259016801051, [1]
-8.18490704657051, 1.1999649569470054, 0.602306415411501, [1]
-8.353374976023488, 1.0191731933708148, 1.3718041569074448, [0]
-8.66447847509933, -0.8878314461876062, 1.1606473105607051, [1]
-8.818328005343371, 0.774688697615713, 2.1018724843528838, [0]
-9.605369313090497, 1.2337958799622875, 2.2499053192072456, [1]
-9.325359819363413, 0.6657337488284425, 2.7050132754058107, [0]
-8.713298406020728, -2.9209637643450788, -0.6481166942238645, [0]
-9.610660779552209, 0.1626469458415462, 1.7398378115188993, [1]
-8.48012889539475, 0.49398930569772037, 2.1497739756912666, [0]
-8.339853126294106, -0.4348883828822925, 1.96151783442054, [0]
-8.720472973784576, -0.038736140924992446, 1.3521850646809976, [1]
-8.197483118512126, 0.4827675496688472, 2.7448808145739783, [1]
-9.813090646265175, 1.6150849416897148, 1.7844192988635164, [0]
-8.84206663876658, 0.827537516398425, 1.5587081447975197, [0]
-8.252843323067781, -0.24288438273627122, -1.5417990220164222, [0]
-8.778169295121517, 1.057176137293176, 0.17927121942143176, [0]
-9.033896318419544, -0.5989030498329129, 1.1971099658861983, [1]
-9.385932067516443, 1.8156491055299264, 1.8445683769577264, [1]
-9.789074864158616, 0.9958268103900633, 1.6812603707535956, [1]
-9.285530276046398, 1.186851027896697, 1.6408675875538732, [1]
-8.351083380732122, 1.4590626295600764, -0.4874454807027546, [1]
-8.81593211847401, 0.3155329942479659, 1.3262381628501012, [0]
-9.092066848180838, 0.9219532850170638, 2.277264887984466, [1]
-8.86168627652227, -0.19795639313644198, 1.785453974560072, [1]
-8.401548933023529, 1.0183116024480994, 2.7345112886515333, [0]
-9.091068435511627, 0.514016590341516, 2.4464291987318445, [1]
-8.99044245011197, 0.666247865612409, 2.9800832692100734, [1]
-8.616726488515406, -0.09796429428336051, 1.781264149799134, [0]
-9.087876347951294, 1.3244474417924994, 2.8436036005546437, [1]
-8.546065615303485, 1.173090563364954, 1.705697441725443, [0]
-8.459152534004106, 0.30672939762727225, 1.3279209460710812, [0]
-8.706071468981571, 2.3729788075226494, 0.7457331402707257, [1]
-8.676886482814538, 0.06113885336408398, 2.135178164801138, [0]
-10.263590087045664, 1.2723014190814814, 1.5711769076217132, [0]
-8.897762489317442, 2.056998003753488, 1.8354489134252063, [1]
-8.370436122298617, 0.376766624839312, 2.8260242326580207, [1]
-8.424463685559697, 0.4241588138475739, 2.372821054012165, [0]
-7.856659194477127, 0.6176314771581504, 2.374966812954593, [1]
-9.99555132962146, 0.5439245152636888, -0.24990679391026704, [1]
-8.810459747609173, 1.7482143720674121, 1.4345167089529238, [1]
-8.068987017884274, 1.16914520322013, 0.7038351724848426, [1]
-9.063706430282803, 1.2744572908344056, 1.4991884195969134, [0]
-9.097071272580942, 0.7152949900308557, 1.7521382950951037, [1]
-9.569152112736989, 1.6523522902152448, 2.070346363111964, [0]
-9.449788694686731, 1.3389618212815961, 0.08062771814171621, [1]
-10.231116559599657, 0.6330158085965619, 3.3244414097309964, [0]
-9.430650084167844, 0.2801212661997975, 1.745999007950759, [0]
-8.465944932454319, 0.9844747083363798, 2.704325807787626, [1]
-8.514665542731416, 0.1572606452483558, 1.870774178314806, [1]
-9.183040930395753, 0.116992811541858, 0.25122717045183784, [0]
-9.144614599084465, -0.43661614460526854, 1.631446125401304, [0]
-8.981413637624813, 0.2113719146553118, 2.2962770075440817, [0]
-8.351513043234382, 0.019859820140728623, 0.5868670733728076, [0]
-8.201526950305057, 2.0891875528183887, 1.3060220740522785, [0]
-8.650856629718783, 0.9073002838316185, 2.282122839849048, [0]
-8.635764863408555, 0.7411796439649085, 2.958774735959609, [1]
-9.313843323579565, 2.416824667413484, 1.381339324430677, [0]
-9.419784093204207, 1.0021833721234206, 2.22152684518172, [0]
-9.015515626434754, 0.029669492133686748, 0.5514696262679011, [1]
-9.03487714323347, 0.650844014944092, 2.1765232972490614, [0]
-8.711387316939991, 1.1308450514969344, 1.332429112651743, [0]
-8.819868503412408, -1.3624537031617856, -0.8428229163857082, [0]
-8.763927865421149, 0.029143539073210586, 2.9840299582748884, [1]
-8.556480540336107, 1.242625105438365, 2.418165170954815, [1]
-8.837169440319375, 1.8928364892130554, 1.6101344542758085, [0]
-9.120661257652184, 0.47114050409985136, 2.111031377303389, [0]
-9.169262365270608, 0.2795935655705277, 3.1123941195519955, [1]
-10.480909525554164, 0.4646643669355034, 1.5440675618741302, [0]
-9.468990903099085, 1.4954970682722981, 2.303755039800686, [1]
-8.3064123094481, 1.353176144771014, 2.6113711076866597, [0]
-9.508429630306463, 0.23935108777092967, 2.3164315559690176, [0]
-8.850961275889725, -0.461826238777578, 1.6499139772643179, [0]
-9.653721336834687, 0.243325830036631, 1.1976181057335116, [1]
-8.733774018624434, 0.27610430144386494, 2.790741641354651, [0]
-9.029165965002115, -0.1360111033749951, 3.367670114849357, [0]
-9.332538126153471, 0.3922503232045147, 3.229646437655844, [0]
-8.16373668936399, 0.7451501192705118, 2.6282310927788597, [0]
-8.501604003587854, 0.2909245326794623, 1.3303810677615795, [1]
-8.836282458649235, 0.8975761544527814, 2.4791812929423664, [0]
-9.864956089122854, 2.8315787051750423, -0.040811926471022, [1]
-9.40016148659266, 0.5114288956245486, 1.768427248751463, [0]
-8.80764245190669, 0.027533642374923062, -0.4719762276106061, [1]
-8.41162140866625, 2.0470233770563886, 0.5726336227851114, [0]
-9.02409354368779, 1.074320179464839, 1.8936106128699755, [0]
-8.516023898435476, 0.148993131436688, 1.3823584546175063, [0]
-9.033831011524615, -0.6823535698274573, 1.4902427554766629, [0]
-9.540811525549527, 0.25355636639416623, 2.817191120016412, [1]
-8.504402476995818, -0.0936683416838997, 1.7327822968672222, [0]
-8.730179724998816, 0.5492144684095717, 2.531008733150685, [0]
-8.589042362582092, 0.6622908732587172, 2.2662078733681383, [0]
-8.782741564882164, 0.5062759596920197, 2.4521127935171947, [1]
-9.371817342203496, 1.0191120527747022, 2.148218645340299, [0]
-8.904073302764507, -0.12464107119845846, 3.149214409475107, [0]
-9.011127429733385, 0.47878239884119456, 2.4801034598368092, [0]
-8.275651199144848, 1.5805712069785007, 1.6509317317342869, [0]
-8.434323324577925, 0.04218997920087673, 2.4048924744893787, [1]
-9.179728830475312, -1.1492993812604135, 2.0893239266791634, [0]
-9.193119075297036, 0.946274399223965, 3.0036149036605213, [1]
-8.73730544580533, 0.3657801074759026, 2.5210749659753753, [0]
-8.114300938257717, -0.3765234530397058, 0.7180897586198114, [1]
-8.2883104090066, -1.285786025865209, 0.9769946939091521, [1]
-9.233466455960274, 0.5983140184845256, 2.8283490360893224, [0]
-8.576574905944419, 2.6477109552176294, 1.1468206636868317, [0]
-8.115070732877976, 0.7641055057045313, 1.7928199875649373, [1]
-9.016825354099316, 0.3210962572178859, 1.5060820319440693, [1]
-8.845864264184456, 0.6898511769210436, 2.2947345951335505, [0]
-8.890751108454543, -0.7845045604258902, 1.4871901696506438, [0]
-8.473931713903685, 0.6290372783352695, 2.19428487191412, [0]
-9.264989243556206, -0.08806718363359511, 2.8457873790375863, [1]
-9.20022523793368, 2.575300967417208, 0.9209977805566234, [0]
-9.82775483237715, -0.7428844721290415, 2.3350268212839533, [0]
-9.300929989697805, 3.1231781773004212, 1.115034055286132, [0]
-8.31591809887567, 0.29725945953181765, 2.050476409241776, [0]
-8.603554988260889, 0.5276190435376367, 1.5426641628631772, [1]
-9.495729752216162, 0.40218546068236694, 2.1150190738551893, [1]
-9.042247102850151, 0.27698718947366774, 1.8392360973422606, [0]
-8.966052243290388, 1.0835604552062152, 1.416890573546901, [1]
-8.366486861223924, -1.2532385399929584, 0.6225686826324525, [0]
-9.347029810105669, -1.3229016047904971, 1.1982155384198943, [0]
-8.4291539606315, 0.6281785931283381, 1.681947201336506, [0]
-8.829648277404624, 0.5297765699095809, 1.6020091457652894, [1]
-9.303469596096642, 1.182811416633982, 1.8428575160017604, [1]
-8.481597748710394, 0.8392340892815391, 1.9155146356086379, [0]
-8.605983686959776, -1.7999442137904378, 0.677325958115766, [1]
-9.53600618362102, 0.5360891714209167, 1.1692605175184203, [1]
-8.953440693637981, -0.9001579897537815, 0.5410039889296318, [0]
-8.33315565195089, 0.8473455633629594, 2.4407583442463303, [0]
-9.04258343001862, 0.2891538776944659, 2.624116236269806, [0]
-8.245163635544955, -0.14041046046197075, 1.7017222839198942, [1]
-9.62292328654716, 1.461323546283307, 2.0144776102914146, [0]
-9.635163254720055, 1.8801686439277188, 1.8406616244299794, [1]
-9.731373837580167, 0.0378253888748496, 1.5378383733659897, [1]
-8.518421135373904, 0.7771519998576242, 3.6454301094804884, [0]
-8.312758597041444, -0.0011302924778756052, 2.226659134959914, [0]
-9.421420038663857, 1.2895505849849613, 1.4183131157440296, [1]
-8.92104848558849, -0.1636964110062349, 1.340929488433647, [0]
-8.775245317709949, 1.312684005600897, 2.1180050856947275, [0]
-9.08254695788492, -0.14502021213403693, 0.7430063602250171, [1]
-8.140841652378809, -1.7674578250550006, 0.6497978290142683, [0]
-9.34850442431418, 0.5889685139917701, 1.7244008625560856, [0]
-9.155847991864718, 0.8524596389124011, 2.2195730623067527, [1]
-8.988301023819254, 1.0434269080500669, 3.1694016778927434, [0]
-9.399075132834902, -0.4294161867048898, 0.924503139584941, [1]
-9.113880587728557, 0.42938462377271197, 2.187314284405824, [1]
-8.830105764377553, -0.5555754010745043, 1.092333865635044, [0]
-9.15806527144771, 0.5597672419439578, 0.18345531433191026, [1]
-9.208570142245325, 1.2814087397297196, 1.765242733461236, [0]
-8.409814399914193, 1.8077167143459534, 0.8643569444018963, [1]
-9.490179275530226, 0.8964526999754098, 3.3375714953736493, [1]
-9.373226304106975, -0.871647027906695, 1.5067754872067423, [1]
-8.470108049145413, 0.48777477120823187, 2.05406791127647, [0]
-9.980888614788102, -1.206971765300386, 1.6836601959983353, [0]
-9.23820374116248, 0.45095690387899356, 1.6414559195186875, [1]
-8.683096247306798, 0.45016546445238337, 0.8060117579503894, [0]
-8.306309441508303, -0.4543122108308625, 0.76520314790991, [0]
-8.824472909580717, 0.4547415726966545, 1.7980126018601157, [0]
-9.32830982223781, 1.7120447334302136, 2.631663253564455, [1]
-8.619336516009456, 0.1482313170265246, 1.9027490655529717, [0]
-8.9655006537228, 0.7061030645541783, 0.6371586622689591, [1]
-9.305135725543494, 0.980965017368003, 2.513956093949783, [0]
-8.882209345949779, 1.2661548557644935, 0.28969730093651025, [0]
-8.691571859812381, 1.1772034966474374, 3.119983214147058, [0]
-8.622972388597143, -0.2982327236744977, -1.2050200659155461, [1]
-8.852471812707503, 0.9792344852576917, 2.7779798809250935, [1]
-8.608435510263343, -0.45185144628715007, 1.7999386419278762, [0]
-8.813627013166261, 1.7130038097249947, 2.1446120025547035, [0]
-10.261888339843061, -1.0237644216104649, 0.6440451326914463, [0]
-9.431902427588385, -0.7318525806495368, 1.1066966263211842, [1]
-8.425120154799075, 0.5810549660371306, 1.8687077906247218, [0]
-9.516236790196501, -0.17667644687542594, 1.65164004267322, [1]
-9.209563542520264, -1.17782258946563, -0.07332670545195352, [1]
-8.98053826955467, 0.3435220328138968, 0.6360778621829307, [0]
-8.512763688564386, -0.1752561865243607, 1.8510269157258743, [0]
-8.4503535012607, 0.2735381084042187, 2.522947753294035, [1]
-8.935593817317573, 1.0441457010228314, 2.930700166277461, [1]
-8.060214691538976, 1.4796656492795863, 2.8054475090165196, [1]
-8.864579394623151, 0.5081728512047814, 1.323222162395979, [1]
-8.83589531111062, -0.17084638017720588, 1.72401812073516, [1]
-8.586444857447106, -0.41738736696600315, 1.2712826033744027, [0]
-8.16396116162998, 0.20478597448471272, 1.059531249729137, [1]
-9.324965840324285, 0.893525598306687, 1.6861138947642362, [0]
-9.888890838033255, -0.3628572003911509, 2.4226616214897434, [1]
-9.057511237884507, 0.541159515435649, -0.58624140538732, [1]
-9.353013135169334, 0.7345429881654153, 2.174450031050635, [0]
-9.396182863467839, -0.34845870298840653, 1.9035841185217963, [0]
-8.600180042370067, 2.0621338527650703, 0.7252420075490464, [0]
-8.238894068191174, 0.9343777477416322, 1.6234853652792662, [1]
-8.26596381221678, 0.9947824241371914, 0.8541167091038329, [1]
-9.477498603419884, -0.43385653972320753, 1.3383502490282222, [1]
-9.23421609340505, 1.1135528009872413, 1.8902624591068244, [1]
-8.803457889601868, 0.5803535926612312, 3.268705966126714, [0]
-8.231030486096872, -0.2559689003997896, 2.566987953122502, [1]
-9.281308547268361, 0.3317247234758173, 1.1714309377771819, [1]
-8.31603429617165, 0.3053654638764264, 2.3357441059932724, [1]
-8.70449815929927, -1.4155005094987396, 1.4891278705613369, [1]
-7.947956290809352, 0.3879387320291978, 1.354196636850007, [1]
-9.287456112613338, 0.3860308893083318, 2.499235966252799, [1]
-8.781894735429237, 1.1129985497615664, 2.5210475727186332, [0]
-8.523154123062767, 0.5384035464831302, 2.3403545798542638, [1]
-9.38543958423367, 2.286478853970677, 1.184878446248871, [1]
-9.326553987154169, 1.367932731599896, 1.9508114579602491, [0]
-9.09331794719138, 1.0476907457145581, 2.9968101363247297, [1]
-9.059872635081398, -0.1055817242400332, 3.0838540379814345, [0]
-8.745515452752496, -0.15786520358298017, 2.4374503025205687, [0]
-8.613371219136265, 1.1107730538275908, 1.216867692302685, [1]
-9.593578865703968, 0.9571944914751978, 2.218470961752867, [0]
-7.880078380762272, 0.8473402268818764, 1.689574063149556, [0]
-9.657154969460857, 0.4464882777748198, 3.0674370020342177, [1]
-9.495681533475194, 2.3933205838567972, 0.1419830500745798, [1]
-9.114705751632806, 0.345073062000703, 2.0295416421146064, [1]
-8.311546890723585, -0.3915554818374103, 1.5557301101533478, [0]
-8.53427219712631, 0.8187891798289819, 2.6862075207395746, [0]
-8.653546541043385, 0.1718492891225723, 2.818501261865655, [0]
-8.550719396719872, 0.005218678390253473, 2.706658754539834, [1]
-9.148611792219524, 1.9522178258104355, 2.0805606327359056, [1]
-8.907498347825223, -0.5307251484201513, 2.044475166523474, [0]
-8.957566636601177, 0.27998226687928573, 2.070760502006194, [0]
-8.562504749091342, -1.0394877426184794, 0.5745345936190134, [1]
-8.892812207104326, -2.3448238062050804, 0.05870554168530839, [0]
-8.750417243548402, 1.7221842491118626, 0.7923285143156158, [1]
-10.598782779172154, -0.9474161015131928, 0.837746505981103, [0]
-8.625853248305754, 0.08290159156148819, 1.767136325516395, [1]
-9.40312757017916, 1.249671841350255, 1.3804705307728438, [1]
-8.986532114043307, -0.11153015423810764, 1.9404057664603185, [0]
-9.599209095465303, 1.3466382349292232, 0.8322475999610615, [0]
-8.678973168780606, 2.622965595124407, 1.0664482696086492, [1]
-8.264503031241805, 0.8472929009662615, 2.3448938921852545, [1]
-8.989206022463184, 1.2140225503350166, 1.8983640743294126, [1]
-8.75862237932859, -1.2647292509670809, 1.697995576057514, [1]
-8.553950496837844, 0.10145473037830532, 1.7473232287074352, [0]
-9.12430076737768, 0.9811730482113502, 2.7093699057715646, [1]
-9.437749059376692, 0.874889941109317, 2.2146294588965225, [1]
-8.519285659520637, 0.2630246676197583, 2.0907958645074736, [1]
-8.929618208180274, -0.022045603448133638, 2.1220159272533805, [0]
-8.963344975259625, -0.3048037656181246, 1.0266544790089096, [0]
-9.137232781087299, -0.9345025294286491, 1.2982847623652898, [0]
-8.799322407592634, 1.3371051209812608, 3.2152866973892156, [1]
-9.883676558904186, -0.12897432229697964, 1.6772832716112147, [1]
-8.188568870137107, 1.2936822468377875, 1.9351676075901707, [0]
-8.986151946699573, -0.3292191073769908, 1.1208624751241372, [0]
-8.57919187584273, 1.70981714835291, 1.185958887245612, [0]
-9.668160299567305, 0.973614506589064, 2.887827157600625, [1]
-8.563419321023638, 0.49561565022748205, 2.699762151227848, [0]
-8.863668746797435, 1.0479525717426523, 0.7083914434128682, [0]
-8.972657633879702, 1.0473070186241402, 1.7559098606863637, [1]
-9.389510606191255, 1.1122648628993494, 2.0914452456382477, [1]
-9.096402227494938, 0.18018399866901857, 1.6795104124465894, [0]
-8.817890019182789, -0.14889839902683208, 1.4990809339424722, [0]
-8.351981943179775, 0.6345290425336063, 1.862421531511333, [0]
-9.122978627050372, 1.5405458649985415, 2.137034672852823, [1]
-8.310820853619909, 1.0883452704594632, 2.261513967457291, [0]
-9.55776266611793, 0.9367539679514394, 2.6454691738404406, [1]
-8.682909557053563, 3.24691179830457, 0.31638186616466113, [0]
-9.055818034985613, 1.0138254577771997, 1.7204009951854, [1]
-8.921984245865886, 0.159189330373496, 2.8752118319738473, [1]
-8.667871494726445, 1.422205279741461, 1.8574319391287202, [0]
-8.801691284638428, 1.0011837250611468, 2.6662908577619335, [0]
-8.743962775446748, 0.025512952150415158, 0.49439560709671976, [0]
-8.448377615421572, 1.0393397445906198, 1.9217714087811135, [0]
-10.091843783958788, 0.1868985803277523, 2.4366838322211932, [1]
-9.120430910159778, -0.10637535625378847, 1.926881769964732, [0]
-9.379884295105278, 1.2734333693330466, 2.5344577529916967, [1]
-8.938069527214452, 1.805510822568718, 2.103457902362054, [0]
-8.75764153902678, 0.5071386717284687, 2.4683512291189853, [0]
-9.061066776211943, 0.6346155415116, 2.472674497840036, [1]
-8.604525100360478, 1.713623154731511, 2.1659499774620796, [1]
-9.032974307318076, -0.49373495232013015, 1.5436260071787695, [1]
-9.451829991438728, 1.1546377273296102, 1.918454615848304, [1]
-8.424029372138623, 0.6748309718223665, 1.825262067984924, [0]
-8.484462807874964, 2.189280469995998, 0.6288122978084036, [1]
-9.588512695941962, -0.05560867851501139, 2.0019301834044176, [1]
-8.582746001637789, 2.476045051353955, 0.7268814035400459, [0]
-8.82882479022378, 0.46261992467108737, 0.9282453195575803, [0]
-9.445369101069772, 0.37544393627249306, 0.14361386439688179, [0]
-8.573038527410633, 0.4864600491489095, 1.4050463920660268, [1]
-8.683522247771945, 0.47473347722133563, 2.1517985048321893, [1]
-8.82703515440703, 1.0832709241136624, 1.7730324419521515, [0]
-9.132879163865429, 1.3104984929457226, 2.1893579989215244, [0]
-8.801213450886706, 1.109500314730145, 1.3053320696064508, [1]
-9.429849425060315, -0.518139030948817, 1.0550453450236834, [0]
-8.544362050258407, 0.3168513325601598, 2.5145425104252634, [1]
-8.869400544909904, 0.7681683500132275, 2.1224709356749925, [0]
-8.473949719910586, 0.06429940465794798, 1.9008891908710353, [0]
-7.821456113057528, -0.7853451715105916, -0.31603370388793506, [1]
-8.616227048546229, 0.7544517993467095, 1.7077126709887631, [1]
-9.180172828912559, 0.037375941738193585, 2.1228730985850826, [0]
-9.189875398016005, 0.22937722332443955, 1.54145251399556, [1]
-9.20769212711563, 0.03878237154569297, 2.3224648281686417, [1]
-9.514253772369939, 0.02309749663630334, 2.4980150419163505, [0]
-8.550011909228074, -1.5567911830714662, 1.0116187853910943, [0]
-9.012317925959826, 1.42633556035093, 1.651936039266547, [0]
-8.775901821144432, 1.1446433507783322, 1.4275036055011632, [1]
-9.41674641339027, 0.31766492418681025, 1.1520772078406298, [0]
-9.485394293849987, -0.19499090253952112, 1.9009049358729206, [0]
-9.27062539675022, 0.9475250391369816, 2.8408755924200206, [0]
-9.634844177961254, 0.5986746139796281, 3.1179307515468473, [0]
-9.472570830286088, -0.10980201161311443, -0.597662037388748, [1]
-8.587651961690177, 0.8322187499309992, 2.6955376208595427, [0]
-9.031846017398943, 2.398102110070745, 1.4695519891345796, [1]
-8.636828219907594, 0.9018228409163793, 0.9863245416060198, [1]
-9.436091941646113, 0.740709516581705, 2.3020834089586435, [0]
-9.457186802943855, -0.2582332654887154, 1.7734866047435864, [1]
-9.175906573390762, 0.6799488805847843, 1.7918229169384592, [0]
-8.909595931366217, 1.7291975690818597, 1.5334132495456634, [1]
-8.408301547776931, 0.9294112906674488, 1.6873945625981193, [1]
-9.197585939056594, 1.7328979966190663, 0.6685737315622613, [1]
-9.227289576501414, 0.22079538796033527, 2.7307460060870157, [1]
-8.336097269899598, 0.05980536241483453, 2.23460382846697, [1]
-8.848170588766907, 0.010278035040849454, 2.122969365836973, [1]
-8.865012297364663, -0.05895844581342338, 2.1253996721306563, [0]
-10.122456823317496, 1.4828648328136758, 1.586693212280638, [1]
-9.198744589234128, 5.072302400472191, -1.1228476241892427, [0]
-8.853936030857366, 1.0375354714509337, 2.3470957702583686, [0]
-8.938062741338396, 0.7629148231994387, 1.9141808613638802, [0]
-9.294299376299552, 0.6195871512890845, 1.8440005309603125, [1]
-9.718869888230124, 0.6246694352479716, 3.0636159860270986, [1]
-8.17444368774836, 0.6084124416587559, 2.623777197491844, [1]
-8.992642745068968, 1.0329803493890326, 1.5590217614883903, [1]
-8.578606404542604, 0.6615184622295923, 1.9402388281484848, [1]
-8.944295073431816, 0.9086980063876045, -0.9619900728840414, [0]
-8.78137299303722, 0.05238172287990284, 0.35527507894961063, [0]
-9.337822205627848, 3.0268756292331305, 0.16120127887969993, [1]
-8.705392626878407, -0.06441482330228379, 1.8291150844967758, [1]
-9.103362982757067, 4.640661009269577, 0.39623187907321644, [1]
-9.05249038120144, 1.4297092372751883, 2.3687570217065987, [0]
-9.378182945350583, 0.22194930213076036, 0.7501738466289094, [0]
-8.418003577439222, 0.4376903400989215, 1.9212761433490857, [1]
-8.974488733140664, 1.145852963484675, 0.9097085175248907, [1]
-8.566615110369808, -0.1976664187773024, 1.77750488247008, [1]
-8.727438929982407, 2.0340296285891504, 2.4615203128670395, [0]
-8.970113970059211, -0.45232137806565365, 1.5812048029062986, [1]
-9.009959728189031, 0.3906908379475491, 2.870021964850322, [0]
-8.564963995221856, -0.27386411721450266, 1.0073282181783005, [1]
-9.004760378585141, -0.012265269549966429, 2.118717440825094, [0]
-9.67921345855556, 0.13070803838141892, 0.3983370888339989, [0]
-9.369478484208082, 1.8299123267035664, 0.7021240339057134, [1]
-8.41815786524084, -0.6274974052981217, 1.5599960063788392, [0]
-9.788497011222034, -1.6229027436409615, -0.7511871722491712, [0]
-9.523697579073945, 0.6952056035561744, 2.371378179516296, [1]
-8.644267880747625, -0.4752656098605783, 1.1641879787395202, [1]
-10.287875640055306, 0.5015640669953119, 0.30338139033136047, [1]
-9.202801030179335, 0.34397751015510525, 1.9211773613314054, [0]
-8.763533734798965, 0.5986165699956222, 2.537649776049172, [1]
-9.46305677086166, 0.1194547734675448, 2.8323285980339223, [1]
-8.73083316393956, 0.28738070485227984, 1.7079752887865982, [1]
-8.560793600656767, -0.4506241086708127, 0.8571076281428973, [0]
-9.085411260544351, 0.5737803221451683, 2.6665767422861824, [0]
-8.671848878394739, 1.7471936727715434, 1.6225467264581643, [1]
-9.21058819727722, 0.8442555558067617, 2.614309389156939, [1]
-8.911373219518271, 0.8723196101326736, 2.3370252570980825, [1]
-8.463719750444572, 2.2805983780186896, 0.6316631421795245, [1]
-8.868541163538573, 0.9101969373453949, 2.85148282101426, [1]
-8.616541409804258, 0.5183494849388925, 2.861466489533246, [1]
-8.740611787110012, 0.7378545690712415, 2.105391042936483, [0]
-9.013164645613529, 2.269241848408195, 0.6756976666947851, [1]
-8.437008112504493, 0.6845645535309839, 2.2705104170667956, [0]
-8.540816482564843, 1.8066071504146524, 1.8476296137419057, [0]
-8.906007954608643, 0.7362618594160695, 2.486138911569352, [0]
-8.672121679373548, 1.4551766143398002, 1.2154474558656276, [1]
-9.015489163159009, -0.6707029087192766, 0.9951662408591189, [1]
-8.883326235921302, -0.06975779457990128, 1.7081215219162482, [0]
-8.30270404460623, 0.8839679909838554, 1.9700498372199258, [1]
-9.347505399614063, 2.8372640962927846, -0.699760944930955, [1]
-9.296025712836737, -0.5824201563744678, 1.5778279190768498, [1]
-8.603216639518772, 1.1000758230548398, 1.9144506976929514, [1]
-8.425852671108391, 1.4595915317909216, 1.5157955844560045, [0]
-8.671657662756981, 0.47035008834394965, 1.5731576730498062, [1]
-8.575204703585907, 0.8686915711403349, 2.672032345235742, [0]
-9.381263905533212, -0.9818039717403155, 1.0412646052364711, [0]
-9.651922944442568, 0.005987006258249793, 1.7267977329830568, [0]
-8.46406165721488, 0.2056903563595165, 2.1244494483512755, [1]
-9.036723754458242, 0.8835553689424, 1.448471544676014, [1]
-8.385795653819132, -0.564124523200481, 1.7511395576829836, [0]
-8.732235672837753, 1.6897029426609709, 1.1964010191157333, [0]
-9.062673001347987, 1.0295040953654337, 2.670146391131398, [0]
-8.957274897469906, 0.6996179398925917, -0.23348303151770544, [0]
-9.272676534377384, 0.8248664090836342, 0.23958964906755448, [0]
-8.428548353665176, 0.3751308257236178, 1.0938948484679354, [1]
-10.268819520487323, -0.4677884788933575, 1.6879951489900904, [1]
-8.54034635418812, 0.9045543102472318, 1.2140352654010478, [0]
-8.928208908146885, -0.8233337475957696, 1.6617112582986002, [1]
-9.067940759444745, 1.0731609089656757, 2.122463169676062, [1]
-8.113570180320405, 0.7594239851114948, 3.028585662182021, [1]
-8.707420593342537, 0.3549412601173742, 1.6906736450641413, [0]
-9.833745580237132, 1.6605236382861295, 0.6210892718788654, [0]
-9.079588804072209, 0.6537481618316602, 2.29882262530219, [1]
-8.443491426997332, -0.9541173018825424, 0.38544131424880773, [1]
-9.416768232327541, -1.5341245739060994, 0.3113003336195117, [0]
-8.70567853988833, 0.29727063602027903, 2.959812650480831, [1]
-9.400108305075209, 1.6730145937279883, 1.0192768722561518, [1]
-9.340257310705939, 1.1019899704361975, 1.9751367659331909, [1]
-9.655667090437976, -0.3266734689309616, 0.8445145316879037, [1]
-8.629478743199806, 1.497245478174018, 1.6629101199251701, [0]
-8.625090045887744, -0.41545890206243474, 0.7598492597237883, [0]
-8.689194247637078, 1.6383556378977002, 2.05158152793134, [1]
-9.04984105285134, -1.3928945958201646, 0.4275168566255038, [1]
-8.528502326303988, 0.6661176237519357, 1.1190398331565385, [0]
-8.879239274375584, 0.5191843474154229, 1.7470719398438062, [0]
-8.474897049613569, 3.198246820083586, 0.5422684324089797, [0]
-8.45366344407804, 0.2950468693795687, 3.3474804458813, [0]
-8.250962187090712, 1.1108939761774077, 1.947274780058008, [1]
-9.215680167151328, 0.9351379712420353, 1.5384142131140273, [1]
-8.561667182626035, 1.3276580613314146, 2.0843114937445955, [1]
-9.204079521603035, 0.6023359432274966, 3.4008248156021446, [1]
-8.748831519816326, 0.09825288024882861, 0.7087844755365165, [1]
-8.622359862563615, -0.08288594588383869, 0.8652615266176693, [1]
-9.308815215977292, 1.1369097262009629, 2.20807409808139, [0]
-8.82400779761017, 1.641367986840213, 2.1177145936186808, [1]
-9.217784467674429, -0.18194277831007555, 3.1259887120958743, [0]
-8.307993522838535, 0.6754415337599713, 1.404951750476632, [1]
-8.367070021637849, 0.9951362803258006, 2.6030716911350904, [0]
-8.945812730959348, 0.5878145614784043, 3.097812163975421, [0]
-9.442022766303687, 0.6933783704638566, 2.2095212250139644, [1]
-9.026854135363859, -0.012258912834490987, 0.2734368763937245, [1]
-9.41486080320813, -0.3171418118871312, 1.671890320469323, [0]
-8.560542062080936, 1.6062025425629818, 1.6286110979621227, [1]
-9.63645092149172, 0.9045799879403194, 0.443555887407706, [1]
-9.725954036657633, 0.40591787583330274, 2.5580141134000947, [0]
-8.553201197664778, 0.6131720408115985, 3.128263245719622, [1]
-8.806028191496546, 0.641261244859794, 2.788136711727343, [0]
-8.680751653671239, 1.3634515984826314, 2.109395654942507, [1]
-8.48438377039585, -0.19327680423736399, 1.2053222113847293, [0]
-9.191875968096207, 0.07696733811287837, 2.26422646750572, [1]
-8.775891029851442, -0.4769528922900028, 2.108033704135222, [0]
-8.05135642876368, 0.9157336133682847, 1.754188850791828, [0]
-9.260216841555891, 1.3790201177163803, -0.7301449247491449, [0]
-8.28861129870027, -1.1293376409028766, 1.3656042803959318, [1]
-9.073807957594862, 1.661053952261183, 2.0946555234583646, [0]
-9.109288667525654, 0.5171077050317671, 2.661287037269411, [0]
-8.692888067108708, -0.24501562527899834, 1.7483975598666297, [0]
-8.152942743312625, 0.4506808966787237, 1.688160270723043, [1]
-8.968760349477732, -0.018732839654504785, 2.522102942895908, [1]
-8.96561050784926, 1.2446750522929446, 2.865634456897591, [0]
-8.971851711463453, 0.43601797364123973, 2.727240816609481, [0]
-8.466761562298753, -0.6936735512989776, 1.0504315452220871, [1]
-9.207757094377978, -0.48656681494769094, 1.8280747006159284, [0]
-8.692982817785673, 1.4908188988257027, 2.9500729734775444, [1]
-8.814753859275331, 0.47607868658566854, 1.804794585106153, [1]
-8.45567090495054, 1.4259165580155921, 2.5673742239267665, [0]
-8.344718913635358, 0.6996175697342246, 2.6927364010454085, [1]
-9.052835350727445, 0.6762320874205676, 3.0090101119804267, [1]
-8.482379055426993, 0.8876091704490074, 2.4129059479731896, [1]
-8.274580911010792, 0.8333963000542431, 2.3981755515355916, [1]
-9.482568673800122, 3.362356784319962, 0.32652249975514763, [0]
-8.729134168321997, 1.525126198186755, 1.3066396074349158, [0]
-8.9368566589266, -0.7640820579868142, 0.5417050927442129, [0]
-9.410567920016119, 0.6770804071633606, 3.304983645324268, [1]
-9.172274808833267, 0.22423960606362114, 1.2979304114162689, [0]
-9.112811799874253, 0.6715672764591294, 1.8725802531174698, [1]
-8.799108309874464, 1.5180836234558646, 0.9254510328959642, [1]
-8.555605783533277, 0.3199197098462639, 2.695677919039526, [0]
-8.574445279834041, -0.5550827141031976, 0.35529421640116843, [1]
-8.67831657643115, -0.09018710901272398, 2.0330115903192785, [0]
-10.00338589649415, -0.2734435890953285, 0.20732705285504371, [1]
-8.523220446454642, -2.3183108849036036, 0.9729873125255928, [1]
-8.82604228581237, 0.7017490212254909, 1.9864209420886356, [1]
-8.265889454409816, 1.5851298482406275, 1.288597025569753, [1]
-8.782912582366242, -1.7046808368551147, 1.2012366302716175, [0]
-10.062616399940062, 0.7958839041782242, 1.6208846882082677, [0]
-8.022158966552439, 0.9544119698378327, 2.3682448858816048, [0]
-9.816799113644757, -0.05987428846434373, 1.2280161904087985, [1]
-8.801965188457862, -1.077200905664288, 0.5784551757397527, [0]
-8.653196119695945, 0.2766122065488933, 2.421675742800354, [0]
-8.187306071364523, 0.8873801875614035, 1.6374044366748093, [0]
-9.723588411397321, 0.3376118427107412, 3.3156926021031565, [0]
-9.861464062482076, 0.3486567569864601, 2.061035720838041, [1]
-8.948064200939704, -0.6184637885852486, 1.596237742777056, [1]
-8.329471412623182, 1.1380495539759838, 1.8445922042502534, [1]
-9.11058140446435, 0.970678070725437, 1.9638846414264255, [1]
-10.379398836749985, 1.2639677043434596, 2.766039316765867, [0]
-9.061806052109048, -0.19778414751589685, 2.8657659611154145, [1]
-9.22663680553419, -0.34137584277420996, 1.6988265422924038, [0]
-8.551298174416582, -0.49512149001563166, 2.462929176295501, [0]
-8.926619961604107, 0.4961913010027616, 1.4223087576187585, [1]
-8.938552729361215, 1.437320921664057, 0.7983805320679986, [1]
-9.031607938919477, 0.7964038325227628, 1.4853136935355893, [1]
-9.272993340038122, 0.9164984152698309, 2.4205720145893466, [1]
-8.231726336238632, 0.40154163575832347, 2.2327719708033644, [0]
-9.263768349523474, 0.7579510480402183, 2.900222192615969, [0]
-8.669894304644268, 1.597121305994543, 0.12028974370543422, [1]
-9.189188662916166, 0.5225414294797439, 2.5154305223823545, [0]
-8.73423047749064, 1.3324388780847192, 1.8356699547581186, [0]
-8.688458442313545, 0.4337624276610803, 2.5818885635249407, [1]
-8.455067906946592, -0.952724041492031, 0.5319015994963525, [1]
-9.145710043358768, -0.04747787703592721, 2.0003452164586166, [0]
-8.789736942132697, -0.2811129971094448, 1.2802711672681288, [0]
-8.004957203569388, 1.5284561916798483, 1.9349173197445695, [0]
-8.592743575660116, 1.5986160032107348, 0.07378991804601587, [0]
-8.573778065540795, 1.3851254419699082, 1.9680688350826006, [1]
-8.720656588868275, -1.803001224953907, 1.6431836391650951, [0]
-8.62554727379925, 0.22448298053639776, 2.41026140235637, [0]
-8.717017138795555, 1.3017899885807895, 2.0572138176200494, [1]
-9.653825978425479, -0.22871509179329558, 1.6529146545647204, [0]
-8.317840275589049, 0.42729748239047005, 1.8050034319656865, [0]
-8.676725123722601, 0.21282748447367728, 2.6563610196488368, [1]
-9.1244018880875, 0.8603055791861728, 2.1017579639304005, [1]
-9.46555244103759, -0.339720512011714, 1.7956822054393076, [1]
-9.560310020956253, 1.0423498458359743, -0.13845480286964323, [0]
-9.698392141286206, 0.11713539036590648, 2.6185075176896646, [1]
-8.804930015649335, 1.4375136890242417, 1.2415818809368886, [1]
-8.557369637141301, -0.1289001471008262, 1.3680861468136543, [1]
-9.429283127049171, 1.200508448747593, 0.5729943508444034, [1]
-9.376287257590837, 0.05499505051673592, 2.3846668057252285, [0]
-8.651505817320668, 0.27629804438037625, 3.199670664602146, [0]
-8.953498419810316, 2.1965882288540586, 1.288842402095615, [0]
-9.590096272392207, 0.18386104379172574, 0.7040222372454055, [0]
-8.399893905373732, 0.8411510252087306, 1.7158901478353448, [1]
-8.922667816742633, 0.7949632438042655, 2.0582570153090307, [0]
-9.040519880050047, 0.7563469743724494, 0.3638796079057376, [1]
-8.954681870810871, 0.24588405835378813, 1.9278023574059024, [1]
-10.593976562728425, 1.154696422377041, 2.346417436732679, [1]
-8.699326055675053, -0.7995062946552047, 2.1161535385828776, [0]
-8.09823749329747, 1.2670148584231713, 1.9843398084071453, [0]
-8.85512386444908, 1.097980990202604, -1.4818722112394527, [1]
-9.032706290593897, 1.0030081550453465, 3.037313723979257, [0]
-8.700729327818005, -0.7586062854917546, 0.7947258461239574, [1]
-9.061046741624201, 0.4486763601306003, 1.7439426114581456, [1]
-8.43660656154845, 2.262725685332086, 1.591491012942423, [1]
-7.956424573565595, 0.6551734822741978, 2.2907461721447238, [0]
-9.119965655990779, 0.9444487668956002, 1.870096680123614, [1]
-8.722170531471537, -0.3915788894680842, 1.1672521522042096, [0]
-9.45926459815211, 0.7209554760649687, 1.7982711236588567, [0]
-10.845160492010754, 0.9925091277508381, 2.979537955111107, [0]
-9.711855325195275, 0.14176260111945227, 3.4007814604590014, [1]
-9.541348027000934, -0.7204066617752942, 0.6213717359517814, [0]
-8.68609883993721, -0.20185099766567355, 0.6365563967147856, [1]
-8.876145153131475, 0.29295037098762133, 2.7154621687697835, [1]
-10.047237162393497, 1.1126809972909235, 2.0597008565417108, [1]
-9.201116923304696, -0.15946377402992917, 0.8372011653899278, [0]
-9.244907062304813, 1.661561149583295, 1.7113431859070363, [0]
-8.299896510355424, 1.4583370296854823, 2.9076056827106713, [0]
-8.678806409082107, 0.3916350443250154, 2.78778742853185, [1]
-7.69932018518875, 1.0143905330840601, 1.4720803775764741, [0]
-8.52381516608975, 0.2531708614851941, 0.5047443645506509, [0]
-8.861730740962798, 0.7631165097961621, 3.206591106696599, [1]
-8.716639561667495, 1.141058158894878, 1.8689289230546706, [1]
-9.178877821866905, 0.43232249011835466, 0.09033760470337793, [0]
-8.819303014623753, 0.3130118736137757, 2.754739801277998, [1]
-8.689441734141166, 0.5328670071433266, 1.5475726835277115, [1]
-8.574538779257662, 0.43362660400595565, 1.8910850084977728, [0]
-8.86103622440094, 0.7507005207770702, 1.8631414744774557, [1]
-8.905706000922493, 1.6401805681160901, 1.939218768359123, [0]
-8.783107275624365, -1.5862334989142142, -0.2059340469432556, [0]
-10.115668652498163, -1.0103194437943723, 1.9480146947324355, [1]
-8.175173275229774, 0.37676963073048336, 3.064565701642832, [1]
-9.369017602449237, -0.218001876742764, 0.0791750880458092, [0]
-10.656268634908074, 0.8390460840673453, 3.1264085264287393, [0]
-9.196962050446244, -0.05424572397426031, 2.638876001482582, [1]
-8.491205229706761, 0.3627648123521185, 1.7532954998015946, [1]
-8.747191995657486, 0.8091204490144106, 2.4166770871626264, [0]
-9.689680215137141, 1.1654462379508694, 2.4093693309054602, [0]
-8.579518026140668, 0.4119448177443945, 1.9087847564833882, [0]
-9.036063177041063, 0.16609853096125438, 0.6085028111085518, [1]
-9.671199629524365, -0.3669283648663285, 2.04649374085141, [1]
-8.854334664299518, 0.811748820935188, 2.7597949509778634, [1]
-9.66348482385033, 0.5131554667988057, 2.535216205435217, [0]
-8.281157184847652, 0.640710902877085, 1.5313869140359588, [0]
-9.355434030344046, 0.09989110835005138, 1.7564133612250292, [0]
-9.247966132039698, 0.22082974563513658, 1.8368620670927012, [0]
-8.164691970589873, 0.6593376393109125, 3.014093365940985, [0]
-9.031369738120747, 0.11736431666420155, 2.8557062707919956, [0]
-10.194244966232693, 1.344132501567148, -0.5135408075202404, [0]
-9.08079089134673, -0.0048175737392948115, 2.3514204774421126, [1]
-8.75154660498884, 0.3928338834768615, 1.9353193759747875, [1]
-9.155795436438545, 2.0749859892019344, 1.4718050305194246, [1]
-8.28968574918514, 1.5797598076659045, 2.1369462680167386, [0]
-8.526106620470415, 2.239242225962825, 1.2742349315703438, [0]
-8.33730163551152, 0.956894278511222, 1.3129905270136115, [1]
-8.924460323226617, 0.6818077501707474, 2.0974003205881178, [1]
-8.866971956112378, 0.3433972018299524, 1.9424824841130857, [1]
-9.571128994585868, -0.6365657107683584, 1.804500612702139, [0]
-8.45615451949484, -0.6026037256928937, 1.2177896909867938, [1]
-9.189245793601733, 0.6381034108635122, 1.457599173084085, [1]
-8.557526521344363, 1.70582565706296, 1.1487667684776532, [1]
-8.907770841760488, 1.5839548196888171, 0.9024148908557804, [1]
-8.62367186301208, 1.1634190679789183, 2.5055859643210496, [1]
-8.90525100366045, 1.5513293075971586, 0.7221815366808133, [0]
-8.431658494510618, 0.584375923354526, 2.122054634683813, [0]
-8.578065139228197, 0.371065489437863, 1.9608075866985493, [0]
-8.946392215412898, 0.8256909778221033, 2.6915906556422042, [1]
-8.869275056404437, 0.31699528985407754, 2.1242932030848904, [0]
-9.10006026735766, 0.522328851703956, 1.5684633508958166, [0]
-9.077084618195698, -1.0857594944696292, 2.0827695082823015, [1]
-9.452786343267235, -0.03414993327708116, 2.7435473666998753, [0]
-9.400059084347044, 0.7333430104296328, 0.8164001057379895, [1]
-8.706144445495768, 1.1974843711781058, 2.087021854968256, [1]
-8.356407380905608, 0.9536422132725897, 2.2679097629889156, [1]
-8.429614240231821, -0.2967165139476707, 1.678725973218411, [0]
-8.535859367742905, 1.0823458608865106, 2.27024194549457, [0]
-8.850557754944326, -1.064040452709635, 1.7227123710129237, [1]
-8.660777673983569, -0.1307992043649362, 1.5332099400590327, [1]
-8.854994305168612, 0.5142992342423957, 1.7816617967226347, [0]
-8.77590707148221, 0.6963850755107236, 2.712463674349792, [0]
-9.43562253551051, -1.7466221166507228, 0.14975902159918997, [1]
-9.341211474833901, 0.7185906714054806, 1.1277164827357407, [1]
-8.804532573091329, 1.9953929307858567, 2.2556745799164726, [1]
-9.077582789617836, 0.7690851973582751, 1.9668523646537632, [1]
-8.267960333122199, 2.506019405774416, 0.2400561296925987, [1]
-8.494818055186627, 1.0836102802673193, 1.384591709340398, [0]
-9.308983769271386, 0.829130115443274, 1.2027790045682192, [1]
-9.617042486852181, -0.5260576479492776, 0.243453799985754, [0]
-9.560685388621854, 0.3470947652042403, 1.5917836166692396, [1]
-8.237644038180138, 0.522325281384046, 1.822763596003894, [1]
-9.905023897768979, 1.9117125101921535, 2.169829578036428, [1]
-9.55318925155891, 2.572428670854669, -0.2342018398710295, [0]
-9.261296035941223, -0.2039722499776535, 3.297831571150877, [1]
-9.033203432334119, -0.9238907596845984, 0.12506471036588884, [0]
-10.00231393101469, 3.475802054653605, -0.7052477436367495, [0]
-8.61482610688434, -1.039819303145672, 1.1555544738496175, [0]
-8.708614519685336, 0.8122178607789106, 1.2455181636595534, [0]
-8.593360308304456, 0.6413403262036055, 2.271683700641217, [1]
-9.06132902732572, 4.927874234778525, 0.14771325225889836, [1]
-8.54248315611913, 1.1822303932470366, 2.233141285381808, [0]
-9.19673005128615, -2.0915916047111125, 1.2877416021940462, [1]
-8.712947518377085, -0.29240266801443404, 1.0196815466055975, [1]
-9.520782988427676, -0.3599060348421528, 1.9132373884433678, [1]
-10.409936477267708, 0.8197435095980427, 1.5153496254477647, [1]
-8.72380677473124, 0.7957555832029979, 2.5978884503786146, [1]
-9.30700379415938, 0.7232796657005482, 1.6134733235762908, [0]
-8.898888337505356, 1.4234470605664646, 2.2193241694544947, [0]
-8.91542606985039, 1.045414832450266, 2.0786673694537705, [1]
-8.99325484673426, 1.0513563935930006, 2.5176396378237955, [1]
-9.481102932938331, 0.43875492783646597, 2.4069938267156332, [0]
-9.39350298086268, 1.2706003736681384, 0.2898981774566225, [1]
-9.184120039585215, -0.4551386517991274, 1.687641552797934, [1]
-8.878429386807058, -0.48870516983812307, 1.359062101110985, [0]
-10.561144136913114, 0.23460142136118733, 2.2880312643779632, [1]
-9.547207230088, 0.3936305586483252, 1.4278609185521676, [0]
-8.564237591321994, 1.8615304471103684, 0.8267204182881691, [0]
-8.11981702776556, 1.1451375895297295, 1.6240375360300348, [1]
-8.525297411978965, 0.8604550173780938, 2.3509394309665166, [1]
-8.919482967492282, 2.4403074645687615, 1.566956711217435, [1]
-8.583914596181994, 0.8455161608841877, 1.3828930812650753, [1]
-8.459922731077837, 1.2220641633824092, 2.397482168958053, [1]
-8.473388889557924, 0.7037545813282625, 2.363181452768477, [0]
-7.8605164583190374, 0.6467653772816642, 1.7135478471671952, [0]
-9.634943603671452, 0.37610277203973874, 1.9545725550743156, [1]
-9.115644633863406, 0.574166294866091, 2.6566492495875447, [1]
-9.30087109390586, 0.5249249787744978, 2.1549283439741664, [1]
-8.503013671330514, 0.08595669465776501, 1.188789858296365, [1]
-8.707203591311053, 1.101948071088307, 0.24845237328323688, [0]
-8.865305804284972, 0.46654583345539197, 1.9061230432771228, [0]
-8.832255635563135, 0.5486868356235406, 3.280002398674772, [1]
-9.200955623130042, 0.857239649469258, 2.151547705307668, [0]
-9.153322859546744, 1.4421907123376498, 2.603285938758366, [1]
-9.307893679853743, 1.2139583645597933, 2.0434505727075662, [0]
-9.378819970684505, 1.023560840755237, 1.0624460766922905, [0]
-8.896172319937445, 1.8322741020563504, 0.05650325627428976, [0]
-9.180603475798518, -0.1349252502151541, 1.255740935814929, [1]
-8.856562836724233, 0.5580073065542714, 2.256133991661535, [0]
-8.75438509489209, 0.3106169978336454, 3.092192863998679, [1]
-8.841924152041353, 1.4899733337074648, 0.8012323680806623, [0]
-8.426990883339766, -0.15255162033478142, 1.0299235871056562, [1]
-8.763584796895096, 0.7586259126868149, 2.027425173939535, [0]
-9.3735703078124, 0.2542312760892687, 1.2034646958046853, [0]
-9.159918809286685, -0.09445956124034549, 1.2017794829395694, [0]
-8.842492779357693, 0.9381419758389907, 2.3930731238400025, [0]
-10.015973055424228, 0.792571254660387, 2.53783517159025, [0]
-8.605875801967915, 0.6434899428018395, 2.4156324430848106, [1]
-9.112951762864622, 0.5799709502937631, 2.3652847910352506, [1]
-8.67314327437959, 1.738063428435439, 2.1371869042875478, [0]
-8.460488986278234, 0.506093044791823, 1.7762460946307548, [0]
-8.581922986976974, 0.7648320376776674, 3.1337568452651685, [0]
-8.631570010251396, 2.0641373255967106, 0.8327557771806577, [0]
-9.375170594783055, 1.235152758952177, 1.8276369946178306, [0]
-8.798955106040992, 0.058792944519832524, 1.3529195950819923, [1]
-8.67329261386749, 0.34030821064466427, 2.159885348927987, [0]
-8.84515600850305, 0.05753990904188146, 2.115510013944215, [0]
-8.583930366509126, 1.0724855176927273, 2.3927686638065286, [0]
-8.937476890354056, 1.2598639524277488, 2.506739812605802, [1]
-9.088255084139334, 0.2296416887331656, 1.8871464566916247, [0]
-9.00260487536407, 1.2198587289820548, 2.2928286062135816, [0]
-8.981685568599021, 1.2827902929455994, 1.4638007311189543, [0]
-8.817438527996659, 0.061193374237059256, 2.4434066699942503, [1]
-8.546939271428045, 0.5524980692466249, 1.0182013701668444, [0]
-8.541045721262313, 0.24477303679859463, 3.1791841796833564, [1]
-8.514666976945014, 1.5645586100053719, 0.45429946504907615, [1]
-9.751308581092596, 1.7401661538685385, 2.4443375161637366, [1]
-8.690730754224285, 1.1694845728215923, 2.8713114819024455, [0]
-9.543240683978722, 1.47118557094137, 2.434693039012089, [0]
-8.533356873568467, -0.48645968768229597, 2.7681522274733825, [0]
-8.274925466040669, 1.6543696475143452, 1.7368353642036722, [0]
-8.825862458396333, 0.6560036651965129, -0.48298699782097454, [0]
-8.752185670108593, 1.3415533140943987, 1.9996290169407893, [1]
-9.274033059220463, 1.6922018172829763, 1.7569506944266708, [0]
-8.970189223823338, 0.3835537933313151, 0.08671612365836667, [1]
-9.062816462657636, 1.4974269436850436, 1.3210276500128644, [0]
-9.42084955619494, 1.1359136886822256, 2.5213803717316527, [0]
-10.158203463087283, -0.2856412348682544, 2.137115507752819, [1]
-9.033189351712004, -0.694930401796408, 0.5095443759530791, [1]
-8.829788542121904, -0.09702106668169286, 2.064006739598655, [1]
