t=0.008549720695757514
logZ_t=-5.199069498797359
-12.196317998289084, 0.5226514492563422, 2.1702621299723184, [0]
-12.229746086920956, 0.9740066960371875, 1.8902012324886628, [0]
-12.713951173377964, 0.5943896179299502, 1.007490838724261, [1]
-12.283433051134331, 0.235970340287544, 0.7602738061258251, [1]
-12.112429158830368, 0.4940575855245981, 1.703468731283547, [1]
-12.59135034226216, 0.6509293263605376, 1.8834045182874388, [1]
-12.497895961492297, 0.8052530209169184, 1.557774821123863, [1]
-12.608751409970088, 0.5517351105415222, 0.9514346777153976, [0]
-12.314211091831249, 1.3673148110430526, 0.8814725015643216, [1]
-11.836752006327492, 1.2891524322801664, 0.8580800921946146, [0]
-11.669949515083541, 0.3715278921790195, 0.41501908673678867, [1]
-12.444586457986535, 0.4944930321787079, 2.0779953771608652, [0]
-11.393370302120045, 0.4630860554703252, 0.8726242962368798, [1]
-12.138927992040731, 1.129874902925015, 0.8071989796820966, [0]
-12.142706033839318, 0.4945648564800281, 2.4811383228135178, [0]
-12.861714629732948, 0.6797940743087871, 1.4632791552882538, [1]
-12.581751601792138, 0.22482681953994746, 0.6309780481911462, [1]
-11.073677974479573, 0.8926635963022793, 2.2184038679562095, [0]
-12.862637514239603, 0.8427442436178738, 1.5160760645129874, [1]
-12.222222187694845, 0.38525884849656733, 1.8021633904469243, [1]
-12.299927040639005, 0.3821508925699398, 1.2364439510763439, [1]
-13.229234777703862, 0.8030722484345362, 1.2468882129553267, [0]
-11.123596212966822, 0.600124208027541, 0.8037754072337688, [0]
-11.331708313869983, 0.6702080744369409, 0.7128266119887892, [0]
-12.62758779007557, 0.2654093398832487, 2.380991662181218, [0]
-10.734591132244534, 0.8996045659563079, 1.5829039998241368, [1]
-13.250691261534577, 0.5480524297813627, 2.525643990379, [0]
-12.812691042140386, 0.7248623535003051, 1.305589857593625, [0]
-12.424252373904963, 0.5932001227987873, 1.266451819421892, [1]
-12.707295992995206, -0.4166016110511558, 0.783739621381759, [1]
-11.58193371540034, 0.4692958897956699, 1.7917215509981217, [0]
-13.32451663636849, 0.4279526015364902, 2.0264731762931545, [0]
-12.711240945301364, 0.1956492158059833, 1.4630342817375634, [1]
-12.413920122862734, 1.1316763780939272, 1.574202426442858, [0]
-13.084888977655035, 0.46584855267635783, 0.2263146527882507, [1]
-12.249768019040852, 0.7591096971622227, 1.2118150414821416, [0]
-13.131305099918787, 0.5198706650660699, 0.534641876782497, [0]
-13.086310940603745, 0.820930527971963, 1.9325027366686387, [0]
-14.274693391745302, 0.6178380632684974, 0.9394413901758732, [0]
-12.584933420809966, 0.7782393413933136, 1.67749229113076, [0]
-13.274097890356023, 0.31826474777848035, 1.9691484662432446, [0]
-12.689908934075799, 0.44088104645131254, 1.8690041551606513, [0]
-11.535321823167456, 0.6697465137176895, 1.3509517408803609, [1]
-12.199770657888616, 0.431170090377588, 1.6597914496872697, [0]
-11.35922808442827, 0.37170269399713585, 0.9476548280940679, [0]
-12.298145149118211, 0.8014768017674897, 1.483546568497593, [1]
-11.130854165315595, 0.7036059114797829, 0.10226071914687895, [0]
-12.72241326224774, 0.5897793628167494, 2.1945045336961972, [1]
-11.51874904579516, 0.9258718013554936, 1.518539791872941, [0]
-12.403631138492857, 1.0633541412650436, 1.350334866777958, [0]
-13.70750126210771, 0.4940150068703097, 1.7742255054826737, [0]
-12.30604208181957, 0.940730992850537, 1.5850569931955625, [1]
-11.648556510113734, 0.4228534155895398, 1.8864090950335897, [0]
-11.724007580914972, 0.826276430353267, 0.262703599138681, [0]
-11.153053912751558, 0.3879527112575131, 1.3183315406809233, [1]
-11.406934907024214, 0.5288696939135844, 0.7357008535359522, [1]
-13.476496741503757, 0.6449401473758077, 2.1840717186034886, [0]
-12.516358654409196, 1.0693721715924447, 1.6932510697427152, [1]
-12.993659019635022, 0.6271896500780914, 2.6892734652329624, [0]
-12.602792565771615, 0.08957839314818483, 1.4273747939342372, [1]
-12.084574914058207, 0.10066102869266502, 0.812704728741736, [1]
-12.589890805389542, 0.3292257676745225, 1.0791134709564594, [1]
-12.160059862095443, 0.5158145209785069, 1.6747847500700166, [1]
-11.552492636378979, 0.7613198571853577, 2.2758252163243364, [1]
-12.136943970229586, 0.43366027896449555, 1.2009679600675032, [1]
-12.033480422482013, 0.4353755397669641, 1.323963705385629, [1]
-12.230222617103442, 0.8557363963886664, 2.475041275361173, [0]
-12.470727760002895, 1.4568097508389792, -0.25808440785162057, [1]
-12.407673906670318, 0.5173456744530506, 1.8769254101739192, [1]
-12.412890507301613, 0.850832755438659, 2.30844413204617, [1]
-11.378000648281333, 0.15778313930988785, 0.9033016953596928, [1]
-12.474492040201671, 0.27628636109105653, 2.2386965801928804, [0]
-11.162966866778016, 0.8081661026827335, 1.6766305205914542, [1]
-13.515574263408352, 0.5209439656163855, 0.6875324992959021, [0]
-12.34340640127074, 0.3694801323827842, 0.6552625839492049, [1]
-12.18579386327192, 0.4515159284997665, 2.4411837464278414, [1]
-11.903076341777004, 0.4774099196640027, 1.8734671691665956, [1]
-12.538788449300478, 0.20169817005620616, 0.41885780507414994, [0]
-12.615815469113684, 0.08106816438027928, -0.3518740840587832, [1]
-12.168133068469462, 0.9321014408260158, 2.025377465436498, [0]
-12.646179848859644, 0.8754808587220168, 0.27359484407148255, [0]
-11.921144920856666, 1.044533156983195, 1.422861564622679, [1]
-11.386960955836305, 1.030089779218505, 0.30782723660931877, [1]
-13.915601404053803, 0.8250838164142604, 1.5902559915751644, [0]
-12.932237966438077, 0.10072012201942804, 1.100787585010989, [1]
-12.031576571639144, 0.6181671668308873, 2.473593407739843, [1]
-11.866558663585492, 0.06245561677172598, 0.553235892818857, [0]
-12.723480801548101, 0.331725845684044, 0.7865642967734574, [1]
-12.760270200849865, 0.8596742963377344, 1.7550260647664588, [0]
-12.5699152796155, 0.7154895972090937, 1.6101728581029917, [1]
-11.747886084917992, 0.2265422745803895, 0.46940190338322296, [1]
-12.64759346565938, 0.4104505050384485, 1.8006290669918774, [1]
-12.059253660395449, 0.5866216612680161, 1.2627577067742783, [1]
-11.982966584351011, 0.6896723397905224, 2.5555476309450906, [1]
-12.428026376258691, 0.7622371480421894, 1.9793786921945977, [1]
-12.82759281608417, 0.7063204154227756, 1.4683657818887064, [1]
-13.520017614985171, 0.40367202831334126, 2.6551951399429083, [0]
-12.260388026340603, 0.47826720894897085, 2.420219360484061, [0]
-11.939049267636753, 0.5435128178348942, 1.6851301541299992, [0]
-12.588319815926686, 0.6821694291680762, 2.641174857209204, [0]
-12.084170809823846, 0.10704491323661669, 0.30793167197030197, [1]
-11.429120956750252, 0.6614751970893189, 1.1188764723657192, [0]
-10.998518643296123, 0.37593927475939715, 2.080448035619996, [1]
-11.827466179931886, 0.42024654568526654, 1.4285513342571468, [0]
-12.458006668626851, 0.8526325418316587, 1.1816253778077297, [0]
-11.455446075831013, 0.3534663779718003, 1.0454379739459594, [0]
-12.003389856200318, 0.6164663766703349, 0.8615182041635849, [1]
-12.349378182772673, 0.16363657178270874, 1.2434957481654827, [0]
-11.820368853423373, 0.8656687391789664, 1.4753441930431703, [0]
-12.51935105814312, 0.8750191373577001, 1.0573053111956376, [0]
-12.748044980917737, 0.8279294681325344, 0.6286512109350332, [0]
-11.979798113139523, -0.006945428988272884, 1.17272417004682, [1]
-12.79439375345453, 0.6114700536263467, 1.7371452953792677, [1]
-11.462472028803925, 0.5990419304790826, 1.410658878492929, [0]
-13.03636142610764, 0.0865219608981227, 0.3039625512929981, [0]
-11.655740070269534, -0.025498915899880625, 1.564766117110384, [1]
-11.785237917656604, 0.991379402247662, 1.2467442807623468, [0]
-11.984144117384046, 1.0672871539211537, 1.8678239741538287, [0]
-11.349315734264819, 1.4898332304960884, 0.9282891580213459, [1]
-12.162978393612896, 0.8396490048190386, 2.04422944733983, [0]
-11.735228338277228, 0.4380290546314541, 1.843905939156988, [0]
-12.47569035407617, 1.0511587264918028, 2.3391819138503536, [0]
-12.947604080331244, 0.27501982697168115, 1.9975870881501905, [1]
-12.778407593098253, 0.958239646630701, 1.4916361932907833, [0]
-12.610567720683806, 0.4263602142684145, 0.9525779136320202, [1]
-12.384757495070934, 0.41560628457180343, 1.3557625974578267, [1]
-12.040965579352642, 0.5833599652680177, 1.9857552411732107, [0]
-12.971821765176093, 1.3746656680499092, 1.5352731069503949, [0]
-13.592055149216957, 0.754910968844305, 2.076166194193606, [0]
-13.10846784818475, 1.2034211051488264, 0.6239441429529157, [1]
-12.324439496267209, 1.1946553675778813, 1.1524651868487426, [1]
-12.064267392086862, 0.5195148945223029, -0.29921832561452644, [0]
-12.274453636336538, 0.7458728664610551, 1.444444524751013, [1]
-11.226172186199149, -0.3861273509310432, 0.5150779370523568, [0]
-12.281346757988482, 0.7308623044307845, 0.07100680967833295, [0]
-12.204387628444143, 0.10721424072613805, 0.9568088792472369, [0]
-12.176663488835239, 0.6679752239835939, 1.4431226034576974, [0]
-11.913658429318666, 0.8212226195015457, 0.7405024452159291, [0]
-11.819937003836358, 0.44285413970339216, 2.2829871620983018, [1]
-12.103993245146542, 0.505353546173615, 0.9534552357980985, [0]
-11.73937042032848, 0.5931495613428375, 1.2227134575734473, [1]
-11.77850088961963, 0.2528879787673421, 2.149782761801191, [0]
-11.808829679248513, 0.6515571900147269, 1.5375942499854502, [0]
-12.134372922004644, 0.6670963432587059, 1.2770984837311938, [1]
-13.471464814177603, -0.022041074310784614, 1.5256277523895645, [0]
-11.813784238723905, 0.7075188821973295, 2.530709431726925, [1]
-11.658964676854126, 0.20224042757654764, 1.5248865558368365, [1]
-12.900173748494321, 0.7179459852673854, 1.389146597762395, [0]
-12.781849911418504, 0.4828580567729233, 1.5605655984638651, [1]
-11.70794877944008, 0.42468212309237946, 1.5314550704802994, [1]
-11.651497947189114, 0.4875664506627593, 1.9897888357452924, [1]
-11.615455334507097, 0.7104708270381019, 1.6735762641776144, [1]
-11.931081984250795, 0.17451724849223024, 1.816969931025289, [0]
-11.85021312690005, 0.9788314215591116, 2.560678936009734, [1]
-12.93882802473772, 1.1374517107495064, 0.675190157933653, [0]
-11.746644328286836, 1.0597883790764822, -0.10021506030987704, [1]
-11.57949129543072, 0.8567948080855452, 1.5081819430721488, [0]
-12.958574691358432, 0.9017543705751605, 1.6971107729098442, [1]
-11.825653268804196, 0.5633477358311305, 2.3686429414216246, [1]
-12.521522392652622, 0.6782627963296275, 0.7012669302579038, [1]
-11.425708275385176, 0.6188892846185228, 1.9553555690031357, [0]
-10.915524879435948, 0.5382225017616926, 1.1468643855623757, [0]
-12.016224676246686, 0.7146320846078722, 1.5942290963916164, [0]
-12.4164226930127, 0.4449359056637564, 2.216579752742716, [1]
-12.647366752067969, 0.42469183922329384, 1.731629929742612, [0]
-12.473562222118204, 0.1642018807774619, 1.4795324069762747, [0]
-12.089129872744481, 0.9913913587657124, 0.49432418659831223, [1]
-11.45086085670169, 1.0173808114936547, 0.8432732439903812, [0]
-12.247308999249569, 0.4498332301180442, 1.6571098529460357, [1]
-12.779572443450263, 0.7694405995673083, 1.2914328499533585, [0]
-13.115047226288855, 1.0506910445784698, 0.3289723059401416, [1]
-12.510756562849084, 0.5322403948121608, 1.4506205078852685, [1]
-12.855919049548486, 0.3064150005954963, -0.23209760331806423, [0]
-12.611352657511928, 1.194376867599859, 1.301877340715143, [1]
-12.424652898443318, 0.2202974559552907, 1.4763593922018075, [1]
-13.126945019255054, 0.5764296352485989, 1.113654655945301, [0]
-14.169211608143293, 0.266434702715311, 0.9985548806533628, [1]
-12.158487479314685, 0.5992047321540876, 1.7253477556444445, [0]
-13.082856983400445, 1.1331904293200363, 1.0211711284443714, [0]
-11.773982023862324, 0.15046728075584936, 1.2098857191866452, [0]
-13.055386775186237, 0.6416627389939414, 1.168836942103416, [1]
-12.118814144924283, 0.9033615135351314, 1.1512760298327367, [0]
-12.046729139846539, 0.6567424275826315, 1.991388001172448, [1]
-12.807179405617477, 0.43808787028823354, 1.4976313866178819, [1]
-12.382665279464872, 1.0595016753388888, 1.984176153284435, [0]
-12.562655611149209, 1.044542836557854, 1.1027976237794919, [0]
-13.480001364946858, 0.4966855511215973, 1.9685457076247541, [1]
-12.210777564024374, 0.42965307320976387, 1.8511700460851386, [1]
-13.521927970501732, 0.5594388019171108, 2.0715949825671878, [1]
-11.835753785407505, 0.12838693085156977, 1.8376028641307967, [1]
-12.71184464213825, 0.4093793447928962, 1.728454207032183, [1]
-12.86653995112534, 0.39585349432148365, 1.9442049864656625, [1]
-11.695019273509962, 0.7707749324627152, 1.57784402145893, [0]
-12.760818267540165, 1.4615374944386959, 1.186093166150724, [0]
-12.052957372922114, 0.29319537821961283, 0.5540330693506396, [1]
-12.282179969650283, 0.5682481621984223, 0.3218930077386114, [0]
-12.89871562042209, 0.9418806718657246, 1.9853679201073393, [0]
-12.84616851018549, 0.7378005903128197, 2.1783418637531087, [0]
-13.183954069285063, 0.6807045712137939, 2.605063465163459, [0]
-13.59430556274074, 0.7430021474788999, 2.255961070079168, [1]
-12.36149564213554, 0.9979801187862084, 2.1595083393937546, [1]
-12.90831535001206, 0.9009404015710336, 1.4466605755213182, [0]
-12.417320233023096, 0.9173041054033108, 1.739217066426194, [0]
-12.312881249600721, 0.2807147301492088, 1.7029430699807029, [0]
-11.344438727311557, 0.3119710481751504, 1.8463188041160827, [0]
-12.022105662913365, 0.34386133684722975, 1.126831511822901, [1]
-12.204912618753358, 0.5476135998963235, 1.604241809503957, [1]
-12.04993405155852, 0.6070356118219824, 1.5674458319236373, [0]
-10.73176223551894, 0.6959684629565027, 0.9478621966134052, [1]
-12.585843498490306, 0.5677413371831241, 2.4273150221274866, [1]
-11.74749571447819, 0.7573401080154945, 1.6427347601805835, [0]
-12.845087596661845, 1.129488916738041, 1.2978344654345408, [1]
-13.047705207283778, 0.48813123300081745, 1.5082084429568077, [1]
-11.781285580172268, 0.5018771376195816, 1.5662731790908397, [1]
-12.96863040478618, 0.23483984697898608, 1.1126069235705869, [0]
-14.616921935805728, 0.5146444203970667, 2.218139583152424, [0]
-12.440244042854557, -0.48524823863212535, -0.2724898283367616, [0]
-11.580248165716563, 0.8499870235573018, 1.7324917931273216, [1]
-12.326308930901872, -0.024239730815383886, 0.9056498995415178, [0]
-12.214216078116861, 1.118720961026102, 1.3421653824104705, [1]
-10.832727146409535, 0.7279501165630209, 1.3316380066035207, [1]
-11.554512439285883, 0.9090382231254595, 1.501232875627288, [1]
-11.88828032294379, 0.6665516313876505, 1.2430731835125897, [1]
-13.015069646381066, 0.5682777159949183, 1.5673420176437571, [1]
-11.863098895518794, 0.796529014177186, 1.7738286490854251, [0]
-11.23291065281816, 0.2717756042009819, 1.5912849275126162, [0]
-12.078773385334184, 0.6666018822658203, 0.8467168907439782, [0]
-10.984347640829885, 1.076687539316693, 1.904069306154127, [0]
-12.248745419989671, 0.8122656819163612, 2.683621321318105, [1]
-12.100083351897469, 0.2818418885407177, 1.6782101386884443, [1]
-12.660282487474314, 0.4294718150223826, 1.2225329580506914, [1]
-11.755931732499812, -0.6439261815296603, 0.23882332822710506, [0]
-12.13265178784703, 0.4982420190668839, 0.6656639681028045, [0]
-12.569995968383658, 1.0582005567568822, 1.84120886727115, [1]
-11.749386012366182, -0.2792136129503741, -0.4847817324054603, [0]
-11.908907909403402, 0.3696785210528286, 1.4445977125476008, [1]
-11.860442160671711, 0.8652439808718261, 1.7594878917584271, [1]
-12.921956843170188, 0.8732813056619828, 1.5772670925510954, [0]
-13.304148863651406, 1.3579449160770625, -0.3441605993785153, [1]
-13.247427102597397, 0.9253540642224987, 1.3842179754561823, [0]
-11.297941647479519, 0.316350942564728, 1.027534128871873, [1]
-13.594297426034228, 0.3274399707794229, 1.6492620216575338, [1]
-12.518521157196119, 0.6860972842164037, 2.589888080970922, [0]
-13.192994964312845, 0.1501967032619249, 1.424150271569, [0]
-11.599276393982915, 0.04067038105992071, 1.3976624706894882, [1]
-12.795970428008216, 0.7492491320656893, 2.388622073899775, [0]
-12.739995823429668, 1.2500030167502403, 1.9140088810066858, [1]
-12.243434551658341, 1.009169665158019, 1.7368410005210086, [1]
-13.324517815009518, 0.37177952185971697, 1.3923543863855858, [1]
-12.774443151497389, 0.4234731373906897, 1.1682092231584102, [1]
-13.178149826942157, 0.562892719393503, 1.3403142751408366, [1]
-12.416867443465568, 0.4410819052821376, 1.4190986092252749, [0]
-12.670501605296234, 0.48636551421898, 2.059176174305521, [0]
-13.17674803101267, 1.1510032284788092, 1.8909015476825894, [0]
-13.02716911347538, 0.949815728158654, 1.398875538609674, [0]
-12.194722903938397, 0.5982267986243629, 1.189454461294235, [1]
-12.924472446942902, 1.1198116691197773, 1.1020329635550938, [1]
-12.475300627666755, 0.2934492867105496, 1.4452370099493452, [1]
-12.768763227595919, 0.9090524208798977, 2.0239650472101154, [1]
-11.438882203875123, -0.9962000898970454, -0.3079358150479895, [1]
-12.449656735022584, 1.1446950317791678, 1.4632418139041927, [1]
-12.26425201290735, 1.0935250098897549, 1.6539854084635761, [1]
-15.812508737517538, 0.7977993016408573, 1.4676797580825356, [1]
-12.409376824870717, 1.671575768033525, 0.8808266843689638, [0]
-11.849304142770313, 0.09526148768148202, 0.8715694265053643, [1]
-12.139705794643701, 0.5940278742219129, 2.302503874307691, [1]
-12.06883306902048, 0.44368819930534564, 0.4510066047408766, [1]
-11.027759250946133, 0.6602729417635005, 0.8508984373277093, [0]
-12.50664221066588, -0.08301876945409103, 0.840112930498927, [0]
-12.559905565328943, 0.34156412923145507, -0.5542222865772135, [0]
-12.821395750576231, 0.11247566894397676, 1.3065073335529822, [1]
-12.130307827646433, 1.1118439194541436, 1.7404949218542385, [0]
-11.561623517947433, 0.8082601215791645, 1.0884060775828381, [1]
-11.108883791318464, 0.28548750087014835, 0.4377498041804956, [0]
-11.656460734520998, 0.5812119839221442, 2.149968686016985, [0]
-11.857009206639674, 0.3981070011116629, 1.2153929044392968, [0]
-11.490903776438133, 0.7750683224923428, 1.5773561139229255, [1]
-10.941643547342878, 0.829569805909714, 1.4997914889830608, [1]
-13.96177456750569, 0.8781978937398343, 2.713639924053494, [1]
-12.18776269182695, 0.3181294525060092, 1.6154552118470975, [1]
-11.964213625653377, 0.734563564065533, 0.5528134079880931, [0]
-11.686545214719123, 0.22576417561844903, 1.0922224295694594, [1]
-12.308947550626085, 0.10858282988456014, 1.1454850943989046, [1]
-12.936620813279443, 0.9903732000559989, 1.0531119448650756, [1]
-11.280313181845496, 1.0512214685776735, 1.5247444219606823, [0]
-12.412852611261894, 0.4280808595277983, 2.1617564515173906, [1]
-12.74385939650189, 0.7052215868106956, 0.6726052969133924, [1]
-12.4801373501838, 0.8120200805046783, 1.7488047629396144, [1]
-11.285767095827529, 0.6649682821919769, 1.7467647296238606, [0]
-12.569470771567184, 0.4279706544162068, 1.7280151276199696, [0]
-13.830548432060493, 0.5806947914965854, 0.8371601275913568, [1]
-12.119882486418533, 0.594801715602203, 1.6015731200988461, [0]
-12.044287714715097, 0.8163712273231177, 0.5461214952898535, [0]
-11.526227103467182, 1.0302611481467656, 0.6884140036055708, [1]
-12.678943230406938, 0.619443877964446, 2.797410883566392, [0]
-12.385399638111716, 0.17985759216890984, 1.4398628442976955, [1]
-12.297224123803824, -0.10336104449311456, 1.2818940529018845, [0]
-12.81489385516948, 0.8386169009544474, 2.1769470302893215, [1]
-13.064937801074318, 0.9872773376408195, 1.1991292874138422, [1]
-14.110886258761262, 0.33371365479179954, 1.7711070260859882, [0]
-12.575219876703029, 0.5472199430799412, 1.6165764395723192, [0]
-13.507670675728356, 0.9510590992252094, 1.8312553014647437, [0]
-12.39545833886171, 0.5794192739836647, 1.3869711031824985, [1]
-12.648237117822674, 0.6645971605300389, 1.9206920519988553, [0]
-11.580285037288895, 0.7548823352736704, 1.4533706239982516, [1]
-12.313746534668558, 1.1189450297392325, 1.6929093777315223, [1]
-12.025251082868584, 0.4942499039511762, 1.5189076340360443, [1]
-12.303290695830505, 1.41073604177061, 1.048389989083664, [0]
-11.976374822896743, 1.1494755529925393, 0.046575310947375215, [1]
-10.724136922986839, 0.7303880581585518, 1.735944525092523, [1]
-12.056864442001487, 0.7863832394049263, 1.9987360523859614, [0]
-12.226134418869353, -0.009203033359288404, 0.2600255716718085, [1]
-11.76149270620045, 0.413295104025554, 2.420108485348022, [0]
-13.08271169920501, 0.325536020494786, 0.8333803436385709, [1]
-12.481305153403827, 0.5536024117232443, 1.464117273836512, [0]
-12.256051917962674, 0.8564723110103309, 1.5634038189526533, [0]
-13.22365226770087, 0.5534925749958806, 1.7588373594259759, [1]
-11.450511528307906, 0.736122632649481, 0.632703187452424, [0]
-11.58717464111543, 0.41402606138493603, 1.7873126006955928, [0]
-11.764149376296297, 0.8530519580126736, 1.8089480045288646, [1]
-11.273439077179226, 0.7633703851848231, 1.7221167122242451, [1]
-12.870477308052443, 0.7217733233377945, 1.9077455777384096, [0]
-12.64323701305787, 0.22277151269699794, 1.644723809040331, [0]
-11.980869495629394, 0.055979931434416985, 0.7612977798820668, [0]
-11.496590498243384, 0.36248925064741855, 1.4628366431133557, [0]
-12.667453730569537, 1.7644395964111972, 1.027401985219366, [1]
-13.324497676939922, 0.7174426134021217, 1.3712928840151437, [1]
-13.092552965470258, 0.644726429761708, 2.0266011562435886, [1]
-12.644791119058764, 0.2501707996258295, 1.1758201049516663, [1]
-11.808883584770266, 1.8307902941649, 0.41742819886978205, [1]
-12.117052548932554, 0.8352071541807877, 2.2939013389852527, [0]
-13.086114998158015, 0.9876913204585984, 2.065069853903848, [1]
-11.686691706541307, 1.222651466450168, -0.2443642530958326, [1]
-11.439633772739816, 1.130614275023334, 1.7619900484179851, [0]
-12.479752475209509, 1.1299533581904904, 0.9388712297921666, [1]
-12.346897594327114, 1.26164703789678, 0.12282920560518715, [1]
-11.902419877527883, 0.7886617414018773, 0.36361695056205723, [0]
-12.851957356070852, 0.7418117966515303, 1.144246570503385, [1]
-12.06648589245378, -0.9920361903461339, 0.25930984315672667, [0]
-11.404094185693427, 0.4503891263266876, 0.5704333485178947, [0]
-11.656466448625197, 0.6741263272838673, 1.6564363031770164, [1]
-11.78474230661127, 0.21166721357020846, 2.669924795377965, [0]
-13.461741433630076, 1.0664456078377362, 0.2208890780823206, [0]
-12.850752628777851, 0.5730356117399208, 1.3812553579699605, [1]
-11.775897566987819, 0.5546228491914498, 2.219479544121608, [1]
-12.274230616164425, 1.0980067345086524, 1.6097554388828628, [0]
-11.26606649911308, 1.2131370483281252, 1.6639190243911854, [1]
-13.596607395512796, 0.3366145189342016, 1.405005415896249, [1]
-11.941350871786108, 0.5760874835549487, 1.9429195425636632, [1]
-11.20603836454803, 0.8587800689328209, 1.5287593828592103, [1]
-12.19760453534926, -0.45607088243010097, 0.9287696311863116, [0]
-12.137386306887388, 0.22851795302003586, 1.1693003523057013, [1]
-12.885100084857019, 0.5613108449210888, 2.533313129974364, [0]
-12.842749425314464, 0.027672968327907402, 1.397623772531565, [1]
-13.41301587679534, 0.07246872758259593, 0.040263271148395015, [0]
-12.677499060601157, 0.5191732588202828, 2.1707171925892146, [0]
-11.808380175234236, 0.6538244748123955, 0.8049546472856053, [1]
-12.70968355208975, 0.9230815618850556, 1.2366676014561624, [1]
-12.872739041458097, 0.5280116705153852, 1.8730681294041074, [0]
-13.147487248515679, 0.7193026603605835, 1.677153550846017, [0]
-12.359449749110306, 1.18882985938861, 1.412510763080632, [0]
-12.091200752773739, 1.1868936047447842, 1.6170117966418933, [0]
-11.420733400748453, 0.3116056102265333, 1.506761458077617, [0]
-12.264133864463899, -0.05092240444725782, 0.02961948566771827, [0]
-11.858941004920998, 0.7260609904608315, 2.066004594772224, [1]
-12.986316868722467, 0.9749017929741459, 1.2400870154578325, [0]
-12.6194585908279, 0.9202050306375698, 0.8664254397935838, [0]
-12.461418794804848, 0.8875096464380962, 2.522243855598769, [1]
-12.19829652822818, 0.9494016424336282, 1.413178982505208, [0]
-11.480513463525304, 0.3402279899480172, 0.8096250816470209, [0]
-11.992364077235866, 0.5079012281073636, 2.318735872696102, [0]
-12.703081602427938, 0.16818329020391942, 0.8784315205997487, [1]
-12.964022845276618, 0.6133622937234996, 1.3605847260837813, [1]
-12.866968248689068, 0.9585928935921738, 1.5425905214673319, [0]
-12.031794062747691, 0.8788195965502464, 2.0749475604699654, [0]
-12.353059947725981, -0.020899659792056657, -0.3991074725453523, [1]
-13.901811157494697, 1.1305889883703255, 1.8812114666052804, [0]
-12.936377720564595, 0.8516659714703803, 1.0491319558766803, [1]
-12.241709686126216, 0.23348310443157755, 0.9394475853862599, [0]
-12.967007978164437, 0.8196873896064265, 0.9746834364541449, [0]
-12.65391722421972, 0.9327838793040352, 0.05693414943390013, [0]
-12.761990476972873, -0.08913496324867021, 1.3359634862361454, [1]
-12.208815770385367, 1.0973268427418552, 0.38171526543180845, [0]
-11.92225262028727, 0.5429722261038518, 0.6455953835281573, [0]
-12.83077246620339, 1.0385746482618115, 1.847973671714108, [0]
-11.376910596117597, 0.9371802650061135, 0.4189399627044893, [0]
-11.682728376808766, 0.7137444303797223, 2.315983366046332, [1]
-12.010904930735881, 0.8242346629500664, 0.9978296123418225, [0]
-13.043334209529547, 0.15075841781284183, 2.069198673849738, [1]
-13.51333631238277, 0.5820673453802047, 0.9354127853675592, [0]
-11.783177438655818, 0.5906376460834237, 2.3790152396675763, [1]
-11.79313592301983, 1.668072227486607, 1.3303081714691287, [0]
-11.374258930753143, 1.010319132034014, 0.503483364454737, [0]
-12.256244577353046, 0.5232391730054811, 2.2721767289553223, [0]
-12.11528197246617, 1.551466282516912, 0.7963296266577398, [0]
-12.783832659557097, 0.9510810479884542, 1.3804103255562583, [1]
-11.898871144051684, 0.18386005067050237, 2.184837240235174, [0]
-11.895884503852736, 1.0239828774835051, 1.1025670433495804, [0]
-11.787987506653781, -0.08320141735841102, -0.8181914401007189, [0]
-12.023103033127331, 1.3544231721608333, 0.03423744611605195, [1]
-12.934580880186674, -0.06937275608269738, 0.23298114117366642, [0]
-12.526479486756084, 0.17264551832452618, 1.164482608523167, [0]
-12.105480714049683, 1.3364488302403892, 1.5031393630374303, [0]
-11.536385324078905, 0.717857612916312, 0.6223883098256477, [0]
-11.358190084181908, 0.06961941610500766, 1.0403141697780551, [1]
-12.118548519504403, 0.2094304627223007, 0.5847340512521569, [0]
-12.471434405471607, 0.34429690814266645, 1.9771827438457352, [1]
-12.071733325191035, 0.5430811851269326, 1.7989526839320795, [0]
-11.322636086243039, -0.04146829687257303, 1.5465750348141156, [1]
-12.117246691212186, 0.2535204548535934, 1.4132813772452957, [1]
-12.50834251246463, 1.2929520620607111, 1.5250489778378928, [0]
-12.113740093847346, 0.5030092494556428, 1.3293331936049224, [0]
-11.391334321286687, 0.33112700427289266, 1.2694665429305336, [1]
-12.792366100766074, 0.5965038631936174, 2.2582322865870332, [1]
-12.235539007047988, 0.7028665935671854, 0.6150860117451566, [0]
-12.637503041462619, 0.33897809763324405, 1.555748516046842, [0]
-11.628761080290108, 0.8262303618894336, 2.46507411288158, [0]
-13.083318509656975, 1.292485692796933, 1.6234585178862888, [1]
-13.122015207312495, 0.8855964053053775, 2.0665218522730933, [0]
-13.835847106517624, -0.12823658807226113, 0.24594315307450976, [0]
-12.691739341083224, 0.8745500326143455, 1.9116501921472189, [0]
-11.132962379404898, 0.03430452373089367, 1.081317837950277, [0]
-12.557911300461331, 0.5138610272883983, 1.0326940923353627, [1]
-12.702215030501005, 0.8931637881287323, 0.7107294391194596, [1]
-12.355088006001077, 0.6746699098369898, 2.23328887242704, [0]
-12.263600115683962, 0.5096494409533238, 1.9467610529864543, [1]
-11.587418740370893, 0.5765266485395822, 1.318886501769191, [0]
-12.70650367799216, 0.7211875614988179, 1.3126163083549804, [0]
-12.79741665741161, 0.9506007087636559, 1.6076012866676692, [0]
-12.09475670743464, 0.31665058126472656, 2.068623268023853, [1]
-12.02688834049413, 0.3270501376410637, 1.1253210300168748, [1]
-11.996333314791979, 0.4239678730481142, 1.0521821198996848, [0]
-11.438848837590541, 0.09274202481600957, 0.6240601671799628, [1]
-12.429661137201462, 0.33984432675449394, 1.77407113401626, [1]
-12.085254851001018, 1.176740076669474, 0.580724059438118, [0]
-11.57633842051254, 0.5268269162763574, 1.682468887977567, [0]
-12.711781573638879, 0.044084866838528525, 0.7400341319903914, [0]
-11.016100170081847, 0.5725683496753994, 0.31214874711760704, [1]
-12.637470290246991, 0.2507967542213272, 0.7121698294173959, [0]
-12.498073460224322, 0.5256345758569884, 1.8823778151976118, [1]
-12.38107277878559, 0.8062089386536938, 1.010710118162576, [1]
-12.170211835979279, 0.6937832546105633, 2.4999487853599467, [0]
-11.875904782200273, 0.6023780808553499, 1.960781309042201, [0]
-12.554046634263289, 0.2569600462925913, 1.8880697666727455, [1]
-12.661164364656946, 0.4074868446612102, 2.163987260062173, [0]
-11.923005336980777, 0.8040413731735152, 1.0292931074552547, [0]
-12.386384710298467, 0.5778201149959499, 0.8889223796934291, [1]
-11.237959750328736, 0.7304537389591295, 2.0186308759654747, [0]
-12.196613756088567, 0.5594230281630936, 2.2611497139149304, [0]
-12.147220131628229, 0.4290097458420365, 0.7745654136057589, [1]
-12.316573311343221, 0.6399914205170183, 1.3578892963511264, [0]
-13.774144823653678, 0.7505276036456766, 1.5766504188585058, [1]
-12.035121584848405, 0.1268357561011756, 1.1879438517968615, [1]
-11.648608855780527, 0.8142631924112065, 0.9708308660780836, [0]
-12.035593300091175, 0.4286630138125266, 1.7924745374721, [1]
-12.583522291428732, 0.7904008735711424, 1.7101602901280566, [0]
-11.56375954979612, 0.83102954793543, 1.2728070792700847, [1]
-13.058499054361107, 0.8685892720183213, 1.2160615572171805, [1]
-12.842490697807852, 0.9050510818321647, 1.257945512909004, [1]
-11.610464218356974, 0.6110608726368152, 1.899561462774441, [0]
-13.506867131512085, 0.7363844549635217, 0.2047255939118986, [0]
-12.430263525963955, 0.9169655716147419, 1.3109429892543227, [1]
-11.885868575732797, 1.3919458719058078, 0.7885624001584148, [0]
-11.5803093557662, 0.6753528183465267, 0.33397963586177903, [0]
-11.929668806571346, 0.6853950817614365, -0.8566472632392856, [0]
-13.85738748690107, 0.18568111160956874, 1.1562617756575007, [1]
-11.541625988812184, 0.8020472793740407, 1.1500005126450472, [0]
-12.07610062822149, 1.0211866981365882, 1.433511449711345, [1]
-12.46575056512607, 0.43165288941403823, 1.497775687496952, [0]
-11.833286761199345, 0.6498417178538957, 1.6936713970049173, [0]
-12.651320538721645, 1.096871769286404, 1.5345781815492638, [0]
-11.671069882711203, 0.6678000732933358, 2.3213094267434697, [1]
-12.360374408117739, 0.46187528509398124, 1.355946488897412, [1]
-12.43010737934585, 0.7954145844459357, 2.007227128604174, [0]
-12.469711646144766, 0.08453474608120182, 2.1911500478409636, [0]
-14.267054862875225, 1.2233041663054756, 1.0029799372325718, [0]
-13.351636492528977, 0.917203477350633, 1.0705400883516352, [1]
-12.434036278293954, 0.28735707451299475, 1.811288548156528, [0]
-12.697846415690195, 0.7229042593909198, 1.303779256145806, [1]
-13.442327805027015, 0.5260284283763496, 1.8409761330638377, [1]
-11.778054678845612, 1.3121574982038693, 0.9726326028430118, [0]
-11.366879868869516, 0.05255360121551417, 0.04652325084143144, [0]
-11.82371216826893, 0.8269954528251072, 0.4860234228952379, [1]
-12.057034903976037, 0.7721186481897166, 1.7006460525230056, [1]
-11.49067966160184, 1.262164418029574, 1.791319428470316, [1]
-12.426583363342337, 0.7787240937159331, 0.6140153413223994, [1]
-11.985204126362381, 0.6092260159734505, 0.9368008271038839, [1]
-11.73191616036696, 0.7689678718029386, 2.175110395079209, [0]
-12.219688515156538, 0.060875547235560434, 1.6550886405895302, [1]
-12.698338174355984, 0.48713917073077195, 1.1419613740078611, [0]
-12.63031249782306, 0.4037724564365951, 1.7204004789239848, [1]
-13.194600977572948, 0.8676904800780646, 1.4766768504794205, [1]
-12.631918732850972, 0.7750039614261975, 0.7687212105453147, [0]
-12.616989629729929, 0.9018204892910296, -0.2204579720749673, [0]
-12.906299318751586, 0.8581316525592142, 2.9743083068745753, [0]
-11.452986071760895, 0.8110780154785631, 0.6784577577418028, [1]
-10.898764336887574, 0.5617312012709913, 1.915120155047238, [1]
-12.025721720430878, 0.49440447649740693, 1.558968868694784, [1]
-11.951326216775549, 0.30388442856508735, 1.1595158255330822, [1]
-11.611832914531059, 0.9104352753143514, 2.2025837615484845, [0]
-11.260226228823754, 0.5905199058773314, 2.0918947991204146, [1]
-12.31938216850515, -0.6317574390616717, 0.21643573006742062, [1]
-11.601155374143174, 1.0864281491258385, 1.6378854931841063, [1]
-14.030846689582205, 0.538590072083689, 2.0232928155590097, [1]
-11.388603836460234, 0.6978592784108123, 1.7477137327390466, [1]
-12.720001656877702, 0.8839590671486688, 1.6176623993450943, [1]
-12.154132452980614, 0.11995609341033961, 1.4442487967454627, [0]
-11.624510943980287, 0.14038749472197615, 2.0813311121728777, [1]
-12.443074979510621, 1.0242643160897416, 1.0260579252006843, [1]
-12.574532323627558, 0.45694523346490323, 2.266278846115081, [0]
-12.605756018476747, 1.8067954443411192, -0.8908972826715326, [1]
-12.121101338881893, 0.49886132796785176, 1.78399524417016, [0]
-11.577424123712936, 1.2779950356159477, 0.3380612776740105, [0]
-12.540175563767075, 0.7653795130480755, 1.7511789655149266, [1]
-12.863110339086974, 0.9151333731167564, 1.4889492728033373, [0]
-11.881926816452996, 0.353250721684658, 0.27302019543438205, [0]
-12.87570898792667, 2.6458737022414827, -0.4736516125741206, [1]
-12.994867811355368, 1.0010503321223827, 1.8016088584484689, [1]
-11.725091903196523, 0.6465549968848545, 2.5519953331016945, [1]
-11.39177969023503, 0.6418750339831563, 1.1627524957951598, [0]
-11.399418366548616, 0.9980197676973717, 0.45160358623841906, [0]
-12.1508340552917, 0.4323530980465659, 2.798991992239, [0]
-11.40452769863669, -0.28137312393429614, 0.4166360914743226, [1]
-12.550385335188755, 0.07886865594026893, 0.9763603293228552, [1]
-12.59637741318652, 0.3424800369756039, 0.7120086388544881, [0]
-11.84228961172883, -0.17392500781023476, 0.7910518618013683, [0]
-12.027900537248454, 0.9747406176627879, 1.043294798162917, [1]
-12.272529278605516, 1.046107982495358, 1.4129926684482133, [0]
-12.095541079312085, 0.8341447159052259, 0.5813471136453279, [1]
-13.96100227611657, 0.6965813110452406, 0.7069197705090163, [0]
-11.766557797237272, 0.542032846064139, 1.162345768137151, [1]
-13.040920387142325, 0.8899838271068653, 2.2794357919443122, [1]
-12.481726175252986, -0.18374871395473136, 0.17885666768115427, [0]
-13.008033937507815, 1.0358991913235598, 1.6332186618791336, [0]
-12.70069708128947, 0.7837804976100398, 3.009704233368806, [1]
-11.497890639389677, 0.26726974375793916, 1.3573446136455114, [1]
-12.075083270580084, 1.0659400695886636, 0.3238112947805325, [1]
-11.848801380460353, 0.6104627087659935, 2.132959763268661, [1]
-11.703868509379872, 1.360262900644356, 1.573717813292733, [0]
-11.766244303730108, 0.59245484694578, 2.131841925474741, [1]
-12.644014900310907, 0.578505790687322, 1.6050324494207129, [1]
-12.253351098585084, 0.2851559370552226, 1.4496905058409744, [1]
-12.45707268591171, 0.32036883160411267, 1.8437154380659726, [0]
-12.176066939962231, 0.5548652723383043, 1.49074053255644, [0]
-12.369010224729355, 0.10927195225800465, 1.183509350365008, [0]
-12.204792417422064, 0.40853859852118657, 1.9172427655698092, [1]
-13.604837866435437, -0.28477626629859265, 0.11393018196818014, [1]
-11.251400203337376, 0.7925242682302326, 1.9976641365836834, [0]
-12.315111159188795, -0.6305661235225783, 0.675969554947645, [0]
-11.941748808116667, 0.7583691319486972, 1.4641012205915338, [0]
-12.781089195769786, 0.33754890113014224, 2.110194421350007, [1]
-12.650570071794135, 0.315309041045863, 0.6934478676397153, [0]
-12.674277536588505, 0.7897921297885455, 0.4341917089406214, [0]
-12.04211636152314, 0.8519242308552353, 1.090776205910378, [1]
-13.04740048475932, 0.8387482146640499, 1.0792843611337322, [1]
-12.296192545184773, 0.7901662614316521, 1.229547601103675, [0]
-13.019579030499218, 0.24248543260304123, 1.653927114853654, [0]
-10.919730265140377, -0.3502506358399384, -0.6175936076235167, [0]
-12.018472171631275, 1.004123629297839, 1.6467484653547235, [1]
-11.095913798538634, 0.4739755380591125, 0.9095178487270023, [0]
-13.725527388998715, 1.0601395502903252, 1.3796471108531345, [1]
-12.096216362453292, 0.44622996272234366, 0.6352713505909858, [0]
-12.562369986748418, 1.2587126251361704, -0.34001979200644517, [1]
-12.305706238113505, 0.7850248472639568, 1.6430022823170707, [1]
-12.147809461292798, 0.6821820531306598, 2.766882157927762, [0]
-11.909844112560936, 0.30827819516418936, 0.4390616682376542, [0]
-12.245594441007619, -0.29028849186761574, 1.1868256653368765, [0]
-11.744974648134358, 0.7021941193291721, 1.194326856523943, [0]
-13.822622935693849, 0.5886327996857975, 1.1924290466966059, [1]
-12.201720085314124, 0.7191151185459057, 0.9663271814390324, [0]
-12.185878716148254, 0.4922942368454958, 0.1106998666627701, [1]
-13.083796684805474, 0.5832408784568608, 2.361080682790763, [0]
-12.138249044703803, 0.153347463432512, 1.3660813746830538, [0]
-12.049715334582492, 0.6498391707485959, 1.7833305565731243, [1]
-11.606467576056266, 0.45922383763403657, 0.9671278140583247, [1]
-12.712642964000441, 0.8756563125863943, 0.6616906149885184, [1]
-12.971742272801475, 0.7530937540766557, 1.3062447837745628, [1]
-11.808117898303601, 0.555011187166464, 1.9965267271999498, [0]
-11.771134568673753, 0.852880190856643, 0.03948478926519111, [1]
-13.367075006644978, 1.3994757567415854, 1.6109111700068932, [1]
-11.58964240099252, 0.6044659780125766, 2.116782950601647, [0]
-12.650484100472678, 0.8561621399046727, 2.020726921866662, [0]
-12.329018861936088, 0.44223636130140465, 1.1693838919372102, [0]
-11.789539951639833, 0.9405727390473979, 1.424808635552064, [1]
-11.7042461140805, 1.0321438672932213, 1.6757910808759617, [1]
-12.434954946266277, 0.9782526298703494, 1.2464885663417418, [0]
-11.694213507619253, 0.6009309074367646, 1.0418643042355127, [0]
-12.359195866572746, 0.45144612710590465, 1.703542079437952, [1]
-12.52615966135581, 1.115359340911595, 1.0676645847489423, [0]
-11.814094896454042, 1.0037463211412068, 0.6672670310632504, [1]
-12.743429717107002, 0.6258295424279519, 2.406996161054362, [0]
-11.418789815334241, -0.5293352493439709, -0.687515005409416, [0]
-11.290048598400794, 0.4250598467041785, 0.859594773224585, [1]
-11.836210832560074, 0.4535171458582047, 1.8864827146796421, [1]
-12.286618062897844, 0.5018636306064632, 0.5900040999384184, [0]
-12.438053233152457, 0.3786321416087782, 1.5438023642969403, [1]
-12.051439837142832, 0.7135717684470488, 1.8969036558808523, [1]
-13.2945369257019, 0.6627751117966866, 2.236297135789763, [0]
-12.25668658175356, 0.650986182612959, 1.7802875832123006, [0]
-12.185490129996733, 1.0941511650026474, 1.6748132943114604, [0]
-12.318032796494114, 0.41813272380856786, 1.7952179493762315, [1]
-12.805378296470726, 0.9191783526536451, 1.1261119412482314, [0]
-12.830273867055471, 0.6252850936775999, 1.8520285467446624, [0]
-13.231282455836393, 0.755122679636436, 1.6235396299790765, [0]
-13.009427069297907, 0.6102647071009875, 1.7418353627791219, [0]
-12.136504290852349, 0.38793717545456086, 1.0317772859083019, [1]
-11.649477609624366, 0.3810687485380969, 1.7092188304094202, [0]
-12.799772832142766, 1.2599191859544532, 0.1470069852371747, [1]
-12.701822788794361, 0.40862788346679424, 2.4021297414191096, [1]
-13.027848071619145, 0.8368216302836977, 2.439906211674148, [0]
-12.247539743703387, 0.685911807304368, 1.6663900185280183, [1]
-11.877036566827156, 0.3935278623688233, 2.559637965987154, [0]
-11.93105099457585, 0.7501961231890774, 1.460317374924452, [1]
-11.752067556523151, 0.8395369472151726, 1.3115342180120981, [1]
-12.174526509613074, 0.8133214240026311, 1.8039010816559489, [1]
-13.787854049720295, 0.8963551097866397, 1.8204849548721658, [1]
-11.194943527099726, 0.8514025642476422, 1.2466422284327834, [1]
-11.658207135728293, 0.5228771911575985, 0.7796166071818591, [1]
-12.850414919789015, 0.024885530523894306, 1.3526289571640988, [0]
-12.717218188174916, 0.8484046146509819, 0.8398466349297519, [1]
-13.308660897024593, 0.9189267532014974, 1.6889779273458927, [0]
-12.318471926232917, 0.623649492715245, 2.0147651834044895, [0]
-12.03583334878269, 0.1906733328028917, 1.7977025443854993, [0]
-12.106273495937552, 1.0837802887296162, 2.0785337845580454, [1]
-13.859869338917765, -0.5401271969379092, 1.3640067551009398, [1]
-11.10334832276471, 0.33275076282992555, 1.5388397443770547, [1]
-12.162407877463085, 0.8918530624860268, 1.4320646324142858, [1]
-11.356962190568845, 0.9015211024127687, 2.1901983987963707, [1]
-12.451141467097425, 0.3863932098051236, 1.4680466688668858, [0]
-11.982386956432324, 0.4366470377380295, 1.2135023491240524, [0]
-12.13978193451105, 1.1985059658155073, 0.5847222200718707, [1]
-11.506537603856389, 1.2286841826573327, 0.06742590517930358, [1]
-12.545119744290222, 0.37509089683810504, 1.9962113118012006, [1]
-11.924327301046702, 0.5598247043892676, 1.2282305582294448, [0]
-12.515259563420177, 0.7476568423129195, 1.6139642711249393, [0]
-11.597532825013685, 0.5498109496133018, 1.2730215953390336, [1]
-12.260401630910188, 1.3808222281274434, 1.243310144770855, [1]
-11.806945251910943, 0.5975441765268439, 1.7462924243808986, [1]
-12.008014350929304, 0.38589732223038353, 0.9246005235504299, [0]
-12.301699829629609, 0.725661701126379, 2.0324760194616, [1]
-12.268272136562725, 0.7439209874570075, 1.215215415486602, [0]
-12.543424457912138, 0.7612534215521048, 1.7943003058950202, [1]
-12.17492272792109, 0.6592913652436999, 2.1524454732908334, [0]
-13.981554708633835, 0.4982576037189833, 1.5969981996106444, [0]
-12.038517311022233, 0.8420203861229064, 1.751512306211807, [1]
-11.901854905889211, 1.2615554923413161, 2.0923688206488995, [0]
-13.29540955517985, -0.35164921059461185, 0.0988765525438593, [0]
-12.93385663364778, 0.8692219010512433, 1.0999333428757914, [1]
-11.89359266621681, 0.7167610566490198, 1.6134482143420048, [1]
-13.544807117829443, 0.8801590980300429, 1.2559975151365352, [1]
-11.963126466157114, 0.16526688186941518, 0.7797919717823575, [0]
-12.91347553311132, 0.8406595960758911, 1.6674978813310966, [1]
-13.147538047337429, 1.8253841794800683, -0.9085536936839197, [1]
-12.001890638504474, 0.6314705065546146, 1.101658196937438, [1]
-11.8020048916158, 1.0374678405063797, 1.8178700968383001, [0]
-12.492694520036903, 0.68869899570922, 1.4802083995671738, [0]
-12.123075179031611, 1.1916731714089992, 1.3939949223832127, [1]
-12.402951771233448, 0.9117555414506081, 1.9222182500950953, [1]
-12.166003971373843, 0.8211708046182298, 1.8605761700187926, [1]
-12.033074216145916, 0.604344213258763, 2.226860570350101, [1]
-11.932648065868024, 1.3590174264410697, 1.103031488804151, [1]
-11.707741306321704, 0.43474505819977943, 2.425231122045565, [1]
-11.4481095908784, 0.16648227224152712, 1.2429480159002808, [0]
-12.549225046040105, 0.4171289354886424, -0.16101862705059422, [1]
-11.883788931892258, 1.195854900745999, 0.7846218336833103, [0]
-11.529045632342903, 0.06631489429186699, 1.4558450944354973, [0]
-11.492709601379529, 0.6787314861829341, 1.083172329262698, [0]
-11.989202528429814, 0.43471693420365276, 1.0750444831552903, [1]
-11.966400833764006, 0.6431457132199425, 1.2244202164219211, [1]
-11.867219228500765, 0.4477042413353114, 1.6463431015861139, [0]
-11.40386785949288, 1.0724855863921834, 0.753352853725805, [1]
-13.164168436323072, 1.3406460095590853, 2.0428848983341092, [1]
-12.340175206247878, 0.6165289491305623, -0.23528545827531014, [1]
-12.066744732277877, 0.38225986854633975, 1.8798713652502652, [1]
-11.80476068718708, 0.9311235285426112, 0.5130719687717352, [0]
-11.889066992028031, -0.1778780693659383, -1.64654993267249, [1]
-11.314111005158258, 0.6457602770451718, 0.5704065384451917, [0]
-12.150883537492673, 0.3395832174094941, 0.8339948002290085, [0]
-13.113127246615994, 0.28890290536114155, 2.21278571913892, [0]
-12.120016193740218, 0.13481232505156227, 1.4700281385465774, [1]
-11.911424622618119, 0.5529450706119652, 1.572791767421513, [1]
-13.10196275336896, 0.2780095368164434, 2.370663099876355, [0]
-12.397526494355532, 0.5574171170140956, 1.9368590698316857, [0]
-12.759509736272593, 1.2707775052045251, 0.037995010617653424, [0]
-12.622077921806124, 0.6519015376396701, 2.5266638203680554, [0]
-12.216803690556548, 0.7263846193125396, 0.9308049069100423, [0]
-12.06586560701438, 0.4860082598588491, 2.1295394927155598, [1]
-14.068479715260537, 1.0293355694530737, 0.9481472554316329, [1]
-12.096043079775448, 0.1844191324759331, 1.537649441110258, [0]
-12.760599639355165, 0.9216944933150643, 0.509049040837922, [1]
-12.653154831316948, 0.2272573552974575, 2.3422692330569164, [1]
-10.78921299591139, 1.0380638978087018, 0.4072075938562887, [1]
-11.794808052180379, 0.6910806156636942, 0.8325515969207795, [0]
-13.378516880770011, 0.3303750158367632, 1.0685353967797226, [0]
-12.060263226206954, 0.9886141181059526, 1.4947154244341445, [1]
-11.370986678252349, 0.6727518542596052, 2.0846013472390434, [1]
-12.422461996744376, 0.11094615174420519, 1.686682440120282, [0]
-12.372119058642864, 0.9572050480043753, 0.7021789425058007, [1]
-12.418646535787813, 0.4028453521351922, 1.2008920857170642, [1]
-13.60411899766264, 0.0851096898910928, 1.1586896007929277, [1]
-12.940762730843076, 0.7465424197639878, 1.5618232088870427, [1]
-11.66796154226993, 0.47696305357337987, 0.6718724841883117, [0]
-12.204429214511048, 0.8297763760170811, 0.8939222573575268, [0]
-12.039782556745553, 0.6063602114660607, 1.3695558012973765, [1]
-12.187524212717765, 0.41451941551115734, 1.8516399971725397, [1]
-11.691362261067967, 0.011098359805292016, 0.13075909583235734, [0]
-12.772491815393213, 0.4177475222820959, 2.3586617698391317, [0]
-13.01958283408218, -0.020447954152097214, 1.3436677474784808, [0]
-11.512315046487107, 1.0237894648864139, 1.4616306185439738, [0]
-11.338243078259152, 0.3232673235226263, 2.020192635678692, [1]
-12.411027986575832, 0.8016728840010713, 1.3791783744548212, [1]
-11.71041386205688, 0.9248121954567898, 1.6886498010696032, [1]
-12.779780986729142, 0.681909840232176, 0.9912420120583241, [1]
-11.666852770555213, 0.8842399107165074, 2.0047193140299338, [1]
-12.112084031493204, 0.7342498949610243, 1.578787026945839, [1]
-12.387484540883252, 0.5025271390435295, 0.8335825103366493, [0]
-12.459045174404306, 0.6765592139642466, 1.1274979344962968, [1]
-12.717967328682786, 0.2618369553275507, 0.5339626771992215, [0]
-11.505248030788994, 0.3664974843813991, 2.0622427096631486, [1]
-11.565469933708421, 0.5200859763195623, 2.7222428660389104, [0]
-11.702012341614225, 0.9076539947365494, 2.0172756819813444, [0]
-12.875416625313308, 0.43297812910569783, 1.3903830612891097, [1]
-12.043619632519373, 0.5241591676711359, 1.7678534034959832, [1]
-12.47290037522322, 0.4782276090832076, 1.3719503699561253, [0]
-12.132520326670507, 0.74817675686814, 0.9787803105001864, [1]
-12.417877719189008, 1.3099463564903402, -0.3401031984534353, [1]
-12.662878221231834, 0.10732340128532741, 1.4883028347006144, [0]
-11.898023349667541, 0.07861591785788652, 1.0234545422195356, [1]
-11.872790657956026, 0.6570212207768925, 1.461605622387803, [0]
-11.172766651143032, 0.7515800646619941, 1.1654434400236062, [1]
-11.686841886251035, 0.6507753419546282, 1.860282220255471, [0]
-12.282764155090913, 0.04525966532732251, 1.5706989503562647, [1]
-12.552444070763935, 0.8730264530358957, 2.2730719572560782, [0]
-11.439478859963321, 0.4937980838393244, 1.502931045027047, [0]
-12.203463214611302, 0.7492761504128835, 1.2868289392732386, [0]
-11.554591563230934, 0.6725821948478775, 0.9881393774824253, [1]
-12.329818639202818, 0.2501173367401711, 2.4559145969739227, [0]
-13.530470082717137, 0.3930066124142988, 2.7131749206492657, [0]
-12.358235331122675, 0.21356833847567558, 1.7634477350609135, [0]
-10.81826820985787, 0.6259744933188918, 1.5848532522012888, [1]
-12.383962524444918, 0.6994586288882724, 2.333702138235629, [1]
-12.519950684252478, 0.43293068247534083, 1.2799436212832362, [0]
-13.133448130311933, 0.6811982372502536, 1.1534696203449548, [0]
-11.852257170042549, 0.5496816271896385, 0.57822142944719, [1]
-13.561045194587665, 0.9805092252428698, 0.5997033788086792, [0]
-11.853040510905291, 0.9975485999664842, 1.5509703471395953, [1]
-11.773756710550806, 1.2701696532238527, 0.4279545012730784, [1]
-11.912635250854585, 0.1622271850765727, 2.04717821975469, [0]
-11.324927105088333, 0.5204025550572118, 1.540138278316315, [1]
-12.027147608614477, 1.3616820419950348, 0.8052128902748227, [1]
-12.141669371251888, 0.73746177812495, 2.082445928568699, [1]
-11.851007784856044, 0.8459489077667853, 0.7272200027131421, [1]
-12.58841792672577, 1.189522137519662, 1.7805643405686455, [0]
-13.127009298005614, 0.11447237375875591, 1.762009128847293, [0]
-11.785623715339277, 0.6681131134204397, 1.7932849457712317, [0]
-12.67178187549281, 0.7557384646812049, 1.6415252510342715, [1]
-12.544289984125378, 0.004481164269754867, 1.6972021566368474, [0]
-13.015455118052968, 0.18449535556539312, 1.987894226586736, [1]
-12.5725205797221, 0.7002111875948643, 2.015090916836763, [1]
-12.589131649161208, 0.5094752557424885, 1.8451685675162166, [0]
-11.341682984017366, 0.6231392966950632, 0.8726018850839588, [1]
-11.707026925303932, 0.6089705681634314, 1.9016900829515502, [0]
-13.267307731128437, 1.0555011027381433, 0.9053993293441199, [1]
-11.607364480807473, 0.5251681341831902, 1.08405426285303, [1]
-12.168778639780802, 0.6631686279436904, 1.052867817163349, [1]
-11.410700962010958, 0.2886117336317866, 1.744789820522309, [1]
-12.235164900430373, 0.3234116285842129, 1.6174589875117729, [0]
-13.609483761970047, 0.5345826623677825, 1.7858565969775608, [0]
-10.715064421667481, 0.5569513546884298, 1.46361179794212, [0]
-12.921634290704798, 0.8822799567013102, 1.4190389760230306, [1]
-12.278533083491519, 1.0282081592288916, 1.9275342535052284, [0]
-11.667485768015974, -0.0495980044422622, 1.091990475248285, [0]
-11.847430844128299, 1.3265754703406054, 1.4967288493274091, [0]
-12.640449069021015, 0.5561327426079751, 1.3191635896145677, [0]
-12.663284513002981, 0.11052779311634842, 1.403738176869772, [1]
-12.608887572435654, 0.14901468605254242, 2.050787856685708, [1]
-11.781004002687423, 0.6348845689667626, 1.358244961175864, [1]
-12.34968856104726, 0.21012501808902384, 0.6730256405701105, [1]
-13.7907607489132, 0.930152938752415, 1.9040235515692732, [0]
-12.629279361975982, 0.11638596567243242, 1.651614278055364, [1]
-11.950132161900203, 0.8584709109560893, 1.9308986080712711, [0]
-11.787383675644534, 0.3296467012851325, 0.9986427520600563, [0]
-12.194703170383626, 0.6313406580491202, 0.7837922031313516, [1]
-12.811164969129063, 0.30042709065374174, 1.9637972058746158, [1]
-12.577322508950411, 0.29242042786389755, 1.0666649499043195, [1]
-12.44945110562209, 0.9406428676483245, 1.317373473474943, [1]
-11.502393378204106, 0.31065238877060053, 0.394201896540711, [0]
-13.240169301570102, 3.9279177347152467, -1.3904451776365785, [0]
-11.353950124051384, 0.8068123105958852, 0.5301714129075769, [1]
-12.533948352731295, 0.6446746608882696, 0.1499147950276304, [0]
-11.961170972341487, 0.7786386293479379, 1.5851223709137647, [0]
-11.611043532742077, 0.7537537694161572, 1.1502273238667442, [1]
-11.424530287120724, 0.6331031389079527, 1.069923529500902, [1]
-12.744574022830006, -0.11764208903496975, -0.1265090059211933, [0]
-12.379040669582823, 1.0750715361982266, 0.9168972593097267, [0]
-11.264026686139353, 1.212978501161419, 0.7142174820874138, [0]
-12.527097014616366, 1.066791534262215, 2.2213628578167803, [0]
-11.905826315175961, 0.7517810727301666, 0.42024939402750366, [1]
-12.121562036794693, 0.42546599162411036, 1.3818875288302193, [0]
-12.130326123018495, 0.830926381965537, 0.925249749524282, [0]
-12.829570828474948, 0.26085604058108147, 1.6104926535569757, [1]
-13.202054879302878, -0.002432144053105434, 0.8184982765127091, [0]
-11.451553995389839, 0.486579530473894, 2.2544067816087576, [0]
-12.219115605701386, 0.6106068114435289, 1.655881428760123, [1]
-13.39430235918195, 0.6386719065904977, 2.4536825760412473, [1]
-12.068682028242625, 0.5399576422701544, 1.312848624935063, [1]
-12.98893126543347, 0.33045056443740306, 1.3267465840920407, [0]
-13.156830551013927, -0.26198725983764576, 1.362084144197329, [1]
-11.747188863495095, 0.1702338446017186, 1.6849144343127418, [1]
-12.473560366565668, 0.848635425956443, 0.9845063960959707, [1]
-13.115569935029301, 1.033805295136667, 0.6519449523561356, [1]
-12.581921275273537, 0.6668666659152377, 0.09813533251307593, [0]
-11.399411079334799, 1.0806592252723124, 0.8574350893078801, [0]
-12.550111013435762, 0.8834624869578607, -0.03318964026217036, [0]
-12.276335496454465, 0.021337182163019497, 1.610899904505274, [0]
-12.005379960282683, 0.7402526199325384, 0.9224399942691822, [1]
-12.606519475294641, -0.043206020233346555, 1.588178182335723, [0]
-12.196594986848192, 0.7317322201460306, 1.7857479892875525, [1]
-11.750974571536648, 0.42205887362098893, 1.0373533430153279, [1]
-13.615321407527466, 0.844714292593667, 0.7891410335858341, [1]
-11.850213636857722, 0.8813865340701372, 1.5946768306984074, [0]
-10.96475122066961, 0.7987396722621172, 1.017405667928713, [0]
-12.08344248675985, 0.9179879885372788, 0.14532192371390185, [1]
-11.917080223561063, 0.7969978105756005, 2.1683902920962552, [0]
-11.995509966848443, 0.7343038251749455, 1.1005824454899984, [1]
-11.963687210674744, 0.4037159046005092, 1.835361862113239, [1]
-11.575972074597807, 0.7072200728445123, 1.3275692495468658, [1]
-11.323611468321083, 0.8815017262653178, 0.530133569976985, [0]
-13.370825512252205, 0.6324619314871956, 0.21895799545627892, [1]
-11.480162146554827, -0.1232490681176347, 1.5217494756730972, [0]
-12.788035327849908, 0.6864078075221802, 2.2619628609026163, [0]
-14.380644084540467, 0.5080752840236957, 0.4179910832107372, [0]
-12.7957742361794, 0.967440883554771, 1.8418746164383997, [1]
-12.375918556006695, 0.5798355948556063, 1.9701923321434553, [0]
-11.822704892490092, 0.5534602961601247, 0.39813922624634657, [1]
-11.947254999791758, 0.7445820383296372, 2.0472180079799647, [1]
-13.495273922143928, 0.8366783498571759, 2.128597023620466, [1]
-13.178543280636765, 1.114564880317002, 2.2280673613866577, [0]
-12.779800747251779, 0.7475775436819345, 2.3512902520255277, [0]
-12.201939534579571, 0.7490673785226036, 1.5830791807281654, [0]
-12.467153371416615, 0.8700209386329496, 2.088036327600208, [1]
-11.67716064483326, -0.1416051087415492, 1.5817368932478957, [0]
-12.533999888862109, 2.369835255828412, -0.4577593241116201, [0]
-12.118154716703172, 0.8517344419465651, 1.0964020514022481, [1]
-11.898840171626095, -0.09718919570032813, -0.4857733972313867, [1]
-12.261001420126506, 1.1546115790526608, 1.6165836088637093, [0]
-11.888389176332304, 0.9111805310068241, 2.4625365545593394, [1]
-11.585508449599658, 0.7395827295644055, 0.7769131747152761, [1]
-11.371160156948177, 1.0769028530714433, 2.237465975818735, [0]
-11.406022147181218, 0.887634263857457, 1.290489878696123, [1]
-12.325847815235548, 0.2949749537085455, 1.9148880683443896, [0]
-12.274474889518894, 1.0627220413123246, 0.09836880201410425, [0]
-13.600623865042863, 0.42113248087126737, 1.0109493798320142, [1]
-12.132874101252357, 1.0460016228292583, -0.029241825068474503, [1]
-12.83962369508583, 0.32314777093823344, 2.097232326398982, [0]
-14.424267376091048, 1.1468493021530453, 0.13686737601668675, [0]
-13.4505808986394, 0.964798293456497, 2.0199372433248057, [1]
-11.957929940810317, 0.839970078224905, 1.212031147429523, [1]
-12.14008865184345, 0.5052129805505781, 2.0953141693214987, [0]
-14.075765104548577, -0.011261395947055941, 0.9102211741386677, [0]
-11.777098853411013, 0.44692512687736025, 2.2712177909801974, [0]
-11.843858072913983, 0.48615128924116013, 1.7347285794971254, [1]
-12.902869602911462, 0.23292087019047214, 0.14493093141960917, [1]
-12.068755859758603, 0.6126461729361914, 0.9491178654674792, [1]
-12.662528653725794, 0.7262016479720426, 2.477230099017857, [0]
-11.115501072745449, 0.5153928111485091, 0.8210726177103046, [0]
-12.646690668890017, 0.5552335996205414, 1.650201318519008, [0]
-12.442265039905562, 1.395565144013339, 1.2360503731685517, [0]
-11.645980619244602, 0.6118439224074677, 2.3871105799594003, [0]
-11.99159901703731, 0.11601062408352095, 1.3912880025919085, [0]
-13.697355631683413, 0.8556949495847213, 2.3088823721101757, [0]
-12.415131726207886, 0.399913743985359, 0.6424905121448297, [1]
-11.631234581300047, 0.3465443131839888, 1.9788890948671445, [1]
-12.593905573152089, 0.2305507409351112, 2.311190371811101, [1]
-11.587074653674227, 0.7482640915296823, 1.0205939007390894, [0]
-12.13434475740501, 0.2939444956093427, 0.9709753915818156, [0]
-11.83886634602868, 0.46281389479808327, 1.658113935127544, [1]
-11.570936011898189, 0.4374758607111767, 1.2091801992988187, [1]
-12.293357183093955, 1.0125182231895131, 0.07007162017295632, [1]
-12.524888701509157, 0.5374707769281442, 1.9450834126014607, [0]
-11.990253100174387, 0.5472029319246685, 1.6622465067981258, [1]
-12.203793712517754, 0.6927973908367775, 0.2628620169281093, [1]
-11.161691030248925, 0.8847176342145104, 0.47403557741569796, [1]
-12.454812346934409, 0.6480582368187134, 2.9461206839902863, [1]
-11.526037243068599, 0.32699758451145405, 1.5995523110432817, [1]
-11.933752004695462, 0.6711515731930568, 1.7615700469108846, [0]
-11.42095568079439, 0.5562388888628301, 1.6227507925411453, [0]
-11.556876097729935, 0.35498653166096283, 2.401538198898929, [0]
-12.329081972265904, -0.33375328139591853, -0.7875316312002993, [1]
-12.492415390426109, 0.5775802042730239, 2.975366682103936, [0]
-12.081204952003567, 0.6689530666040254, 1.4962673631449492, [0]
-12.551634180085818, 0.3717626456848947, 1.439039900946624, [1]
-12.909242048985833, 0.5897383811571509, 1.1491328627581616, [0]
-12.790772070732867, -0.2848937559516387, 1.1164151821361785, [1]
-11.752402233599657, 0.3436684966951174, 1.6473854705189332, [1]
-11.888537549068205, 0.3294997181345291, 0.6868124691801286, [1]
-12.642604766635497, 0.8909589086630789, 1.7964571683520005, [0]
-11.974520048630955, 1.1212658913906082, 2.221102757980448, [0]
-11.982651235895887, 0.3345631519835752, 0.8946501111818677, [1]
-12.26320790567168, 0.26200000112698907, 2.0491507904157866, [1]
-11.943667840254623, 0.37460808550398605, 0.26360374805060505, [0]
-11.89569452281444, 0.4463039821756023, 1.1354239918359421, [0]
-13.283737780668579, 0.3458776015127139, 2.0621389656305613, [1]
-12.03251467618842, -0.1823187955274551, 1.563815164800644, [1]
-12.656347896201565, 0.781211298711167, 1.7925106973575917, [1]
-13.628948040995652, 0.1572087917065696, -0.4235931981457367, [1]
-11.82004305673602, 0.9898976000222388, 1.9818712978539264, [1]
-11.455154968620667, 0.9454690009310786, 1.6372403369291915, [0]
-13.63597105948181, 0.9479336441523766, 1.3894332928931985, [1]
-12.916921655595626, 1.0327143154335203, 1.6896779699467899, [0]
-12.745339890412739, 0.9099968083272254, 1.8158337584002868, [1]
-11.936773135857734, 0.9656621245826572, 1.6427056130352669, [1]
-13.289077210263514, 0.018251469101986384, 1.4141409872945807, [1]
-12.435994305620444, 0.2834895961654228, 2.0810482653409403, [0]
-12.794451624803294, 0.2439630309300611, 1.9862122701201539, [1]
-12.607179231303189, 0.16720397687924815, 1.6588218487806397, [0]
-13.091203053646089, 0.718658555319721, 1.722178371727478, [0]
-11.625313437117978, 0.7319582318067531, 0.14501368444675483, [0]
-12.885145489009346, 0.254867012889629, 2.6822606266549833, [0]
-11.864184374811376, 0.6493682277175774, 1.9154369240830829, [1]
-12.316001582744263, 0.980793008761448, 0.7448370169370007, [1]
-12.941568262379784, 0.3870668595731687, 1.983234409667995, [0]
-12.811947887114245, 0.5316787783318031, 2.239002075196647, [1]
-12.78533356597763, 0.9031156392134714, 1.5212606531206887, [1]
-12.782382108784429, 0.04930794102761554, 1.3001004547280268, [1]
-14.002541609298719, 0.865073397944026, 2.288342000438522, [1]
-11.843489517450209, 1.1682610689616562, 1.2966496042448419, [1]
-12.675297030391107, 0.6661210524393588, 1.6948033264054745, [0]
-12.945269859680273, 1.0426654053000612, 1.7859180296744177, [0]
-12.340508333354771, 0.45835959660712833, 0.6360433234514675, [1]
-12.456900579025898, 0.6427247682264727, 0.9747512237508161, [1]
-12.98494576095671, 0.7073014232594776, 1.998509853963424, [0]
-12.802225054846966, 0.6647262643611727, 0.9994640126563543, [1]
-12.441506993805227, 0.3069656484723474, 1.570664872897388, [1]
-11.913616132308313, 2.1147947195739354, 0.633318068098639, [0]
-14.38500334007833, 0.7483369445822534, 2.278670585117174, [1]
-12.485117100805015, 2.8035029583838726, -0.6005830037263972, [0]
-11.812504977439364, 0.4850175771895497, 1.2284630709510838, [0]
-12.243256233677663, 0.3501100876776661, 1.0227764615754893, [1]
-11.745669960495272, 0.45429670642287506, 1.4238438465847103, [1]
-12.752132137749795, 0.4828291820361619, 1.3434613659528707, [1]
-11.01967569332645, 0.8053062010840137, 1.4625761043416123, [1]
-11.525196686873919, 0.5135139916435021, 2.1163417471519077, [1]
-12.770848080496508, 0.6885743545217148, 0.9121385654641606, [0]
-11.247830357697373, 0.5220637830811319, 1.3110864277078416, [0]
-12.764982216239412, 0.383076879710992, 1.6993856082616734, [1]
-12.458972666706405, 0.42184023120121134, 2.0483544563654723, [1]
-12.145626365726498, 0.4982259543482602, 1.872158549478984, [1]
-11.804252476488491, 1.095162286737913, 1.474777060935691, [1]
-12.698056580647862, 0.6037952153168751, 0.9933830847902512, [0]
-12.676751732251233, 0.863530238074377, 1.7666305841755547, [0]
-12.12677140329331, 0.9591471712229976, 1.3991965487834062, [1]
-11.978900727399925, 0.8338449486274623, 1.4165746307875628, [0]
-12.903252370854549, 0.8755143953188558, 0.7202385343052633, [1]
-12.774323355517453, 0.9374279691567532, 0.8313504107940248, [0]
-12.345360237012505, 0.6214243237473464, 1.6995800278070097, [0]
-12.372455569152972, 0.5349948825869509, 1.5127861484639806, [0]
-12.256712743544153, 0.9026541242945535, 2.1373471571845535, [1]
-12.28900851795906, 0.3769922330188581, 1.509017897799779, [0]
-11.790152794130007, 0.8723861014966978, 1.4325553428211133, [1]
-11.942366541705725, 0.34224211385130143, 0.6012389462051624, [0]
-11.930589686348277, 1.577624397935814, 0.9339209159212445, [1]
-11.855312276646874, 1.1180000548589983, 1.6079499550935634, [0]
-12.431959306399893, 0.6860774381350638, 2.1455815105741403, [0]
-12.429091810357386, 0.6367883313500493, 1.1416776116441874, [0]
-11.663481457491807, 0.2547777659316459, 0.8352247480089102, [0]
-13.59212977269588, 0.876536353214539, 1.269650211610107, [0]
-11.293695201405756, 0.3472613249882506, 1.3592982016345525, [1]
-12.328805661194309, 0.33754005487002814, 1.0312437595671613, [1]
-12.260779601748085, 0.7698590713854726, 1.5992270412258014, [0]
-11.366227965221466, 0.5192910956904337, 1.4249947581232418, [0]
-12.245896210474424, 0.6044396539812157, 2.4449036412172704, [0]
-12.05650397554657, 0.832757933359459, 1.7567262188050448, [0]
-13.245090985177152, 0.3497150374003051, 2.0693186465236613, [0]
-12.121076025840493, 0.7102486146666345, 1.5490172399894353, [1]
-12.421645894685241, 0.31199704685060536, 0.82505233419562, [0]
-12.240892596239167, 0.08967596772335928, 1.156048143270248, [0]
-11.74845660211288, 0.864784959799063, 0.7011523909479417, [0]
-12.004609726130537, 0.7276548537737276, 1.0861142625522957, [1]
-12.774826891861917, 0.9149723740968232, 2.6800554797159024, [0]
-12.861600129569402, 0.9808521678591399, 1.3603838031501232, [0]
-12.6076674485342, -0.36584672276132224, 1.7714875726485195, [0]
-12.348562463662041, 0.2869399366572209, 0.9163570647444413, [1]
-12.19876002312515, 0.667183251020439, 2.0797076272433324, [0]
-12.896896009862093, 1.6847343377011608, 0.24648289255288808, [1]
-11.986088562538114, 0.27044483692250987, 0.5010482460039276, [1]
-13.02282134963453, 0.7727819555664085, 2.5121546870487887, [1]
-12.572509383262812, 0.18863949369816763, 1.1280046179810232, [0]
-13.137239243485658, 0.6061337210854336, 2.0902428126245445, [0]
-12.590830125842304, 0.09134170558726404, 2.2672896128120312, [0]
-11.501099781146639, 0.8884172800113617, 2.70296307725685, [0]
-12.18184218351069, 0.8660432779027247, 2.29038700138897, [0]
-12.282318227496367, 0.07188275594554265, 2.1734469919459993, [1]
-12.954125920672931, 1.3155667310771437, 0.23012645447161473, [0]
-11.797233675874937, 0.46237376210723535, 1.0679461048829695, [1]
-11.814495179578369, 0.5307850996463099, 1.4805084617916728, [0]
-13.68007983961021, 1.464926897436584, 0.08817436811867396, [0]
-14.113933560060802, 1.1209886268962104, 0.8191908455091486, [1]
-12.50550004761971, -0.07151817285678322, 0.9076343913062677, [1]
-12.295919626292733, 0.9410076674746208, 1.0399280349432076, [1]
