t=2.0376188507791743E-5
logZ_t=-0.19779048919164754
-7.037026820936571, 0.3553965500623568, 1.8819589679793025, [0]
-7.224942154805629, -1.1341689401173456, 1.3896404638086854, [0]
-7.361537374533906, 4.057995989858881, 3.347279414685092, [1]
-7.085137122489369, 3.6399676241309593, 2.119143357394072, [1]
-7.454447429036523, -0.888527807978714, 2.6778945220144945, [1]
-6.972247786623476, 5.843662732686731, 1.9611656511423219, [1]
-7.074625084670725, -0.4308577761177532, 2.2797580715417136, [1]
-6.952468632637222, -0.7424634129641566, 2.5997388550132188, [0]
-7.278537106486076, -0.9385702994409142, 2.2208465836331515, [1]
-7.070786336676101, -0.34383703080048855, 1.2208711285253617, [0]
-7.028334084316182, 1.5926136092530683, 1.9580626054985637, [1]
-7.70201584555681, 4.697663734255276, 0.8633802467803355, [0]
-7.112595144798927, -2.7630261200789428, 2.4219927535827885, [1]
-7.029532402588729, 2.7285282943925147, 3.322456104896042, [0]
-7.02197020245161, -0.6875991689509894, 1.8720554841713222, [0]
-7.530840104445142, -0.20467316531341373, 2.204469240513567, [1]
-7.386302393303261, 4.927576139614414, 0.8651258373576884, [1]
-7.110239099547361, 0.2250537607281794, 2.104110728393512, [0]
-7.589193421890155, -3.9460789287897327, 2.854306513621416, [1]
-7.130659900728892, 1.960799600950803, 0.481729707832943, [1]
-7.271689688926674, -1.8216742354993465, 1.9773664670257938, [1]
-7.068024049684543, 2.8684310188395337, 2.542406489886333, [0]
-7.0734452490833055, 0.6011269307969176, 2.438360570870164, [0]
-7.017258461758719, 0.8827112064150153, 2.881778434852516, [0]
-7.0928498934004685, 0.4445905169188231, 3.7832306819166486, [0]
-6.947650056187555, -1.0475442147072478, 0.8922125045174322, [1]
-7.016360093614948, -0.07355584181081687, 2.3277406716755964, [0]
-7.164056340110216, -4.1993722281692225, 2.0588809293769605, [0]
-6.9802604748806, 2.566329128964872, 1.3656813571765822, [1]
-7.123724580245538, -0.4548051015991281, 2.708247224185785, [1]
-7.089835927190913, 2.1833955661247373, 1.9811463627228267, [0]
-7.119776448858238, -0.5923165138310296, 0.5702097973511104, [0]
-6.97410574362407, -5.00399559826645, 1.3607222354335737, [1]
-6.974073944727481, 1.583755826307998, 1.741868614716299, [0]
-7.1047538245816, 2.513457561947777, 2.400389935044868, [1]
-7.02516412934188, -1.911883864839634, 2.7487152009285203, [0]
-7.116918864980006, -3.9412334964708022, 2.266531605652719, [0]
-7.2924845848686966, -5.927648631508925, 1.8260336805656592, [0]
-7.165189365181889, 4.921112847357707, 2.157836260219148, [0]
-6.972104087227616, -0.8340979068385782, 1.5138456173824872, [0]
-6.9256916197006975, -2.261907140585586, 2.2885984938095483, [0]
-7.473833208100863, -4.271437450608429, 1.0321874403539957, [0]
-7.079986306083202, 1.8543270766542201, 1.5457276691964832, [1]
-6.997239032033334, 4.825344372031759, 1.7142299525885125, [0]
-6.926688497985815, -0.47418580978462777, 3.1391201556395956, [0]
-7.547278483195422, 8.678857184745606, 1.3291694407294437, [1]
-6.996445001799282, -0.33289113353872773, 2.5768604088381073, [0]
-7.011445750840316, 1.5872548699728637, 2.4648654601296833, [1]
-7.116780104798067, 3.301014357472334, 1.3143112405615975, [0]
-6.998981077364809, 4.398717862153556, 2.049797377512136, [0]
-7.190813159231495, -1.009491167314279, 1.9926277851665608, [0]
-6.961151032161248, 0.6985346495856453, 3.147737318427683, [1]
-7.058698365432675, -2.083174600634255, 2.516489092585275, [0]
-6.997624476289105, 0.8942856838674028, 0.959860866476666, [0]
-7.107126077137461, 3.7207019476192893, 0.8371924752748594, [1]
-6.995020477422787, 0.2383902687593662, 2.481154673891309, [1]
-7.011850877659879, -0.9339829436732118, 1.8051598350634412, [0]
-7.010457209440542, 2.786746152607972, 2.6207595728639195, [1]
-7.629712898803991, 1.0590961158950458, 3.1350407311576243, [0]
-6.974797840219004, 0.929893246064178, 3.4621859990846255, [1]
-7.1878594484212845, 2.4767063375884355, 1.0886745093790111, [1]
-7.171268195798002, 2.1248762561265115, 2.671724512810858, [1]
-7.058529105574313, 1.4672809364787458, 2.754323278708647, [1]
-7.1663972418471555, 4.1914048136260265, 1.8908014619765385, [1]
-7.216642481042173, 1.1076318014069324, 2.3892452207456008, [1]
-6.9431582462905315, 0.22878868595352025, 2.5626790040337886, [1]
-7.2236613589667416, 7.779154612731915, 1.6360109817215067, [0]
-7.21892159316462, -7.423179359995004, 2.1174744012556075, [1]
-7.156955532755251, -0.8516223901863235, 3.19591763925026, [1]
-7.142284245455483, -1.5511302414281531, 3.1144431939680812, [1]
-7.21041105560449, 4.152105035194966, 1.189675642390287, [1]
-7.125480311697759, 5.895859004076792, 1.8930879748097453, [0]
-7.002817500752256, 1.9892529750003876, 2.2711954375901557, [1]
-6.985112200565758, 1.8064840912809843, 0.49050350612050664, [0]
-7.55635027754647, -2.6878093888232897, 1.4716316812397638, [1]
-7.263739332017417, -0.019789679494629953, 2.0217353654380643, [1]
-7.155273264510326, -2.8129773415671018, 2.07788106421743, [1]
-7.017349821659545, -1.762469935883563, 2.4101498574023568, [0]
-7.039284660236541, 4.678556359901659, 2.8958271627472074, [1]
-7.009435634270413, -2.2163988165223456, 2.6478390816151434, [0]
-7.169838441404225, 3.9267781766697074, 2.9890632862127866, [0]
-7.09652140932683, 2.4589609275003528, 2.210460275090502, [1]
-7.0356421445018515, -1.1674767874795036, 3.2548556067895094, [1]
-7.190416415908075, -4.447366666563327, 0.9257200342332135, [0]
-7.2744372301825715, 2.2063549890418086, 2.9052979784527877, [1]
-7.084190196454053, 3.0002143676200017, 3.106048076232483, [1]
-7.04439588459414, -0.5068475525604839, 3.1911171003567658, [0]
-7.105700275714997, -0.8362461854165175, 2.5779558758177847, [1]
-7.6323698298799565, -4.695076401072528, 2.978882372596904, [0]
-7.158632284683845, 0.7566622541831087, 1.5262941585666536, [1]
-7.180926810837616, 4.093368662849466, 1.3821965458011152, [1]
-7.06776404305351, 2.7092404341285796, 3.165301060835717, [1]
-6.992805309050803, 0.5020734403270553, 2.9274717752817248, [1]
-7.429831192407765, 2.6141244560605204, 2.119378161803792, [1]
-7.0672783307282545, -0.5701876728435322, 0.46445787643226677, [1]
-7.076267398997881, 1.5277384038183608, 3.9507751885054088, [1]
-7.263966081480413, -2.8194963154349333, 2.7810324365185637, [0]
-6.976327711588429, 0.5964147844049418, 2.507930174402179, [0]
-7.118843825279149, 2.494130253693294, 2.5555029144331014, [0]
-6.97820599829479, 1.3085172744492362, 2.101030922955318, [0]
-7.031726781586059, 1.635642446943444, 2.0855059086784604, [1]
-6.986931910693055, 2.864631359337909, 1.2699497101142894, [0]
-7.123680552637775, 2.1641245709599777, 2.715351153318445, [1]
-7.023640253714419, -2.58799647293292, 2.1622844488682174, [0]
-6.975553731947918, -0.3646973195298582, 2.7344382109577383, [0]
-7.000186629712663, 0.7790350747026189, 1.2672063013403863, [0]
-7.07896463556384, 2.2925041524485215, 2.2637700041103757, [1]
-7.181355830682094, 1.520602039709868, 2.607982922879523, [0]
-7.189283130475002, 0.5504593529439354, 2.375663629596722, [0]
-7.029756070746124, 4.879265211475078, -0.10584959183362153, [0]
-7.050881193351418, 0.05243017165458941, 0.2068990064349321, [0]
-7.0078873800482775, 1.8599084070183014, 1.8040806218607242, [1]
-6.9951916910246945, -0.2427691260415783, 3.312020964894549, [1]
-6.960048162564806, -1.4432193614378392, 1.1762447020764046, [0]
-6.993998828038505, 2.463555639139658, 3.3324333751562327, [0]
-6.973999169694114, 2.394589967455228, 2.387465118609526, [1]
-7.148351547118817, 0.6464696741152418, 2.040826356980118, [0]
-7.002935032429336, 1.9226685747621182, 1.3179082249384644, [0]
-6.950531321010808, 1.1020871161720562, 2.869348069651713, [1]
-7.024737924212502, 1.1284821288888112, 1.3354067294662517, [0]
-6.97585586130985, 0.8346223377300095, 2.493051221803181, [0]
-7.022504319694509, -3.5661258182676, 1.937791544383051, [0]
-7.17372902303199, 5.062294209975088, 2.3700617179569674, [1]
-7.009156494171771, 2.560921992047337, 1.6959629460865582, [0]
-7.255622905296814, 0.9991931233313895, 2.2984354028576934, [1]
-7.0264067374737635, -4.432044547862588, 1.4218628482271027, [1]
-7.04437098544048, 1.0810661146826348, 0.6577790997125903, [0]
-7.779095421767047, -2.660265574171469, 1.8952260094301825, [0]
-7.370870523416259, 5.657842460231172, 2.177563026762415, [0]
-7.623226024313889, 5.00131972906831, 2.70244020650328, [1]
-6.9223063549014, 1.8149746420134956, 3.203338180374203, [1]
-6.981868161088413, 1.8572643438342653, 1.942210736777556, [0]
-7.290181580200619, -7.626350821715348, 0.3872817133326395, [1]
-7.127099900556807, -2.7135118717384272, 0.6118887281644732, [0]
-6.96197039455342, 1.6133606016765114, 1.7557897294148188, [0]
-7.013885939949917, 1.1534735772542302, 2.986991944049623, [0]
-7.177770149942671, 0.2639216676629643, 3.3809375337168506, [0]
-7.074429195035585, 1.0702705900185463, 2.8623751099270134, [0]
-7.157356491032845, -0.03297039158979187, 2.244596780527507, [1]
-7.215292353323183, -1.5604759061908908, 3.3506923581335273, [0]
-7.22814517898578, -4.378789271769703, 0.987930964704647, [1]
-7.081367790416271, -1.127627483604477, 3.1337738293000776, [0]
-7.379766607332248, -0.5730552458095318, 2.867226149883238, [0]
-6.973413625893892, 0.716361880729592, 2.668372958835322, [1]
-7.246343761915702, 3.2285625773722764, 3.09824176523321, [0]
-6.943578063571318, 1.126685357892521, 2.739576849879254, [1]
-7.148049634474563, 2.664094842355062, 1.452200660277394, [1]
-7.235840885859313, -2.784757500833054, 2.9505256737321393, [0]
-7.06115128295834, -1.4256106304635865, 2.7718026343959155, [1]
-7.847145353235473, -1.812870693754582, 1.0476593629617494, [1]
-7.1422403843906475, 0.6486590157125274, 3.2059934324293757, [1]
-6.966965583595576, 0.9306269905874078, 1.9227837932829877, [1]
-7.2210134959655266, 5.247000874406469, 2.240157334390155, [0]
-7.014761367196587, 3.70268701090972, 1.8912960008317772, [1]
-6.97377411105707, 2.128974722078102, 2.263555300898992, [0]
-6.971319402401639, 4.312141749564176, 2.220144855190277, [1]
-6.95485499117308, 1.38979776074635, 2.1897958199106844, [0]
-7.112619900228137, 2.0328103427531343, 1.5979676037180959, [1]
-6.996807049945558, -1.9864309465963728, 1.5571928356321854, [1]
-7.093117365335554, 0.1900908662183488, 3.670929903222467, [1]
-7.0030453058706295, -0.4978865802632806, 1.8943645879693571, [0]
-7.000814731414762, 2.7545740710101723, 3.348186761716373, [0]
-6.996739316065348, -0.605488099738514, 3.179655479400173, [0]
-7.430670479351424, -2.153191302511232, 2.4943287371360787, [1]
-7.068897442723126, -1.359409586662545, 1.1223335782144, [0]
-7.213711320930153, 0.7099015105619588, 3.226281947419708, [0]
-7.042710512861225, -2.809887711683893, 2.024140854499299, [1]
-7.0570260524272745, 2.329181828725405, 2.632986102711091, [0]
-7.199225795906553, 2.5295560049478905, 2.8440425297815946, [1]
-7.28701427457751, 0.6690981146213439, 3.8593972523274673, [0]
-7.201211100524896, 4.194190706589873, 2.2215088449211953, [1]
-7.173412531459254, -4.019937555657774, 2.2639129221076986, [1]
-7.01334244618204, 2.346150260371876, 2.92784543022871, [0]
-7.012822123854182, 3.820343370548469, 1.3346660535753687, [1]
-7.158987596319543, -1.4577636916824503, 2.112731161316197, [1]
-7.296714603249806, 1.799540423885928, 1.9045050240185466, [0]
-7.886983991646054, 3.471461086696502, 2.3508696688037403, [1]
-6.934606234571076, -1.337444885176225, 1.5534108264751805, [0]
-7.227415819087969, -2.0915246204749165, 1.1474962884703395, [0]
-7.099176834826094, 0.7719893511119174, 2.997025094744298, [0]
-7.20159873782711, 6.497258946786822, 0.38177001677459144, [1]
-7.004567573148727, 1.2471746261532946, 1.0322255667079299, [0]
-7.177389122710594, 3.900834606494507, 2.394722419043878, [1]
-7.098304211732748, 1.6919219057109134, 1.7660743314287515, [1]
-7.148475114079367, -2.5531631852452494, 2.5027903554498696, [0]
-7.080130460559821, -3.4738487502548305, 2.473474832571305, [0]
-7.248626615227987, 3.1897407976216337, 2.112077128996293, [1]
-7.152469454876291, 0.5786184165676991, 0.5400476858907219, [1]
-7.43219248824798, -3.0404542156545116, 2.832986250504982, [1]
-7.018364731067165, 0.5323151661605938, 2.4485701731044935, [1]
-7.042469447162737, 3.6705691957693487, 2.96373833314228, [1]
-7.119759192034113, -1.0155846656215135, 2.4833654892011623, [1]
-6.951476197245379, 2.195001633977657, 0.8597170561415101, [0]
-6.985757536848284, 2.742196598073175, 1.2977967473090855, [0]
-6.926843172588962, 0.899049514318221, 2.0493507148885506, [1]
-7.16012266709217, -1.2241347589197238, 1.5949664629369, [0]
-7.004485046060956, -3.2684541827334446, 2.8346557096191978, [0]
-7.0676991350429095, -0.2651381617022335, 1.9591052167828442, [0]
-7.023013445693019, -3.6814369554643838, 2.0902818087137263, [0]
-7.477792136738356, 1.7614636171959268, 2.431626399825183, [1]
-7.068247107309349, 2.6507181862849434, 2.672822795054423, [1]
-7.005804391968364, 1.224103674248549, 2.0998347353369464, [0]
-7.229373646704081, -4.952534836607305, 1.9055784764324153, [0]
-7.121127805398539, 7.124277521499315, 1.149261144755668, [0]
-6.935592132801251, 1.9906418425866272, 2.4490463517099337, [0]
-7.028679366119792, -0.30859738524945546, 1.8922988208417457, [1]
-7.01749076769611, -6.586315676534555, 0.699495803619725, [1]
-7.689760359678808, 0.8383845871558127, 3.093251800292216, [0]
-7.0159274216687795, 2.4826678150599664, 1.848904915322812, [1]
-7.046346254806618, -1.3247780023355866, 2.5022448251710685, [1]
-6.952970645675059, -0.13719839364945607, 3.1716504180078777, [0]
-6.996803290876711, 1.957441202901109, 2.1576980864423847, [1]
-6.973752732986217, 1.0271490600577933, 1.8455840624090074, [1]
-7.460719865357666, -3.294891246121312, 2.0124407729407463, [1]
-6.953202275000416, -0.8714961673367947, 2.1991207003934097, [0]
-7.065999213326804, -1.2793162134072056, 2.6397932311544756, [0]
-7.019936329071089, 3.4685714414814344, 2.624916198113472, [0]
-7.115412369509455, 0.6220877713320749, 2.580326641984582, [1]
-6.938756314680604, 2.2101247882609405, 1.6771897187484381, [0]
-6.9748985212771855, -1.3339192012011356, 2.0158421734646916, [1]
-6.992287591510765, -1.9454098064287932, 2.03253864455214, [1]
-7.19905089410636, -2.8582327136598504, 2.373699010712896, [1]
-7.345438260110298, -1.2730394513722123, 1.4459152976530305, [1]
-7.016398460930827, -4.030225471523089, 1.2649944679460627, [1]
-7.033545951751092, -0.4801122792927026, 2.563215102170183, [0]
-6.9838834410064266, 3.161812991579875, 0.9798077995899703, [0]
-7.412111386207393, -2.471764865020319, 2.0370988144419218, [0]
-6.951262650727309, 1.7269129949406739, 0.6869597940660348, [0]
-7.256273038892761, -0.05904406725674427, 1.3894299733712105, [1]
-6.978123321709962, 1.542184399598397, 0.08063448932465134, [1]
-7.319468066371453, 2.035391482406358, 0.45617342079997536, [1]
-7.03087463143722, -2.3856230225165143, 1.8260388518325565, [0]
-7.028820989573426, 3.046275797416624, 2.9985922381667947, [0]
-7.2643234892887305, -1.7254270686127486, 2.2746057793261842, [1]
-6.980598805027148, -2.042297344057301, 1.3115908653732784, [0]
-7.36869895183827, -4.7355060300053555, 2.3198681001372274, [1]
-6.966641839024553, -0.48747256866294586, 1.2501351829686123, [1]
-6.987782272249279, -1.1185563103335525, 2.502037126667463, [0]
-7.136101807879777, 3.9032700318449667, 2.7316556952226003, [1]
-7.166444900803129, 1.106268256084408, 2.7770315424799668, [0]
-7.002398924687359, -2.0055539545124748, 2.779511673800764, [1]
-7.1404506968794585, 1.9959849436124224, 1.1925798237649476, [1]
-6.953614361852609, 1.4037685651208225, 1.843034939356919, [0]
-7.165109417011127, 4.324883211482989, 1.68448090872295, [0]
-7.07874621085796, 0.40646618880204755, 2.3253385105097095, [1]
-7.034698486213281, 1.4844767518254631, 1.5678395222005646, [0]
-7.1754438817836705, -3.6168489567951347, 2.814011377903883, [1]
-7.115213941320237, -0.5227326494690319, 1.8657620840960685, [1]
-7.019642297622686, -2.0304114479106214, 2.28542983006327, [1]
-7.011212191566538, -0.28552320799146536, 2.0650408143409815, [1]
-6.953680041610339, 0.5580173756445848, 2.718986098201568, [1]
-7.001551595267933, 1.3801392921725588, 2.1892697069715017, [0]
-7.262415844524368, -2.2256897250232326, 2.026742621740996, [0]
-7.627111348294541, 1.7191098549431034, 1.9563641017757183, [0]
-7.083017344651442, -1.8535415320377084, 1.9768807600683709, [0]
-6.9603394487044685, 1.9736838532201326, 2.5853221753382782, [1]
-7.028784076423202, -1.0069730566966966, 3.20981297378929, [1]
-7.202682950863007, 3.1224233737607174, 3.2292301447378318, [1]
-7.0601240968001076, 2.7902221234149933, -0.3376570006511139, [1]
-7.18249294795748, 3.4772316844668514, 2.09630879336588, [1]
-7.155559841788968, 4.489452913126513, 2.8481315274307764, [1]
-7.087801592603688, -1.2664756546622997, 1.484571339096164, [1]
-8.175639257036021, -1.5147652876054472, 3.3456282342693764, [1]
-7.452115889468104, 1.745933436650148, 1.3515705749647986, [0]
-7.081027540744861, 0.5917850515682015, 1.3342111977417346, [1]
-7.074937597285256, -1.7373021124765953, 2.304969645651544, [1]
-7.285674254125092, 3.5131212045913855, 3.165788007863128, [1]
-7.044600069909352, -2.464351352724055, 2.7646628940465656, [0]
-7.197966854178837, -3.8701296533169196, 1.874705747244684, [0]
-7.011222530277147, 0.12218087123338517, 0.36900549025821094, [0]
-7.043739358699143, 0.27525319072851007, 0.5140630897173284, [1]
-7.059996709728331, 1.8947845304517743, 2.9787347558473485, [0]
-7.254638234040441, -3.505871544443261, 2.3476736345454454, [1]
-6.985413142732613, -0.13868659897134905, 1.7286891630043166, [0]
-6.959853131194349, -1.3268489514198185, 2.878744694756199, [0]
-6.9920281919715865, 0.5361780606231292, 1.5308663462143433, [0]
-7.248703482349066, -3.404022679671258, 2.958214509348709, [1]
-7.030888655663742, -0.44310964710502576, 2.9335124387419844, [1]
-7.069679584206519, -0.6483947860483357, 2.5687077944676644, [1]
-7.165165800201273, -1.2738151777336335, 1.776257361880656, [1]
-7.088032929513154, -3.24018059087932, 2.218373369049337, [0]
-7.210188671979446, 1.130483016627681, 2.6995031346040497, [1]
-7.004328973290745, -3.3968645213088116, 2.5701829875770867, [1]
-7.028595052811975, 0.9920208162252098, 0.7671333489131321, [1]
-6.991668370936401, -0.8767385094935716, 2.072807455175046, [0]
-6.967336632989191, 1.4827634515906316, 1.6204349745480247, [1]
-7.066377029898979, -1.7233026673486256, 2.764614386763479, [1]
-7.179450591376967, 2.3335231221560337, 3.047501963422791, [1]
-6.926148316610034, -2.8100877231376056, 2.1920853841805568, [0]
-7.060500955445286, -1.7131109678587613, 2.985692967503545, [0]
-6.951980401068619, 0.71298986736384, 1.7429293829231245, [1]
-7.274861081108677, 0.6276310985873335, 2.100289324978596, [0]
-6.969535444701335, 2.090362881117851, 2.1113140443994345, [0]
-7.157759294770089, 2.2292330074177786, 2.2121826828040474, [1]
-6.988451088035055, 2.1657472890306124, 1.956395522640575, [0]
-7.135780002528691, -3.7489933975193415, 2.228326813522354, [1]
-6.942309909759228, -0.23059240328008435, 1.7008799713536815, [0]
-7.083328665821506, 2.9900474203015817, 1.9333297238397433, [1]
-7.505845348928062, -2.2618071921215583, 3.0949649239562773, [1]
-7.139177569917387, 2.902955448397587, 2.7327992695399277, [0]
-7.119048825752198, -4.095405546802861, 2.0315740056429066, [0]
-7.480241344115309, 6.996750491150982, 2.063078401449397, [0]
-7.172017501364532, -1.0388589435432554, 3.5499583452252503, [1]
-7.085885647151071, 1.5714176778741353, 2.098682306496051, [0]
-6.947539539735237, 1.7267783258383347, 2.8161867609207882, [1]
-7.06177792720971, -0.9367831255346495, 3.2838702167737566, [1]
-7.181407996488484, 1.2611806500460196, 3.273562940653827, [1]
-7.172454629983791, 1.3135350667526302, 3.0303284271939868, [0]
-7.1268281878993625, 0.5757450172497807, 1.9993395770652795, [1]
-6.916662410930994, 0.7981133865977414, 2.262974383901006, [1]
-7.09618945141492, -0.3965039084819585, 2.3742754689248646, [0]
-7.043492093581486, -1.3975369311349812, 3.0193960401951627, [1]
-7.357696931998129, -0.2855416881507622, 1.1508560503118492, [0]
-7.309946454971013, -0.06355155550754432, 0.11563922994447878, [1]
-7.1141501644004865, -1.2445915666958969, 2.91111276750758, [0]
-6.98508879008359, 0.5305467994726341, 2.8845835180690234, [0]
-7.996603473733283, -4.047583602004047, 2.2377408916285386, [1]
-6.940572857911505, -1.4768972754691052, 2.098136853457841, [0]
-7.009624800049634, 0.7823769351540371, 2.077590281852717, [0]
-7.017962520683081, 1.0608268024312921, 3.113989619906909, [1]
-7.134001294329048, 1.0341390546161962, 1.5620785050171524, [1]
-7.213115900752297, 5.350435662961059, 3.307260148483321, [0]
-7.234291572465208, -2.2871575428955078, 0.7520972039029007, [0]
-6.987021813782432, -1.6333584231802365, 1.9075990493203623, [0]
-7.14853491492798, 7.297436921981012, 2.0334495010918845, [0]
-7.043155614288059, 4.0720939543440355, 1.3365232612053275, [1]
-6.989171561074131, 0.2768956635418047, 2.3302664953341283, [1]
-7.231095545769072, 3.5336310076694195, 2.8739197564207895, [1]
-7.2416450229211975, -0.8107443905514802, 0.6432333761757922, [1]
-7.008150301147145, 2.4847777352955296, 1.9298009851536686, [1]
-7.236482771053373, 3.080119554442235, 3.211339749799036, [0]
-7.03965492717433, 0.4167569019276942, 1.4065710718385631, [1]
-7.033292670121792, 5.667387519665663, 1.9231380080113083, [1]
-7.198309626281552, 2.032048877367407, 2.2500820912377204, [0]
-7.086625659501271, 5.8750842188883885, 1.9212471793542014, [1]
-6.944408320636286, 0.03593758459996545, 3.111363153696025, [1]
-7.050671649750047, 0.7232011610330931, 1.8648966337722492, [0]
-7.050156826809967, 2.692309532885086, 1.2708640964758822, [1]
-7.041950772755844, -1.3319922975222367, 1.9361181195644097, [0]
-7.050097983088899, -0.3175839867154062, 1.5159598985074567, [0]
-7.010000966381767, -0.5240372909078004, 2.1540935250336464, [1]
-7.383519606069153, -1.7767951616563662, 1.4773658145897928, [0]
-7.255243397711165, 2.8294775257784064, 0.7424000291942541, [0]
-7.079848775051038, -0.3537198635739416, 2.434838765517901, [1]
-6.990489648608798, -0.2521679933841583, 0.5939046857278472, [1]
-7.019500466288709, -2.9332409929707555, 2.7003436680635238, [0]
-6.92634390918556, -0.43598541841200245, 2.106187387180773, [1]
-6.943843212828466, 0.24344516912329395, 2.4659720204402333, [1]
-6.985051386736575, 2.5588614383011143, 2.8118056621225582, [1]
-6.997199872379443, 1.510361442877634, 1.408742250224916, [1]
-6.961553009010895, 0.9827991679057746, 1.885432346579086, [0]
-7.200579692987831, 0.405464005853549, 1.146645819546075, [1]
-7.066140841051291, -1.0686372167676845, 3.5775491936167603, [0]
-7.782394541578502, 4.389986585674166, 1.5426006428492856, [1]
-7.378018212737828, -2.6015799412037754, 3.2936635585697447, [0]
-7.124179820312566, 0.20420185471076024, 2.929160771571204, [0]
-7.143190430069834, -2.3704179941045824, 3.268591013130107, [1]
-7.305702628180825, 4.931126245935959, 1.7078736895072515, [1]
-6.960119470960921, -2.0899882842625637, 1.0623219290639287, [0]
-7.329736980167587, -0.946966225913493, 0.342953921244765, [0]
-7.0948197661354655, 0.6246549976328832, 2.420881201644886, [0]
-7.117205558835712, -3.3598239997683246, 1.1488797425884072, [0]
-6.988442723977043, 0.5410452147793929, 1.6946272165499598, [0]
-7.16336128141076, -1.6365224536368186, 2.314910836188453, [0]
-7.0700611572222405, 2.847473592619091, 2.7038774201000084, [1]
-7.251175715180382, -0.16178759401188758, 2.0074154808277513, [0]
-7.626768796293505, 2.2485021254552495, 0.17119060163805733, [0]
-7.115772779464343, -3.0209128215599073, 1.9958186904795152, [1]
-7.205288040663467, 3.704080769195588, 2.8916138341982673, [0]
-7.058827617551732, 1.2565318312348053, 2.5153750226574396, [0]
-7.149689752934275, 0.7290395815408703, 2.0791087542492486, [0]
-7.013063791441612, -1.0512392308362515, 2.432684983516229, [1]
-6.986127899724423, 1.6485904126353237, 1.681805906449921, [1]
-7.160441072122952, -0.8526213732717962, 2.392071255886745, [0]
-6.935221032603749, 0.7695929462579467, 2.073731779207313, [0]
-7.1064707184918365, 1.8777713092667732, 3.145854564418739, [1]
-7.365276854342621, -1.431230517472235, 3.220504757508555, [0]
-7.109018489719434, 2.2399760696012807, 3.0899288241556775, [1]
-7.0589669600502125, 0.6286117363839285, 1.7850476638471826, [0]
-6.968421893103307, 3.333723537836165, 2.386032916763729, [0]
-7.155905512630343, 1.1037900179132545, 2.6093408114765184, [0]
-7.176855712141703, 2.944048019073935, 2.439471024998383, [1]
-6.953744139404203, 2.0373440264970784, 2.7390743656176335, [0]
-7.258096098717641, -0.9304014475249343, 0.6326485253348529, [0]
-7.038387214774107, -0.4362382597832843, 1.2758439293502486, [0]
-7.077530122927396, -1.1609918795024727, 1.8091177163813559, [0]
-7.004731750376765, 0.5108598556229584, 2.3750296014113985, [1]
-7.116548456502019, -0.46623302463558813, 1.0632332471024188, [0]
-7.027456898252856, 0.3277167831540946, 2.0721157061999413, [1]
-7.217317398823881, 5.277664241948895, 0.6931945751142166, [0]
-7.189216603285226, -1.2028533450697743, 1.3545638227596701, [1]
-7.023158661637001, 3.858402875944697, 2.1472632959235183, [0]
-7.021653860369498, 1.1271023090175263, 2.3151587380208323, [0]
-7.052777657809535, -2.8584032863732545, 2.4824113248372424, [0]
-7.422880780052893, -1.493715059201071, 3.4384481955506505, [0]
-7.2272651041394855, 1.2266732092779877, 3.718979000902411, [1]
-7.118975495323171, 0.24174389457303014, 2.764024117298386, [0]
-7.0383981904692705, 3.122875959962538, 3.131815694821305, [0]
-6.998107981398709, 4.752451253638741, 1.4504792649595788, [0]
-7.1881610756323475, -3.8678326007970223, 1.7022165527691138, [1]
-7.234708492103298, 0.2528008895118692, 1.8658900702851564, [0]
-7.005582802856936, 0.34394376700545504, 2.202886980425732, [0]
-7.280068063524814, 4.439103221316975, 1.1720949527314422, [0]
-6.995864214067282, 0.46782047276255856, 0.9776103779621461, [0]
-6.965328721617329, -0.35958164382044977, 1.8221727467195108, [1]
-7.253509427312501, 2.12546899756351, 2.0058675080879564, [0]
-7.026989119960828, 4.183638040563968, 2.0889929213144134, [1]
-7.124778482817756, -0.43621990215058215, 2.1752520455021136, [0]
-6.9789609461695, 1.1761085829378328, 2.5475435374678677, [1]
-6.980489715063076, -0.5060190521740954, 2.692272794900459, [1]
-6.9748634530479485, -0.9240771000390184, 2.2449826672902766, [0]
-7.208329705368586, -5.855463426902265, 2.02844875465211, [0]
-7.013186746340905, 3.2483074272456025, 1.5183990891107373, [1]
-7.025507316070028, 2.466620173144016, 1.3149794383613105, [1]
-7.025329413166667, 1.2980156299690084, 1.1268993675923569, [0]
-7.061581772623526, 1.4884815616822262, 3.412587401390601, [0]
-6.988482034672754, 1.405796573556841, 2.0399063027548334, [0]
-6.96908519124059, -1.1549458779361301, 1.8342070045788859, [1]
-6.995527021417824, 1.271802490749604, 2.8694511980532775, [0]
-7.13618141012275, 0.5085232981566414, 2.41681844858101, [0]
-7.012127094576357, -1.8220027975064617, 2.8680849096874126, [0]
-7.038957614974589, -0.4225014688769717, 3.1990414906629967, [0]
-7.311698348581915, 0.4372676442372706, 1.5876986260171373, [1]
-7.157710816384851, -4.085575481069269, 1.771389282804464, [1]
-7.123048217995764, -5.450612453939667, 2.3674509110951343, [0]
-7.479918695710351, -2.7992924307243214, 2.2253194004550063, [1]
-6.933078033071198, 1.031845653351774, 1.9325092468028995, [0]
-7.551820397389761, 3.2586776221752705, 1.7249553476239705, [0]
-7.112595684790476, 1.5150579054110533, 2.0048143266160787, [0]
-7.177253892605777, 1.7673578842945754, 1.3248775752924407, [1]
-7.31299489250119, 0.39318705606804993, 1.6694773574839066, [1]
-6.9895956815204805, 2.9120095551609664, 3.332433752970671, [0]
-7.013502818800789, -0.9694029589984363, 1.0307584532003309, [1]
-6.986659145720551, 3.2965300516528986, 2.539418203157478, [1]
-6.998521339976288, -0.5675260653375951, 2.710143952591462, [0]
-7.054048614402335, 3.3636200500618743, 2.415771869925377, [0]
-7.538987217646654, 2.149854807815597, 1.4915425510966094, [0]
-7.206992111982949, -1.5788148207069126, 2.709849154362381, [1]
-7.174286749454196, -0.8117041299468963, 3.1065385818310034, [0]
-7.143058289342703, 2.047019272165272, 1.2321001440226302, [1]
-7.020639209069506, 4.706239378698443, 1.7975559341931873, [1]
-7.100002293971241, 0.24565893631165858, 2.8722475117265014, [0]
-7.059326478233336, -2.6229127454235845, 1.9467083013074375, [0]
-6.986007419716379, 0.9841589681694027, 3.052987520870717, [1]
-7.2754617130724535, 0.2327964572844916, -0.5870402729112714, [0]
-6.932389707946238, 0.711455671312307, 2.7685025894654856, [0]
-6.972519272107608, -2.080432123875917, 2.5611573181413956, [1]
-6.945976901492726, 2.3190707451975054, 2.227488425896652, [0]
-7.032841277020174, 2.1875276304761524, 2.0826057110293887, [0]
-7.213748593319171, -2.5724082780048487, 2.897760326679846, [1]
-7.3099992794836295, -1.7400844730277474, 3.0357094358638563, [0]
-6.998814583412352, -1.291136274382499, 2.180639660980107, [1]
-7.51919192608728, 8.047494516467522, 2.428188816676762, [1]
-7.152887156122368, -2.315433397312565, 1.8497724192461098, [0]
-6.959592730340689, 1.3667740264721187, 1.7865481973374644, [1]
-7.07224360841778, -0.5549214195669778, 1.6745059411042529, [0]
-7.067372705577237, 3.1762374339431325, 2.4393535365057195, [1]
-7.204724983673796, 0.2731804662035109, 3.6749003459925755, [1]
-7.126153180709829, 0.22257657269731368, 2.585266450157869, [1]
-7.112078007375465, -2.038374994727623, 1.947570268409456, [0]
-7.1434328774575855, -0.9346681520796016, 2.648317181723872, [0]
-6.95037008220794, 0.41412687493647127, 3.5257431800125008, [1]
-6.959697113743056, 0.1662236288789547, 3.793555611355441, [0]
-7.016627823245684, -4.602311799283791, 0.7779662914083736, [0]
-7.0092489513196385, 0.9858346612534907, 3.078523655837039, [0]
-7.203543734751396, 3.1523369249661863, 2.551801863056094, [1]
-6.985511461121531, 0.7476858867840712, 3.005412857169698, [0]
-6.929740159559777, 3.7856346030781483, 1.557406958317466, [1]
-7.121449890058492, -4.073911970881401, 2.0288147359760975, [0]
-7.033896300724635, 1.3149007011371114, 2.850972376474513, [0]
-7.03980238446378, 2.643513283748295, 2.009553790935567, [0]
-6.984253431276913, -0.19018540957521957, 3.0136644672046637, [1]
-7.337478130675882, -0.30500905462598515, 1.45806678064653, [1]
-7.094326976780009, -3.2282502350838733, 2.452660818806657, [0]
-7.511578627107086, -1.954663516364743, -0.32508632634104595, [0]
-7.290295320003047, 1.0942681810252992, 1.2034201124617896, [0]
-7.313297177086772, -0.5049921187381052, 2.0611047691752025, [1]
-7.063332865346975, -0.36410241789090714, 1.6540426863513638, [0]
-7.269399858379345, -2.0877538210304865, 2.7669625805160294, [1]
-7.165490724332041, -1.0000154058574988, 2.400923302637008, [1]
-6.943601831924233, 2.136712082250819, 2.714988314725339, [0]
-7.020364260928537, -2.616199240046072, 2.973722702948647, [0]
-6.980460927646555, 0.023031997084605405, 2.3519182151289084, [1]
-7.031635836636217, -0.13692098660674068, 1.7647377126702792, [1]
-7.037854047039297, 1.103708219117586, 2.7779240431486576, [1]
-7.118791205766933, 3.3533511241796665, 1.9520904806549821, [1]
-7.318649670780903, 3.984550097311337, 2.5559938363522194, [1]
-6.96548919016359, -1.0516473460095566, 2.556691931365327, [0]
-7.087859990183311, -2.071383063370907, 2.7504921099493593, [1]
-7.049740268195588, 3.32153425784563, 3.472144593968899, [0]
-7.598651603794504, 0.04060016185172932, 2.779036039328841, [1]
-7.515380322093812, 0.8138065266256902, 2.322724790872939, [1]
-6.9880193151936245, -1.203607917191455, 2.8334244623099165, [0]
-7.22543465147947, -3.5426184176300093, 2.9219498242471054, [0]
-7.00286037867556, 2.573371355810184, 1.9673077026948318, [0]
-7.000727538255915, 1.470837070960356, 1.679965022663649, [1]
-6.926647641250181, 0.16716147271648252, 2.284491526214018, [1]
-7.106416644834341, 0.6761932887365285, 2.7269655997867828, [1]
-7.064273554019868, 2.77715924819812, 2.093150259607143, [1]
-7.071262986336588, -0.5699369968808983, 3.2742498436296024, [0]
-7.015076989964545, 1.3700207245176086, 2.2051077216424275, [1]
-7.22731087843968, 0.5368977588065311, 1.3753598674387628, [1]
-7.226850194719119, 2.35501338715102, 3.0478967807955013, [1]
-7.065652522293293, 1.6366214171819915, 3.118776827690469, [1]
-6.969843466417227, 0.3526239135363518, 1.8439447140519245, [1]
-7.136043451905522, 3.4825444540590755, 1.0494849888813111, [1]
-7.089748802477218, -1.5519774620213442, 2.0639848954889803, [0]
-6.946406883372021, 1.762055301080696, 2.454900043753691, [1]
-7.163089605521509, -1.2517728030045487, 2.941081311121889, [1]
-7.55060533847731, 3.7657117704626653, 2.8230911433125696, [0]
-7.286263848286374, -0.014950707139501862, 1.971972067746174, [1]
-7.108754327917226, 2.9509179330764814, 2.3407902410736603, [0]
-6.965795851372359, 4.0540558439429, 2.3946214862651476, [0]
-6.957013954241349, -0.343224855036381, 2.296931304310211, [1]
-7.097199399918837, -3.3053136715111697, 1.9305860839580957, [0]
-7.114520990439167, -3.52776237382444, 1.9033298340281364, [0]
-7.009771014868783, 0.2990651593802714, 2.9585534029810603, [1]
-7.45201772632949, -0.9041019636392318, 3.4641824321144146, [1]
-7.005828589309655, -4.066801999006614, 0.8750153908095013, [1]
-6.99984968487889, -0.802295394272857, 3.9691142924109197, [0]
-7.080160768672596, -1.478053857998359, 2.188059930153683, [0]
-6.942573625779381, 1.2407277255710776, 2.7235653960320416, [0]
-7.154931301225952, 4.435070743011265, 2.165905257403312, [1]
-6.946210557791366, -0.8206731644312697, 1.6130006506689214, [1]
-7.068396897358358, 4.468162197452325, 2.767880609956981, [0]
-6.984520804044056, 2.276240535596575, 2.697572411255724, [0]
-7.096650569180565, -0.5553500117346113, 3.5497715251972597, [1]
-6.988404470427944, -0.5386966997823102, 1.6948128071552984, [0]
-7.213369236059173, 1.5899777238666766, 1.0680956560816748, [1]
-7.611659200082104, 0.3253889782041831, 1.8985711615939969, [0]
-7.102324565704973, 1.4225755482392564, 2.651651798275815, [1]
-7.377296636123433, -4.356820643622411, 3.3446353049880697, [1]
-7.103121385142895, 0.2002706111858812, 3.259664134476084, [0]
-7.0227226536237985, 1.3887117198949648, 1.3449557062127888, [0]
-6.946909896533315, 1.2148017248049807, 2.6210658685873525, [1]
-6.995242993020166, 0.7759717006873681, 1.6871269370350284, [1]
-6.931158894952622, -1.065033358402117, 1.765102954012452, [1]
-7.100860986942338, 0.720282416014105, 0.8508204167105458, [1]
-6.973905607339453, -0.895000904152799, 2.630694601038465, [0]
-7.1425814858348335, -4.526417480831656, 1.2187509355387034, [1]
-7.125205798304109, -1.1825288892691481, 3.7359721685619935, [1]
-6.935340206219808, 5.575518619418103, 0.7571915538798268, [1]
-7.1746182738202045, 2.4872779886671594, 2.1501320722598054, [0]
-7.028530263139368, -0.4931316136489392, 3.33988890487117, [0]
-7.081945416657431, 6.492091261032243, 2.4824704597809126, [0]
-7.156419423461492, 5.407189124457424, 1.299570946808087, [1]
-7.407463824306602, -2.6728195879836543, 2.676270448503858, [1]
-6.990592896156433, -0.8365541874251288, 1.3921470076071014, [0]
-6.969910973478203, 2.0010157919149982, 3.1647646164549066, [0]
-7.151193454963166, 4.050797389817797, 1.3514599912155778, [0]
-7.006176568712946, 2.1724562164462595, 2.382807398167684, [1]
-7.201121939271747, 4.078926021884257, 2.0266391951678466, [0]
-7.018260086892118, 0.38403847244458866, 2.827269533163508, [0]
-7.089933716005796, -0.10133947370116408, 2.6402975658120513, [1]
-7.455744104181524, -2.5817958013624223, 3.117797765757768, [1]
-7.057682789570946, -0.4222965654097668, 2.2092610683632516, [0]
-6.97468466100005, 3.038719269658164, 2.1507712074690843, [0]
-7.3473427223843855, 0.8268293349959261, 2.1918880859858105, [0]
-6.945202720394796, -1.6663685163311044, 0.9191205505850302, [1]
-7.021325450897912, 3.5495526185788275, 3.2307038033266515, [0]
-7.518075456266933, 0.9131096755324074, 2.7184826095176264, [1]
-6.9486659260872194, 0.9457162673337552, 2.86869454680136, [0]
-7.243195330750043, 1.0884933928027987, 3.1511464997957357, [1]
-7.033521641750143, 0.8683148887329069, 3.310822219910677, [1]
-6.994612844829638, 1.22522796155544, 3.322856619504079, [0]
-7.212638383007839, -1.72764918217369, 2.350621376102838, [0]
-7.251599116414987, 3.0906459014199186, 2.5865221034291794, [0]
-7.067230622159838, -0.651867820869817, 2.3177482496879644, [0]
-8.033599376905702, 7.740869632665046, 2.027361277368896, [1]
-7.002527632715853, -1.9640339824624125, 2.469537321006623, [0]
-7.147113029343257, 1.8719296802704402, 2.522180183885726, [1]
-7.074042284641178, 0.8310999328099804, 2.800699826015628, [0]
-6.949003244552701, -1.4727401724770295, 3.321785433183706, [0]
-7.005674781196026, -1.2939896926776102, 0.4796733608688738, [1]
-7.000996689303054, 2.054882124544138, 2.4025047880994004, [1]
-7.477669109538151, 3.93648193329163, 3.1078225534403727, [1]
-7.13875520750394, 2.8234515899676933, 1.8994078426937362, [1]
-6.981095364602556, 2.0016020539351036, 1.3229614805992775, [0]
-7.092842194634123, 0.2262027076550963, 2.3168417512748176, [1]
-7.044208009508287, 0.8080720327046029, 1.9990289466131366, [1]
-7.060532873400446, 2.2187135821059245, 2.7011830327771773, [0]
-7.111445242512326, 4.643538703129692, 1.1819491563240503, [0]
-7.726337843628987, -1.0880899117747105, 2.760149580640517, [0]
-7.011112014318562, -0.31815728938111787, 0.819588119902767, [1]
-7.082897579610482, -2.7866482093150324, 2.7922812507634247, [1]
-7.004877489623298, 2.9188411699379255, 3.158535423270675, [0]
-7.083676592550285, -1.0232354626813973, 1.894221080492188, [0]
-7.1575023154689905, -2.050170727868158, 2.430190103664521, [1]
-7.30621192551946, 5.757029752861166, 0.826245476344519, [0]
-7.039256712356243, 1.5900651191805362, 3.011898561639483, [1]
-7.118103303643886, 0.7018396107644154, 1.7914312894775888, [0]
-6.972821402378274, -2.2703068096204353, 2.699948110887965, [0]
-6.947864354642981, 3.450904665823277, 2.1463669810176462, [1]
-7.178482676575597, 2.4138596369953316, 2.590274757470642, [1]
-7.482709414129206, -0.3367217811973493, 3.5277630278171825, [0]
-6.975233740279245, -0.19378078494633622, 2.6413582874208763, [1]
-6.99794942892298, 2.4312329025169075, 2.589329632213566, [1]
-7.209849390406309, 1.501318374084117, 3.685792595810274, [0]
-6.978452918614184, 0.7448505492472277, 1.3438243892768447, [0]
-6.944268339579953, -0.9491385880389613, 1.9171475105515676, [0]
-7.167755937362989, -2.7260601796267876, 3.262826296363765, [1]
-6.9480816401957135, -0.9642641388265896, 1.4932968410175183, [0]
-7.061504977665308, 3.4996603257528722, 0.8368888616558248, [0]
-7.264352342937714, 1.5658247463148252, 2.5216217740022415, [0]
-7.239860137538713, 1.1177954775597965, 1.946582309841551, [0]
-6.9874141348307335, -1.44500351345024, 1.7115370708979283, [1]
-7.01100918094407, -3.4618271823713482, 2.893923310057847, [0]
-7.2887556965299485, 4.365738895204829, 2.5633164541255553, [1]
-7.143729132609165, -6.521561503738607, 0.7365003591753487, [1]
-7.355038463059869, -2.9345319313453473, 2.7717871405113366, [0]
-7.1128707174272945, -1.9316786613924801, 2.9648519877951958, [1]
-7.3188300752391475, 1.8896932917342553, 3.0217165641799015, [0]
-6.96813191970356, 0.07238220011594976, 1.3805703925418555, [1]
-6.997007648429934, -1.8874495730924936, 1.443706433048411, [1]
-6.935198952377796, 2.1490938177925916, 3.78279718414855, [1]
-7.002506762027272, 1.5994663463005527, 1.8758296911426533, [1]
-6.951231539139298, -0.48766081692508667, 1.068033715866838, [1]
-7.053741372777389, 3.4518043900855298, 1.8942380847799036, [1]
-7.333084195439455, 3.39677519502687, 3.297694494993166, [0]
-7.144703371143049, 2.118035523877549, 1.7716444391724986, [1]
-7.443640316396282, 3.962384356983786, 1.6324194798243639, [0]
-7.066603375040527, 2.076527848752808, 2.1253302770223237, [0]
-7.027692352246732, -0.6439989038763919, 1.1821802239609016, [0]
-7.041214683088142, -2.0680700863102803, 1.660847557103173, [1]
-7.049481727741101, 0.8189963022532876, 2.4153781696089722, [1]
-7.130316394114661, -0.07073076680817447, 2.8390464140368286, [1]
-7.203989083914456, -1.499127799186398, 2.9181380005475095, [1]
-6.985573065730614, -0.7071597064843373, 3.3930127343876952, [1]
-6.97280349126701, -0.9355130369496578, 0.9611014140556855, [0]
-6.968776313270444, -0.07800771916901184, 1.9060045002591703, [0]
-7.035758199497441, -1.933524016441694, 2.2166422620812027, [1]
-6.977427381044094, 2.2058711442924843, 2.0528491383782024, [1]
-7.047593582809165, 1.6856525425997322, 1.7245537389324692, [1]
-7.0381054188255465, -1.7282368225831632, 2.03049299303726, [0]
-6.975732352804373, 1.4881513048468133, 2.4579372625694664, [0]
-7.120218819647254, -0.1700756820729843, 2.634443051493221, [1]
-7.027335948752034, -3.615026157626935, 1.1002309341565673, [1]
-7.08900752077231, -2.547896465500825, 2.03442843559308, [1]
-7.387434815491605, -0.05526223980146794, 1.8430143585228305, [0]
-7.279671664495777, 6.070469996343519, 1.8127099219766083, [1]
-6.995628700666487, 0.7531787243041814, 2.945493957513545, [0]
-6.994768043577118, -0.2222422054640365, 1.8890822160127536, [1]
-7.196907726925383, 0.15795550177339512, 2.022961547022089, [0]
-7.262630313560271, 1.055964755660367, 3.150916567766865, [0]
-7.301127914995772, 6.297586755787732, 1.0158574410453196, [1]
-6.964924436138902, -0.08349380496496561, 2.858705892869763, [0]
-7.167889585768112, 1.9114539295299755, 3.0837894514740203, [0]
-7.170087393983421, 0.5589973288557856, 2.101228953198483, [1]
-6.997249362102222, 1.7520804180123395, 2.4880287086953556, [1]
-7.420767687285515, -1.4686679221922736, 1.8030372581757477, [1]
-7.0566374345969125, 1.0754246745916178, 2.0037783059104965, [0]
-7.256524460642784, -1.108404500566961, 1.9247714700303409, [1]
-7.016235418731317, -1.4240312427388266, 1.8448494682760694, [1]
-6.998561508497598, -2.4261132071115403, 2.1269183777382814, [1]
-7.000830858438624, 1.5715572714230481, 3.1480670954211414, [0]
-7.58090119934452, -4.088339353861909, 2.5801661781277545, [0]
-6.994563043278455, 2.222019320529494, 3.7252815135711166, [1]
-7.050809505868157, 1.6370349001983393, 2.655309133989427, [1]
-7.215720035807186, 2.8808932318133773, 2.856844769323133, [1]
-7.0209273100472105, 0.3767808793616185, 2.2781557122576057, [1]
-7.019641065922785, 0.8367597145126044, 1.713037777723577, [1]
-7.0030130131824615, -0.07858010053080322, 2.5983159579034187, [1]
-7.053921842440069, 2.965424587755888, 2.7214332509821357, [0]
-6.973377900102361, -1.0782069455664638, 1.668552800663107, [1]
-7.118801309723484, -1.3850417690401011, 2.0995687315055203, [0]
-7.061920705340018, 1.478956056223489, 2.8887981178391415, [0]
-7.207699977812969, -3.9821008718981363, 2.1648545274624134, [0]
-7.01320315989744, 3.8802936371665098, 1.9641716027458358, [1]
-7.036967527063671, 2.8311793500257094, 2.626538009378068, [1]
-7.033524458794345, 2.3232107618691713, 2.167494956871902, [0]
-7.120863945163128, 1.184687996608288, 2.8557079980250037, [1]
-7.0908697393254085, 0.19311715339526547, 1.7979731141172555, [1]
-7.4041723850834105, 3.796983503272581, 3.1654742459595497, [1]
-6.977339665601211, 2.022191632193282, 1.9877041271740363, [1]
-6.983356838798683, 0.611861714177214, 0.5120459574649621, [0]
-7.525786770090328, 1.696478998248419, 1.5686437836301579, [1]
-7.108845810740195, 5.722634839001861, 1.8083400707632955, [0]
-7.202115997377938, -0.15108747642133924, 2.4027851000585514, [0]
-7.683476587334685, 2.2118127366179694, 3.2536342265516125, [0]
-6.951644699760092, -0.22324302435666143, 1.5549314459181773, [1]
-7.050814908123126, 1.829678089372426, 2.1387370406750477, [1]
-7.082654274200071, 2.6505325168190765, 3.5426486109458635, [0]
-6.931770057946004, 1.3564743724822645, 1.5974586025895088, [0]
-7.019204105507606, 6.979921766813607, 0.9816941088965083, [0]
-7.353282337340058, -0.3847614062875162, 1.1354646180718966, [0]
-7.323183529311438, 0.06607227821431494, 2.4596110484916194, [0]
-7.251045699077887, 2.888668252649004, 2.024105158319789, [1]
-7.03441065351861, 4.1789119588783254, 3.348873071991206, [1]
-6.963840028607476, -5.461403991118475, 2.2209745463078936, [0]
-7.299757043872282, -3.522356632324998, 1.5000360394501533, [1]
-7.224090849472293, 3.0048224470239973, 0.2500086529572574, [1]
-6.916307414035618, 0.6147258101822098, 2.318026108249228, [1]
-7.0361671551845095, 4.389340563187532, 0.5754871791103185, [0]
-7.173347138661771, -0.5546939103497895, 2.30912496400863, [0]
-7.077825493641387, -2.8328703039922307, 1.4370918695410682, [1]
-6.953565864289069, 2.8175903166323497, 2.3737846811249526, [1]
-7.0495492069985, 1.9727855859049248, 2.0083829461399785, [0]
-7.154830640685237, 1.0036987298602158, 2.4502072096840752, [1]
-7.3425404230303615, -0.9600223840669602, 2.167781800383545, [1]
-7.146531536903658, -0.8258483818197426, 2.341577853995854, [1]
-7.152725903344787, 0.19240407667633175, -0.3656804185876226, [1]
-6.95490080587026, 0.672713863201873, 2.8536058601169656, [0]
-7.012727489178038, -2.1786292052648473, 2.259421221133126, [0]
-7.045682633003646, 1.7465760387283504, 0.7439617364591242, [1]
-6.967973680964, 3.682708263075419, 1.382107995993986, [1]
-6.951931332876396, 1.753558716332147, 3.003952388789835, [0]
-7.057023286798184, 0.5215878349034182, 2.361352835162988, [0]
-7.2030792650961235, -2.8324290502612475, 2.4582268405086967, [0]
-6.930050211091917, 1.8692294313623712, 2.2405091590950574, [0]
-7.028232227698841, 3.0348746110304647, 2.2072667807323367, [1]
-7.15062313824855, -1.8030587071126125, 2.1718407671900204, [1]
-7.03194075950876, 2.8145124257101792, 1.2756189429959763, [1]
-7.063095536037573, 0.04432789731084252, 2.43116100428628, [1]
-7.372167806165492, -2.0967122359625994, 2.7027211053219085, [1]
-6.94064011363789, 4.761365914884816, -0.17939153571906574, [1]
-7.303495214622742, 0.21529913894469077, 3.0659469723694213, [0]
-7.090485535979255, 2.752779308879762, 1.1627475382323054, [1]
-7.121648686562351, 2.192602218813394, 1.9316411527287625, [0]
-7.042242364420871, -1.6202223015484893, 2.436259065738166, [1]
-7.176875902382548, -2.1867934360322017, 3.176937813725572, [0]
-7.20815956525202, 2.2884881418600855, 1.9386309494608382, [0]
-7.298128831011262, 1.3145011204587522, 1.7300082261106111, [1]
-7.158108075659129, 1.9642181776487408, 3.122247744688613, [1]
-7.088540331950444, 2.7597388812985093, 2.0279118044113753, [0]
-7.254776460269624, 0.8786114090340642, 2.2650820273577987, [1]
-7.171281825098679, -4.345108558445297, 2.028877600822329, [1]
-7.104463152207151, 1.9454362694416414, 3.471692451374545, [0]
-7.064095803519346, 0.1171083860783324, 1.5436671919453444, [1]
-6.998288055077146, -4.220654398603447, 1.3468746741753892, [0]
-7.040287579512133, -2.527633961125638, 2.6417721112878327, [1]
-7.102349395008113, 2.6258182945008244, 2.20821363190763, [0]
-7.285662130750802, -3.3569191572893087, 2.114766130621384, [1]
-7.077917062801421, -1.3735063221531294, 2.7266802113439415, [0]
-7.0030348918401435, -0.1930645209609862, 1.6870071257232708, [0]
-7.458190986565406, -3.7389014290213343, 2.57802769998421, [0]
-6.94489411401315, 1.1128282049023646, 2.862577305055855, [1]
-6.978026285126908, 2.283926341686228, 3.8217888617506732, [0]
-7.024675602432965, 0.20054716003191925, 2.6036951189454762, [0]
-7.077575160311953, -2.3370049804604416, 2.4984318941803183, [0]
-6.941393647598362, 1.6790359663077572, 2.2227525176158447, [1]
-7.2947850818706135, 1.7942521258083208, 2.884582793311631, [1]
-6.9492708701069414, 0.23742043305591465, 1.5071683198598698, [0]
-7.061310067832425, 5.8808133546335055, 1.4887730424104424, [0]
-6.952641328535887, 0.911585110491353, 2.349027481338467, [1]
-7.229128503785266, 3.4301589534010963, 3.409147551427007, [0]
-7.057069908435898, -3.7226941281311556, 1.968092692220123, [1]
-7.324583183465197, 0.030017957023027453, 1.811642424509351, [1]
-7.195673110705708, -0.9348511925027896, 2.300355095752008, [0]
-6.991079998440621, 1.118554596532337, 2.5961546590599704, [1]
-7.163634674960793, 2.2057442092718262, 1.6436055943003747, [1]
-7.039503372525111, 3.1984435396224375, 3.2538210212112375, [1]
-6.962094385624164, 2.086564332858692, 2.538275612188076, [1]
-7.050948730949144, 0.7183849803990823, 1.4828861919744896, [0]
-6.9484980525041085, -1.0285449525107362, 0.7435313096664586, [0]
-7.352390011397681, 1.6448680563346285, 3.264700153134541, [0]
-6.944788931650201, 0.5977748398213101, 3.4635000902457453, [1]
-7.224308020822667, 1.5851314930689846, 2.1442401623158065, [0]
-7.536161167212937, 0.5517010726205794, 2.62705443733138, [1]
-6.929766078750133, -2.5932409548816633, 0.6970305605597691, [1]
-7.017939576715069, -3.3562519860485205, 2.0263980614096746, [0]
-7.003649251387187, 0.392262797435247, 2.1735520191636284, [1]
-7.068578737567992, 2.125709162067971, 2.667792128246642, [0]
-7.161024436530991, -3.1274425910054924, 1.1545461183482733, [1]
-7.044117927664525, 0.440031656972792, 2.929658231795056, [1]
-6.939474709433261, -0.055190714930323015, 2.240923191413257, [1]
-7.008961477675192, 3.409343601736555, 2.659860221781091, [1]
-7.210980970498926, 1.550733909174712, 1.7316474620265827, [0]
-7.04742507440992, 6.602413633079616, 2.6275022323278074, [0]
-6.956556452009991, -0.6479408664633782, 2.6877841899336747, [0]
-7.087743568816824, -2.0138065874013735, 2.483280108777262, [1]
-7.0353363696770455, 0.7972310246788021, 2.107482354314321, [0]
-6.9851287276592835, 1.6453504325492316, 2.6208506680745156, [0]
-7.119553927028776, 6.556602399463158, 0.7397593998345382, [0]
-6.935011101296238, 3.226697910700211, 2.6699807123251946, [0]
-7.42322179431174, 6.2816679608793216, 1.4863489240120105, [1]
-6.982030491722698, -0.04596905162046605, 1.8567705357390547, [1]
-7.086540959200637, -1.2546131217175152, 2.788793583807836, [1]
-7.147149421749932, 2.3055327420273857, 2.565489262114581, [1]
-7.664938951172631, -1.833811798586984, 2.727464961387954, [0]
-7.08143078604135, 0.2014773219245214, 2.7875459941739575, [1]
-7.004249497882433, 1.1564862168418655, 2.257890775197942, [0]
-7.112713338457138, 3.2447775432718444, 1.8919795355897395, [0]
-7.092143588644336, -0.32760313420215675, 1.9164341660883828, [1]
-7.039735450250087, 1.886054173311239, 1.7635687190021345, [1]
-7.077311579171107, -1.141096598418704, 2.928289162175186, [1]
-7.304215922477688, 1.1819060544779405, 3.098596214051619, [1]
-6.94484960015796, 2.666986707643842, 1.3787407990177556, [0]
-7.0606075447320755, 0.7245122587036741, 2.1677096742889437, [0]
-7.036109416743154, 3.123432249687656, 2.443566452952434, [1]
-7.287005000954463, 0.07221559210612094, 2.548843433566582, [0]
-7.019339371078569, -0.3770324165395771, 0.7511297517838551, [0]
-6.920723970437029, 1.1661181259297293, 3.078581240113696, [1]
-7.04762857445052, 0.951754438901117, 2.6797073852600626, [1]
-6.971079855108206, -4.703228568829795, 1.9097187776018167, [0]
-7.143492616903035, -1.9372408650709052, 3.3530986617151015, [0]
-7.130604095104332, 1.4375003242869293, 1.8376727662534, [0]
-7.164782182244847, 1.6328129944972867, 1.257207796285794, [0]
-6.942646849154791, -0.49414074227574756, 2.1651060874256123, [1]
-7.060128315784772, 3.4184413912171108, 2.1963469794702686, [0]
-7.012457948049135, 2.5377823329309908, 2.2415833151995113, [0]
-6.930473080290166, 4.533764111502158, 2.9863819108309575, [1]
-7.246741815228878, -5.339960193985464, 2.878111061706657, [0]
-7.371801464874822, 1.7776003442512955, 1.6700064117884925, [0]
-7.044449386879532, -1.164038961961283, 2.691016840488304, [1]
-6.985460926875459, 1.7614347974944227, 2.6524416393297363, [1]
-7.278531669720664, 1.3124708623000698, 2.528588066792648, [1]
-7.139839962238156, -0.913721005063923, 2.6988648402576016, [0]
-7.018625501522143, 2.906497395668435, 2.533172871155017, [1]
-7.253034679763538, -0.3731478532117823, 2.5027501537083707, [1]
-7.106460483058721, 3.483601614910855, 3.174951593211346, [1]
-7.128926717313215, -1.082467987177653, 1.6647994949308995, [1]
-7.501946238607355, 5.519895001529159, 2.541710570037452, [0]
-6.9890090252275305, -1.9535311072587873, 2.4089560960107907, [0]
-7.082584434294955, -3.2696184601313374, 2.5379638993788087, [0]
-7.426851089317607, 4.196502617454236, 3.0749236365170134, [0]
-7.010190543093386, -0.24869298657712702, 2.9315791372325384, [1]
-6.945222987298353, -0.3121608966209392, 2.124912591386792, [0]
-7.0172409667478055, 2.546126868512588, 2.391557239946599, [1]
-7.113425296636657, -1.7380737615945274, 1.2319786427779444, [1]
-7.597801887011832, -5.08538009349871, 2.946881294153919, [1]
-7.029640613330585, -4.061020881499252, 0.5137784742362383, [0]
-7.058880156658338, -0.427662571821927, 1.3276060339242706, [0]
-7.010650258960365, 2.371002760394626, 2.2180732876495464, [1]
-7.062906083117058, 1.0621724215873156, 3.1905686282721155, [0]
-6.974133390533335, -0.948742171877702, 1.5224303740732514, [1]
-7.559426403306237, -1.5585372337706584, 1.8880766650658642, [1]
-7.205569658389433, 3.569903264953054, 1.2652939474276694, [1]
-7.072450122545847, 0.7167887015643593, 2.252336446926717, [0]
-6.985564500661935, 0.11928268310353118, 2.592002286962705, [1]
-7.146644569200612, -1.1533080069238497, 3.0977681189825708, [0]
-7.050952943136617, -3.881884366124876, 2.210029609079333, [0]
-7.979037668204006, -7.08790549126795, -0.17567412412186512, [0]
-7.269240882013307, 5.258637021923756, 2.066532880255307, [1]
-7.062661202281159, 1.5028260316135809, 2.5226368438605684, [0]
-6.96773197968412, -0.8083413606720169, 3.035174771047462, [1]
-7.155923010835102, 1.3099667547626306, 2.1478167766091447, [1]
-8.260452180981154, -4.097759498329504, 2.6379367180840867, [1]
-7.086052177908983, -1.370949361796453, -0.6966468278017235, [0]
-7.497968711133803, -3.9299124041842965, 2.226154509037291, [0]
-6.928721553948187, 0.5432101461906583, 1.853691785657509, [0]
-6.9652414715414235, -0.5799633086222471, 2.384308166735596, [1]
-7.000670867467922, -0.45538276387720655, 1.860735337065739, [0]
-6.956341875513664, 0.05414115763983418, 2.56103069592079, [0]
-7.602387201205247, -0.672856879766953, 2.1222439067170598, [1]
-7.091881627991915, 0.21353425338241516, 2.2780180879336744, [1]
-7.26147863698001, 4.354475811314444, 2.9572305940413544, [0]
-7.170998237810251, 0.32178826813904315, 2.927826011308126, [1]
-6.992840665062344, -2.275105654791809, 2.3792262725639906, [1]
-6.994186259352367, -2.707697554224458, 2.9619754036362, [0]
-6.978326926973582, 3.0522410304190126, 1.9997147794475567, [1]
-6.975283757483002, -0.29732278916302424, 2.623931259929753, [0]
-6.946449968880026, -4.024532875042553, -0.33736169268894095, [0]
-7.232317235888469, 8.207186555122874, 1.6285526158329415, [1]
-7.030173167818346, -0.21263423581513596, 0.3359341897776388, [1]
-7.179897787499054, 1.5678766471461403, 2.3209985542046736, [0]
-7.567687491368582, 2.5291560446681625, 2.0166753993529776, [0]
-7.258762618797313, 6.498329254130014, 2.2419490324085647, [1]
-7.063307538413878, -0.18128588280584673, 2.448745748026507, [1]
-6.9805561486737036, 1.584012602409901, 1.8645277229562396, [0]
-7.168303432237311, 2.3013981873131844, 0.7303579122162401, [0]
-7.010671954456952, -3.9201403664959447, 2.670694677468424, [0]
-6.922785001078124, -0.6667864225282921, 1.7468637272426548, [1]
-7.025587790772646, 3.6545382128122643, 2.919543093284423, [1]
-7.041524590659437, -1.1366471180201019, 0.22098120325057652, [1]
-6.96233426013466, -0.7921052321163833, 2.673162456510606, [0]
-6.960817081353158, 0.3867975705807182, 2.468515768850039, [0]
-7.616062442805152, 0.6469141795698126, 2.2706554027317787, [0]
-7.220786386127368, 4.5827420696639845, 1.2573053639616023, [0]
-6.990318695082246, 0.37593146920893683, 3.6556652426512737, [0]
-7.0425066672446235, -1.4822643676973681, 2.659436156398392, [0]
-7.362599539835083, -8.663375244799015, 1.2534645303755316, [0]
-6.99066571001103, 1.82972966532591, 3.237874657323366, [1]
-7.056440209429617, 0.487558187684229, 1.934382236486214, [1]
-7.121218185306427, 1.7272536220970947, -0.0414381942247829, [1]
-7.041840805850828, 3.7167798359618307, 0.7938522129104604, [0]
-7.44851105488063, 1.5721244292648517, 2.545657785288647, [0]
-7.060091290651511, 1.8270731880197273, 1.7045951959894163, [1]
-6.9915944919021875, 1.9347692891737478, 1.7271757060197577, [1]
-6.96406933474311, -0.24093244025154004, 1.5403070471286198, [1]
-7.053791332156093, -1.8000763045793908, 0.3960433840698913, [0]
-6.994905245517179, -1.2749093984998814, 3.279983317894121, [1]
-7.207849854830074, 3.333090428510842, 2.376613703765364, [1]
-7.124056790416494, 3.025991997438676, 0.7654610340476783, [1]
-7.520260070720213, 0.31688462675023343, 1.2176268888312045, [1]
-7.150696003931294, 3.9314683390331884, 1.744683015239304, [1]
-7.078112536976602, 0.9648897986999436, 2.738388627989588, [0]
-7.000693685453618, -1.5468640131750757, 2.9317492567058525, [0]
-7.240846477065926, 2.568888399369893, 1.8308382797977252, [0]
-7.164816658564758, 1.4975112490307585, 2.018386722706795, [1]
-7.155964339383757, 1.826507501421375, 2.782210399575929, [0]
-7.236642102302285, 1.7393704239492322, 1.28951763649232, [0]
-7.184303953308271, -0.5006460056088526, 2.4831320660508167, [1]
-7.532681689644323, 3.0114410123027047, -0.5752489257372534, [0]
-7.252181446326879, 0.1391905408655046, 1.1382884526766666, [1]
-6.9740383927447, -0.5556172506909057, 2.740433802339079, [1]
-6.986178548333481, 1.9332774681454827, 2.3617947377620414, [1]
-7.0540295496087335, 3.060585278047353, 2.7955711141290283, [0]
-6.92215618284212, 0.31684683799997626, 0.8704039584539807, [0]
-7.041976283497585, -0.7860231992945296, 2.948233524322139, [1]
-7.014749410099215, 2.0006114538675726, 2.8207891466807213, [1]
-7.046869164712979, 7.388831120107778, 2.1022543530622646, [0]
-6.967879214277118, -0.8823280064819268, 2.754737948374059, [0]
-7.079551369220554, -3.1071413603979794, 1.6986655445203847, [1]
-7.147143111392392, -0.9564752846426883, 2.86244442833513, [1]
-6.998907331575588, 1.6814237385591713, 2.37988109879078, [1]
-7.228384652220496, 4.781593444514882, 2.965728579367841, [1]
-6.943049714720338, -0.028097161956388672, 2.317367135777494, [1]
-7.0218254389990085, 1.2764594913093021, 2.696010896373657, [0]
-7.216903469827474, 2.5517104568725593, 3.5143200835080664, [1]
-6.93723771339738, 0.5784289981025839, 2.2445569710416193, [0]
-7.117284743696653, -0.4749313971293134, 2.4641804684566706, [1]
-7.007840157378128, -0.47623277055938606, 2.299362527156786, [1]
-6.960803061106026, -2.0094946905996247, 2.363374293002131, [1]
-7.236315397909394, 3.0447415225893644, 4.046152184178921, [0]
-7.485538767141364, -2.5147552357663434, 0.2378842238464981, [1]
-6.936948992241431, 2.1187546345166033, 2.3688317763759352, [0]
-7.65956381412525, -0.3535361108153019, 1.525209233242352, [0]
-6.9388970455564225, -0.4824522412764378, 1.8683092474781129, [0]
-6.943700277785535, 0.4762258060785425, 2.530554878815047, [0]
-7.218483589206641, -0.48885253114607696, 1.6268871551820865, [1]
-6.975716972679151, -2.1322251297193704, 1.611619242040217, [1]
-7.09765771286832, 1.1198367429531568, 2.317700653524085, [0]
-7.073018025577434, -1.2868603464398314, 1.148403064754315, [1]
-7.014248996525453, 4.482968877128918, 2.353874962100876, [1]
-6.966574579066292, 0.7406588065245996, 2.201460017170617, [1]
-7.322907304222434, -0.3480826912648609, 2.5946314427356434, [1]
-6.977548697768912, 4.557123806289522, 2.2246154803246165, [1]
-7.2223084729051985, 6.034771050140663, 2.6801106945622384, [0]
-7.0426570814247675, 1.6127023095376583, 1.5054601892069148, [0]
-7.132373838472778, 1.5827442533903988, 2.6808943735024666, [1]
-6.974882962395751, 0.6883770111256651, 2.1372585940663886, [1]
-7.215439342396604, 4.295967000674514, 2.1424048157703766, [0]
-6.983135752297112, -1.0747916618492677, 2.4348207842106326, [1]
-7.074118446124657, 2.29946979531787, 2.923102465051617, [1]
-7.315683510491884, 5.980128979906772, 0.27051988776504654, [0]
-7.199958825569471, -0.7975399093738704, 2.0096954696841873, [1]
-7.200088640135901, 4.9700743059844985, 1.9833254536145253, [0]
-7.008517624313153, 1.5961046247538562, 1.815887162852245, [0]
-6.968104141498577, -0.8776404162888917, 2.180061768403074, [1]
-7.044836441203509, 1.0826848935075872, 2.903524078727527, [1]
-7.136647698588513, -0.5344197209678323, 1.9097186712298804, [1]
-7.256566844492334, 4.386347737229023, 2.7756250156167805, [1]
-7.1158284245105, 2.8657444193083017, -0.043472867863945996, [1]
-7.0575142697635265, 4.1327720102914585, 1.8564675636917167, [0]
-7.025370590375568, -1.02468061906015, 1.6883102274608648, [0]
-7.066625980493685, -5.140909803389416, 1.6594499793994963, [1]
-7.180706335401179, 2.293332459094621, 1.4348529328339443, [1]
-7.010230582587151, 3.714890706664801, -0.44010645129838677, [1]
-7.329643371686212, -3.057203784973929, 1.697178756869959, [1]
-7.033210126908218, 0.8164453821364079, 3.5152942461304497, [0]
-6.939092656378616, 0.5558129858170195, 0.4132296503753998, [0]
-7.046294609518334, -2.202944532511419, 2.4774557256175345, [1]
-7.009098970028617, 4.614455738313314, 1.1084637759953457, [0]
-7.4878590825751745, 3.1447719802459, 3.144136002156167, [1]
-7.208031308839289, -1.5285561235928469, 0.9529393464021592, [0]
-7.1792878825443385, 2.153968223605622, 1.40817969764469, [0]
-7.057500782679107, -1.462055668551724, 2.894854495765679, [0]
-6.977803349908504, 2.3350813783999524, 2.8362337115113734, [1]
-6.946470870394296, -1.5531082624407015, 1.2352973348363585, [0]
-7.109375590421545, -0.9691721100224004, 3.293077202003783, [1]
-6.948811806497538, -3.3547854244370465, 2.282703978889675, [0]
-7.017001241999637, 4.058591676799059, 2.7061330197915003, [1]
-7.067536552399617, 0.08669727594157961, 1.694450288268753, [0]
-7.106484430268854, -3.0672161631450154, 2.631334835512478, [0]
-7.122553976786992, -2.6592548347885794, 3.1642767943236527, [0]
-7.0661738488213235, 3.6621686815442716, 3.604019966115983, [0]
-7.6901538175422965, -5.850169926403058, 2.2338639844488983, [0]
-7.033562218908558, -1.1549132683390013, 2.460133510400878, [1]
-7.0970629421634825, 2.3153384534469263, 1.7937159414755275, [1]
-7.014227604812279, -0.4200786200350535, 0.8002665023847533, [0]
-6.975352589639583, 2.950512826732165, 3.4731813334282267, [0]
-7.070332718135151, 3.6837687002076467, 3.34338732204197, [0]
-7.167467283395305, -2.564724920061045, 3.4620957019384893, [0]
-7.3517266217256285, 4.096112122920312, 2.1665808867986773, [0]
-7.136564654454024, 0.12944770253029114, 3.213994243670353, [1]
-7.189830306526256, -0.4627898685909453, 0.9945859060741076, [0]
-7.019086478945982, -0.6698611494626674, 2.808810694718234, [0]
-7.185858492306293, 0.7636685315937131, 2.5468758732908263, [0]
-7.07413320387509, 0.9734517613538516, 1.575217200183574, [1]
-7.243113681793225, -0.31779261174063445, 1.579356416199829, [0]
-7.036364925741265, 3.981781056848076, 1.9324226268494473, [0]
-7.028634015580336, 1.68495580529336, 2.5744359228335956, [0]
-7.241744809992728, 2.574357210052437, 3.1484871548405082, [1]
-7.009368360767465, -1.7231468859849297, 2.1124901824300872, [0]
-7.01846243552544, 3.0998763897660324, 0.6632809443748897, [1]
-7.190092917635034, -3.9137908746218506, 1.228882016244595, [1]
-7.156056363148951, -1.5716866993687988, 2.8528515675481563, [1]
-7.1978242034962525, 3.930600397809488, 1.4642847350509527, [0]
-6.967519777563686, -2.482782788858452, 1.725877745478341, [0]
-6.9756889351072555, 1.7232785040731198, 1.9449648426493786, [0]
-7.065545717134371, -0.6751349640898479, 1.2720775235912283, [0]
-7.121562433437529, 3.8653594885469635, 2.0640262725534093, [0]
-6.998958543026061, -1.713647473485286, 3.673110366896724, [1]
-7.1783998218780845, 0.8334317917970551, 3.6547595633772376, [0]
-7.039987490050297, -0.39900824416067104, 2.7278169702903083, [1]
-7.034190737866629, -2.505100312884872, 2.060263915205371, [0]
-7.416821388877034, 2.8626508207303196, 2.6208955379047345, [0]
-7.214956711682749, 3.54591139453588, 2.9023940112053594, [1]
-7.016353483517565, -0.7401824745345076, 2.56221981972056, [1]
-6.969387996805946, 2.3612328995600613, 1.8766247172449066, [1]
