t=0.08588179588159607
logZ_t=-25.218545048435203
-32.225174652568576, 0.7316463306473936, 1.3179776741054807, [0]
-32.113878246143564, 0.6380483001668547, 1.1579121480570607, [0]
-33.06862677479323, 0.5165332986789453, 1.2946089742587439, [1]
-32.12837993156724, 0.7578425931250495, 1.16952683098419, [1]
-33.213252658252834, 0.6998281723603988, 1.078360913956001, [1]
-32.48388371154748, 0.7006343799153651, 1.0180020671528025, [1]
-32.73853519705453, 0.8004475726624055, 0.847778732687292, [1]
-33.44471910935339, 0.9716715924956112, 0.7170012643742626, [0]
-32.03373380844537, 0.5312881310163549, 0.7335560139902926, [1]
-32.53021848791994, 0.591077827660863, 0.4747037637045054, [0]
-31.233246812035574, 0.734144454096224, 1.0337804985407035, [1]
-32.23842989983484, 0.264223457892034, 0.6948538162518219, [0]
-32.058527614860445, 0.9089145381563948, 1.2830601581369177, [1]
-32.43558697986741, 0.3990728042739992, 0.9854487236908039, [0]
-32.49111137099618, 0.5087011214369317, 1.0708087889488036, [0]
-32.65313327233998, 0.4488265681132299, 1.1440045701826727, [1]
-32.251044966691325, 0.6665363764095821, 0.4798090034108804, [1]
-30.83714633720877, 0.5719512114401343, 0.7194979080743885, [0]
-32.43984714086839, 0.6482479868058617, 0.1894314033213037, [1]
-33.263492521123894, 0.7366265707529689, 1.5716127591424558, [1]
-31.499318787513932, 0.49734661964514415, 1.2213172025176506, [1]
-33.91990218314787, 0.7612368766933298, 0.8656621239865803, [0]
-32.02846706112958, 0.6663044272250662, 1.0078307021035169, [0]
-31.672774729845987, 0.3704523315714885, 0.6289536237351538, [0]
-33.092158881484515, 0.6523341561075385, 1.1129274971664191, [0]
-31.177691316525422, 0.6610495672346897, 0.25827323225427323, [1]
-34.423443890703375, 0.3997661092713639, 1.2885087654809708, [0]
-32.40269903679518, 0.7913492589836094, 0.36240176345967207, [0]
-32.64396847882631, 0.6716156365082107, 0.847258353086475, [1]
-33.78244530520571, 0.8200105561461827, 1.103976251094513, [1]
-32.15360625297697, 0.500211483539629, 1.738485098389435, [0]
-33.47502025287429, 0.6116564495451301, 0.482974245496781, [0]
-33.079373593563346, 0.539456191520635, 0.6529712196796278, [1]
-32.358255146697196, 0.38793042913478837, 0.7896252500825299, [0]
-33.09153584828728, 0.6422503474125946, 0.4954411276396133, [1]
-32.38043363461395, 0.6461252971259077, 1.3453755581950524, [0]
-34.36595456507068, 0.6768882466097887, 0.5463127489759299, [0]
-32.95522678058579, 0.6713248024514957, 1.033674088445471, [0]
-34.03795495286956, 0.7265736811773523, 0.6784093808844409, [0]
-32.662537925215204, 0.47933899029626115, 0.656936337870494, [0]
-33.056288424053456, 0.4827699443401792, 0.840314164156998, [0]
-31.957938071476445, 0.692808878931085, 1.3974381622347372, [0]
-31.884915183286413, 0.5824697912450301, 1.1498148060084885, [1]
-32.926437527295775, 0.6647818422466945, 0.7837843081081103, [0]
-32.12979164646564, 0.49820684334165766, 1.2839169268808277, [0]
-32.57571770933109, 0.5867383608866836, 1.106603255360723, [1]
-30.632487778288553, 0.5353349338643896, 0.5936811540139966, [0]
-32.31302015351609, 0.5410529227454637, 1.573843679806553, [1]
-31.79637446564832, 0.8074489940473977, 0.8390509519902265, [0]
-32.92792055792591, 0.6436200034149926, 0.9172513036588754, [0]
-34.72113085013767, 0.532203660687728, 0.7437153650527603, [0]
-31.98292881810852, 0.4844871493313074, 1.1739971623191403, [1]
-31.5747159337277, 0.7948491158162848, 0.674875252457408, [0]
-32.224124924968436, 0.5519955159469221, 1.5228211198812964, [0]
-31.139165129033398, 0.7484305202805682, 0.4295499789315741, [1]
-31.783027958420416, 0.6785337560488004, 1.215953339653692, [1]
-34.25676178475647, 0.8372608484745628, 0.8181836409821288, [0]
-33.43321310110389, 0.9119420549742687, 1.21771824653093, [1]
-34.61406642703305, 0.5840388619909783, 1.250750688486, [0]
-33.70399650521872, 0.699731200845749, 1.4901977858282554, [1]
-31.891777243738513, 0.6568060820486811, 1.0569475679118938, [1]
-34.142546666147, 0.7188995128739484, 0.9685660201663823, [1]
-31.58321707591271, 0.7145656168584598, 1.2033213364993227, [1]
-31.33473678608998, 0.4789780752921704, 1.0357129207813847, [1]
-32.4220965522338, 0.7729610441092827, 1.2515988807923386, [1]
-31.7413858425605, 0.7431856919927156, 1.1724500325806555, [1]
-31.805956419594295, 0.6649897141469953, 1.3294074311185455, [0]
-31.94477146162437, 0.5619556243146737, 0.8453512824315039, [1]
-32.15160103181622, 0.8070105536556273, 0.9690077123065878, [1]
-32.53663720335861, 0.690565144949027, 1.428865663244951, [1]
-30.769684916626865, 0.5880739478064911, 0.8384519629433957, [1]
-33.10473404613339, 0.9291194723273323, 0.49432358148330086, [0]
-33.065223981818725, 0.5396838232305856, 1.3746147901901327, [1]
-34.147422255799974, 0.655254137772473, 1.0401860677620782, [0]
-33.36228300373697, 0.5540294732677955, 0.718142042268362, [1]
-32.358000298692055, 0.8629139325239591, 0.7423900584075842, [1]
-32.132766972453666, 0.7145517356337601, 0.7710049866065674, [1]
-33.068531551949484, 0.5303797241495745, 1.3768028758349358, [0]
-33.65610415750831, 0.6296052797277651, 0.5434224331814446, [1]
-32.1095503788094, 0.5537135535470403, 0.45676392502702395, [0]
-32.85906476243351, 0.5136285456142383, 1.2798249527132164, [0]
-31.392937110710385, 0.5934054669933326, 0.7475646838523411, [1]
-32.263510510657234, 0.5141269456675721, 0.35023325907687786, [1]
-35.20529076180239, 0.628118827436169, 1.194141086995899, [0]
-33.84720724231438, 0.7276969727932102, 1.433787386920912, [1]
-32.88604684629444, 0.7202621006213072, 1.106404535885387, [1]
-31.47974884464022, 0.8527717810914084, 1.1899299151752316, [0]
-31.960233225565265, 0.7308127616506447, 1.1246110480847535, [1]
-33.933885384733195, 0.6399452137591946, 0.6906080756538083, [0]
-32.61129171591877, 0.6732357940137891, 1.3055146279833925, [1]
-31.780751241987936, 0.6682112758383901, 0.9992023275148337, [1]
-33.38044617477049, 0.72115989027365, 0.8594245671635168, [1]
-31.976863781626353, 0.6678733297690193, 0.6029846985964902, [1]
-31.53765436331242, 0.6558926860936409, 1.1677863316153203, [1]
-33.45716104127382, 0.7465278606823251, 0.9492216949806422, [1]
-32.70868048629562, 0.6241704145276303, 1.0966666985941116, [1]
-33.993291555742154, 0.687605972360189, 1.1217864474793338, [0]
-33.079353858479706, 0.6784902514936251, 1.0315303664199886, [0]
-32.25274625292066, 0.7151054672324455, 1.1820446550372892, [0]
-33.35978561555332, 0.26520806769701133, 0.9022227415170283, [0]
-31.52896590266765, 0.558123962787601, 0.8156942686731531, [1]
-31.29505567188895, 0.6517159280144582, 1.6414896541281165, [0]
-30.934856816392365, 0.6851537984408843, 0.7991466517438203, [1]
-31.661080283694197, 0.47061204758048303, 1.3852628623182315, [0]
-32.076988259481055, 0.5330227807854, 0.9530681469227065, [0]
-33.53445789011848, 0.7585925269611522, 1.406245033384763, [0]
-31.721761474828195, 0.7267126981631682, 0.8578904424018685, [1]
-32.41324786296364, 0.6707762328765954, 0.7260868014966699, [0]
-32.13894319447967, 0.5298343651234502, 1.0653236959285846, [0]
-33.0168138753956, 0.37787240635419084, 0.9707345413262658, [0]
-33.66265529211322, 0.7229448089667061, 1.7014240143135018, [0]
-31.591541071624594, 0.7200376500050714, 0.8150829926101507, [1]
-32.08699348792915, 0.5280889301433556, 1.1110899761231698, [1]
-32.05914600402333, 0.6607714951767709, 0.9090553066318727, [0]
-33.54256201501577, 0.48081790078934117, 0.5557717760929634, [0]
-32.53758601137826, 0.5776935252410154, 1.3564140793016042, [1]
-32.4764412367912, 0.671726564306722, 1.0575186967379382, [0]
-31.856285573020944, 0.5861112907421091, 1.547280931818994, [0]
-32.65671005779313, 0.7943308212840308, 1.0872296955622145, [1]
-32.1311899571585, 0.5481397454994711, 1.2839141479199683, [0]
-31.56850315155277, 0.5705802192405288, 0.988092220697063, [0]
-32.95070827847926, 0.551188958559084, 1.3735332468093033, [0]
-32.799640590418214, 0.4723772563278914, 0.4066819286646496, [1]
-32.5541229137972, 0.7323634813206887, 0.9459940180024109, [0]
-33.312693534646236, 0.7574924870980565, 1.2745440204054987, [1]
-31.781660251697268, 0.5701685087086457, 1.1020240304926596, [1]
-31.465831972950276, 0.5477505186290963, 0.6071514436068232, [0]
-32.75047212009904, 0.7007094934652975, 1.3200572000500812, [0]
-33.373097348518236, 0.5626040325224451, 1.203051226219771, [0]
-32.62292902894741, 0.7160488168759372, 0.7118195782825653, [1]
-31.8308742709919, 0.7227047384876268, 1.0996295197712562, [1]
-32.12662301786785, 0.7846049879763209, 1.1586484259282301, [0]
-33.217746200846925, 0.6678464574015144, 0.4217837169735099, [1]
-30.916150839746958, 0.5973774628504974, 0.8633306035185524, [0]
-32.34976808936317, 0.5053846766660117, 1.2759939137666731, [0]
-32.60426957981789, 0.4394548540346036, 0.8254908366227898, [0]
-32.15272471782886, 0.48777527479017974, 1.4808195831244446, [0]
-31.213227862339973, 0.5830809297516695, 1.403903447270055, [0]
-32.225627652461185, 0.4287902536774407, 0.9770308397863298, [1]
-31.955867462801255, 0.5111282797617158, 1.1523361169549153, [0]
-31.34056920643109, 0.8177040970799281, 0.591947030134913, [1]
-32.06122452122135, 0.6518845264161575, 0.4902324277362002, [0]
-31.82059489651896, 0.8078909995110638, 1.1518082603389093, [0]
-31.95943590195654, 0.6270614712288471, 1.2177722006868021, [1]
-34.03916511626931, 0.6547588552855046, 0.9608759566420626, [0]
-32.92237114158605, 0.4466588779078768, 1.4256144703936449, [1]
-32.27220825321246, 0.405745740674687, 0.8016474511312122, [1]
-33.66494312909238, 0.5559666862505993, 1.2034643298145915, [0]
-32.536463234379006, 0.9847587403221085, 1.0210518808480311, [1]
-31.65691742306273, 0.7161126127666463, 0.32911265773926346, [1]
-33.22398219184188, 0.706493085052802, 1.0826985897547103, [1]
-31.485131319223047, 0.5887867099837785, 1.101114238653224, [1]
-32.95422725458347, 0.5676765659126907, 0.9043882584923618, [0]
-31.289377728521643, 0.5153490203767412, 1.018387905748182, [1]
-33.51927650170727, 0.7336999121494912, 0.657401233069206, [0]
-33.017271437527214, 0.5605751827284164, 1.2840957296349347, [1]
-31.539451600271576, 0.6740230026216536, 0.9889533847969545, [0]
-33.876514826298944, 0.6262232941713308, 0.7603075549877897, [1]
-31.512992032343806, 0.6352778127195365, 1.1710762739936356, [1]
-32.93324474060271, 0.7271462176595452, 1.060490916803794, [1]
-31.660024358179587, 0.6727276664956935, 1.2834688819761726, [0]
-31.065175075686536, 0.7546754586871534, 0.6594890420185704, [0]
-32.08736241696293, 0.6241013876743059, 1.1123820679298413, [0]
-33.16044553013513, 0.7508128265353443, 0.9861052713442555, [1]
-33.22181144105982, 0.5707581442000841, 1.3995564807307708, [0]
-32.55797615192213, 0.5368893126628451, 1.2184426287539378, [0]
-32.31041002632507, 0.5901120195407586, 0.9041308128690992, [1]
-32.11289373739203, 0.7369058587566082, 1.0275164009348914, [0]
-32.33875619509669, 0.7405532436768427, 1.3763403055027412, [1]
-33.88336254202433, 0.4754782855862175, 1.8369818082131266, [0]
-33.169741385466295, 0.7773335094741057, 1.0489988198016529, [1]
-33.13910449354157, 0.425966877877016, 1.359380378298019, [1]
-32.730377033889624, 0.6635931996085087, 0.8982575253509095, [0]
-33.61988559502299, 1.0028688677287205, 1.0982493902354955, [1]
-32.07511832654933, 0.8535326242045344, 1.2198689234259332, [1]
-33.71955097202723, 0.535324743057505, 0.8999712206512496, [0]
-34.50823029648632, 0.6850433893874218, 1.2710730856788501, [1]
-32.62429142834556, 0.7776795491613862, 0.3913598637995593, [0]
-34.553791388983186, 0.8753835020481571, 0.6372240225405563, [0]
-31.326933300791087, 0.7178993374051555, 1.049761664909127, [0]
-34.48037422106289, 0.8718487243554064, 1.379187911113677, [1]
-31.421541492166803, 0.8587845389130236, 1.333747248421258, [0]
-33.73884255098179, 0.631278233486786, 1.4080798135382455, [1]
-33.13929338722532, 0.6511311872038538, 0.7443332566907451, [1]
-32.770372242123685, 0.5348432207678111, 0.6956004563174139, [0]
-32.33197387097452, 0.6869370294973652, 0.931567028704948, [0]
-34.075012078984074, 0.4405187619036577, 1.2286834511598097, [1]
-31.840486175348452, 0.7538094973915842, 0.930575362151082, [1]
-33.83984239138439, 0.6380198118989473, 1.1015261839980104, [1]
-32.7499341459556, 0.3448226745149877, 0.24853444188316426, [1]
-32.03361725269819, 0.5760520144832988, 0.7186851766148282, [1]
-32.119993609326514, 0.7603261182616678, 0.8498779430978148, [1]
-31.58784515207455, 0.330342511407271, 1.1187798568163183, [0]
-33.77193845779119, 0.7359160413189653, 1.1774697711377047, [0]
-31.487094652264982, 0.6288202451073774, 0.491780480355816, [1]
-31.20711190737912, 0.6428061065114603, 1.4120105208343707, [0]
-33.49335471080125, 0.627059093836812, 1.7114227806442723, [0]
-32.81806855541137, 0.7678725198039038, 1.1605100302239255, [0]
-34.11070821531231, 0.7092372321439772, 1.1728210426240235, [0]
-33.801754076531296, 0.44693353820232185, 0.7978097061382629, [1]
-31.92632128991095, 0.5429562666324876, 1.1792072501138462, [1]
-32.79369057897308, 0.5620404100675634, 1.5903833644681906, [0]
-33.07109080844893, 0.4527414795851413, 0.44656094566605065, [0]
-32.02975734629443, 0.5957783525972845, 0.5469423014130632, [0]
-32.8839487464206, 0.8589961509608459, 1.4298399339100367, [0]
-32.31951981922169, 0.6661697759166686, 1.461654259489656, [1]
-32.22093423588835, 0.7115786122533748, 1.430471380461873, [1]
-31.84372837472709, 0.45311229494744376, 0.8389376197931577, [0]
-30.972560095361924, 0.6855764588398916, 0.9541616464816491, [1]
-33.08406529254379, 0.6904147584346967, 1.1298477718591884, [1]
-32.07250979960657, 0.3743387255766371, 0.22032317108063204, [0]
-33.18125596962036, 0.5959164535675742, 1.4340030163387445, [1]
-33.88416078937484, 0.7690798418807018, 0.7452278028210342, [1]
-31.989662022017306, 0.642123454820148, 1.1274697691990023, [1]
-33.67053874449354, 0.9559472203579853, 1.0044444263198709, [0]
-34.836990241929506, 0.8452831106221776, 0.5796573760220617, [0]
-32.6951626298476, 0.7408542146160152, 0.46788898975665033, [0]
-31.20130312137069, 0.4815622842913939, 0.7834953443636412, [1]
-32.906764081512506, 0.5180007778746718, 0.8453882479912316, [0]
-32.21064685656825, 0.6597834414635534, 0.8956870250996527, [1]
-30.709560256682938, 0.5172144278200755, 0.30998535271436256, [1]
-31.049739075243505, 0.5857232811913952, 1.4068848819783384, [1]
-31.058783607238876, 0.5916555508336065, 1.2607912765467004, [1]
-32.449868320734076, 0.6338067852855469, 0.929338935777983, [1]
-31.483786393599257, 0.8119486872756908, 0.721477212412443, [0]
-30.940134629539887, 0.7170254751868976, 1.0362317586973584, [0]
-31.255359303940452, 0.4839986126682027, 1.03247429486678, [0]
-30.391428910515778, 0.7327184771112002, 1.260486820363702, [0]
-33.355213632448795, 0.42021415650727834, 1.1160467554337976, [1]
-33.074340392709416, 0.7333217986238612, 0.8463813759116945, [1]
-33.23932413363747, 0.45344479067211335, 1.1209034265695614, [1]
-31.382593131671566, 0.7660359463369436, 0.8723530797080076, [0]
-31.78209062977283, 0.7850027432382565, 1.0959422024853067, [0]
-33.27286716592042, 0.7366256946939786, 1.0871517493535992, [1]
-32.36426758783166, 0.553295857978426, 1.4251305651508632, [0]
-32.216053242543325, 0.5766935166057499, 1.5620881596299485, [1]
-31.50546134203123, 0.6802990655016057, 1.2322797745069116, [1]
-32.44538847082835, 0.8181720577070656, 1.0799238816494396, [0]
-33.89993070822771, 0.5211096642117904, 1.366565345158898, [1]
-32.93732088724123, 0.7850450223494099, 0.8957411874554624, [0]
-32.30752541807506, 0.6001551552688883, 1.024657407430255, [1]
-33.49287846065486, 0.618606054129289, 0.6601464343140103, [1]
-33.71449946303126, 0.8366904997708611, 0.6154664073054991, [0]
-33.84498218944985, 0.5865738986533038, 0.7140552663124813, [0]
-31.462994423033766, 0.7232324742095192, 1.0081329330929873, [1]
-34.46008878528686, 0.7528382178984023, 0.2165799920473409, [0]
-34.25415299155235, 0.5502142175420848, 0.9208246042201429, [1]
-33.25447775190979, 0.5991666770035757, 0.786342698373232, [1]
-33.10297248553873, 0.6739899742683875, 1.3366787631535175, [1]
-32.714622476988474, 0.5630657829027619, 0.5880279114261799, [1]
-35.41523131094281, 0.7851829441560617, 1.0207759389817022, [1]
-32.58908883651613, 0.7725183840440036, 0.6732270405123764, [0]
-33.399296127278845, 0.4077546261852829, 1.0147413224078956, [0]
-33.64569690447234, 0.6650970253082575, 0.7519036524949376, [0]
-33.05512716759929, 0.7316663481323026, 1.3561837686563007, [0]
-31.859536298778053, 0.5503798308691803, 0.8008402938415492, [1]
-33.33216025830244, 0.7459587159393489, 0.5985489941871521, [1]
-32.450202839457255, 0.5764886331581968, 1.721745009422547, [1]
-33.13555045310458, 0.44745217360190326, 1.127805540309637, [1]
-31.030659336243243, 0.8174132947870444, 0.5190777483674971, [1]
-32.38239818310458, 0.5281902563778375, 1.1678898856076625, [1]
-32.302763064962406, 0.4740883452921799, 1.1477277917131057, [1]
-36.45917837487112, 0.7694839088462894, 0.7136747240893092, [1]
-31.589748977839708, 0.41849946628207124, 0.7884712875803608, [0]
-34.182631358546544, 0.5297088770403232, 1.2263074150106614, [1]
-32.373252125286314, 0.4920456512595958, 0.6151216654967162, [1]
-32.46410897665915, 0.17428872514697577, 0.736925716685374, [1]
-30.708069439872286, 0.6129446000522121, 0.719650283456658, [0]
-32.52826392684968, 0.9461447406725765, 0.7400911744212165, [0]
-32.45423774552118, 0.6530323554204771, 0.895213975033863, [0]
-32.20445785254152, 0.6766337228720872, 1.287217907777136, [1]
-33.7880469761721, 0.9491772597516939, 0.8805831971698771, [0]
-32.020429133168896, 0.7269122539498205, 1.163056354140643, [1]
-31.042859075098153, 0.2779345718648421, 0.2046460283222516, [0]
-31.61277137690741, 0.71946220390679, 1.5577439724440554, [0]
-32.02890283347363, 0.7641275205149497, 0.9285563468721116, [0]
-31.488135336459262, 0.7007962658623627, 1.445940731643501, [1]
-32.41644387295608, 0.6688430022487013, 1.672645404420678, [1]
-34.03879527488765, 0.7632949562110531, 0.6094348938614433, [1]
-31.476298740880118, 0.7040331626229961, 1.4766791576269302, [1]
-31.741747962478744, 0.6398323023648518, 1.0922465639623766, [0]
-32.02022806131065, 0.5033992607856872, 1.4323305633347616, [1]
-33.321975332126485, 0.7574929348915763, 0.7618110569897202, [1]
-34.11654795426613, 0.483602091055799, 1.1091420636872893, [1]
-31.714014795279137, 0.5785589154324834, 1.5320245543573632, [0]
-32.93928875365977, 0.5644746274715808, 1.0285883586239395, [1]
-33.283820983248, 0.8409927146992362, 1.1600297823943648, [1]
-33.25623301488463, 0.8711884561194593, 0.8972229106138685, [1]
-30.639331804914015, 0.6972340222868785, 0.9117481085321327, [0]
-32.54377084696871, 0.8116266642530332, 1.1647725077670938, [0]
-33.405494686165675, 0.633049353561346, 0.6874264331475903, [1]
-32.615228311830414, 0.6784606218734421, 0.49874574629938767, [0]
-31.59138215817251, 0.7472315734898507, 1.194453811161488, [0]
-31.16687643885066, 0.5409038935331408, 0.9508696362150887, [1]
-33.46928765679184, 0.7391788387250232, 1.2419509400755706, [0]
-32.263521255288616, 0.7607685632784267, 0.7125078972018809, [1]
-31.743827541728795, 0.5520861474534986, 1.3034628773843395, [0]
-33.16247682760771, 0.5919152096766427, 0.9063104439316285, [1]
-34.704732181902195, 0.7453624278044696, 1.2305366309555252, [1]
-34.26015413871937, 0.7164493175204015, 0.6943453628568915, [0]
-31.77979046929616, 0.5937921960091279, 1.037621777409868, [0]
-34.1014176576252, 0.4339327373025985, 1.224144570943379, [0]
-31.880025633672425, 0.6389942520844558, 1.330455507733152, [1]
-32.653299211659686, 0.6571679928886672, 1.472681664123814, [0]
-31.271039403408437, 0.502492709681187, 1.0061180318879113, [1]
-31.907356289021116, 0.7114602538342616, 1.3296639031930302, [1]
-31.659854655419288, 0.4652058100281782, 0.9746209010298781, [1]
-32.31234075709746, 0.7916214032726353, 0.4695496631323076, [0]
-31.950357594340005, 0.7316860185040942, 0.9094018652092326, [1]
-30.564497409036708, 0.7690954425587597, 0.8259266665623832, [1]
-32.78059800520446, 0.7811092859984435, 0.9252015643336571, [0]
-32.17819589700727, 0.49084614802122234, 1.2862476447735218, [1]
-31.960893113245692, 0.7883149829199877, 1.1028267111853913, [0]
-33.57945117350201, 0.7586602937593079, 0.4859509449059092, [1]
-32.23261198499603, 0.6123229254358709, 0.86222538569046, [0]
-32.776681373847815, 0.597474053695484, 1.3781852747563337, [0]
-33.453336520015306, 0.6144466072217873, 1.0610069394665438, [1]
-31.7245649565117, 0.46866232175831085, 0.5902180729214466, [0]
-31.366080728084548, 0.5992943076377314, 0.9181554962809306, [0]
-31.851404096214846, 0.6474623132589911, 0.9519623457102222, [1]
-31.252896289576103, 0.5850481582146209, 0.8303388691887605, [1]
-32.42333491950293, 0.6754414755038278, 1.359994154827719, [0]
-32.232835240371436, 0.6213329597115691, 0.8120565960670001, [0]
-32.34265210450631, 0.7239054935593048, 0.8732256977503472, [0]
-31.906191381906712, 0.8584215379220976, 1.3663521180466414, [0]
-33.069949989532184, 0.6854567280562294, 1.7114912186701847, [1]
-33.723104004769915, 0.9208586050489487, 0.7484246992025989, [1]
-33.45771891666098, 0.6229925027989434, 0.8695630018485512, [1]
-32.02195182417862, 0.6701858498524839, 0.7508120707512353, [1]
-31.205198798233464, 0.7310920166795902, 0.4807708381130933, [1]
-31.73023081948747, 0.5590626873425292, 1.2902430798137952, [0]
-32.663713122493824, 0.56301630672242, 1.0478446488122368, [1]
-31.50160404180673, 0.6449954330633125, 1.1470839877165238, [1]
-31.164712643402424, 0.6137125114058158, 1.1100332982485934, [0]
-31.9160508228546, 0.4951123828642519, 0.7011367105479398, [1]
-32.67119310735141, 0.6910282502862528, 0.8268148316026808, [1]
-31.42344120587744, 0.6442143121409443, 0.9276661437129711, [0]
-32.84324786085451, 0.5543152452479281, 1.2971803503745534, [1]
-31.899245233702437, 0.516945657038006, 0.6603460580518445, [0]
-31.10888408046152, 0.5032943423016621, 0.9074908780220012, [0]
-31.181703188970516, 0.521464599981401, 1.3377951650609723, [1]
-32.22246749239208, 0.5863361626453581, 0.6814651015010722, [0]
-33.724322876502285, 0.541237681250472, 1.0334852979476854, [0]
-32.57186688179015, 0.47059152103253277, 0.5257647083238992, [1]
-32.070708618319216, 0.5594051275857123, 1.258539669690394, [1]
-32.12197249342259, 0.5694664960091402, 1.1375648644413632, [0]
-31.46896925988133, 0.5739858585056798, 0.9250259850447309, [1]
-33.183975530908455, 0.593395386907604, 0.8659525584075566, [1]
-32.30061852220574, 0.5879428618356516, 1.3841412124246066, [1]
-31.46112481552241, 0.4546149178393214, 0.5794031087429875, [1]
-33.473308912092044, 0.4589625019927961, 1.530763471594574, [0]
-32.42057682738341, 0.5816646806604928, 0.8208142041373063, [1]
-32.37446969823642, 0.6416110158247053, 1.4017548110334577, [0]
-32.916105981741964, 0.7023025817272561, 0.9457814214900981, [1]
-33.18786723629027, 0.49715750676983106, 0.8948463671418613, [0]
-33.72152857471425, 0.5163944417932738, 0.760778289291493, [0]
-32.45760457960854, 0.5603107032088602, 1.507447969711392, [1]
-33.137569780526064, 0.6320122417203524, 1.08795455602965, [1]
-32.23967753870576, 0.6597850872008115, 1.002587512561841, [0]
-33.02496157771647, 0.4248198654054378, 1.0485711629221417, [0]
-33.71701921344467, 0.3939872265503912, 0.8668398473354559, [0]
-32.09759580610967, 0.6961491227229484, 1.05850591722926, [0]
-32.29653852172338, 0.5983171223704181, 1.0119069831745355, [0]
-32.055950614010385, 0.6335653656023061, 0.9362676159171324, [0]
-31.53174230786657, 0.6102967383778886, 1.4077917819907713, [1]
-32.6277936188511, 0.6900556177819754, 1.834911339169814, [0]
-32.24513407195777, 0.6424532359814302, 1.1012813514846231, [0]
-33.83015439856541, 0.7227537228264587, 1.3330612894597245, [1]
-32.690583540981784, 0.673635453281783, 0.7827218246183758, [0]
-31.320637229519413, 0.6596495728624382, 0.7044772010373567, [0]
-32.207242990267105, 0.346442966704425, 0.5383576159730133, [0]
-33.44508552214015, 0.637942533577573, 0.9951129534625114, [1]
-33.08387456201522, 0.5248356998739151, 1.2811460915421926, [1]
-32.96437731028108, 0.6420800806831233, 1.207720258814006, [0]
-31.807287772072044, 0.4307791067005019, 1.3050133256852432, [0]
-31.898783324937177, 0.6111697988801132, 1.045938911001481, [1]
-35.01209010015779, 0.7461085898652262, 1.6272775548425857, [0]
-33.29699159553076, 0.5105081288859039, 1.1374006714685532, [1]
-32.32692870986349, 0.8185261389472489, 1.4747184982894035, [0]
-32.42036182177035, 0.7623424656573847, 1.2757022801499507, [0]
-32.1358764067833, 0.6413223199828634, 1.0028177825999591, [0]
-33.839902015187214, 0.6958601950157512, 1.0717406052256662, [1]
-32.392113299379524, 0.4939547455477938, 1.4905733404586643, [0]
-31.183919586738703, 0.7306093473891105, 0.9648704430741903, [0]
-33.382836608075756, 0.502974791370207, 0.7640029781318352, [0]
-31.602586577344056, 0.689580470787356, 0.7649171852917821, [0]
-32.44067246062806, 0.16401634444399654, 0.39355615437093266, [1]
-32.72323772719931, 0.4394251079905745, 0.8083649744249308, [0]
-33.1686135035912, 0.317413317876519, 1.060972921137034, [1]
-34.1202314060771, 0.6001707074855052, 1.0900821366140858, [0]
-31.956462909277693, 0.6163319650368482, 0.9978756354070726, [1]
-32.78815511176826, 0.5697802150068317, 0.7122970808240334, [0]
-30.858179016685003, 0.7451572935003113, 1.1486382058767561, [0]
-32.447032243894746, 0.5963406596165536, 1.0164493695625185, [0]
-32.40813279619034, 0.6100600157516536, 0.9985029492820356, [0]
-31.97432833479841, 0.41829122037402905, 0.5673667300455587, [1]
-31.866930775035186, 0.6089252998194647, 0.966236455063965, [0]
-31.84791803028154, 0.5217272272955279, 1.1425272496854648, [0]
-31.38075787600106, 0.5715192713660397, 1.2978328314392202, [0]
-33.33898301694401, 0.6404352428817903, 0.7112516484379827, [1]
-33.23356386842654, 0.577249789677584, 0.6709750890178683, [0]
-32.84538896175182, 0.7158505067079678, 1.7397244556422404, [0]
-32.892279956475214, 0.5447040533293641, 0.869912947530788, [0]
-30.39425155079826, 0.7583738852332675, 1.0503291616351482, [0]
-31.555999524673776, 0.4892401817839331, 0.306619711759874, [1]
-32.94891642496574, 0.6841265722591016, 0.959751761846962, [0]
-32.78900989728926, 0.7053966203992409, 0.22107745861567385, [1]
-32.02054126858822, 0.7436248441459772, 1.0058857640380525, [0]
-31.246455106104534, 0.6261026567086749, 1.5223590629070358, [1]
-31.48995640920745, 0.7648588762823414, 1.2452184606149064, [1]
-32.813191477184354, 0.4359731920471861, 1.0872081236059121, [0]
-31.953927059456255, 0.5483301677852772, 1.1657487399531288, [0]
-30.940299587453726, 0.5219078552259129, 1.2929811420892259, [1]
-32.58630786410073, 0.5853011568429167, 1.0645621767782603, [1]
-32.30263582685108, 0.7521932049701673, 0.7722680577379657, [0]
-32.474146947511784, 0.7974864074893407, 1.0891562093923244, [0]
-31.205685228540894, 0.7446200410558085, 0.935877213192551, [0]
-33.271952248705766, 0.3266399855280414, 0.8927718702296861, [1]
-33.26497784602459, 0.5766065074238784, 1.2132243209288336, [0]
-33.470622884067566, 0.48585490706832074, 1.4028446234021577, [0]
-32.91549448491892, 0.8495345167593994, 0.9557031143565033, [0]
-30.581277440905147, 0.7940350974757567, 0.9129202942725064, [0]
-32.22759061945691, 0.42599991373033413, 0.8600385461628268, [1]
-31.971085907710155, 0.6121740174745279, 1.0319290889166217, [1]
-32.94876068865631, 0.5988284251830136, 0.998720271838301, [0]
-31.584831695086148, 0.6344297544232429, 0.7271932313566483, [1]
-32.205569064966696, 0.5873499379680495, 1.3108251157344832, [0]
-33.314917636026145, 0.6410565966607663, 0.6194954205735004, [0]
-32.541355318689455, 0.7475347190180827, 0.7422480600013713, [0]
-31.941670059842117, 0.6591944969569472, 1.2936872048427643, [1]
-33.21164733732467, 0.7283405525675608, 0.7112243727747817, [1]
-32.260917710477656, 0.5581734481667262, 1.3011547719522356, [0]
-31.818677416734594, 0.6799618941845185, 0.8139586305973492, [1]
-33.054437179680896, 0.8740969220038884, 1.0539458715166903, [1]
-31.32286927557954, 0.47047694973760734, 0.7674260082564418, [0]
-31.76690817019321, 0.5485662217723248, 1.2956224400982994, [0]
-32.425921061295014, 0.6653333440015454, 1.2987979235131388, [0]
-30.36207528049433, 0.7751010400109096, 1.4226703124236033, [1]
-33.11273794999579, 0.7804636291792821, 1.1019047926127568, [0]
-33.032750092543445, 0.4306568838708478, 1.3065263425267322, [1]
-32.14187748333274, 0.5828799604650394, 1.1019464464551905, [1]
-32.74282002729006, 0.5798920646150841, 1.0757350296424266, [0]
-32.50816111415551, 0.612872690068676, 1.0809024636141702, [0]
-32.60728443746973, 0.5877656131286786, 1.2298720758312003, [1]
-33.475548837314456, 0.7623839210998317, 1.2337049180370714, [0]
-31.185053353801464, 0.7543011415127663, 0.9761400637845767, [0]
-33.0570536690725, 0.30783923003230707, 1.002382434445076, [1]
-30.37441127426693, 0.45557799295927304, 1.4111029937734303, [0]
-32.27017568262411, 0.6993196688343241, 0.43905915962172165, [0]
-33.20410055813251, 0.5955147961888663, 1.1667638492804533, [1]
-32.366173575760655, 0.6637547538871118, 0.8523261629556969, [0]
-34.263225459163735, 0.6692011906790077, 1.0487030229036223, [1]
-31.923107646805345, 0.4379210548904924, 0.7500194694401786, [1]
-31.24438496217816, 0.7466135231499639, 0.738534020736865, [0]
-32.376394003209086, 0.38305382082324857, 0.9071382859151309, [1]
-32.51336453776351, 0.4963733151037106, 1.2234334134381835, [0]
-31.82806887609171, 0.5183713349025181, 1.0197696495517765, [1]
-33.17364475641289, 0.6259981437447162, 0.8921128929865796, [1]
-33.55523787331838, 0.533510632961114, 0.9490639301423691, [1]
-31.681360653935766, 0.6294335813640768, 0.8243079028257614, [0]
-33.688731144345375, 0.6577057505878228, 0.9752885777092877, [0]
-31.93454601224957, 0.729314622265825, 1.0204434246690193, [1]
-31.6782667507426, 0.6792498112751357, 1.201154139297023, [0]
-31.289779075639842, 0.660014995789416, 1.2192753588310339, [0]
-31.980855172062306, 0.742536702302538, 1.3768247853209266, [0]
-34.245154938328604, 0.6628049399336072, 0.3412261838469807, [1]
-31.42607275066015, 0.5899733450141083, 1.4509931277397428, [0]
-32.14606235175138, 0.5083590414127903, 0.4665212823894094, [1]
-32.0719348880604, 0.6974422048884994, 1.0665506036846824, [0]
-31.075260996080825, 0.7178716683263187, 1.5443119916610608, [0]
-32.71559040766985, 0.46195501083335494, 0.7320492405150646, [0]
-31.3758660902672, 0.4613750907334116, 0.9598071982643783, [1]
-32.70735916121709, 0.9172586484512828, 0.6958249521074772, [1]
-33.34198224916823, 0.2968662479755234, 0.8011307819295588, [0]
-32.91108918462572, 0.8448800115842269, 0.9700365597463272, [0]
-35.174073547992315, 0.3861333051073621, 1.1012411549954844, [0]
-33.34273425032074, 0.5886474890555806, 0.9848610649353673, [1]
-32.9334961972885, 0.49184375355622023, 0.4050994505051005, [0]
-33.410378447309014, 0.474708154079997, 1.475396056211756, [1]
-33.69225223655908, 0.5867434901534123, 0.6620734878658696, [1]
-32.105136413042395, 0.460399480750755, 0.7748154080232985, [0]
-31.54617470279997, 0.6146522101464227, 0.8183685584169136, [0]
-32.41517052604756, 0.5215851272723461, 1.3632570147737098, [1]
-31.671672588781497, 0.678498412091959, 1.1043973277342842, [1]
-32.66929033468222, 0.5854704195624832, 1.5507229368315916, [1]
-32.935387807404176, 0.42806877583961905, 0.9253229689317897, [1]
-32.121833461169324, 0.7670578192414639, 1.4259692193462885, [1]
-32.92940818141484, 0.723869938544864, 0.6287235315175348, [0]
-32.61442052793028, 0.551561203685949, 1.7136978681078667, [1]
-32.396026588507745, 0.5218381263374481, 0.4491392637384507, [0]
-33.26054002365788, 0.5128966120087277, 1.2127216851550275, [1]
-33.52111688246782, 0.7323205087067512, 1.1704049730873434, [1]
-32.309315625110166, 0.4305507206230326, 0.5597854700607052, [0]
-32.46614644051654, 0.6121327825564935, 1.122188462873985, [0]
-32.67754336235254, 0.5712022668937691, 1.1523491478182417, [0]
-31.62709454674735, 0.6501369830977511, 1.4205364506361295, [1]
-30.617445315997827, 0.6512330697013758, 0.734811231923598, [1]
-32.31222076145262, 0.6615870920570137, 1.3772231632763259, [1]
-32.20320639339904, 0.598194113127503, 0.5323876425145958, [1]
-32.180062120595124, 0.8316079208231979, 0.7107559172073845, [0]
-31.788902423744254, 0.6205301939791843, 0.9733559168228549, [1]
-32.927245239901644, 0.6257664533932378, 0.8304956102701102, [1]
-31.98106188893841, 0.42181473581798823, 1.3917474205158349, [1]
-33.67645997557218, 0.8131122120889825, 1.0161850687694338, [1]
-31.37191847667612, 0.8181260733760358, 0.8042134303039107, [1]
-32.3218983575965, 0.5261636271976367, 1.1908521388025737, [1]
-32.29313960037893, 0.5618676903976109, 1.194989671727429, [0]
-32.056610106046456, 0.5876987835341738, 0.8749417430090791, [1]
-31.546719050401478, 0.5022905722832406, 1.2218596287161765, [1]
-32.66023381898124, 0.41857687706492114, 0.6872719107688279, [0]
-32.95270670040352, 0.5493103700528332, 0.6915020467907453, [1]
-32.35535519642818, 0.8945428247842239, -0.012543289179384152, [0]
-31.522649607101243, 0.5258979409496787, 0.7409872858186192, [0]
-32.57011427162287, 0.7967435330233597, -0.17706113577186802, [1]
-33.07080705413011, 0.8299252397013391, 1.1847955003034114, [0]
-32.05857304987671, 0.4707004236373058, 1.2268173992712035, [0]
-34.07822997028069, 0.6479182772136072, 1.1859900925154259, [1]
-33.40767549845885, 0.7453376968722369, 1.4716943325716556, [1]
-32.8710455856702, 0.4483329226064333, 0.8271533088534564, [1]
-31.71895137931768, 0.5749883028097769, 1.5325209094374133, [0]
-31.600862205949202, 0.6223471584342669, 0.8445386831551194, [0]
-33.172167523477825, 0.6713629358475377, 0.9260725326148515, [0]
-30.9583084805896, 0.9840181600300957, 0.8873050068241923, [1]
-32.96645590746742, 0.47106218686299867, 1.1393619960176893, [1]
-32.52380736146359, 0.7911770608481592, 1.0522048212965391, [0]
-32.75286141843961, 0.5517347577063525, 0.6766817132031897, [0]
-32.31547533083007, 0.8140979010469283, 0.9929188963115038, [1]
-32.31072785979356, 0.6852092612278221, 1.3004200597147166, [0]
-32.17233819461597, 0.9044509357107349, 1.3272080442681262, [1]
-34.83886906882046, 0.5007219884675598, 1.1847176796120489, [0]
-31.835277250714427, 0.7243971610389808, 1.1681628861514037, [1]
-33.3897507872601, 0.5195510513852547, 1.125970273782873, [1]
-34.22996440123329, 0.6634575513986256, 1.2790778828671674, [0]
-32.54734821584462, 0.690309681868962, 1.0550792253865855, [0]
-32.85081623753106, 0.7756376715035661, 0.04185594216961983, [1]
-31.424809346346603, 0.4192906606534491, 0.5558682852435058, [1]
-32.018363927321474, 0.5474006189988527, 0.9006428316349617, [1]
-31.891224523795874, 0.7515883705614708, 0.676980462810486, [1]
-33.238822707628756, 0.6440543105916207, 1.2273586843497646, [0]
-31.790603685440043, 0.5658109186032165, 0.5798444316483402, [1]
-31.91191578886149, 0.771176406348458, 0.929127865366307, [1]
-32.58018696075733, 0.6444200555987152, 0.9754302215461907, [1]
-32.73243816303048, 0.7183594637305138, 1.138298229669406, [0]
-31.48913872857356, 0.6810205446184395, 1.4700716464618384, [0]
-33.25816674489626, 0.47552206421543347, 1.0367494525358296, [0]
-32.615239232045255, 0.8933716409143442, 0.8608615427483968, [1]
-33.3060612974, 0.43746258899049245, 0.8018215729434094, [1]
-31.435004353428056, 0.49860271022685565, 1.0545885560607369, [0]
-32.564050426977005, 0.8174069134559439, 0.8415144556682255, [0]
-32.88481973076353, 0.731878572372406, 0.8074039578283396, [0]
-32.861770251602415, 0.4696521281321604, 0.3094449670542814, [1]
-32.425194527023, 0.6796794588229099, 1.2388962702526598, [0]
-32.502732281057604, 0.6738122385475234, 0.7628102096403764, [0]
-31.50636398449781, 0.7228504740443438, 1.0313300560441165, [1]
-32.44384242369438, 0.4701651074981255, 0.99524721348212, [1]
-31.86433548241078, 0.5992756586259985, 1.0162585876337094, [0]
-32.97660209348923, 0.43566321546859643, 0.7846510893278636, [0]
-31.031970872549095, 0.5777397340031721, 1.482004493588767, [0]
-31.750456067507923, 0.7161400036928796, 1.0545135727362578, [1]
-30.543472401604024, 0.7766053309749569, 0.9390383934134268, [0]
-35.26083180971432, 0.7491593850072661, 0.7802363894939841, [1]
-32.74842624983406, 0.6277162524138596, 1.1715953274152582, [0]
-33.66920028784658, 0.5249700410869101, 0.6075930059309067, [1]
-32.68435456495561, 0.5958894043762537, 1.4751498257257085, [1]
-32.87474172988882, 0.4229558096636315, 1.0370684546171267, [0]
-31.600388398813372, 0.6927471664171824, 0.860342613757422, [0]
-32.961636447182144, 0.5752429806306335, 1.4328827694195385, [0]
-32.11646192028146, 0.6546476928771296, 1.1161826652482325, [0]
-33.78587938542015, 0.6203746651568336, 0.8682706105069019, [1]
-32.76506192352571, 0.3418293799627966, 0.9311186410958541, [0]
-32.37221449100325, 0.6003888410447615, 1.7759182119424373, [1]
-33.70481786324636, 0.5237876706866822, 0.641085580081226, [0]
-32.364876345601004, 0.794019766410245, 0.9153345644836473, [0]
-32.232141912084025, 0.7215199473201624, 1.4000774331958854, [1]
-30.57352975933613, 0.6543096795672975, 1.2914231260777886, [1]
-31.842192393312303, 0.3923734040896735, 1.0467225395205664, [1]
-34.22909599747163, 0.45659009265491735, 1.1990380407059322, [1]
-31.55153541238602, 0.8498465773034412, 0.8730690416628638, [0]
-31.773537593697387, 0.6092231232736022, 1.3018681183001717, [1]
-33.5951789518947, 0.722570025317297, 0.6650231411522494, [1]
-31.184704772122554, 0.5473134640297854, 1.1224722238557094, [0]
-33.242887000473594, 0.8604765404499488, 0.4831647686877247, [0]
-33.37909503755912, 0.6399394466650521, 1.4014849015851185, [0]
-32.184982486268446, 0.9881685932271274, 1.0454812506267273, [1]
-31.478934880074295, 0.8302923505368919, 0.919494648481037, [1]
-33.802609245427284, 0.7142707287896188, 0.8368318624250716, [0]
-31.20625007802931, 0.691924204404889, 1.5204398422363743, [0]
-31.47534124843742, 0.6841740343241293, 0.1030390302521938, [1]
-32.94154451058759, 0.49547281730570236, 1.1438283730284553, [0]
-31.382546476365366, 0.4743164156597857, 0.9979368794043919, [1]
-34.32254467992573, 0.6355414666621886, 1.1449759049699455, [0]
-31.661484210220962, 0.6610720639857451, 0.8131438888563096, [0]
-31.77469174991193, 0.4894711839518768, 1.1203862552482544, [1]
-31.69044433215378, 0.5963220363796555, 1.5064021004604213, [1]
-32.284783449078276, 0.8449430397901778, 0.9435004554111092, [0]
-31.94475300531332, 0.7379697792264384, 0.9913033724779948, [1]
-32.146157586847096, 0.5888331658574875, 1.0856658966239339, [1]
-33.2971857513065, 0.6112793790525142, 0.8861220341734913, [0]
-31.57343015370073, 0.7016675855980093, 0.7164132620225425, [0]
-31.45961384245125, 0.49295345003399255, 1.0929172617451732, [0]
-32.03168873282747, 0.598985630206988, 1.3283514949022341, [1]
-32.18574688433447, 0.6576208551117636, 1.205728553814206, [0]
-32.40138446081189, 0.9766311839348212, 0.9434331603631978, [0]
-33.64933594922051, 0.7761083594987769, 1.1450050490526542, [0]
-33.054290180391234, 0.7640264368040895, 0.76322503684159, [0]
-32.16832711090493, 0.6946112149959236, 1.0398758138367208, [1]
-31.482173102144028, 0.6115698445102515, 0.8068769010446317, [0]
-32.23076318490753, 0.6200306504668595, 0.7219769709720302, [1]
-34.268680136437375, 0.5214783550558248, 0.6539573006436308, [1]
-34.24941646973203, 0.4967630396173085, 0.7638825378375292, [0]
-33.08598969836593, 0.5735075592948627, 1.2042704529798884, [1]
-32.24165296718014, 0.4192967370543278, 0.8044281076155804, [0]
-31.454722562054133, 0.4047410868520687, 0.9112412077911144, [1]
-30.874489878561928, 0.5847902195439242, 1.2253776224203596, [1]
-32.84694864293244, 0.7127072602354796, 0.9015152130174988, [1]
-33.585748312201076, 0.7116980406935094, 0.9470696383951892, [1]
-31.64320905683676, 0.5159757311466895, 1.1544684813858719, [1]
-33.33814870897919, 0.7909800949708907, 0.9343060099128327, [1]
-32.436887466958474, 0.44732037153190846, 1.1819115754183958, [0]
-32.06896926159796, 0.8629972574923096, 1.069997983761338, [1]
-33.16064321024717, 0.6736882708943098, 1.0598419977535107, [0]
-31.898348021094787, 0.6715829632341057, 1.3986512562460904, [0]
-32.440772826359506, 0.560437993022412, 1.2075530972466946, [0]
-32.95302261883172, 0.5749125907276079, 0.8900769813986882, [1]
-33.683892448500664, 0.5785775086905379, 1.2453677790864393, [1]
-30.463408290725656, 0.6341143774410274, 0.9977069156717158, [1]
-32.079291089382906, 0.8595694676093641, 0.572890630240331, [1]
-31.420363988241647, 0.7856017731611845, 1.2567703063390254, [1]
-33.600837605332345, 0.5617215736088472, 0.5247710309607782, [0]
-31.864572531864592, 0.8693492680308677, 0.9960395152981543, [0]
-32.97867618353669, 0.6796198419416869, 1.2144253606834696, [1]
-32.44821713202121, 0.7192339102558906, 1.1937402479857173, [1]
-33.28032957869177, 0.5988796301086541, 1.226251064700388, [1]
-31.887463070271753, 0.421564849971073, 1.3353006376441134, [0]
-32.233251953661814, 0.4632179862730861, 0.9680291143654282, [0]
-31.820302079180166, 0.4709853387002782, 0.621862673551646, [1]
-32.874435830531255, 0.5911946760268708, 1.334311095572992, [1]
-31.515771203497422, 0.31551923761846734, 0.7042213119893548, [1]
-31.791325075789448, 0.5863241392686529, 1.5681171579827364, [0]
-32.33015344690073, 1.07753350462516, 1.0010516131054594, [1]
-31.5566834899529, 0.6496247264033586, 1.1146534353640407, [0]
-32.6020829403536, 0.9532606114256443, 1.0236310130086315, [1]
-32.04097572243433, 0.7077847559660522, 0.8855023472574006, [0]
-34.219761715499345, 0.40805822696581906, 0.5244491247205095, [0]
-32.01400626660181, 0.5676566305223769, 0.5179242263225603, [1]
-33.12225808013383, 0.7989247732368984, 0.9051690319865533, [0]
-33.64535767333992, 0.7726706105072045, 1.1362582137454575, [0]
-32.06627766109396, 0.5827478670874661, 0.7825029195614253, [1]
-32.62813876657084, 0.7315334819541159, 1.004703181779414, [1]
-33.07416070092525, 0.506661449080638, 0.8298741381549183, [1]
-31.72085812929163, 0.6541669587521284, 1.2778654296768703, [0]
-32.404768840971606, 0.6489133213444647, 1.0801962974059236, [1]
-33.23344917057991, 0.5466757946287247, 1.3027616211460193, [1]
-31.704582666495913, 0.4733508596075003, 0.8030261623840336, [1]
-31.41633879513603, 0.7114982192466578, 0.9315059701137491, [0]
-32.27170080896433, 0.6773238791150208, 1.0422942073517318, [0]
-32.358429966463724, 0.593934573218335, 1.1589112594873607, [1]
-33.63430491504935, 0.8832005431660823, 1.140128163533227, [1]
-33.04861408380716, 0.6019461850987504, 0.5107416349712633, [1]
-31.900801578771308, 0.46192844595149013, 0.760984039457216, [1]
-32.21316570935321, 0.6785570034013404, 1.3910615911150988, [1]
-31.791106302249144, 0.4640510195824502, 1.4499921719104893, [1]
-31.45834885821574, 0.5163636316532382, 0.7093258055077043, [0]
-32.8636047448375, 0.43985604835540815, 1.067594144247576, [1]
-32.264976747696664, 0.25141371951232155, 0.9963205504029033, [0]
-31.8902101270675, 0.59959213901928, 0.918247883828206, [0]
-32.05534724781852, 0.5526624265315524, 0.7903042827580465, [0]
-32.728878847025776, 0.7951851462025049, 1.3198534212500515, [1]
-31.80798909445042, 0.7016400814148941, 1.258959582010786, [1]
-31.427317339646834, 0.6986261581856248, 1.1150823272035104, [0]
-31.495349194854548, 0.8111191850750048, 0.7056152643320224, [1]
-34.14562612219406, 0.7648872433081408, 0.4957391709867842, [1]
-32.02301102311325, 0.5188104280734716, 0.6578098012202366, [1]
-32.16004399903656, 0.49512397740219755, 1.1678797935336764, [1]
-32.11954683688837, 0.6128372364280135, 1.5234095017634728, [0]
-32.717016731067666, 0.6171343067724435, 1.2085998198560368, [1]
-31.742160131964418, 0.46110257056080994, 0.865657370186704, [0]
-31.89068496203952, 0.6581140906709562, 1.1430534142095359, [0]
-33.55726542463456, 0.6352979036078856, 1.0147655023632798, [0]
-32.056935618495224, 0.47557289097760136, 0.7391672255690026, [1]
-32.49696269065415, 0.6132132652344464, 0.4543276662888662, [1]
-34.01053230655459, 0.6274516632295535, 1.0124173832600367, [0]
-32.24871240305803, 0.6804441615272897, 1.1081878337382531, [0]
-32.84661955019514, 0.5696994778631104, 0.9959267237208853, [0]
-34.1004140927471, 0.794537839521433, 1.1805748718753524, [0]
-32.277205313506514, 0.7346401656534436, 0.9671863424917336, [0]
-31.84074937466418, 0.8273528067332094, 0.8844571532723324, [1]
-34.39185170667234, 0.6526818126601812, 1.220053128081171, [1]
-32.25627099149361, 0.6539497265578528, 1.4263288152861584, [0]
-32.115371075983546, 0.3180809964814, 0.7522463905246463, [1]
-32.64534161762044, 0.5243104788023225, 1.0677718259985929, [1]
-30.942869305001896, 0.7095682613314965, 1.0903176663730614, [1]
-31.071129333684485, 0.6527193011438437, 1.1000820033033862, [0]
-33.645338211961715, 0.5502781753747391, 0.9019272725092647, [0]
-32.41713159580979, 0.6392104241028387, 0.7486194566604794, [1]
-32.134598991867676, 0.5464651783116542, 1.6010585893445528, [1]
-32.11399217167442, 0.6245726053101182, 0.6997179757437213, [0]
-32.651679779932095, 0.5220129214190927, 1.5710971682296784, [1]
-31.966707805558826, 0.5821351780657174, 1.616367606093674, [1]
-34.087012025896684, 0.5396329467978801, 1.1748655063068567, [1]
-32.79256013288802, 0.5390154374011369, 0.713119093126886, [1]
-31.448715109534486, 0.5112184323848608, 1.0414836966938066, [0]
-32.72854181873618, 0.7881945883911439, 1.3845066104558503, [0]
-32.93006934183155, 0.6722711560882693, 1.16560595855325, [1]
-33.68375022151636, 0.6777619125878127, 1.0556707555757219, [1]
-31.639503565707223, 0.6784797289703614, 0.9960177909443121, [0]
-32.30293398514876, 0.8047618430112126, 1.138745820149319, [0]
-33.84692800745432, 0.6787624933219802, 1.4202045435797679, [0]
-31.834857207231774, 0.5992738011220576, 0.834207952512408, [0]
-31.193969356413415, 0.6195398991521016, 0.9285983413825438, [1]
-33.73848740110377, 0.6412583659320402, 0.6512074089436529, [1]
-32.55549236974064, 0.7069444844397793, 0.8201316183729407, [1]
-33.95878249338836, 0.5259250478196574, 0.1670841104208898, [1]
-32.68960277660256, 0.5620641100422401, 0.8489334956255585, [1]
-31.57795535235236, 0.6967836451293483, 0.5247433364153837, [1]
-32.1047472492341, 0.7432072853230085, 1.253002400746435, [0]
-32.39082365116854, 0.5882667774365358, 1.13579554102632, [1]
-32.203447795361576, 0.5227288938789526, 1.1347513651496755, [0]
-31.602726806362185, 0.2623281033497662, 0.7297610109328445, [1]
-31.02988372323691, 0.5276606041001976, 1.0100307491272562, [0]
-31.01281185497077, 0.6212451693721095, 0.8840975232646116, [0]
-32.39193190016145, 0.5385514314857782, 1.127856297444903, [1]
-31.680162123460573, 0.6127599564424762, 1.3189113557682264, [1]
-31.710205475374902, 0.5943196174596791, 1.0320879000025063, [0]
-32.17623755301496, 0.5633877202403067, 1.606479354740634, [1]
-32.529646330362596, 0.6942427444978477, 0.5865404571710622, [1]
-32.27774246328412, 0.6265204285673488, 0.7815443163646105, [0]
-30.724082418057137, 0.6449483135402758, 0.8922689393099671, [1]
-31.70949939583887, 0.5924679585322001, 1.2892932788502687, [0]
-31.05827952872788, 0.7744952131471172, 1.4513538828927104, [1]
-31.913993759906894, 0.6762513734857387, 1.2755175248390018, [0]
-32.326359895229245, 0.6211818668589214, 1.091499732098474, [1]
-32.716018789250924, 0.6684370998005144, 1.0153781867913336, [0]
-32.12323408681075, 1.0502098901352785, 0.8931361415097786, [0]
-31.769308040363995, 0.6819324163517344, 1.2430732157636435, [0]
-32.068545206582726, 0.6161644046841244, 0.9146384831124784, [1]
-31.870629755633594, 0.7742891293062634, 1.0506557843123476, [0]
-33.35685504939743, 0.7139157014840727, 0.3356783147762191, [0]
-31.712492175494813, 0.7036458890902659, 0.9695469542152569, [0]
-30.60708822793707, 0.4933016725237733, 0.6559863065105275, [1]
-32.29767643813304, 0.5816638536302846, 1.3962882684315163, [1]
-32.259453476621125, 0.4151615050419405, 0.536670729935637, [0]
-33.991123299176515, 0.7522954602248211, 1.3494524700625044, [0]
-32.318717977387635, 0.8203129438517451, 1.1285245861003428, [1]
-34.249855787462245, 0.4378410066851, 0.8419593722778866, [0]
-31.65038325009136, 0.5485128154201186, 0.7879292774280585, [1]
-32.017587063873464, 0.9273342252371486, 0.991477660866701, [1]
-31.09411979479319, 0.5192440811780787, 0.8392001120427395, [0]
-30.448255574525934, 0.6436882389299363, 1.273530377956043, [1]
-32.202853354836094, 0.5555798094472786, 0.9891829561899024, [1]
-32.40607351628166, 0.529359695663313, 0.8140327099986406, [1]
-32.375924981106756, 0.4545776258225223, 0.8810893723643434, [1]
-31.935060732882146, 0.8476245701088572, 0.6730798343538968, [0]
-33.28514463611926, 0.7100101819499519, 1.0986614200252562, [0]
-31.83743136804494, 0.7209386154871225, 1.0241622841097147, [0]
-32.33797093353772, 0.5338133445862348, 1.1215259001150264, [1]
-32.280199064991095, 0.7863984854025983, 1.0904652444957483, [0]
-32.885338783217776, 0.6107497410505092, -0.027472068992896836, [1]
-32.5242604036428, 0.5894201026817691, 1.0121863988456772, [1]
-32.006084894665754, 0.47581769654340256, 0.8081962388918688, [0]
-31.18333279840539, 0.48065039513653485, 1.0197786112369036, [1]
-31.744638604898043, 0.5059886618370336, 0.70334136434848, [0]
-33.41659142292978, 0.4832198823781364, 1.0851281084303623, [1]
-31.45348800218199, 0.7005702913599086, 1.0588724480153948, [1]
-32.13138593718361, 0.7062768076746992, 1.600432325720117, [1]
-31.09867300802425, 0.44726430690381525, 0.974147437189622, [1]
-32.017950832401176, 0.6780983768844447, 1.0208753137210702, [0]
-35.20402670546419, 0.4822237378593927, 0.8527901143420272, [0]
-30.99790566510159, 0.6884038051365343, 0.7352257181247878, [0]
-32.45447288002724, 0.6514782768982552, 1.1225733341502442, [1]
-33.23193821636837, 0.6552984831758571, 0.959049787063444, [0]
-33.02791305647062, 0.672028447759977, 1.1362645616504148, [0]
-32.75310707576616, 0.48210350947715064, 0.8726535113288889, [0]
-33.70271327676104, 0.5416071570116068, 0.9687173291381721, [0]
-32.16150556768755, 0.6178042617018754, 0.9821907217440909, [1]
-32.9801970414478, 0.6469591986395963, 0.5868263505477922, [1]
-31.780777449290806, 0.5768002877315356, 0.3973140022156491, [1]
-32.79637470321624, 0.6975829023119312, 0.3966095541143555, [1]
-34.555872215019434, 0.6754870882180608, 1.6247013078114052, [0]
-34.248819213346366, 0.5306533882160079, 1.447681087401548, [1]
-32.49116336679274, 0.8664554516283115, 0.7026087007726504, [0]
-32.53207349548798, 0.734969703372604, 1.2546311158039778, [0]
-31.662336684302385, 0.6162582352025585, 1.0045860390318746, [1]
-33.39212575556374, 0.9122909002231332, 1.2670778016982849, [1]
-32.1885574778816, 0.5437579491057302, 1.2329138486662838, [1]
-32.03989840197132, 0.8232993724519477, 1.2137868281803652, [1]
-31.76885992759482, 0.6422581199108859, 0.7592745971914616, [0]
-33.42136578048472, 0.5498861195830438, 1.0517528428015206, [0]
-32.51264554137532, 0.878666867398125, 1.2052839846522323, [1]
-32.969004377397454, 0.5116562872080773, 1.178272433419658, [0]
-31.806342040175245, 0.49760176398733114, 0.9743544595599745, [0]
-31.077755156038013, 0.5866444336216696, 0.6270163130261727, [1]
-31.937212599615194, 0.8197052587009839, 1.2792553271332021, [1]
-33.892508799868416, 0.7831038898240703, 1.4295903211851497, [0]
-32.04146260974639, 0.3357669011021845, 0.6069498089045714, [0]
-31.257032360090736, 0.942308328862715, 1.159978060959416, [0]
-33.475559441904394, 0.5626664677428057, 1.2705089433205488, [0]
-31.896788801377028, 0.7438341683007703, 0.6720992984583246, [1]
-32.78985287168921, 0.5210819406043595, 0.9276778216737179, [0]
-32.182009206610466, 0.5075250979783992, 1.2786285931582977, [0]
-33.061980131037494, 0.6284280804715089, 1.3342198397742957, [1]
-33.17738777720179, 0.6577731898718872, 1.6083285561374243, [0]
-31.194603019204088, 0.6854615771674878, 1.0505205948289054, [0]
-31.919232401071742, 0.7229414440975718, 0.7400153396571896, [1]
-32.823480850934466, 0.6198209105632284, 1.3544361868967014, [1]
-32.693620339817606, 0.6123515581533946, 1.253923695932229, [1]
-32.539635744092024, 0.6808625171807875, 1.15354628135578, [0]
-33.26334809422162, 0.39104415711073504, 1.0842113193301666, [1]
-31.472737858564493, 0.6013870427755688, 0.8481180249162831, [1]
-32.48745073936025, 0.6195229400326006, 1.1305075546747652, [1]
-32.98190165471869, 0.5970725618632716, 1.2217969915935325, [1]
-32.379589693415205, 0.6667416840126266, 0.9146719586942276, [0]
-33.04788022050477, 0.3722232712409974, 1.1898101207462148, [0]
-32.62282294004072, 0.5957088603352452, 0.4781078829854315, [0]
-32.1830850316865, 0.3366830272860624, 0.38000651695923415, [0]
-32.75833837573098, 0.5912939016560574, 0.7963512133347218, [1]
-32.80034067338612, 0.7635757631172715, 1.012879108929195, [0]
-33.51785443082262, 0.6851392058680202, 1.072147019527776, [1]
-31.73967044229668, 0.7173541815302116, 1.1040365750888657, [1]
-34.02423080159634, 0.967787974825427, 1.019582207302721, [1]
-31.467484522573027, 0.9921503980771346, 0.34621730412971025, [0]
-31.598196076715695, 0.5047412723993707, 0.8152077584296578, [0]
-32.01736493050924, 0.6426160029902809, 0.932743686084137, [1]
-31.668828616469096, 0.26185123292167733, 0.9135975624376766, [0]
-32.130925038899036, 0.647000873297985, 1.2109671790119236, [1]
-31.55474381657217, 0.7080869071464597, 1.0884671841196032, [1]
-31.5582214524068, 0.8223561373490134, 1.1118114912729358, [1]
-31.887158007785533, 0.5509703833238498, 1.1860880831287175, [0]
-33.044374034433844, 0.6974981515910716, 0.7510467152854143, [1]
-31.1785120652407, 0.7145966400095513, 1.1620356337030433, [0]
-33.33668619866524, 0.53391629987262, 1.2168802097175504, [0]
-34.07134759315969, 0.5950848895112872, 0.6910559995209267, [0]
-33.54383609666865, 0.5941964888142518, 0.7849078571358776, [1]
-33.28438594209386, 0.8018558223428096, 0.7536655144556013, [0]
-31.925484764464617, 0.5263356210945346, 1.1362577204180295, [1]
-31.788876330110526, 0.7746820901764175, 0.9142821076154828, [1]
-34.130660493747456, 0.5871124909304807, 0.976680148268289, [1]
-33.54262715050376, 0.7282135505571332, 1.147323186463192, [0]
-32.78422005400646, 0.483556792065524, 1.1717547754194633, [0]
-32.32722466216619, 0.663103929158292, 0.8258286280570724, [0]
-32.38844546501952, 0.565328543024427, 0.8259353662007571, [1]
-31.82372008859019, 0.5334199575364273, 1.1322111766165388, [0]
-32.700031366853246, 0.7130717161874366, 0.898811327613356, [0]
-32.78912616519057, 0.49053524696495887, 1.012828542046922, [1]
-31.958804139336795, 0.6318109350281426, 0.13172902574677847, [1]
-31.604265575050892, 0.5538880577953631, 0.6163585543217012, [0]
-32.2203418590863, 0.9061477481542759, 1.0947919742656154, [1]
-31.91047466012575, 0.5408032483210925, 1.348139374876035, [1]
-32.54122525834521, 0.8364203670386015, 0.9319366310057874, [0]
-30.859168103159707, 0.6101299748806781, 0.782628680580285, [1]
-32.936196197651945, 0.5930575125160705, 0.8344613884976007, [0]
-32.774834066140514, 0.7234595632745147, 0.9043160244291049, [0]
-34.31355103455076, 0.51263539464471, 0.6487333315146777, [1]
-31.168269359336183, 0.5371707768086196, 1.120402443548598, [1]
-33.166974232048155, 0.6622782814127598, 1.4099667952973405, [0]
-34.39502205384331, 0.6463611945926047, 1.2941196634186996, [0]
-33.63948863558148, 0.6866448815777022, 0.608777747773618, [1]
-32.816857913616744, 0.4900156853982088, 1.5034597726646581, [1]
-33.56444524288759, 0.31187754338683565, 0.6064366821567302, [0]
-33.268491721597165, 0.9050150514364035, 0.9384443582401046, [0]
-33.064336670266265, 0.5226260168726242, 1.7712334744942995, [0]
-32.489616711742, 0.5951692284775284, 0.8058132380824168, [1]
-32.25481246699081, 0.6991918059672233, 0.9581753883641105, [1]
-32.28862868809479, 0.6168605982752118, 1.0597574322437397, [1]
-32.28422788602857, 0.7575960331622955, 0.5885315390849628, [0]
-31.122794003159456, 0.8037423530487999, 0.7190576910950479, [0]
-32.46025639325689, 0.7427654248137041, 0.9986781486543559, [0]
-32.56855939925683, 0.6202520518594037, 1.0644165473626694, [0]
-32.4158695804268, 0.6808014701257139, 1.554558309504555, [0]
-31.568192288085278, 0.6112308120128114, 1.138492545007767, [0]
-34.16995744403498, 0.49165937720073943, 0.9245424510036135, [0]
-32.303028664285506, 0.641718400309908, 1.0454775936376317, [1]
-31.150813493185165, 0.6700361467468751, 0.9345899432126072, [1]
-32.42139023851071, 0.8868851444914747, 1.221300529452615, [1]
-32.00359535780398, 0.8100869337748704, 0.5667969533481908, [0]
-31.8547075039857, 0.6549393255377863, 0.8898338814928347, [0]
-31.78848683709908, 0.32429961304109933, 0.577131923683806, [1]
-31.45943342030671, 0.8640177103541872, 1.0971038683991612, [1]
-32.479861215389874, 0.27713939954508854, 0.2072512162351885, [1]
-32.37540596231577, 0.5396570779692595, 0.8574960128039953, [0]
-32.2436463649121, 0.5223549392319942, 1.0378902543916662, [1]
-31.678938025253277, 0.6738317318332623, 1.0365722556822723, [1]
-32.35716655333922, 0.5218931463658194, 0.581288553812493, [1]
-33.926897189311454, 0.4466840599012631, 1.4129362822203109, [1]
-31.251698077250705, 0.6053393415009962, 1.3598245105601237, [1]
-33.059904446999504, 0.34711606774071707, 0.7545215229089155, [0]
-31.693948631060486, 0.766485128616088, 0.7302273681001091, [0]
-31.878079658006605, 0.73113508819537, 1.3505185347277493, [0]
-32.41110924221461, 0.5393730177488237, 1.0958587823177541, [1]
-33.668486981247156, 0.5801346886057689, 0.6374674986847343, [0]
-31.976463442840938, 0.6023183189233129, 1.1808540842266342, [0]
-32.81219596016751, 0.6089410609177983, 0.9377851779029182, [1]
-32.9345815133676, 0.372608959938744, 1.4252312880166946, [0]
-33.112405720951564, 0.8351414329027524, 0.8160291583842657, [1]
-31.11099830523034, 0.644216309944913, 1.021609114164177, [1]
-31.56351168054101, 0.5965068676581342, 0.7497217335269177, [1]
-33.570847675829064, 0.786601491758664, 1.2132459381272214, [0]
-32.130920252856725, 0.6926021192841181, 1.1978607108311645, [0]
-32.571803057954604, 0.7372478563104974, 1.1221432042017363, [1]
-31.892385698346736, 0.785495496709941, 0.766049895157358, [1]
-32.268859939587145, 0.624267158138055, 0.9913564325110996, [0]
-31.552227726616906, 0.469362033214775, 0.8198163199798051, [0]
-34.26080688279467, 0.5889057243132844, 1.3226965428771678, [1]
-32.315486626115906, 0.703521793518954, 1.165885060188033, [1]
-32.07818230460004, 0.7203543959125293, 0.5978352317376627, [1]
-33.637539663312246, 0.6283288270224073, 1.5206260124701325, [1]
-32.049327639414564, 0.5436427328786875, 0.9717068106766076, [1]
-31.762722802403957, 0.7881375939662574, 0.9484468829551598, [0]
-33.415663772008706, 0.6847723766476376, 1.0688848796706338, [1]
-33.3916616790765, 0.6040763570256098, 1.353634939826826, [0]
-32.489954751716944, 0.6356467980427277, 1.1965975360342878, [1]
-32.31096381127269, 0.7070645169389862, 1.7195759763999927, [1]
-33.484748532027865, 0.5873675723947348, 0.9915740665778312, [1]
-32.02676939986894, 0.4055408023019461, 1.0827599981644451, [0]
-32.77198835656813, 0.8342063634313024, 1.135574661342229, [1]
-33.214754490626646, 0.43207099167360064, 1.049921207233021, [0]
-32.750327190107576, 0.5842633602458288, 1.0788676286363086, [0]
-31.058880919751488, 0.5184080648574645, 1.369039240716861, [0]
-34.23758856452841, 0.6395104419497004, 0.8037016317449657, [0]
-31.53258042610172, 0.5535016385734478, 0.7405816488594239, [1]
-32.186634295955706, 0.6470237927719158, 1.0943055279052545, [1]
-33.15012279178977, 0.6698188278198055, 1.1303110663459828, [0]
-33.31328161670059, 0.6077698615293026, 0.5623733126200547, [1]
-34.05515381787078, 0.36097804580367443, 0.8615457416703474, [1]
-32.6043744810604, 0.5160970994805425, 1.575433417508809, [1]
-33.51544423394, 0.33871944373157303, 0.9784511435589405, [1]
-32.47388149352314, 0.6041696112793691, 1.3303707351024725, [1]
-33.16449593486388, 0.6224528997764015, 1.117562738935946, [0]
-32.91249656367633, 0.43557986250739045, 0.5283970682251069, [0]
-32.31258163312462, 0.7434978105647638, 0.9583584332347211, [1]
-31.714291160178558, 0.7408771039235089, 0.9595669559207985, [1]
-33.34904592212667, 0.6292066907790065, 0.46236559656933707, [0]
-33.28396633967071, 0.5602316978031504, 1.3479187887791115, [1]
-32.96639186108038, 0.8497532835478413, 0.19874633463687255, [1]
-32.5357669270573, 0.528685842503751, 0.9370626747961399, [0]
-34.428744199207244, 0.6625874119857171, 1.359587155640579, [1]
-31.803856687073687, 0.6873568378974917, 0.7841713788091254, [0]
-31.965017914234974, 0.6423766130238266, 0.5594428459675329, [0]
-32.58065559764004, 0.7558194454197131, 1.3067492062366013, [1]
-32.33335077340517, 0.6180906752412124, 1.651834761476092, [1]
-32.88618896847509, 0.516622148369386, 1.0040158359357592, [1]
-31.054243453035802, 0.656700805190968, 0.9997245792874607, [1]
-31.55950149911535, 0.573631042328912, 1.2999117974608447, [1]
-32.78058103563608, 0.8874989493660181, 0.9767877488534525, [0]
-31.15584479093452, 0.6863456178087735, 0.4181505840134523, [0]
-32.46354577258012, 0.28658725959000914, 0.9803175739394631, [1]
-32.81823805555794, 0.7603504818175487, 1.493166316448311, [1]
-32.19574067565482, 0.577515690234414, 1.1306933469261504, [1]
-32.31243576348255, 0.49836639722565845, 0.9722090741562108, [1]
-32.492680389944354, 0.5861280882368959, 1.0542119766659277, [0]
-33.25715434727207, 0.6876136134862842, 0.8481135372197603, [0]
-32.225569378397665, 0.6743492145248289, 1.102930600538858, [1]
-32.27548968847791, 0.7787204844556139, 1.3565437183326199, [0]
-32.59277940091254, 0.5491899810991564, 1.2651225518917035, [1]
-31.84889634687201, 0.6424542203090667, 1.1347301822805715, [0]
-33.3489179940876, 0.490288935171632, 1.150672693647802, [0]
-33.474687028402236, 0.8306389651408546, 0.4060242281950228, [0]
-33.06062683210129, 0.6171809900964716, 1.051036438751386, [1]
-32.35176566694373, 0.5728161792365369, 0.933755209229852, [0]
-33.37461866121637, 0.5839757731812305, 1.0012899578511076, [1]
-31.966046081400805, 0.6674735857283514, 0.5805308885293434, [0]
-33.52853491945539, 0.5673822774430611, 1.131543704488415, [1]
-32.15507469058703, 0.7147173786623986, 1.2506019368544872, [0]
-33.1149812402057, 0.6303574040973446, 1.3048941611518965, [0]
-32.21472894450903, 0.5187194394612663, 1.1336073068583243, [0]
-32.097932848531556, 0.6514834166189565, 1.2238555297420852, [0]
-33.354364735383534, 0.44402055972976556, 1.4790076827659109, [0]
-31.740185975918507, 0.6888394133750945, 1.1338069775887525, [1]
-33.223350090713794, 0.5407478444211568, 1.3125097702951696, [1]
-31.468770195882072, 0.8042900360909585, 0.868538755948052, [0]
-31.630007543391464, 0.7783721438643209, 1.499188536747651, [0]
-32.23907140129291, 0.8495860631544789, 1.1163847351507414, [0]
-32.02018695362352, 0.5605291895045729, 1.0860279325580389, [0]
-33.00127642537683, 0.6104999715382097, 1.3606581148620083, [0]
-31.8250255060521, 0.5358472636787834, 1.2482523318904848, [1]
-32.058184290075864, 0.5069954120684511, 0.6409678840728065, [0]
-32.15720956115268, 0.6750172818741814, 1.2724721696032055, [0]
-31.61993250997007, 0.3942813831402342, 0.515991364778965, [0]
-32.49550853425763, 0.5453171686380974, 0.8480767808655727, [1]
-33.50576430043578, 0.5927006901489353, 0.9350275968322257, [0]
-32.78958105630875, 0.4297456868978092, 1.08529307139082, [0]
-32.610308510420744, 0.5747183869320135, 0.9660735028572217, [0]
-33.43839584910447, 0.8447643816129842, 0.8057837872650415, [1]
-33.05772066107402, 0.5320642116633914, 1.0577800261008574, [0]
-33.514485173684285, 0.7841674478213972, 1.3269247132570923, [1]
-32.14846307556021, 0.669550807590341, 1.4738780616545204, [1]
-33.36598902108664, 0.8382534527303642, 1.117170133941294, [1]
-32.88522028484465, 0.7417090343774455, 0.5303699696392746, [0]
-33.52480163260849, 0.4513320530836141, 1.2808179072239305, [0]
-33.26698034626983, 0.4601715504521199, 1.234441055583392, [0]
-31.494699927734253, 0.7815761354060867, 0.7198474309355714, [0]
-32.09346644972279, 0.7126318793016844, 1.287861368686703, [0]
-33.11307124799768, 0.6572238663353658, 0.8679132395187495, [1]
-33.17264810715961, 0.5260702100839425, 1.2093738942269727, [0]
-31.821909078670338, 0.4847300332818513, 0.6792533715249021, [1]
-31.415240656090607, 0.47947245738852295, 1.2979610836615454, [0]
-34.48688644975456, 0.6814815118572395, 1.2756416411586056, [0]
-35.43120493143198, 0.7252356263587693, 1.1162009029563476, [1]
-31.663574035026638, 0.6438717521234184, 1.1344600728590666, [1]
-33.10180108444532, 0.5847772295933653, 1.2083167819557936, [1]
