t=0.09511844000217473
logZ_t=-27.443810306188247
-34.42843206027998, 0.33830023551814975, 0.8796877771019395, [0]
-34.298667480889605, 0.718207442338489, 1.1598778540880677, [0]
-35.32825172952818, 0.6259944095939808, 1.1550942873211172, [1]
-34.38376304804501, 0.5374342623423052, 1.359886949222461, [1]
-35.42090840517363, 0.7613942427266502, 1.2880288839297265, [1]
-34.654181614268964, 0.4777325920833573, 0.8457452984143112, [1]
-34.88154430770259, 0.5045866179647841, 1.1091313026766416, [1]
-35.76974208403049, 0.6795544376468189, 0.4695689655757829, [0]
-34.19254485473772, 0.5402287335840081, 0.9878707645179801, [1]
-34.74488425619237, 0.6256873356067427, 0.7617105063609367, [0]
-33.46357506094221, 0.8335394909401065, 1.0272665915031245, [1]
-34.41406990621847, 0.5742206458140712, 1.0351326415696505, [0]
-34.31526913764363, 0.7260647891652581, 0.8077562222822392, [1]
-34.674037881640764, 0.5056786788872845, 0.8912843862965415, [0]
-34.731411799184244, 0.7427872294154576, 1.1394822759625232, [0]
-34.96614009215597, 0.5535460209840015, 0.4205452259156285, [1]
-34.484776918252464, 0.749544561166362, 1.2493721032744196, [1]
-33.02229484644817, 0.4760168229836008, 0.6912204594843805, [0]
-34.77539554165443, 0.8088704529168815, 1.05995321302264, [1]
-35.640890668839184, 0.5133303906558808, 1.179441846541071, [1]
-33.781896694424475, 0.5730701416188374, 1.2019932291173947, [1]
-36.09821915023867, 0.6832238946419857, 0.8846240212576452, [0]
-34.16119570435196, 0.8851071797868832, 0.8583123367551981, [0]
-34.06553372283783, 0.5024820829984512, 1.6487118752726246, [0]
-35.235380906361705, 0.6523341561075385, 1.1129274971664191, [0]
-33.532445354815344, 0.3860774540167533, 0.3981791019394742, [1]
-36.61826127703583, 0.6145109714074292, 1.1362521381484547, [0]
-34.666457228691534, 0.6137619565483955, 1.1374968622485482, [0]
-34.78777793144809, 0.5406932209669072, 1.2302868081207596, [1]
-35.96285881111957, 0.5805404624853707, 0.795102301734429, [1]
-34.67523159972456, 0.5105799978208825, 0.979628916498287, [0]
-35.618673514419804, 0.6842631744402486, 1.0069839369685778, [0]
-35.294659267062706, 0.8755079984883049, 0.8885043614316703, [1]
-34.624250467997, 0.7338396127018271, 0.6180746446436589, [0]
-35.32543577309571, 0.7808501838479713, 0.6457324304287552, [1]
-34.60233416340493, 0.5224767630452367, 1.2402170742352054, [0]
-36.65838549747637, 0.619020648460717, 1.5485196967067312, [0]
-35.10580294690079, 0.586205360552307, 1.2465704898170278, [0]
-36.209363990403304, 0.549430514825196, 0.9816046608793325, [0]
-34.923227104987866, 0.4993965358835329, 0.957044360853593, [0]
-35.26913019374221, 0.2537712933258765, 0.34516706936552677, [0]
-34.2353863884187, 0.692808878931085, 1.3974381622347372, [0]
-34.08350035560154, 0.7848016610653317, 0.9146235624447137, [1]
-35.06950996928259, 0.6113850089980932, 1.1113062537203957, [0]
-34.34860162977279, 0.7491910120451865, 0.8577574223017748, [0]
-34.80259238922428, 0.5469681082447744, 1.3959112678741508, [1]
-32.881081685262345, 0.8012918655954526, 0.9614754954227971, [0]
-34.744148222680415, 0.5410529227454637, 1.573843679806553, [1]
-34.12998031949359, 0.3518951943477523, 0.9297910528366377, [0]
-35.057167474617025, 0.6270963726623573, 0.854017914945053, [0]
-36.88014612821227, 0.3997753328823316, 1.2831817380789547, [0]
-34.206921895133114, 0.4844871493313074, 1.1739971623191403, [1]
-33.806239061936544, 0.7948491158162848, 0.674875252457408, [0]
-34.46860203445101, 0.6681536186213999, 1.0894660350723697, [0]
-33.44109595672407, 0.507931661840427, 0.35724735276953484, [1]
-34.0558545861767, 0.6944631119908511, 1.362666041651663, [1]
-36.50094547423025, 0.501547167232749, 0.8048142638775232, [0]
-35.768112519633895, 0.422077449210816, 0.8381914969485652, [1]
-36.799980122320235, 0.5840388619909783, 1.250750688486, [0]
-36.055180940312326, 0.699731200845749, 1.4901977858282554, [1]
-34.1111603897827, 0.430641590211152, 0.8899804960075127, [1]
-36.29172373470542, 0.5558000447749386, 0.9889033049848164, [1]
-33.86124902417675, 0.7725834530595294, 0.48615676592228896, [1]
-33.52673669959886, 0.5567770767347832, 0.6190580685481355, [1]
-34.69241385697166, 0.7946523712946125, 0.8127544092439642, [1]
-34.03422416314037, 0.4953038312249073, 1.2599335664274667, [1]
-34.015455844973594, 0.5721981416173407, 1.2656590433698742, [0]
-34.08585966859231, 0.5619556243146737, 0.8453512824315039, [1]
-34.40408873368053, 0.7091402060022459, 1.0883235705775238, [1]
-34.78485799654075, 0.6011574682393095, 1.1730237917408055, [1]
-32.99281097156823, 0.7373477921917244, 0.8182332807159969, [1]
-35.45501003653406, 0.6382370969166207, 1.3668769302425532, [0]
-35.29757482413299, 0.6958091875996126, 1.392998459112384, [1]
-36.28027447086462, 0.5922032520539929, 0.7384808285006743, [0]
-35.51122414637729, 0.5370318216720527, 0.8927758048373243, [1]
-34.67654325204051, 0.8963311122218058, 1.053799495700063, [1]
-34.30380501955895, 0.49231666298366106, 0.8506378256875672, [1]
-35.25826755780025, 0.48539017695383413, 1.1341332734328748, [0]
-35.861476811874674, 0.5128381207681938, 0.7535276388290704, [1]
-34.335802550903125, 0.5571095079415556, 1.0188119378004594, [0]
-35.12588070894966, 0.6847623605978619, 0.7701737616225239, [0]
-33.542534369177474, 0.5934054669933326, 0.7475646838523411, [1]
-34.57970978343837, 0.6499314379000551, 0.9122026893449506, [1]
-37.37029495549344, 0.37023614686497974, 1.0569911107594572, [0]
-36.11068786283405, 0.5222811409263808, 0.7567955006649395, [1]
-35.12389878882933, 0.6110768755618453, 0.9915977182912284, [1]
-33.758953655053695, 0.6986150042067214, 1.2482071165105242, [0]
-34.157291977058975, 0.637199882466195, 1.231886611975406, [1]
-36.1329525326529, 0.6953526732976021, 1.2668900286457028, [0]
-34.7969499620646, 0.7172257468422002, 0.8023112886406624, [1]
-33.91346125555344, 0.6682112758383901, 0.9992023275148337, [1]
-35.536556401899986, 0.72115989027365, 0.8594245671635168, [1]
-34.246414742751675, 0.9388897452538927, 0.7991043434357092, [1]
-33.69459317955623, 0.6558926860936409, 1.1677863316153203, [1]
-35.62873032088044, 0.7912051025152782, 1.0963658795608875, [1]
-34.85244468271695, 0.4777695031817268, 1.1935668829147505, [1]
-36.17611081433832, 0.47707581840142127, 1.0426429377607689, [0]
-35.274808654675155, 0.7707302888404055, 0.8632614911602376, [0]
-34.46296383380824, 0.6748287641042435, 1.4402965172027904, [0]
-35.78397386261529, 0.7915107693523757, 1.3449301668624516, [0]
-33.76421243394261, 0.7907350815498602, 1.1700410826338248, [1]
-33.63976012939354, 0.7342825844301679, 0.8967847240538372, [0]
-33.08277415408156, 0.6851537984408843, 0.7991466517438203, [1]
-33.95260306913956, 0.8435099935985026, 0.6182078341684972, [0]
-34.225406379765815, 0.5330227807854, 0.9530681469227065, [0]
-35.933181572908936, 0.298787727355057, 0.8590175483643251, [0]
-33.945606064768356, 0.6771373034822148, 0.7798221381400302, [1]
-34.66722922720056, 1.0678660999694303, 0.0884993823882492, [0]
-34.35172816244858, 0.5043489820071893, 1.2283880709796076, [0]
-35.32041154463525, 0.37787240635419084, 0.9707345413262658, [0]
-36.017887482271604, 0.818734585232765, 0.7051868842138984, [0]
-33.868241087340024, 0.6123183864395787, 1.3452169740195752, [1]
-34.393975793115935, 0.7489846321078691, 1.4189637421909487, [1]
-34.214063522985974, 0.5572627972061118, 0.8760321382570255, [0]
-35.96456817414991, 0.6318118950434182, 0.9334453624059016, [0]
-34.72284283372432, 0.7103589781756392, 0.7237555929599464, [1]
-34.64038259309553, 0.4907424822830445, 1.223889183629958, [0]
-34.110640813892765, 0.6261276083706315, 1.375151150617807, [0]
-34.92678936607679, 0.5654683761521344, 1.4752085261223626, [1]
-34.34372348934921, 0.6696672225400314, 1.2218105335548475, [0]
-33.710403813012945, 0.5272280693914155, 0.695426912784171, [0]
-35.213350319237286, 0.45494338154519026, 1.366610463164349, [0]
-35.186147999996074, 0.6533761020363049, 1.5849196307813038, [1]
-34.793995954241964, 0.8757021335712453, 1.1491172543023223, [0]
-35.50363694280743, 0.7570065883116133, 0.8083508113137893, [1]
-33.92320679771429, 0.5983760111617721, 1.0021707996613585, [1]
-33.69413532118443, 0.6919731789536617, 1.2730668668536766, [0]
-34.96090791208181, 0.6290461480131816, 1.1491793738647738, [0]
-35.53986646855306, 0.7199658356352407, 1.0756390255926254, [0]
-34.83152864534167, 0.4368815800131181, 0.68597435211991, [1]
-34.01826074963194, 0.8137354276374921, 1.0510590374639737, [1]
-34.38659052550949, 0.5044768205727432, 0.7575775809564369, [0]
-35.484189597275105, 0.9223385613755948, 0.4557942304142558, [1]
-33.04873381575361, 0.6253406363509285, 1.0881756590533835, [0]
-34.60704008304015, 0.5095559308280527, 0.43992283341348104, [0]
-34.81481844032237, 0.6219515901489232, 1.0874133015035454, [0]
-34.596103327258014, 0.5784223201103706, 1.4073695895753509, [0]
-33.477031649217984, 0.6632665176559839, 1.370025118581554, [0]
-34.410106661550444, 0.901680258157157, 0.5767970020498412, [1]
-34.128385556795116, 0.5915495021443363, 0.8319637618737433, [0]
-33.58105899488078, 0.6721218305798525, 0.5202777507474656, [1]
-34.29281033339572, 0.6518845264161575, 0.4902324277362002, [0]
-34.052544143559594, 0.6633727681797583, 0.7321194803358094, [0]
-34.127599546367584, 0.6270614712288471, 1.2177722006868021, [1]
-36.17683963941505, 0.5205550278371655, 1.2537370514162773, [0]
-35.330852014901154, 0.5973341991059553, 1.5427344472800877, [1]
-34.438629346180214, 0.5808142953076304, 0.9440159546691548, [1]
-35.84484812786539, 0.7601399484942707, 0.7423127526058967, [0]
-34.93415370351948, 0.36268459349702076, 0.8145952418196343, [1]
-33.93701687476278, 0.784824810196657, 0.9427500261493863, [1]
-35.38250939344393, 0.706493085052802, 1.0826985897547103, [1]
-33.62684039168216, 0.5887867099837785, 1.101114238653224, [1]
-35.10232462498203, 0.654719831755639, 1.4095675142361155, [0]
-33.448612846542616, 0.6544796822514692, 0.9060142055743043, [1]
-35.73041197352205, 0.7828086904719048, 0.9000931832815415, [0]
-35.22684296927728, 0.558105761631338, 1.2979237983349234, [1]
-33.768618253152816, 0.6418537602007207, 0.5995451872795039, [0]
-36.028463854938394, 0.7201115547292459, 1.002247526440222, [1]
-33.68069761268499, 0.8043205067174802, 1.1790751279092986, [1]
-35.15030021282047, 0.4876175226647792, 1.238443318338975, [1]
-33.883985733234574, 0.7963183126950143, 1.3031683442140642, [0]
-33.23054122675135, 0.5525504407707882, 1.012360674914513, [0]
-34.24474629250106, 0.8029387635469281, 0.8815627780136728, [0]
-35.3362146408121, 0.42490804566676205, 1.3632482503518994, [1]
-35.461122629753596, 0.6100830509955597, 0.8124713817152251, [0]
-34.74193883132327, 0.6480709066283608, 0.7679495853037293, [0]
-34.449412249650365, 0.6830346981040092, 0.8303520617373192, [1]
-34.28262791773305, 0.7369058587566082, 1.0275164009348914, [0]
-34.62763300172651, 0.7052181657697921, 1.025466593664604, [1]
-36.462411708226874, 0.8607548740014925, 1.0873698590910068, [0]
-35.38076779858316, 0.4357059216703217, 0.8872735224861195, [1]
-35.35386726099329, 0.5067695828702209, 0.8576863396906027, [1]
-35.20356107469106, 0.9759904365234252, 1.301715206839404, [0]
-35.827761085259915, 0.515691176113044, 1.1946298829413051, [1]
-34.265034464452675, 0.7400928900900543, 0.9072350452786405, [1]
-35.87849091069872, 0.7670796546535792, 0.9112476198314838, [0]
-36.717645649061105, 0.8345544339653286, 1.1147562503866377, [1]
-34.7848948422935, 0.5663313575991785, 1.0391687491385948, [0]
-36.922548055872554, 0.806461081452784, 0.9092216480958886, [0]
-33.63095076323339, 0.8965231493781612, 1.5287913709347782, [0]
-36.799355264357736, 0.4298663012885887, 0.5716968146276775, [1]
-33.771550974547665, 0.6150737618949386, 1.1969984009001353, [0]
-35.990145808503335, 0.47741416201672165, 1.1003624873512032, [1]
-35.39789649463427, 0.8208717801290579, 0.860506015732595, [1]
-34.985708255665095, 0.5482752402940892, 1.660824620918646, [0]
-34.46165036832076, 0.6251633260758653, 1.022850425385515, [0]
-36.28348759979111, 0.4229448785986895, 1.0398768654737678, [1]
-34.025442149608224, 0.6937752815230271, 0.5930441749733707, [1]
-35.971597030697204, 0.6585628938043585, 0.9890177601937198, [1]
-35.08278820355344, 0.40424368403952593, 0.6283553628856308, [1]
-34.21338927113426, 0.4728816905821251, 0.921490980187827, [1]
-34.30441445383794, 0.4914020913720312, 1.1993086389680663, [1]
-33.944384932673664, 0.6303210839768569, 1.5051420414298686, [0]
-36.02493183023558, 0.7635803703279586, 1.2194035120403783, [0]
-33.71648894136381, 0.6288202451073774, 0.491780480355816, [1]
-33.46801319506478, 0.5501260780293009, 0.8326621911254519, [0]
-35.95505452660721, 0.6655750145412799, 1.39118049056396, [0]
-35.045542685299836, 0.7678725198039038, 1.1605100302239255, [0]
-36.33643523066249, 0.8134270354135841, 1.115089919742426, [0]
-36.02107616954589, 0.649147444280608, 1.2073696252665505, [1]
-34.105449602986596, 0.5429562666324876, 1.1792072501138462, [1]
-35.02610761447309, 0.6580083422534517, 0.7599136777095882, [0]
-35.370878469917436, 0.37557779583384737, 0.950757159640097, [0]
-34.24769965389756, 0.4668609558916274, 0.6695100765696185, [0]
-35.296210009501735, 0.5436180426334615, 1.424363548640922, [0]
-34.62784568882515, 0.6661697759166686, 1.461654259489656, [1]
-34.456043991331605, 0.6620475985565173, 1.334110341575225, [1]
-34.08757844554551, 0.7245738357463758, 1.2193928182124745, [0]
-33.116603147540516, 0.7072871008795344, 1.0550133419819925, [1]
-35.24392870333435, 0.6904147584346967, 1.1298477718591884, [1]
-34.40473166859953, 0.5184572823098552, 0.580415679232678, [0]
-35.40472564542292, 0.6219526671651971, 0.9715498138178704, [1]
-36.08657101038658, 0.47278544803319117, 1.0849713990505963, [1]
-34.13820031336612, 0.3137252933536178, 0.7334872985056854, [1]
-35.962274650418124, 0.42201015826465166, 0.7127713491322532, [0]
-37.098195708595846, 0.42605161671442204, 0.9545541936753349, [0]
-34.97507174820881, 0.43187777983543574, 1.0051703450994123, [0]
-33.41485444046882, 0.5347343532327153, 1.2249313678296831, [1]
-35.12198888748858, 0.7822591862134373, 1.1558718778777672, [0]
-34.34708910627305, 0.5648208533267933, 1.0405544495665051, [1]
-33.07479313363746, 0.948335474398769, 0.09992735493185495, [1]
-33.276427886130314, 0.8417865011201695, 0.7150514348636178, [1]
-33.2466633303835, 0.5916555508336065, 1.2607912765467004, [1]
-34.57568363471401, 0.6200064753774346, 0.9171233717160255, [1]
-33.6825998637333, 0.741283589242266, 1.2534925353130353, [0]
-33.09529273274941, 0.696122500355037, 0.8532611608546264, [0]
-33.43899379444902, 0.6019633063050464, 0.6603716290049922, [0]
-32.595611592975494, 0.47826421040337325, 0.8444229158900716, [0]
-35.59267667538049, 0.6723456644989302, 0.6598856964417497, [1]
-35.2948292785715, 0.45329606869303307, 0.8713702001329157, [1]
-35.477045072596695, 0.7248266213338375, 1.2222567438370207, [1]
-33.70655299554736, 0.8160397811911646, 1.1409673058862138, [0]
-34.101097791255356, 0.18642790348697513, 0.8089579325493139, [0]
-35.452287772218554, 0.7366256946939786, 1.0871517493535992, [1]
-34.61299946198968, 0.6464424478707732, 1.1041486453318936, [0]
-34.3937877723732, 0.641804627005319, 1.0732532530611019, [1]
-33.72589558314559, 0.7969897530246144, 1.4517781792814515, [1]
-34.740933022404135, 0.3185465417234149, 1.0717544530783567, [0]
-36.13885790015311, 0.7478578851557264, 1.1736523004688113, [1]
-35.102638080924905, 0.7150929046496116, 0.8463416097795443, [0]
-34.5348358594805, 0.3770143380613495, 0.7054521145719882, [1]
-35.89485711445702, 0.780978856950842, 1.534890317049294, [1]
-35.95106456169092, 0.5723373849373358, 1.1144278718098368, [0]
-36.03875139778252, 0.7764434147116706, 1.3618830132253597, [0]
-33.61465691619509, 0.650315855203996, 1.1418963536913873, [1]
-36.68859760409677, 0.6948375309060938, 1.255912457062724, [0]
-36.48293783980874, 0.7634107801376634, 1.3964441662047982, [1]
-35.443163765016465, 0.7145042096943969, 0.8908585616420486, [1]
-35.321743391002684, 0.86629200988075, 0.6465441880104128, [1]
-34.90613265135469, 0.514487070781046, 0.9598422645320988, [1]
-37.62537642617474, 0.6054852034484538, 1.3597004378709452, [1]
-34.82096219854163, 0.6227279567113779, 1.3999463040200935, [0]
-35.647533204383336, 0.49868558259876833, 1.124694828420275, [0]
-35.79406719484077, 0.7146400120575214, 0.8660736135655637, [0]
-35.32243372609898, 0.6538668343165237, 1.302083747220171, [0]
-34.06454209438537, 0.5983907048071466, 1.1674232886912113, [1]
-35.7510997112304, 1.100196709052201, 0.419927985124323, [1]
-34.82592380080616, 0.7167353525604031, 1.3070371504185234, [1]
-35.33771762085855, 0.5079624511801607, 0.6552418635399715, [1]
-33.28613185582045, 0.7271825672932937, 1.1578789340393172, [1]
-34.545898529286745, 0.5291401095471049, 0.9930776188972781, [1]
-34.46264127966598, 0.5288116565922293, 0.9642092089845555, [1]
-38.656248714867104, 0.6590919339781964, 0.866372420064853, [1]
-33.91653775859521, 0.4709020041473721, 1.0827083666080155, [0]
-36.38670526751202, 0.5297088770403232, 1.2263074150106614, [1]
-34.90049068912603, 0.8709347791968212, 0.7430462526084429, [1]
-34.656643809021816, 0.6653686220130797, 1.4182460485970387, [1]
-33.01409076165824, 0.7554481986752399, 0.7048286216145805, [0]
-34.73288450113481, 0.7574972921347856, 0.888003641557239, [0]
-34.58383794423715, 0.7359197126402801, 0.8946514933947575, [0]
-34.41034376945687, 0.6081611839796432, 1.305831150246365, [1]
-36.00731189525717, 0.56312201680366, 0.6434160221469533, [0]
-34.170208749849735, 0.6388448715795441, 0.8403669349666174, [1]
-33.500430286294154, 0.7081901042674043, 1.5890281309535346, [0]
-33.88063601313185, 0.6402627375519185, 0.7316735698901733, [0]
-34.16942008701562, 0.5756816006290945, 0.6205467144644956, [0]
-33.75800085271116, 0.6498817720081826, 1.2214381841559918, [1]
-34.71756678065785, 0.81052507288526, 0.5699327223292138, [1]
-36.30743562228175, 0.6440756232897085, 1.319931822882098, [1]
-33.81979901430825, 0.7040331626229961, 1.4766791576269302, [1]
-33.880035216652765, 0.6699878764638534, 1.0723966879220717, [0]
-34.24611828248002, 0.7909682543755756, 1.0682078571108702, [1]
-35.48346013919919, 0.6274887141104019, 1.1024513989693405, [1]
-36.32187271690877, 0.483602091055799, 1.1091420636872893, [1]
-34.08033630246842, 0.5785589154324834, 1.5320245543573632, [0]
-35.137626739829855, 0.5860018023144674, 1.4209470485205795, [1]
-35.6072977834832, 0.8409927146992362, 1.1600297823943648, [1]
-35.513923662876195, 0.47764465107901805, 0.5988653999301189, [1]
-32.810761778236376, 0.5240826361579985, 0.7089309522329653, [0]
-34.75117893650583, 0.4415912325880587, 1.1623096165973954, [0]
-35.67300513489843, 0.9082672264161832, 1.389096071015438, [1]
-34.9028385697816, 0.3747637250546386, 0.7649466572107565, [0]
-33.810248396016895, 0.7682741011172395, 1.089139078518809, [0]
-33.309690864869275, 0.6522450368503788, 0.7859664804819879, [1]
-35.65195270803262, 0.5974125079984596, 0.8127462444189479, [0]
-34.46335888494967, 0.7607685632784267, 0.7125078972018809, [1]
-33.95935921025877, 0.6772770747004719, 1.2299541315943765, [0]
-35.30452730222766, 0.646773961388236, 0.8749833303601784, [1]
-36.91361723910317, 0.7789267818410344, 0.22941434286396845, [1]
-36.42703923325741, 0.7374541766629574, 1.052035369945586, [0]
-33.921892661104884, 0.7270520382851416, 0.9103066931297997, [0]
-36.32175388673389, 0.5272751276972945, 0.7450074103914439, [0]
-34.096445398720476, 0.629316978061246, 0.7233930016677494, [1]
-34.8568847241001, 0.5978272722745218, 0.8600752447036278, [0]
-33.457649152139574, 0.6627018004233961, 1.248377453660874, [1]
-34.08605519263032, 0.6307039518844694, 1.196537977012062, [1]
-33.94282304272379, 0.7083138707537503, 1.4951956205947603, [1]
-34.74178478626998, 0.5996396048189964, 0.014511585488536113, [0]
-34.1101664500325, 0.7316860185040942, 0.9094018652092326, [1]
-32.731089652074516, 0.6910002926626649, 0.8388118280801953, [1]
-34.97814043602824, 0.7811092859984435, 0.9252015643336571, [0]
-34.405565805700704, 0.6801294616661105, 0.7477554216047262, [1]
-34.17250597335167, 0.7028385201970027, 1.0444615181486427, [0]
-35.82546159300518, 0.8184017476531105, 0.7157092046290691, [1]
-34.423170075367935, 0.4155921932982137, 0.7975908261177502, [0]
-35.02025507711679, 0.7883605026697298, 0.9517159300947703, [0]
-35.700171356958144, 0.7339119300901582, 1.339283643758571, [1]
-33.927256718039814, 0.6740262815431816, 0.6195558762848126, [0]
-33.525167324382764, 0.6243097713884812, 1.3774305390213875, [0]
-34.023015939601244, 0.6265165381155826, 1.5321947144659227, [1]
-33.3827574824252, 0.6438437090150814, 0.8973059896785085, [1]
-34.66867958933615, 0.6977647816145273, 0.7329885555405181, [0]
-34.388134406932444, 0.7133292084632702, 1.0680754537961192, [0]
-34.52832290414001, 0.6572858451497539, 1.251332479051086, [0]
-34.16910407134815, 0.5010613313785053, 0.754702963760804, [0]
-35.51234504562252, 0.5783217976680382, 0.9235554624604598, [1]
-36.030402074863126, 0.7114576297883823, 1.258579310839159, [1]
-35.588205427466704, 0.6741448650631459, 1.0831854955671425, [1]
-34.279628876028305, 0.46151349393436036, 1.2526959836470957, [1]
-33.65032432902762, 0.6520919407502894, 0.4966487199909096, [1]
-33.907277120901945, 0.6034857416660393, 1.1629735500513871, [0]
-34.83523453684511, 0.7643899643221945, 0.15817928383463647, [1]
-33.65674319455119, 0.3234676386296048, 0.8767427578244986, [1]
-33.35449466713204, 0.6376417689991302, 1.2992901784977235, [0]
-34.209209845440164, 0.7859530921809623, 1.3724277122059791, [1]
-34.825459166493545, 0.45614444452354086, 1.0134107599313642, [1]
-33.634903853379456, 0.34069011140934313, 1.0819865325847826, [0]
-35.0308279069508, 0.4669461919957831, 1.1622172534559465, [1]
-34.07612709209332, 0.5159844418853912, 1.0653782015215472, [0]
-33.27448062378601, 0.5204129349941085, 1.0397568522823941, [0]
-33.42962126718194, 0.7304983526491702, 1.3707927081346554, [1]
-34.388885777915085, 0.5863361626453581, 0.6814651015010722, [0]
-35.87390902724622, 0.5909519999834226, 1.2399285947572956, [0]
-35.043096439380406, 0.9914876747597938, 0.32773988845840607, [1]
-34.269673329706286, 0.5594051275857123, 1.258539669690394, [1]
-34.27711668534816, 0.5694664960091402, 1.1375648644413632, [0]
-33.612430583969015, 0.5853178771566747, 0.7686238123054601, [1]
-35.315537972496465, 0.593395386907604, 0.8659525584075566, [1]
-34.52119690681767, 0.6666430331151516, 1.299422551129388, [1]
-33.713312628411394, 0.4546149178393214, 0.5794031087429875, [1]
-35.87854819067537, 0.5944716275096034, 1.5321157027501067, [0]
-34.559484775314694, 0.6378933625071097, 0.9428680582823177, [1]
-34.644792714910004, 0.6997592536969133, 1.2367294042085364, [0]
-35.05986529279641, 0.8566599314081577, 0.9330659037630382, [1]
-35.36363657940534, 0.46334961204595854, 0.8571492803402768, [0]
-35.920063116736564, 0.7200506140788528, 0.8846682530903134, [0]
-34.81238132650972, 0.5603107032088602, 1.507447969711392, [1]
-35.2766456187818, 0.6461943626297046, 0.7934027641044789, [1]
-34.49744236348228, 0.39254250581761146, 1.0495942764985995, [0]
-35.3745251976502, 0.5260761715525399, 1.1720565753988228, [0]
-35.99874876582167, 0.5855327121421059, 0.9302365480351646, [0]
-34.30110189705331, 0.4363963460975985, 1.0500384753387677, [0]
-34.62203918631201, 0.5478405159242844, 1.6686635381047359, [0]
-34.18131308379431, 0.6186054299951996, 0.9331411594804158, [0]
-33.71425350000234, 0.7143288285179036, 1.0831719188853477, [1]
-35.19361401658506, 0.38312864929706436, 1.1236952533338767, [0]
-34.46011331420267, 0.8178844071988849, 0.9685717552165172, [0]
-36.091102638433334, 0.7227537228264587, 1.3330612894597245, [1]
-34.851897873439796, 0.5467087188561784, 1.1658449271527827, [0]
-33.48138706706786, 0.6596495728624382, 0.7044772010373567, [0]
-34.48655898327518, 0.5860727074207381, 1.1173759505974568, [0]
-35.5718542597216, 0.637942533577573, 0.9951129534625114, [1]
-35.28637767367977, 0.6362891816781596, 1.2353569023988138, [1]
-35.13211130168323, 0.3715009632411713, 0.931800292055167, [0]
-34.20504486482586, 0.6183378575669802, 0.49754881724169353, [0]
-34.029149614305965, 0.4469206917884633, 0.7902110065476459, [1]
-37.54102371487196, 0.8943992406135332, 1.308162428713096, [0]
-35.508986346267264, 0.5083396689174299, 1.2267444752168097, [1]
-34.651243079854375, 0.48750760682107075, 0.6661314398718949, [0]
-34.636363501061616, 0.6738410348779967, 0.9035708925355059, [0]
-34.36053286869889, 0.612997533220116, 1.2229259954524305, [0]
-36.04699931228298, 0.4910004105723208, 1.2482841791945856, [1]
-34.600634840928066, 0.4209033183488047, 1.1019185061995194, [0]
-33.391250935569204, 0.5967050080591614, 1.4086750623186328, [0]
-35.723441263341584, 0.5553525431906408, 1.5637515949309517, [0]
-33.78189600842259, 0.5160819019959373, 0.6369171346262883, [0]
-35.07659647445718, 1.1411980663167913, 0.4108633253570124, [1]
-34.944624033148216, 0.4394251079905745, 0.8083649744249308, [0]
-35.60560648690454, 0.5034591176308238, 1.3807730058123326, [1]
-36.27819873172552, 0.6331554553226448, 1.2255434077411032, [0]
-34.10251561693375, 0.7267961899092734, 1.0028112344417843, [1]
-35.00470351328506, 0.454860775997462, 0.6737932850751631, [0]
-33.07547181377679, 0.7158625158453036, 0.587500602052067, [0]
-34.67922941552042, 0.6549485124450077, 1.1012252280263461, [0]
-34.534771992095195, 0.8379374004922758, 0.8242169650631972, [0]
-34.20653554010732, 0.6869395553437327, 0.5350832485834274, [1]
-34.082934500261786, 0.42163007828259313, 0.6482084304535212, [0]
-34.026920121313466, 0.5858197306026889, 0.6840418356356501, [0]
-33.78519608962086, 1.087677945164173, 1.1103480225496374, [0]
-35.49562069662669, 0.6404352428817903, 0.7112516484379827, [1]
-35.50590312751464, 0.8092735560199177, 0.2902205050180845, [0]
-35.347622219070836, 0.8336451402632661, 0.5584825517412113, [0]
-35.03747292167158, 0.5447040533293641, 0.869912947530788, [0]
-32.56409711953542, 0.6056094126429877, 0.7834467947760763, [0]
-33.88418480119904, 0.4312038200168251, 0.45135358807767256, [1]
-35.08529609139325, 0.6841265722591016, 0.959751761846962, [0]
-35.09315013179954, 0.7695552108935428, 0.5914925253283712, [1]
-34.18173939433142, 0.8226818627646484, 1.1476012268683569, [0]
-33.594395288783964, 0.6261026567086749, 1.5223590629070358, [1]
-33.70232719375465, 0.5299778295618539, 0.7903179024408228, [1]
-35.018962790896374, 0.5408930126401297, 0.8147912356898906, [0]
-34.155918197436485, 0.7130538874634214, 0.9578185390599806, [0]
-33.15059786925598, 0.6940545484932563, 1.2288262806672674, [1]
-34.7297309820752, 0.6827850500934328, 1.2719410210751492, [1]
-34.486666546999466, 0.6279812791529192, 0.6565154708225874, [0]
-34.713247462553774, 0.7974864074893407, 1.0891562093923244, [0]
-33.37001207031681, 0.7445852552936446, 0.5948024602044293, [0]
-35.540336334993334, 0.5169613280730535, 1.089770551807427, [1]
-35.455764690838315, 0.5862890034808002, 1.501244443380429, [0]
-35.750795479079166, 0.5273107041241414, 0.767454078113588, [0]
-35.119828344766375, 0.6016493439151436, 1.066805762227075, [0]
-32.72447995957857, 0.564881893037307, 1.0913737302193365, [0]
-34.450964008849034, 0.47787360429713455, 0.9341771591478889, [1]
-34.099975885672336, 0.7794972061396466, 1.0547346281493248, [1]
-35.07664001363997, 0.5988284251830136, 0.998720271838301, [0]
-33.74896132442411, 0.6344122437743308, 1.0657653323793053, [1]
-34.42429126871858, 0.7201477795967964, 0.9752366726519928, [0]
-35.69854376908376, 1.0564216632278822, 0.7582946158423325, [0]
-34.732082379778554, 0.7045229659816843, 1.4162391308140698, [0]
-34.14564228533359, 0.6591944969569472, 1.2936872048427643, [1]
-35.56441671060333, 0.6904094816911471, 1.6726472377156203, [1]
-34.45831223406858, 0.6660298243354695, 1.2223195181685884, [0]
-33.97209454219131, 0.48573098959835614, 0.8612802629137768, [1]
-35.20817572786759, 0.6323145604790128, 1.0747162618185013, [1]
-33.49231333108337, 0.6557543033844178, 0.696241826148998, [0]
-33.926680764137785, 0.6976872873858591, 1.0126069217957456, [0]
-34.63431819957869, 0.6717237468070313, 0.9243039976787237, [0]
-32.74288821375437, 0.7751010400109096, 1.4226703124236033, [1]
-35.33602345607648, 0.42327594032541266, 0.9504870617503098, [0]
-35.33944525809454, 0.5056984995640326, 1.3739571206019363, [1]
-34.34426645518236, 0.4114723822032176, 0.6753552954858592, [1]
-34.94085634858524, 0.5786529141504126, 1.2672237922557603, [0]
-34.65278348629003, 0.7139338835508273, 0.8426601774347613, [0]
-34.82780634978316, 0.2420671630595545, 0.7854984007140076, [1]
-35.72554787807469, 0.7250931239507608, 1.174118140884743, [0]
-33.36274680760387, 0.7543011415127663, 0.9761400637845767, [0]
-35.354924697284716, 0.6404330124877062, 1.0337615774023836, [1]
-32.73100741161436, 0.5605174707775228, 0.8415603405399292, [0]
-34.50912401204918, 0.6558916674097444, 0.6385421302112513, [0]
-35.359246108587385, 0.6456006338926497, 0.8387795946016533, [1]
-34.528613066039654, 0.5469355481344234, 0.8962942541772012, [0]
-36.43477733344465, 0.5985377968752638, 1.0482317023964904, [1]
-34.23281822811469, 0.7652386137756806, 0.32594098872377114, [1]
-33.46436326350547, 0.7040500750527078, 0.8042533538883259, [0]
-34.626149303997735, 0.6412891687197675, 1.2856770393760362, [1]
-34.72351308374853, 0.48882877293868826, 0.7621772820004513, [0]
-34.11550489577147, 0.6112173674080557, 1.5853311094521574, [1]
-35.31085726710368, 0.6918585865636769, 0.8529999761391209, [1]
-35.73788879644685, 0.30117315678987033, 1.3033559954510334, [1]
-33.849320435646874, 0.4900214920591385, 0.94795288450006, [0]
-35.85413646862455, 0.47478710199124247, 1.0200070493292397, [0]
-34.09812456397546, 0.729314622265825, 1.0204434246690193, [1]
-33.86302625427396, 0.46289552457880034, 1.1152561532023475, [0]
-33.491345431673956, 0.45134020527429286, 0.9098682875625725, [0]
-34.221270938794326, 0.6022374215975421, 0.6488889445798793, [0]
-36.67063971655771, 0.5688618924321424, 0.1886632098084721, [1]
-33.71094039535329, 0.3734257336281655, 1.1106935717788988, [0]
-34.43774746041335, 0.6808204938299985, 0.42749195967283204, [1]
-34.22299853458696, 0.6974422048884994, 1.0665506036846824, [0]
-33.2748803290513, 0.4228278898489465, 0.80510685607434, [0]
-34.915288264406065, 0.6173457577201652, 0.6539976305007629, [0]
-33.581178502378236, 0.6153753789786426, 0.8291682343614102, [1]
-34.96740481674663, 0.48493512422616863, 0.5669202005182521, [1]
-35.621586387572485, 0.5281273808474659, 0.8605409464533185, [0]
-35.23721184404748, 0.7799117914168182, 1.344931613615163, [0]
-37.44294066137106, 0.4230076340921923, 0.7209657884632747, [0]
-35.541607231636206, 0.5239497265164896, 0.659314539917486, [1]
-35.27685422035119, 0.6141845000033277, 0.7057618274322601, [0]
-35.71651816122815, 0.6893293066610795, 0.7971272962901639, [1]
-35.94658013781521, 0.4476120870637394, 0.8395587862420997, [1]
-34.30319647964071, 0.7552801519956589, 0.7144659840237139, [0]
-33.69824779907543, 0.6704945642978555, 1.2883103813308827, [0]
-34.69409926746184, 0.5215851272723461, 1.3632570147737098, [1]
-33.82533589858934, 0.6282948721866535, 1.330419303663282, [1]
-35.04973919343971, 0.5854704195624832, 1.5507229368315916, [1]
-35.157699997027045, 0.4672683713622427, 1.10128438117078, [1]
-34.584826540672076, 0.7373429318657254, 1.273480718526978, [1]
-35.130269312821156, 0.40160646871308175, 1.1858166077057937, [0]
-35.104139325536096, 0.4494771931263192, 1.3892250191028779, [1]
-34.55043820872962, 0.5627859651597519, 1.0039624241636405, [0]
-35.434033184393755, 0.68496940928941, 1.5831429741455985, [1]
-35.71883429517348, 0.7323205087067512, 1.1704049730873434, [1]
-34.47251337807076, 0.5672121451595712, 0.9815617168361689, [0]
-34.60645386807232, 0.2960265032392028, 1.3666622610500514, [0]
-34.88069614206433, 0.5959049268363221, 1.3081159429363542, [0]
-33.900455321133244, 0.6501369830977511, 1.4205364506361295, [1]
-32.75983859265308, 0.6207919971508361, 0.9280105056093644, [1]
-34.58752178780103, 0.9529468024628243, 1.0262850071370593, [1]
-34.38511699336337, 0.588375387083812, 1.3096456920964359, [1]
-34.449720969755006, 0.8183709544017203, 1.0889977367512356, [0]
-33.942993439864765, 0.6278401957548423, 0.7030059878716197, [1]
-35.115416879059026, 0.4312445501586263, 1.0861162951917935, [1]
-34.377560939164034, 0.8124181171896032, 1.3332347782701643, [1]
-35.91760415081554, 0.8131122120889825, 1.0161850687694338, [1]
-33.55805404432605, 0.8368076132849191, 0.8591214458813574, [1]
-34.51568362701381, 0.5261636271976367, 1.1908521388025737, [1]
-34.462607993188854, 0.6421634917918493, 0.9487516949869684, [0]
-34.2010548890011, 0.5329820523885982, 0.9350682597177394, [1]
-33.81690425422387, 0.663062474895507, 1.6684364432369152, [1]
-34.9070760634734, 0.6678340496144294, 0.9940434884784948, [0]
-35.23462130918234, 0.8998408876864987, 0.48929362370147383, [1]
-34.71754134600566, 0.6657388703693425, 0.7974767889858492, [0]
-33.667674052059134, 0.5074148064599281, 0.9530348754945914, [0]
-35.0392891694443, 0.6858310950113524, 0.6489556926888913, [1]
-35.37236955248338, 0.6726431582652432, 1.4279459244385224, [0]
-34.308941641641006, 0.4590897657626988, 0.9693148266888514, [0]
-36.26606563397691, 0.6884887553365684, 0.9709946655117491, [1]
-35.788603916813486, 0.44802697990753354, 0.7172998491960931, [1]
-35.04284140114212, 0.6084256758786974, 1.1970204992097022, [1]
-34.08741884554264, 0.5749883028097769, 1.5325209094374133, [0]
-33.73905931861396, 0.5519050398530396, 0.6042885222465298, [0]
-35.30301041658476, 0.6635329981371718, 0.9655623924635856, [0]
-33.28640173947852, 0.9025036804982789, 0.7858752159439644, [1]
-35.19299784898129, 0.47106218686299867, 1.1393619960176893, [1]
-34.746954063545374, 0.7911770608481592, 1.0522048212965391, [0]
-35.04425269370252, 0.9027514770235633, 1.0421953934582286, [0]
-34.531488516129514, 0.6229910681883071, 0.6619550257833876, [1]
-34.55141467508761, 0.8297070694692881, 0.9790791195328195, [0]
-34.36188717612412, 0.6561124479713212, 1.1408414204657529, [1]
-37.05110091153358, 0.57506138009495, 1.1971322827852224, [0]
-34.027785587690644, 0.8216636487982598, 0.777814099067548, [1]
-35.74163420826511, 0.596122904915413, 1.6265736351420985, [1]
-36.43217125262839, 0.6239747242260237, 1.3089179519617726, [0]
-34.72181708870437, 0.6956333437012293, 1.113142725457467, [0]
-35.22564360164872, 0.4753981967207848, 1.1504967940231052, [1]
-33.6029729112241, 0.5795059926232494, 0.7963469823217538, [1]
-34.15700573335974, 0.5580228738285588, 0.9538563865916233, [1]
-34.133309847215784, 0.39889839451422554, 1.205612501899409, [1]
-35.417257469465454, 0.6731547219942966, 0.9889127649928049, [0]
-34.01118229041883, 0.5277240424286341, 1.3299704417389455, [1]
-34.08436486883951, 0.6081962147416478, 1.0728183053201883, [1]
-34.70697179004993, 0.6444200555987152, 0.9754302215461907, [1]
-34.92008033498329, 0.6955311536444858, 0.9830003009034785, [0]
-33.77012780512608, 0.4980461011422416, 1.0748681201369004, [0]
-35.46290391340651, 0.6151539837536172, 1.3269473572334354, [0]
-34.94415005659635, 0.8913519471313159, 0.6379054336120177, [1]
-35.60181818707488, 0.8704205216738654, 0.9896626941321394, [1]
-33.633962330266264, 0.5605507070387491, 1.1105871132215694, [0]
-34.76475521457173, 0.6987074409829811, 1.287166863702307, [0]
-35.11380859502009, 0.386891675510462, 0.8720412642853725, [0]
-35.10043758058783, 0.7580112960608567, 0.6977705282027884, [1]
-34.61676224169672, 0.6230660747450641, 0.66193418621351, [0]
-34.654342335233615, 0.6132155938344219, 1.1657477648326726, [0]
-33.678763255807844, 0.6166242668755739, 0.730297559107308, [1]
-34.64192261220034, 0.5950646222397937, 0.9176387376827455, [1]
-34.07091082807541, 0.7050805301472902, 1.234561564168529, [0]
-35.467458117603286, 0.8087903373026895, 1.2137289288340722, [0]
-33.324943213707584, 0.76309135410936, 0.735646392314381, [0]
-33.88594577034579, 0.5969767139739319, 0.8633978565283832, [1]
-32.72625983030639, 0.7397771731334655, 0.8683362294126101, [0]
-37.449891266873635, 0.4814876232532436, 0.9317552068746806, [1]
-34.902394503203126, 0.6277162524138596, 1.1715953274152582, [0]
-35.86730722386936, 0.5954437299714894, 0.6463905086820944, [1]
-34.97671926087457, 0.7236370431785285, 1.0477418747855372, [1]
-35.100120328707796, 0.5442697707305755, 1.2425718898090914, [0]
-33.744099913431086, 0.6978917550442857, 1.0141738993965281, [0]
-35.24489370519209, 0.5529137079409432, 1.3955651141944678, [0]
-34.26083440605852, 0.6546476928771296, 1.1161826652482325, [0]
-35.99200294184487, 0.31843179586282594, 0.31478709598138094, [1]
-35.07075119120429, 0.7845751480461016, 1.4444615377009695, [0]
-35.01278944920109, 0.6003888410447615, 1.7759182119424373, [1]
-35.90330082481429, 0.5361151553410599, 1.1989899426061426, [0]
-34.574146021994984, 0.794019766410245, 0.9153345644836473, [0]
-34.494477953340834, 0.6446884315150658, 1.179547208493821, [1]
-32.751102751996974, 0.7072768658781056, 1.0905032698683608, [1]
-34.149615802895156, 0.30994849161976545, 0.7964819878179217, [1]
-36.476915955016864, 0.7868942770162803, 0.9673989656281997, [1]
-33.79466454983165, 0.4054232847316937, 1.043717569677039, [0]
-33.99139304618344, 0.8567623187472562, 0.7895342619923734, [1]
-35.77337038452986, 0.6575376074770266, 1.1995133366233959, [1]
-33.32745016453398, 0.6401159230524763, 0.8342624895901691, [0]
-35.45008598921836, 0.7301640206312229, 1.086938162170333, [0]
-35.608349548197246, 0.5359252967384741, 1.0880744357510488, [0]
-34.565169801310056, 0.6763508135185745, 0.3709972025519479, [1]
-33.66975276433882, 0.6314433798858035, 0.6674745030013218, [1]
-35.974917323606654, 0.7989563041025868, 0.8199431941572282, [0]
-33.58741477797075, 0.8944382880449968, 0.972326671464985, [0]
-33.804033972885954, 0.6987894754513375, 0.9102377184283619, [1]
-35.219702630909936, 0.5493688483074741, 1.4257066803692031, [0]
-33.62447257114493, 0.7924059569917988, 1.1468442894985156, [1]
-36.59031652532246, 0.7132368481116079, 1.5123597682511392, [0]
-33.98863325063417, 0.707794141086622, 1.2875284672882366, [0]
-33.95599004603109, 0.5819781971111911, 0.7149926562281588, [1]
-33.96306654103811, 0.7620122743280093, 1.0088710411585735, [1]
-34.65956150006687, 0.8368096235185365, 1.1473703420891876, [0]
-34.11142466468785, 0.7379697792264384, 0.9913033724779948, [1]
-34.34682104137136, 0.5062289821407836, 0.9692925924151211, [1]
-35.46542397511811, 0.5017114025229558, 0.7487184544301582, [0]
-33.84825384358578, 0.538895713083948, 0.9652051560894184, [0]
-33.632570071761286, 0.6573194044549346, 1.193453857047585, [0]
-34.265869945548076, 0.7312587830988109, 1.0885494463035064, [1]
-34.34891779508526, 0.5831308948271002, 0.8064723004692571, [0]
-34.891516177873655, 0.9766311839348212, 0.9434331603631978, [0]
-35.93483806462335, 0.5391090777948392, 0.6027859728070006, [0]
-35.3014519046876, 0.4174550528612849, 0.6082271121594536, [0]
-34.433310615051795, 0.5671215728269099, 0.9970622200272143, [1]
-33.65116154878254, 0.549118706015902, 0.8460088482452968, [0]
-34.401694895244, 0.6881841588262351, 1.2958853966993724, [1]
-36.46791863741349, 0.4141570230354782, 0.9484667299942531, [1]
-36.44773716260622, 0.3213307842018311, 0.5070525001518326, [0]
-35.25847154954643, 0.539750256443045, 1.1495379409359532, [1]
-34.52440979559732, 0.35959946055237335, 1.0161272152892669, [0]
-33.69490934162048, 0.5771008992638207, 1.197939404759334, [1]
-33.038243199112486, 0.4027492759538488, 0.8275306670040222, [1]
-35.01719575943334, 0.7504843845768593, 0.9693034450352485, [1]
-35.71537948261532, 0.5953179354270349, 0.9248637531264823, [1]
-33.81430009614161, 0.7657473587046739, 0.6294917729922915, [1]
-35.53931963572847, 0.6751076970836142, 1.1214686813066703, [1]
-34.66428881031806, 0.8001311514549921, 0.7998322403678026, [0]
-34.393105861946, 0.8629972574923096, 1.069997983761338, [1]
-35.38900241714942, 0.6323471720617218, 0.6341594674766851, [0]
-34.1088677847422, 0.5976673692061695, 0.9459574071342004, [0]
-34.746532909319455, 0.8238196936611886, 1.3791477893667887, [0]
-35.137798282084525, 0.7847928956156047, 1.2791127262743553, [1]
-35.90707972488965, 0.6811215918345251, 0.43803965158976954, [1]
-32.68672895353211, 0.6240428461000196, 1.2873637591597464, [1]
-34.39648505814284, 0.790408580915272, 0.45145266210033347, [1]
-33.70387173362532, 0.7754013989106276, 1.251349692603026, [1]
-35.795513983427234, 0.45342038101946514, 0.9561600331199868, [0]
-34.36603201656782, 0.8450815247075579, 1.554124211097343, [0]
-35.158159874736306, 0.6796198419416869, 1.2144253606834696, [1]
-34.67181338985088, 0.6352579276675745, 1.374435341503014, [1]
-35.447551104309014, 0.5223337311750376, 1.3055502961613088, [1]
-34.253129751856186, 0.519918566425123, 1.1497679185340575, [0]
-34.412421774170035, 0.5319605656314912, 0.7643453676871039, [0]
-34.049647661892955, 0.40240989233374974, 1.2084780968629056, [1]
-35.0700991965, 0.7680174616032658, 1.0746847876788845, [1]
-33.71685933007494, 0.6470032961395811, 1.1036866792261555, [1]
-34.06087192683212, 0.6846269825573132, 1.2724191332876449, [0]
-34.7310575710155, 0.6441793922787681, 0.927091090866122, [1]
-33.69949746944245, 0.5467264319376868, 0.9611704064130853, [0]
-34.80013848832581, 0.546276967080357, 1.2530928385301094, [1]
-34.42609679397293, 0.7519603978372247, 1.569379364325437, [0]
-36.40414173213573, 0.5683427555782723, 0.6760189863824339, [0]
-34.305483139351146, 0.485814325251345, 0.48592332812238587, [1]
-35.35910305026879, 0.3436172331955805, 0.7869794733005745, [0]
-35.814294784663446, 0.5093093645544637, 0.8795271219341991, [0]
-34.286721675881005, 0.6896608008079879, 0.9189100116715903, [1]
-34.79574416529442, 0.6906536704168384, 0.57923732693593, [1]
-35.22885678698085, 0.6567331924928914, 1.1457168769422656, [1]
-33.9243049510604, 0.5783490306317393, 0.984491551232177, [0]
-34.54157209944302, 0.6489133213444647, 1.0801962974059236, [1]
-35.41162395414349, 0.5761582757078026, 1.009806122131656, [1]
-33.8974559123136, 0.4723029565362676, 0.9713970572455416, [1]
-33.63955195001987, 0.6647206928418269, 1.2723244136578973, [0]
-34.53979061705678, 0.5260926300599779, 1.4086132094864452, [0]
-34.51180660609873, 0.593934573218335, 1.1589112594873607, [1]
-35.86305235909599, 0.5811680217353229, 0.5984776262497375, [1]
-35.26915946281936, 0.6067527250262452, 0.5317434156416126, [1]
-34.10013154114351, 0.7650857642858817, 0.8110526094467734, [1]
-34.47825792448239, 0.6785570034013404, 1.3910615911150988, [1]
-34.27672570333898, 0.2948134686319622, 1.0118124365472163, [1]
-33.619578337091674, 0.6136910834541666, 0.5710423434983976, [0]
-35.297973830613984, 0.48278777073969326, 1.4637596585075867, [1]
-34.83789660344388, 1.0855438673567914, 0.40703042905451636, [0]
-34.02020068404934, 0.6884605943676756, 1.016932317358247, [0]
-34.206861498033234, 0.5526624265315524, 0.7903042827580465, [0]
-34.9582939045074, 0.648729107805534, 1.3430700901365196, [1]
-34.10888797627587, 0.7400434943635893, 1.4047885661255943, [1]
-33.58797446026494, 0.489344880574329, 0.5921598409056678, [0]
-33.73434838550556, 0.8111191850750048, 0.7056152643320224, [1]
-36.4110795633766, 0.7648872433081408, 0.4957391709867842, [1]
-34.32549951449395, 0.5715614055165242, 0.5102995722010799, [1]
-34.37168710235696, 0.49512397740219755, 1.1678797935336764, [1]
-34.40310152191581, 0.7775691558786824, 1.1669494669951856, [0]
-34.89640034439348, 0.6334384592984984, 1.2527728688419282, [1]
-33.94134428352611, 0.7198784748803568, 0.9674987485671713, [0]
-34.047240801615835, 0.5061103273102169, 0.878085171257558, [0]
-35.73006190988269, 0.479823659219193, 0.6917614710631202, [0]
-34.278310971692186, 0.41434805223591903, 0.4646204647841791, [1]
-34.72651533731713, 0.5414933736729387, 0.5262017748257568, [1]
-36.13762867582999, 0.6274516632295535, 1.0124173832600367, [0]
-34.39951537028419, 0.6804441615272897, 1.1081878337382531, [0]
-35.11996006466465, 0.6478574217296819, 0.6342174290138076, [0]
-36.31458627106948, 0.6305034171255663, 0.751194318162862, [0]
-34.67122822738585, 0.6826411437007538, 1.633180696854539, [0]
-34.182107691555586, 0.6234952973043527, 0.31776919511547386, [1]
-36.54585518259637, 0.6877744014568696, 1.1558357064287184, [1]
-34.69056288646923, 0.5334629928333612, 1.2131060140787493, [0]
-34.28994332744436, 0.5285983757531425, 0.8823462927070705, [1]
-34.80955921265335, 0.5243104788023225, 1.0677718259985929, [1]
-33.17663350100041, 0.6402962526686365, 1.463884745966087, [1]
-33.211998191183895, 0.6527193011438437, 1.1000820033033862, [0]
-35.78634894871171, 0.5840541432695638, 1.131491139520006, [0]
-34.54874560782939, 0.6595920862847076, 0.9853535552101149, [1]
-34.46164386697951, 0.5711213263289696, 1.254064844957147, [1]
-34.27275304812806, 0.6245726053101182, 0.6997179757437213, [0]
-34.92472394431566, 0.7365665227490048, 1.3298577504304876, [1]
-34.34820175053187, 0.8732975349792791, 1.1324748472676194, [1]
-36.266784617187575, 0.5396329467978801, 1.1748655063068567, [1]
-34.96397729693811, 0.5390154374011369, 0.713119093126886, [1]
-33.61646984468298, 0.6974299165731804, 1.3540055661479744, [0]
-35.1148075197785, 0.7975718459255823, 1.3904079346684395, [0]
-35.1493261299708, 0.7520505954530614, 1.2071701218717983, [1]
-35.857707339788135, 0.6603749332299516, 0.5902065467692164, [1]
-33.77524721610038, 0.6784797289703614, 0.9960177909443121, [0]
-34.6782094178448, 0.6216934091149207, 1.5813245556413513, [0]
-36.047478209838, 0.46576558536367496, 0.8646229638304657, [0]
-33.96910330186925, 0.5992738011220576, 0.834207952512408, [0]
-33.56344165138921, 0.5459817404958567, 1.3640041918215176, [1]
-35.896302278470934, 0.5967324039504709, 0.8236271048798747, [1]
-34.83961670991663, 0.5384812707541536, 1.3760705507772344, [1]
-36.198994161142906, 0.5913473687233899, 0.7089593449926647, [1]
-34.835891520603184, 0.7073930686094341, 0.853753498893363, [1]
-33.830684305672364, 0.44682288562788003, 0.5742845763084058, [1]
-34.28621967959506, 0.5785099911635503, 0.7815564853957861, [0]
-34.5398021257759, 0.5882667774365358, 1.13579554102632, [1]
-34.340560521844004, 0.6434593436806155, 0.9633032920282849, [0]
-33.958687326562774, 0.5011262764774116, 1.1074991486343495, [1]
-33.18453526223588, 0.8679795151612192, 0.9948964714668879, [0]
-33.14057605593562, 0.6212451693721095, 0.8840975232646116, [0]
-34.56895437061554, 0.7507659120165685, 1.0751280047092746, [1]
-33.818434782162406, 0.6365350152512546, 0.9079702677141709, [1]
-33.948571969452146, 0.841134521438171, 0.8273447309250745, [0]
-34.48348534216416, 0.5030903963102136, 1.2427270132809765, [1]
-34.7978754449736, 0.5840480575319584, 0.6485751970192004, [1]
-34.418758651653846, 0.4696007095442159, 0.9230501421281297, [0]
-32.8526763289333, 0.5062565098377236, 0.863356446912217, [1]
-33.964531345582195, 0.5701142458461205, 1.4232671849863123, [0]
-33.38043365816079, 0.6736383551079834, 0.9215382882528373, [1]
-34.11609675472713, 0.6762513734857387, 1.2755175248390018, [0]
-34.468073970654814, 0.6482296332840035, 0.9916372039103216, [1]
-34.84989941938794, 0.6684370998005144, 1.0153781867913336, [0]
-34.61742674357107, 0.5521382617203909, 1.1652017777868917, [0]
-33.96488276636875, 0.6124993162244221, 0.6585519926780617, [0]
-34.19457150272337, 0.6733002331123039, 0.8088448805646429, [1]
-34.100125759017985, 0.37599073856473453, 1.0178437965774834, [0]
-35.80994814940671, 0.5635596101689331, -0.04371637900006575, [0]
-33.89009295250247, 0.7464809827046377, 1.3689899767463138, [0]
-32.78555598724363, 0.5624683904336373, 0.7236867017027744, [1]
-34.553726276689225, 0.524937137718324, 0.8300199565786726, [1]
-34.6118090610633, 0.38589476990478244, 1.318629776653217, [0]
-36.19411394440131, 0.5132772643259745, 1.0820838877785768, [0]
-34.55402114182116, 0.6058178726760322, 0.8668285072673667, [1]
-36.4576751541917, 0.5119627542758958, 0.7728575751900858, [0]
-33.84861036279556, 0.5627631702925273, 0.6613810753137401, [1]
-34.441925085756765, 0.568725408244107, 1.6006720368694303, [1]
-33.34198702823817, 0.7767907374873467, 1.1601077510750841, [0]
-32.63955411125384, 0.6436882389299363, 1.273530377956043, [1]
-34.34213397146652, 0.5555798094472786, 0.9891829561899024, [1]
-34.57294868886131, 0.5679853980408629, 1.278631485389856, [1]
-34.61110812364063, 0.45172827716955644, 1.2030021833283138, [1]
-34.16319732063651, 0.44148333849666843, 0.7083422953621054, [0]
-35.44874998828652, 0.7100101819499519, 1.0986614200252562, [0]
-33.99601079317372, 0.7209386154871225, 1.0241622841097147, [0]
-34.489695479065084, 0.6663526935092523, 1.0465479417189885, [1]
-34.519596765257376, 0.5491977359592297, 1.2958620194149175, [0]
-35.19636191193484, 0.6855126767820866, 1.4829709627256553, [1]
-34.67802567428497, 0.5544955668884398, 1.2742482702372506, [1]
-34.20767822242699, 0.4728184636943003, 1.1129329103060006, [0]
-33.34877085763827, 0.5048512310535824, 1.0455875833356165, [1]
-33.90312844607906, 0.561571061553288, 0.9849184401824906, [0]
-35.597357328651846, 0.6421054375761431, 1.2429709388158434, [1]
-33.58181832299954, 0.6186401480515393, 0.917762556137909, [1]
-34.511857904779404, 0.5094810942585333, 0.9060072878171026, [1]
-33.34255348492606, 0.6886751517543233, 1.1383042705596407, [1]
-34.22423672374317, 0.8784970067549679, 0.7224336194358292, [0]
-37.386748855286314, 0.6942116846704651, 0.6708961484408752, [0]
-33.158517778931504, 0.6884038051365343, 0.7352257181247878, [0]
-34.82034460761601, 0.7271070117352095, 0.8024690673876722, [1]
-35.3602272696109, 0.6552984831758571, 0.959049787063444, [0]
-35.18166082723959, 0.672028447759977, 1.1362645616504148, [0]
-34.95268010730961, 0.43513280365633233, 1.0544861948212747, [0]
-35.838137928809665, 0.6387377242505893, 0.93565463828379, [0]
-34.407686274775706, 0.6983886294051538, 0.7590439023077158, [1]
-35.15484088820846, 0.6049580789549674, 0.8423769970195029, [1]
-34.03351222169922, 0.7306748980991808, 0.5502127467182392, [1]
-35.08824758524772, 0.6179348491366415, 1.436764946889529, [1]
-37.034462557369004, 0.4705906703280842, 1.5673051453652014, [0]
-36.568334874969466, 0.44624813299977817, 1.2404280099944993, [1]
-34.785416131224736, 0.8664554516283115, 0.7026087007726504, [0]
-34.884023427377656, 0.48651247884336635, 1.4780840044639878, [0]
-33.80977571887654, 0.6173027422906052, 1.0027606004350542, [1]
-35.69599355393561, 0.7482717317975303, 0.6811711189880174, [1]
-34.376685034664796, 0.7570399771184093, 1.2421205241297928, [1]
-34.31952997262579, 0.6983978766661155, 1.228742908419965, [1]
-33.94788104583418, 0.5965853791158396, 1.4376718197030183, [0]
-35.568953080992046, 0.5498861195830438, 1.0517528428015206, [0]
-34.74959680371637, 0.5013086029953282, 0.8991256733006463, [1]
-35.158611914541424, 0.6021496816182464, 1.3357140761111683, [0]
-33.97820679759669, 0.49760176398733114, 0.9743544595599745, [0]
-33.313476185496384, 0.7335940302709519, 0.39961084227758625, [1]
-34.256495259637546, 0.8152146189292789, 1.1829150843621015, [1]
-36.19857634622501, 0.7438943159215208, 1.1511064193948999, [0]
-34.26691519539506, 0.6561314151205301, 1.116013179763577, [0]
-33.664771030278686, 0.903538449221339, 0.7871603268695802, [0]
-35.67803350603628, 0.8145197303969302, 1.3729064209612099, [0]
-34.13130658373564, 0.35760482117770015, 0.3237488244775773, [1]
-34.927030783469576, 0.6031755437921653, 1.0608258662495493, [0]
-34.40271409316555, 0.6897900021818001, 1.0520442840726325, [0]
-35.267599411259084, 0.4222020891328019, 0.42529124248954375, [1]
-35.48392921585482, 0.6035823597901822, 0.8469272283882214, [0]
-33.33801051068808, 0.6043597950635832, 0.8649827865191063, [0]
-34.087594929188874, 0.7098658058479917, 0.9828868761431371, [1]
-35.22026904568865, 0.5669414464437578, 1.701467888944977, [1]
-34.875398630105806, 0.6123515581533946, 1.253923695932229, [1]
-34.701080041961504, 0.6808625171807875, 1.15354628135578, [0]
-35.51006088412492, 0.7319757896683083, 0.7301555331802121, [1]
-33.605077451635005, 0.6013870427755688, 0.8481180249162831, [1]
-34.75014369438312, 0.400123678357358, 1.0557446471978706, [1]
-35.15379711715819, 0.5970725618632716, 1.2217969915935325, [1]
-34.524361084518176, 0.5530852280839389, 0.8416203064151495, [0]
-35.45489457194297, 0.2912256803089991, 0.7279551138828728, [0]
-34.91285141050054, 0.5002570110463499, 0.07577137396054712, [0]
-34.59392928393519, 0.34186181187887227, 1.0082448783628926, [0]
-34.9110148838146, 0.6474585561455812, 1.2300399531070898, [1]
-34.989608952931725, 0.7635757631172715, 1.012879108929195, [0]
-35.66425496022374, 0.7080878242794978, 0.966977220073295, [1]
-33.92473172963955, 0.5744912745572263, 1.3163341134976796, [1]
-36.39945428740095, 0.7167412227638437, 1.0097932871936255, [1]
-34.07940927552521, 0.6161782920098916, 1.2554026910980853, [0]
-33.77170114289915, 0.566010225312528, 1.20150556550155, [0]
-34.143865279397374, 0.6426160029902809, 0.932743686084137, [1]
-34.03238822151244, 0.4199472348768645, 0.7943648703120959, [0]
-34.30344503594319, 0.571739382191745, 0.8856317682673169, [1]
-33.786888367783746, 0.6466741086062266, 0.6907668228124679, [1]
-33.78657921198697, 0.5429392489954599, 0.7793561407207232, [1]
-34.05759747085109, 0.52503678476747, 0.8895078053623043, [0]
-35.20870445782366, 0.6532164468206585, 1.2863548441331771, [1]
-33.38107415789527, 0.8138870746563183, 0.7011787691327973, [0]
-35.52688297386548, 0.7139565635552052, 1.0697911860754412, [0]
-36.2234307899009, 0.606089582922096, 0.9994939019578842, [0]
-35.697379882184094, 0.5084109972700601, 0.4905411915523321, [1]
-35.45664634573682, 0.5543009946353932, 0.9651740237226817, [0]
-34.130021935925875, 0.8177213625755645, 1.0299342119948622, [1]
-33.989524409761195, 0.6644330373286805, 1.3108148930446453, [1]
-36.25971256584696, 0.5871124909304807, 0.976680148268289, [1]
-35.742562332628836, 0.9049292872039469, 0.7962888708775582, [0]
-34.97112363255476, 0.6169076278626208, 0.6821078611981078, [0]
-34.55069070962597, 0.775313452485744, 1.0094110562348386, [0]
-34.63914857872984, 0.82872439821012, 0.393823809471487, [1]
-34.06765609530969, 0.31261302363299504, 0.9720867222211642, [0]
-34.86589369769126, 0.693564041444299, 1.182538869067321, [0]
-34.97021758347735, 0.49053524696495887, 1.012828542046922, [1]
-34.335611019403984, 0.6844262278197418, 1.2380559502530013, [1]
-33.81326235838677, 0.4427249568200977, 0.7965263933164092, [0]
-34.629670904621634, 0.9061477481542759, 1.0947919742656154, [1]
-34.1677465565787, 0.7855536758015702, 1.2028324299891977, [1]
-34.76805076992703, 0.5781396324562396, 1.2573248564941226, [0]
-33.037049657924065, 0.7137147454148376, 1.2203691284471416, [1]
-35.07125563484538, 0.5930575125160705, 0.8344613884976007, [0]
-34.979574978898796, 0.47165706579558736, 0.8455280739268274, [0]
-36.50266976567491, 0.5507982848722948, 1.2034614043480123, [1]
-33.34841029865802, 0.7432982884934488, 1.1221925589625543, [1]
-35.42355051021302, 0.42140605543603404, 0.9863080282330265, [0]
-36.640184880630045, 0.9388121781519854, 0.9866233207488686, [0]
-35.792898394894515, 0.6621891674182391, 0.8360567312865641, [1]
-35.138713943103, 0.8765013067328004, 1.0438188458986994, [1]
-35.80287444568651, 0.7022810670919731, 0.5466587861846096, [0]
-35.586545052620394, 0.6307365678201978, 0.7686466580684012, [0]
-35.4416118693774, 0.601259455051149, 0.7038145400986243, [0]
-34.65955860841717, 0.9652644606478957, 0.4841012849266002, [1]
-34.387024147335865, 0.6104282305030398, 0.8720416589123042, [1]
-34.42031697299015, 0.6168605982752118, 1.0597574322437397, [1]
-34.480396075403135, 0.5757126727446309, 0.6464016803075253, [0]
-33.33466161493498, 0.7734241507459987, 0.6414898444146547, [0]
-34.63848786800315, 0.4646857415850898, 0.7077730395194062, [0]
-34.70076693323042, 0.29621477194640694, 1.0853097152560294, [0]
-34.81101431356623, 0.6808014701257139, 1.554558309504555, [0]
-33.73103249582367, 0.5380551991734416, 1.1686809872500112, [0]
-36.34079830002156, 0.6688797541679875, 1.1431267022139167, [0]
-34.43919485669956, 0.7612591003166026, 0.938547537571434, [1]
-33.33588799458713, 0.716434218905006, 0.5568218295250352, [1]
-34.78065483992729, 0.5040665499847714, 1.2735303725044118, [1]
-34.236935652369034, 0.7644128738466209, 1.1142127158674737, [0]
-33.98499066412262, 0.6561379746080902, 1.2984454454173904, [0]
-34.014855384928154, 0.629446282531822, 1.3366305498595632, [1]
-33.70474996197929, 0.5924737947780183, 0.6127595585697166, [1]
-34.802290095086065, 0.7030739955257432, 0.9487512443078705, [1]
-34.5709029183409, 0.6938307096861951, 0.5947843881403605, [0]
-34.41130286181218, 0.4776643773966744, 1.024586167208574, [1]
-33.824621410432975, 0.7394644986914336, 0.9086959300492501, [1]
-34.541019690696224, 0.668472615349389, 0.2682170799687047, [1]
-36.32503751694594, 0.511815024154382, 1.128174289578648, [1]
-33.49407372898401, 0.5249002486143702, 0.937719130809122, [1]
-35.27897028332201, 0.6042610477677555, 0.6961866492054511, [0]
-33.89421057490819, 0.766485128616088, 0.7302273681001091, [0]
-34.152404106524784, 0.5970773421701762, 1.415337397364601, [0]
-34.607707373476295, 0.8249444491679834, 0.9462439907076117, [1]
-35.89036760142429, 0.38279761269701423, 1.2094056356913048, [0]
-34.14733282835303, 0.6410569070065211, 1.262946038516953, [0]
-35.04988883570589, 0.5958946612450324, 0.5542002477785293, [1]
-35.445612251483226, 0.5415719618209188, 1.3904264234882453, [0]
-35.37462133830758, 0.5133790763047289, 1.3927710762030379, [1]
-33.45505447243989, 0.4375970682735535, 0.5226524905229102, [1]
-33.72156245041948, 0.7498426501882456, 1.564302741568715, [1]
-35.840215273310406, 0.4902369374344788, 0.5781897903019384, [0]
-34.297685295173856, 0.6173252719231401, 0.9588456905765204, [0]
-34.78399172271862, 0.6293932536465959, 1.1550740615433264, [1]
-34.102892666607374, 0.6975266197498393, 0.9801905334820229, [1]
-34.40168920967442, 0.5762196859490695, 1.0889857663546527, [0]
-33.72916263879135, 0.5015744238241379, 1.1477855119443645, [0]
-36.483719848448885, 0.6701583476825226, 0.5231103893263959, [1]
-34.48251741356758, 0.575660635735042, 1.2756957262590145, [1]
-34.29189764385612, 0.46835677704269013, 1.0900665685406445, [1]
-35.837001720713715, 0.6224668876725554, 0.7852198179228227, [1]
-34.20402293785358, 0.70899789156369, 0.8269201663508974, [1]
-33.96854186052892, 0.776030672762693, 0.7181145733395304, [0]
-35.66140832247879, 0.8565289352629757, 0.8889310042450802, [1]
-35.55449207443566, 0.6547623740992063, 0.827679289127682, [0]
-34.65681948012882, 0.6597915966614029, 1.2538006348698696, [1]
-34.91652958974809, 0.5066185898514848, 1.1304600037314454, [1]
-35.678910139037164, 0.7057288352785718, 1.309289550113788, [1]
-34.243202039946816, 0.620945130896174, 1.1490657418841257, [0]
-35.064279414934184, 0.43269413818713376, 1.0604865428787422, [1]
-35.4363796864604, 0.5355674105133832, 1.1456705658970423, [0]
-34.889364085227335, 0.5842633602458288, 1.0788676286363086, [0]
-33.33800516065894, 0.41836947168458427, 0.8065854237780733, [0]
-36.39660896971869, 0.6365912363049244, 0.7168892199720304, [0]
-33.90271029902225, 0.41722972206519854, 1.1571770751576407, [1]
-34.430860102174115, 0.5555404557985227, 1.5344530154138927, [1]
-35.34894751119577, 0.5095800594947474, 0.6551184461887309, [0]
-35.48656855768799, 0.654536751510512, 1.1798829397479897, [1]
-36.37337350510362, 0.8550576860816038, 0.6770977954102855, [1]
-34.86053984407378, 0.63173284549411, 1.1294931014358305, [1]
-35.79589981782949, 0.4519265686076711, 1.0343881934025982, [1]
-34.691488568587424, 0.6041696112793691, 1.3303707351024725, [1]
-35.316079613777795, 0.5959209357368856, 0.7253440971088483, [0]
-35.199184776999125, 0.747206266048127, 0.569490609065418, [0]
-34.48101283370878, 0.7434978105647638, 0.9583584332347211, [1]
-33.91260041970634, 0.5188661689484242, 0.9365505000227013, [1]
-35.54074922902443, 0.6983746647906437, 0.879486857511736, [0]
-35.52625376671098, 0.5602316978031504, 1.3479187887791115, [1]
-35.29566822679104, 0.5532996878831964, 0.39863082559240703, [1]
-34.72155857060333, 0.8223936329864848, 0.8540879610928881, [0]
-36.71685627359974, 0.46201930798531665, 1.0101966813351755, [1]
-34.08407950661408, 0.44577927859361677, 0.7804533548236271, [0]
-34.18276217108063, 0.6506583450831845, 1.2772074869647199, [0]
-34.82820408974317, 0.6136186716678932, 0.6446781392173913, [1]
-34.573888173761006, 0.6962367952098316, 0.9517286683579687, [1]
-35.13509020190853, 0.6691184863663824, 1.3122176422833158, [1]
-33.21542361315182, 0.6868413954437453, 1.4432139394819286, [1]
-33.77928484869663, 0.6452587124420968, 0.7330697371680885, [1]
-35.065845915496695, 0.555665559119721, 0.9950813613527496, [0]
-33.4084149866084, 0.7544961726386834, 0.5450739295607495, [0]
-34.68852222043545, 0.5857462637621043, 1.2008200706297336, [1]
-35.23771951324383, 0.7603504818175487, 1.493166316448311, [1]
-34.346532528947236, 0.577515690234414, 1.1306933469261504, [1]
-34.483483712175925, 0.47054450797215835, 0.8834139372708353, [1]
-34.627831340458236, 0.5861280882368959, 1.0542119766659277, [0]
-35.49858051230589, 0.654268271675471, -0.08868783309231881, [0]
-34.37304722345642, 0.6743492145248289, 1.102930600538858, [1]
-34.6094022813447, 0.6730760653241468, 1.5144301730305143, [0]
-34.77174258583829, 0.5573508824394049, 0.9715613080577279, [1]
-34.04197703091354, 0.7796983415206747, 1.222989008161196, [0]
-35.53528268043419, 0.618603536834011, 0.7938330932278461, [0]
-35.81943365118597, 0.7838431514652955, 0.3401251008663442, [0]
-35.19125164192728, 0.6171809900964716, 1.051036438751386, [1]
-34.493532769725405, 0.6165004412095446, 1.1255609845228358, [0]
-35.52055793503599, 0.588358120909457, 1.1620504808009575, [1]
-34.172931749598426, 0.6251846501344943, 0.7776380337564968, [0]
-35.717138795544955, 0.5491057736415644, 1.2279268777162433, [1]
-34.320083161863266, 0.6761804670143343, 1.0855818461280988, [0]
-35.30317176735435, 0.6280163460825335, 0.9823479843410945, [0]
-34.400809091997296, 0.4973852250293113, 0.5961600836611348, [0]
-34.27139915746387, 0.5199607464221836, 1.0348696140161557, [0]
-35.70051440161372, 0.7075618390549278, 0.7397306846747966, [0]
-33.900238796315875, 0.6888394133750945, 1.1338069775887525, [1]
-35.41339262849643, 0.5979416945936529, 0.813393954176282, [1]
-33.62989300129376, 0.6822051129712485, 1.0052377720817782, [0]
-33.958083904973826, 0.7022710198999509, 1.0282881148663288, [0]
-34.43174774685036, 0.7484191084300812, 1.1570713871913523, [0]
-34.197862171243216, 0.6437492691257309, 1.0979728651305363, [0]
-35.232298112125434, 0.6068677614804858, 1.3550070883997174, [0]
-34.03362991974239, 0.5358472636787834, 1.2482523318904848, [1]
-34.27549404981867, 0.4406098059843456, 0.8167593710806719, [0]
-34.344212239156164, 0.6518220141674795, 0.2541798181988518, [0]
-33.843379439377884, 0.6579961507304428, 1.0431180743085136, [0]
-34.739928883948465, 0.5685950906921327, 0.6572761178483371, [1]
-35.6335376758884, 0.5798774881789427, 1.14292386618063, [0]
-35.065379944520565, 0.8112979396380836, 0.9905164013917159, [0]
-34.77926888238374, 0.5204911916828725, 1.1222306355437488, [0]
-35.6653634535047, 0.7879962658115623, 1.2295862249795937, [1]
-35.21978895512952, 0.5984405492909031, 0.9266647142320434, [0]
-35.8018952343964, 0.4633147275434978, 1.1265133780570487, [1]
-34.4677143252782, 0.669550807590341, 1.4738780616545204, [1]
-35.59884626038378, 0.5728613703399695, 0.5406240253692718, [1]
-35.095309799927335, 0.8178077078606799, 0.5686884790109931, [0]
-35.9274140027934, 0.6170491421427047, 1.6995434827850056, [0]
-35.459618068266835, 0.5023283113605908, 0.7385078386814676, [0]
-33.701159913442766, 0.6464743932247003, 0.5541148716801845, [0]
-34.24352316222683, 0.5937751716561942, 1.0287196549507778, [0]
-35.24550448002873, 0.6572238663353658, 0.8679132395187495, [1]
-35.42034061375805, 0.7439019674571827, 1.1477289192886642, [0]
-34.14894671148419, 0.7167075163261636, 0.20750699008179968, [1]
-33.671428204837525, 0.5512183249991364, 0.8796102069895608, [0]
-36.69144363391856, 0.6814815118572395, 1.2756416411586056, [0]
-37.63744310482841, 0.7411597600298021, 1.2255275195209934, [1]
-33.834766562714506, 0.5089377477558049, 1.1913307282748993, [1]
-35.27203444858807, 0.5847772295933653, 1.2083167819557936, [1]
