t=0.23710989568164015
logZ_t=-60.99111899548214
-18.315038833703788, 0.7428148481324215, 1.0497657593224736, [0]
-18.46734164581164, 0.5682667534251249, 0.7393874145888187, [0]
-18.318417760533887, 0.4805563126904093, 0.9314257712412375, [1]
-18.450812869559986, 0.6303849092279308, 0.8984933175676695, [1]
-18.373329442678877, 0.600813433085918, 0.9439158817182466, [1]
-18.346529710053, 0.6528564983021398, 1.1747861931257417, [0]
-18.420406332048806, 0.6859409867902405, 0.779013411857435, [1]
-18.52340598388405, 0.4692823882882992, 0.9912687749298005, [0]
-19.109507846968633, 0.371647229639294, 0.9897324408524251, [1]
-18.591116519571244, 0.4905319385425951, 1.2020243999074278, [1]
-18.30851150265838, 0.5317379696081856, 1.0035466224572016, [1]
-18.316517253120388, 0.6329434303468187, 1.1134570358683138, [1]
-18.382533988990264, 0.5171253175003837, 0.8855632281058855, [0]
-18.489871612523423, 0.625517205895287, 1.1998250903297185, [1]
-18.41763734048314, 0.530385678333052, 0.832720333372626, [1]
-18.712865728877183, 0.6211184968125045, 0.6853771725370998, [0]
-18.42543356288542, 0.6472129003318153, 1.2596846699271091, [0]
-18.46797217498051, 0.68356012177653, 1.0448088574584111, [0]
-18.424373531633886, 0.6359944539721964, 1.0364417113683455, [1]
-18.357914266356474, 0.5698703400506268, 1.0296474998700589, [1]
-18.44023222018022, 0.7319287161053556, 1.1168512849715686, [1]
-18.385856583402923, 0.6514644464327207, 1.1250439233016052, [0]
-18.48787133419033, 0.5324150305230435, 0.8921832360389873, [0]
-18.446500010034477, 0.7543163070424399, 1.0661755501153363, [1]
-18.65000566231351, 0.6128653507449207, 0.8270949957957048, [1]
-18.311393597464043, 0.700537886714223, 1.0015352158359527, [0]
-18.656074344140933, 0.6238211955550798, 0.7812477743696461, [1]
-18.420235036689878, 0.7583058339725878, 0.7265839411998012, [0]
-18.509747723548674, 0.6068650878161197, 0.885153166991883, [0]
-18.490113548285205, 0.7002512350410199, 0.9577602839847354, [0]
-18.35961339253135, 0.5966081640961285, 0.8875385214698202, [0]
-18.544750885619433, 0.5493276275982846, 1.1375270034182545, [0]
-18.420879240101304, 0.5802198771879878, 1.2349205678041366, [0]
-18.86564853492095, 0.7345303681511227, 1.065439719963171, [0]
-18.621188565763664, 0.806966826166256, 0.9602185946631194, [0]
-18.29665202015002, 0.6701832101383486, 0.9612149061056416, [1]
-18.29788908156258, 0.6600478951698431, 0.7454344702260947, [0]
-18.339485874012308, 0.6460440721970413, 1.1394805951927065, [0]
-18.41043711191695, 0.7259364598988298, 0.757996612313441, [0]
-18.399498511401784, 0.6649892347366084, 1.0683235763773602, [1]
-18.56300725670093, 0.5256483090657931, 1.1221255130568628, [0]
-18.363747970755025, 0.5948735198316987, 1.0816874394040665, [0]
-18.28815281931843, 0.564047134112342, 1.257560764857998, [1]
-18.339411464948782, 0.7451647423932882, 0.8916889574047728, [0]
-18.289074253159928, 0.6625534551573815, 1.12100241937228, [0]
-18.506496632217427, 0.6720355999911205, 1.3856919840358635, [1]
-18.58833694158378, 0.6642950294654448, 0.9085477717042991, [1]
-18.494836196537594, 0.49116164312581334, 0.6982580207775326, [1]
-18.549777291776433, 0.6776087947061029, 0.8962687925503054, [1]
-18.553680795091037, 0.5373880641869313, 1.0610188081170473, [1]
-18.50360456036125, 0.6640160786576565, 1.3826382120260925, [1]
-18.432226862253025, 0.5346823221581471, 0.8512082735493478, [1]
-18.517829192784774, 0.6364015244003036, 0.8616634878020379, [1]
-18.38262438204064, 0.6304504554347481, 0.8950422993846685, [1]
-18.388217010771193, 0.6778310220706442, 0.8183688216157365, [1]
-18.62705472950387, 0.7652549657059492, 0.7358976830162378, [1]
-18.568945946465757, 0.7837035320986633, 0.8612594657183386, [0]
-18.68709779211867, 0.6003507334285593, 1.2407337472262712, [1]
-18.97948413546854, 0.9428885167001313, 0.10782567578205293, [1]
-19.108837972077357, 0.5497101479802748, 1.202469857097487, [1]
-18.504488731952314, 0.5177165196293758, 0.9802352406235261, [1]
-18.4754453463381, 0.5643709769276106, 1.1552361025710784, [1]
-18.480125581916933, 0.7240907947613371, 0.6821720970221792, [1]
-18.34075707989631, 0.5912048372415613, 1.0086196507732714, [1]
-18.435274047006516, 0.43993417037675175, 0.9858720844048645, [0]
-18.3749863947689, 0.6329883884034775, 1.1041302710291854, [1]
-18.588441642447464, 0.7025925171201322, 1.161480036257533, [1]
-18.363654575930337, 0.5707246797812459, 0.978444071869973, [0]
-18.417254307228557, 0.6494588504918999, 0.7629478822994271, [0]
-18.471075545413083, 0.7011475297543981, 1.0593257152405213, [0]
-18.335395267389465, 0.4961797176830068, 1.0384109607248984, [1]
-18.441131238365013, 0.4762081117654545, 1.292642600090548, [1]
-18.411225092246706, 0.6730857289763502, 0.9028816556594644, [1]
-18.378740902462827, 0.618284832378246, 0.905275992927708, [0]
-18.392264162964224, 0.6455779658753813, 1.0951855694339787, [0]
-18.681640331650403, 0.5898523170486777, 0.8193529720237147, [1]
-18.717372430634686, 0.7694765258042607, 0.7379698315516283, [1]
-18.601880509761557, 0.6273151359955195, 1.2111241882284272, [1]
-18.47073560478417, 0.5868723093253627, 1.0689258412179674, [1]
-18.58249707442696, 0.7372338313672421, 0.6522023138827846, [1]
-18.356936723709026, 0.571561607889775, 0.9012799003220462, [1]
-18.738554510202565, 0.6823664375487278, 1.2782291578539051, [1]
-18.54353237618132, 0.7153455688907477, 1.0900585276460915, [0]
-18.46727392595872, 0.6188862790882277, 1.0634650704193853, [1]
-18.4777463015026, 0.5827363895521245, 0.9078875042435858, [1]
-18.46165902520929, 0.6065929651205562, 1.173856829071147, [1]
-18.656091032115818, 0.5868905127687463, 0.846806352272501, [0]
-18.306880649546205, 0.5859719290730223, 0.9299555507023236, [0]
-18.38279055966556, 0.5871643594097229, 0.9058706736285388, [0]
-18.55538888342244, 0.5157214259089931, 0.8822618544602453, [1]
-18.31876889287722, 0.6690430681905236, 0.8232546423548155, [1]
-18.387926918109695, 0.6588615188578788, 1.186841604434821, [1]
-18.520343645206182, 0.6675229873991898, 1.0691408044869257, [1]
-18.587106798355002, 0.5927881962336308, 1.1541857252944256, [1]
-18.348334884011663, 0.6405028209293097, 1.0082769804278502, [0]
-18.312635804814263, 0.6113573636976051, 1.0050334346243914, [0]
-18.421696536468314, 0.7352327719264715, 0.9991087944282403, [0]
-18.44355853259232, 0.606173129895425, 0.9747020444999497, [1]
-18.6391030560557, 0.7500452722249382, 1.1447883178483327, [1]
-18.741949862447413, 0.4076511389104557, 0.7206562683228608, [0]
-18.507000209170634, 0.5137075461584637, 1.2669362340794263, [0]
-18.582869457846424, 0.6551064046130429, 1.089438317729888, [1]
-18.390107079003307, 0.5114165013636872, 1.0614417050481646, [1]
-18.359207504673286, 0.6867636110558375, 1.2028845864252569, [1]
-18.42744095531562, 0.47327607842281233, 0.99767624536978, [1]
-18.37013344051087, 0.4959834224462559, 1.1154110180604204, [0]
-18.492382031788154, 0.5152336635269911, 0.6591093731487325, [1]
-18.333622529172732, 0.6281273726346971, 1.0375522998460978, [0]
-18.49624555666492, 0.5861739051630143, 0.8677951788232172, [0]
-18.375798699317762, 0.6769225194996467, 0.9782197951565115, [1]
-18.670557826374434, 0.6005083355464247, 1.1241365239876546, [0]
-18.4311628191058, 0.5671188025525848, 0.6778835318976579, [0]
-18.522533551232655, 0.6612488417607381, 1.0994032678817054, [0]
-18.441662167170822, 0.6529548763855596, 0.9456164349990828, [1]
-18.50369665392854, 0.4890322444537871, 0.8654148941751408, [1]
-18.60880139892412, 0.6882057205264086, 0.8020099155864824, [0]
-18.37196391972742, 0.7927640966958835, 1.076038425417961, [0]
-18.754581612205577, 0.5287614662245111, 0.8288634800361544, [0]
-18.555966086368485, 0.6674647297759572, 0.7749027331933338, [1]
-18.50032270489839, 0.5280136859838893, 1.1091177902928013, [1]
-18.48057391410739, 0.6781894445069134, 0.7098190952547578, [0]
-18.47818931667196, 0.5734163826666436, 1.132802762211417, [0]
-18.3159055884593, 0.5425342682098406, 1.0959472011073357, [0]
-18.680204541645715, 0.6228965921739266, 1.046407909487589, [0]
-18.371809214789106, 0.7101084583064406, 1.1009749252759722, [0]
-18.410761880051076, 0.6343130659601179, 1.214624795349136, [0]
-18.358631321154174, 0.5444741105095141, 1.1612821506143867, [0]
-18.452318672951183, 0.6030473942099461, 0.7317132599387295, [0]
-18.425066004288638, 0.6733301993095322, 0.9576263403846219, [1]
-18.427111403892376, 0.5979896665869698, 1.196138189020376, [0]
-18.425073546880448, 0.616722155298878, 1.1404032676877043, [1]
-18.56741787726861, 0.6595804725701191, 1.3081003684014534, [1]
-18.50365165335038, 0.5353267596871369, 1.1751874666959616, [1]
-18.456145739811316, 0.6555913085855543, 0.7517354535886978, [0]
-18.420012636031952, 0.6405391977769107, 0.9473952538361781, [0]
-18.282523142358603, 0.626768125692205, 1.0845409350268342, [1]
-18.567126802968872, 0.7589527143415333, 1.2523200175169142, [0]
-18.73229342842561, 0.481623338921536, 0.5121995749096615, [1]
-18.56009296334497, 0.6058826273788273, 1.014654162203466, [1]
-18.360101186304895, 0.6112920923134417, 1.0003787990218125, [1]
-18.412989460636066, 0.6156510288597201, 1.1410730276377217, [1]
-18.29278616630798, 0.6810955445973561, 1.0338660916263276, [1]
-18.483351377086844, 0.6747790289929597, 0.7375937818968316, [0]
-18.2658954601277, 0.6229144411117236, 0.981515755604592, [1]
-18.429729759269165, 0.6497233516217592, 1.0558399634462952, [1]
-18.289329974982564, 0.553951907246747, 1.2644153250615968, [1]
-18.43142362190387, 0.7046572721832238, 0.6540035631287515, [1]
-18.345607781511262, 0.6046525469943002, 0.9621458712005881, [0]
-18.38747095454455, 0.6683276958309272, 1.132178186432787, [1]
-18.40924669016061, 0.5195179136273944, 0.8952220566775884, [1]
-18.473872157018608, 0.5086092837323686, 1.1267487810033938, [0]
-18.523705043100932, 0.6029143585900409, 1.2079915489966084, [0]
-18.550686743638718, 0.6749136288238582, 0.8247243618031443, [0]
-18.52886470966957, 0.6021139646288601, 1.0872245450696973, [0]
-18.431118677372137, 0.5852589287315382, 1.0860944905620553, [0]
-18.613026397128657, 0.6950950468843828, 1.31020660424936, [0]
-18.547092259132906, 0.42239768420646223, 1.1075555896061187, [0]
-18.552817008306405, 0.4539555620824919, 0.8584542250571678, [0]
-18.47211223911563, 0.6174181200389948, 1.2403940404031901, [1]
-18.54376869496286, 0.5818131491236164, 1.3084536585899997, [0]
-18.871153592971442, 0.5456817541027221, 1.2443711248122309, [1]
-18.316790746160525, 0.5579437448590967, 0.8327965453991789, [0]
-18.613134922319063, 0.5152212430953531, 1.147082967977011, [1]
-18.416576877122623, 0.45341803541269854, 0.7579224030200244, [0]
-18.381014301649163, 0.6820719693321229, 0.8513076164548132, [0]
-18.523616050657616, 0.7299133779576831, 0.7352691342142285, [0]
-18.296670488175113, 0.6642595764623858, 0.7716563191927042, [0]
-18.428665085359306, 0.6892120508068984, 1.0904197030425749, [0]
-18.53072106062431, 0.6810128945310548, 0.7096954809942635, [0]
-18.694779515947, 0.6641422694999753, 0.9695081568251741, [1]
-18.451057814395345, 0.6007438544234625, 1.22139517893698, [1]
-18.390986373165372, 0.5747345231095776, 1.0343738888772172, [1]
-18.29526714296942, 0.6451391908410835, 1.0283242293890058, [0]
-18.28916959967588, 0.6380100229875492, 0.9458583730037191, [0]
-18.51344659126214, 0.6614989180877018, 1.1225857600784686, [1]
-18.373970224529927, 0.5846365806879739, 0.7431998602569327, [0]
-18.36373132990478, 0.5660527077542524, 0.9908334543562342, [0]
-18.449340404283646, 0.6680707418535797, 0.8304509241507215, [0]
-18.556372742531526, 0.5379009289253833, 1.0226594084504337, [0]
-18.411821522847397, 0.5528057235801801, 0.9776888774021202, [0]
-18.406244123087532, 0.5810203602704268, 0.8507684883153706, [1]
-18.585071061797592, 0.5914353877679946, 1.2414171023912015, [1]
-18.43281445783181, 0.6884593046238291, 0.8493615694506546, [0]
-18.26938573760493, 0.5504545571596251, 0.8570885505551398, [0]
-18.324674094269334, 0.6195355677767519, 1.1098555244444457, [0]
-18.326977884577193, 0.6266472061972382, 1.164516339123688, [1]
-18.565899059575646, 0.6249162711340858, 1.1429248030604853, [1]
-18.48302003038755, 0.48544586232902764, 0.9813476304743949, [0]
-18.73934780456212, 0.5231345916265888, 0.7986259544461887, [1]
-18.43141690280827, 0.5433565717334311, 0.684092688241628, [1]
-18.619389490217714, 0.5945903131014102, 0.4231439235216531, [1]
-18.391546329436864, 0.6800591465481327, 1.1307136495994654, [1]
-18.52252679125768, 0.8638488848423632, 0.7874864358365649, [1]
-18.71552934177869, 0.7415723388742353, 1.0457035822668967, [0]
-18.314104920780263, 0.526613265444397, 0.9577482315888823, [1]
-18.401116606853265, 0.6253381501602888, 1.241614983105339, [1]
-18.842575134305818, 0.6957158513488959, 1.3856846328184431, [0]
-18.61721944923063, 0.4597189871129837, 1.0456575212318326, [1]
-18.631748638673443, 0.5365667681955044, 1.002667830248087, [1]
-18.321740802537256, 0.6135545906489182, 1.119038889405662, [1]
-18.6360681701683, 0.6935745929489674, 1.0655482924616682, [1]
-18.412498478736527, 0.5884717557641388, 0.7950389798182617, [1]
-18.383081928659585, 0.6564692475767903, 1.0741477270910578, [1]
-18.73545143987934, 0.6057149230684028, 1.2113294981132288, [1]
-18.471040786431633, 0.6652493754169548, 0.7971527292761074, [1]
-18.582883013764114, 0.5968846873027027, 1.2311698121709866, [1]
-18.458887463749253, 0.6149885935168286, 0.9658834360292764, [1]
-18.38312728269641, 0.7540400478576802, 0.7714053280014442, [1]
-18.465311116825088, 0.6184447202730604, 1.000030621910607, [1]
-18.406764880821815, 0.6705156978324628, 1.0124182044318135, [0]
-18.378922011905853, 0.6085120810517038, 0.893222397220027, [0]
-18.641154141146988, 0.6227395519398667, 1.3397485408623298, [0]
-18.38029587514317, 0.6008720341205673, 1.1141832352243974, [0]
-18.58052838863452, 0.7061722567655425, 1.1177250792061222, [0]
-18.315780678994866, 0.6227263661464133, 1.0853116976517267, [0]
-18.463241091274643, 0.5865094904071417, 0.721858560233301, [0]
-18.33587048770004, 0.5809063854333438, 1.0128063718634615, [0]
-18.518847759957538, 0.5314431923007179, 1.2256233791089814, [0]
-18.37398771954312, 0.6540318617902445, 0.7046071057465318, [0]
-18.400142115209704, 0.6511350985979413, 1.1725594629173965, [0]
-18.415390839176112, 0.5284003321423494, 0.5324378338216724, [0]
-18.55394872317027, 0.5925815695984087, 0.9895900894911012, [0]
-18.46997259826344, 0.5956878150069659, 1.129891739860299, [1]
-18.33401070224497, 0.6996063486722716, 0.7867106576888012, [0]
-18.574575539712683, 0.5757434489912157, 1.3191946650129307, [0]
-18.412117978638733, 0.6132686975852509, 0.9639250011001064, [0]
-18.676062918400294, 0.7805280764245887, 0.5259584480912929, [0]
-18.54393360279206, 0.495351747537883, 0.9154713701357111, [1]
-19.036429592541808, 0.5161066837421925, 0.9790557605968769, [1]
-18.63644292815641, 0.6363703331387, 0.9206166474977446, [1]
-18.366425705259562, 0.7612005812540994, 1.0118152080627212, [1]
-18.47856974778078, 0.5021147946767568, 0.9822201916347876, [1]
-18.43992798225608, 0.6173655442381502, 0.811993378311147, [1]
-18.428748691201022, 0.5124312426162636, 1.174846260932075, [1]
-18.627539094989793, 0.5826180912426333, 0.5131114798729092, [1]
-18.417599024548515, 0.5095637653558424, 0.7272121420309987, [1]
-18.318773657380632, 0.5412980016466378, 1.020570365333558, [0]
-18.26894248222918, 0.7892805503178887, 1.1088718236366415, [0]
-18.54020748363121, 0.38593859932522706, 0.9565027877974303, [1]
-18.442952035919387, 0.4721767855859695, 0.7437692155157638, [1]
-18.55367620770763, 0.6062185058189837, 1.018258093884488, [1]
-18.469910094919026, 0.6492437783207557, 1.1589229193540835, [1]
-18.360307550376675, 0.6314745310297509, 0.8819509649347418, [1]
-18.48344439047972, 0.6613624673951257, 1.2155299376429047, [1]
-18.33644660316011, 0.7106252780514463, 0.9449647129412799, [1]
-18.465304730794834, 0.6471496021254425, 1.1553071380831312, [1]
-18.33882619688763, 0.5846186822054653, 1.0547872646956675, [0]
-18.251629764921386, 0.6448337188062409, 0.9596655627133384, [0]
-18.513617651156448, 0.6516357510352385, 1.0608342460300637, [1]
-18.466208847072497, 0.7228094155797017, 0.812966911775213, [0]
-18.37770779663964, 0.6946577155693522, 0.8377905425326777, [0]
-18.49086911146822, 0.5723121700705508, 1.0228925515345808, [0]
-18.499186673930822, 0.6128836706154092, 1.0966388445963842, [0]
-18.333274203923352, 0.6210627336839368, 0.8022601914953601, [0]
-18.299951939862524, 0.6511752439490228, 0.8708734004718661, [1]
-18.360809273097306, 0.6028590497021113, 0.7099448653453295, [1]
-18.37603674786535, 0.5734196007633208, 1.0684806251503505, [1]
-18.446326066641213, 0.6697381653538823, 0.7692942153514191, [0]
-18.298478995368754, 0.7206670833376754, 0.8298129912163572, [0]
-18.378527589106163, 0.6931457259962723, 0.6880842259654631, [0]
-18.44498266211018, 0.6594871140418369, 0.8345791791204633, [0]
-18.531531964606813, 0.5352307843903024, 1.274554772321409, [1]
-18.503167268300217, 0.6556815237325102, 1.025483624877016, [1]
-18.378179082552514, 0.7647955791736757, 1.001655879180671, [1]
-18.30277505190179, 0.6031234125254505, 0.9219596679517112, [1]
-18.392138328388334, 0.5304349627328269, 0.893558469383529, [0]
-18.34703726150855, 0.6898602350281686, 0.912326823444601, [1]
-18.31817172987675, 0.6314421510358468, 0.9642378412352747, [1]
-18.37313255529443, 0.6336315290269954, 1.0968025638313204, [0]
-18.390609658182402, 0.5998160130465612, 1.108676115798045, [1]
-18.379399557299468, 0.573864105063266, 0.6840828489185686, [0]
-18.545387713363823, 0.7474077531908319, 1.1483859526509366, [0]
-18.31882191882707, 0.6564929903906097, 0.9938546438485698, [0]
-18.37682627168015, 0.5767777928118614, 0.9403882777174981, [0]
-18.39323422086892, 0.6693590708264628, 0.8749248519699767, [0]
-18.270069314431762, 0.6451793353258691, 0.8544348365933908, [0]
-18.59943672678737, 0.7675978725698698, 0.7209725425444001, [0]
-18.245558509113984, 0.6115660863409947, 0.8952638713841365, [0]
-18.44070913264583, 0.7954820540818603, 0.9577947180707782, [0]
-18.384587095598548, 0.5737828642007403, 1.1304522905561099, [1]
-18.344665060644544, 0.6907673616417965, 0.7810788680731522, [1]
-18.595040075663, 0.621334757353606, 0.7465746992403076, [1]
-18.279466177362426, 0.6474816524043338, 0.9603571657191529, [1]
-18.315653523414205, 0.5956134954169173, 0.9782987390087371, [0]
-18.567798826594714, 0.5601624329884569, 1.00045697215439, [0]
-18.31633249923601, 0.5982552224906301, 0.9270245368367865, [0]
-18.384899190394496, 0.5355311676634891, 0.9883419093318478, [0]
-18.427373374738348, 0.5180844241920055, 1.1249754422315887, [1]
-18.33096978745077, 0.6850106230812925, 0.9540052531491184, [1]
-18.424587350390656, 0.6047506983965919, 0.7986575162070041, [1]
-18.458603565507588, 0.5470563624829521, 0.8850570803520833, [1]
-18.451431181350642, 0.6001781856331775, 1.04150000387184, [1]
-18.57417778475401, 0.3964820033185445, 0.881423175212696, [1]
-18.45649816346121, 0.6580567848980039, 1.077217123379438, [1]
-18.32957067895372, 0.6427319569507064, 0.8906124284680704, [1]
-18.875083585108033, 0.6357260469248489, 1.2048361144267374, [1]
-18.54495673301859, 0.5854868638620139, 1.355154899364125, [1]
-18.32281394294866, 0.6227888494454633, 0.8201711635062139, [1]
-18.639391131116803, 0.7078706183254325, 0.9638226344639429, [1]
-18.734005580870306, 0.6219822835523954, 0.9680870054252699, [1]
-18.519752179449725, 0.673203211992667, 0.9318357105000448, [1]
-18.509181820942484, 0.5165308183034598, 1.1386260325881976, [1]
-18.73961063873743, 0.6491049448959141, 1.2881682504229188, [1]
-18.634984374547592, 0.6113152150575907, 1.2969890048309185, [1]
-18.561463751580447, 0.6432335854743985, 1.3316506547501707, [1]
-18.40258946139052, 0.47068845611086507, 1.0356489852639812, [0]
-18.434631212550787, 0.716903661004359, 0.6701222444565165, [1]
-18.34195639374189, 0.582672401218828, 0.8090865620316753, [0]
-18.712689801648697, 0.6720094562547931, 1.123027587376896, [1]
-18.529558640939083, 0.6942842702561528, 0.9550901334787538, [0]
-19.0550479778314, 0.6124986723902954, 1.3879236660236431, [0]
-18.525723144623715, 0.49751468158608053, 0.8490799598145383, [0]
-18.40511762179913, 0.5381427081931959, 1.1261422153690106, [0]
-18.589910792978234, 0.5162201992145777, 1.2813082186254936, [0]
-18.60138627650633, 0.7458867673317122, 0.8812075033987644, [0]
-18.524677599422667, 0.6951425291669996, 0.8135573308545763, [1]
-18.42163448925489, 0.6914326556482386, 1.0664903383699194, [1]
-18.448804583734645, 0.7525194325183016, 0.8350989743226692, [1]
-18.48108981776281, 0.5709331813186286, 0.6546321785742122, [1]
-18.370734372969203, 0.6056763084944793, 1.098930414157436, [0]
-18.35853625980013, 0.5474133066410417, 0.9816653114312441, [0]
-18.628987926804815, 0.46537212280336065, 1.0333471575488793, [0]
-18.362602526065018, 0.5760558065968961, 0.925272371886116, [0]
-18.710080226435828, 0.4704846676596953, 1.0632522270628344, [1]
-18.253957681182406, 0.6005237235704224, 1.0176910433340964, [1]
-18.455137581947415, 0.6286912679859515, 1.0746995347833126, [1]
-18.344030189433578, 0.4943045741702228, 0.9709683276191732, [1]
-18.33564087671273, 0.5675322528456688, 1.0020670556503504, [0]
-18.310471551544136, 0.611888617079499, 0.9895903512386283, [0]
-18.36524365470326, 0.5919881905625025, 0.9384684906756191, [1]
-18.590878380405762, 0.5464850196745374, 0.7926564322980556, [1]
-18.44292329750379, 0.7287454570913008, 0.9068299352566901, [0]
-18.430793620652715, 0.7069567904215839, 1.0253555318967493, [0]
-18.46511266172271, 0.6595365145414674, 0.9410030910464416, [0]
-18.711456443775365, 0.5827313805391956, 1.3001032959218248, [1]
-18.433367048238782, 0.6504493910699329, 1.12651250866192, [1]
-18.35479835169112, 0.5510299612188276, 1.1680933277849563, [0]
-18.315883936608678, 0.5702921877558444, 0.9900048023323993, [0]
-18.47091939682815, 0.5042509529027227, 0.9845909942431763, [1]
-18.492584663452902, 0.5961196577198515, 1.213684456912732, [0]
-18.59170633556275, 0.7450494128244745, 0.5120361197794405, [0]
-18.389674870461675, 0.5503541293789876, 0.9263563989212353, [0]
-18.41788623081082, 0.8358328061163989, 0.46009022080805717, [1]
-18.28785579467927, 0.6395191470424137, 1.0847261633699676, [1]
-18.480454210362975, 0.6921383221558084, 1.2323477422473865, [0]
-18.25673729348216, 0.6282565042922961, 1.0410831016714575, [0]
-18.59003122121768, 0.6962377350741555, 1.0628581274698745, [1]
-18.383419700239685, 0.6365146745584452, 0.9120994982049675, [1]
-18.48073914427448, 0.6831452250459431, 0.6240790802407961, [1]
-18.504296703571583, 0.5090878730813099, 1.315337462574307, [1]
-18.360487291298938, 0.6045025104595886, 1.165121128531955, [1]
-18.51137275397519, 0.6136883079387245, 1.0505870481837436, [1]
-18.348644661067002, 0.6028387552948502, 0.7743898389238751, [0]
-18.50109182224648, 0.5400587594377123, 1.0292375438528816, [0]
-18.756779111763755, 0.6581736699823131, 1.1193248338345858, [1]
-18.449027446318937, 0.7193204751212998, 0.7071141724841162, [1]
-18.50672638007736, 0.781324911471277, 0.8206124779329811, [0]
-18.319460386582087, 0.6289705378762651, 0.9894493200476812, [0]
-18.577803710492887, 0.7833191359975616, 1.1296095147120804, [0]
-18.558370657642826, 0.514903017916541, 1.1157207900229114, [0]
-18.314945898428913, 0.701052750227397, 0.8696148840846539, [1]
-18.312989077349158, 0.6642281888780676, 0.9054842484949586, [1]
-18.485897242740233, 0.6140576692676432, 1.0153818532264012, [0]
-18.44798147945657, 0.617068658020302, 0.8938434594468647, [0]
-18.31075554109012, 0.6800028589897565, 1.0086958350265922, [0]
-18.389690445481293, 0.6237244107484831, 1.160685067531626, [0]
-18.475181838058024, 0.5168338648322752, 1.008243173010422, [0]
-18.321240266093422, 0.6514224145572418, 1.2273287192553584, [0]
-18.361802248363606, 0.5008690649931766, 1.1791095906590738, [1]
-18.3322666472225, 0.6256644072930946, 1.1369940801891179, [1]
-18.380609458614288, 0.600845434775281, 1.1733310802901809, [0]
-18.44633172179599, 0.6215831134854569, 0.8662952663530403, [0]
-18.567757600864244, 0.6759692574860557, 1.2998007072510493, [0]
-18.33026957435428, 0.5947548896474814, 1.0915961858947554, [0]
-18.435786282274982, 0.5797061715318208, 0.9102649627648143, [0]
-18.594399273587683, 0.5822835380976827, 0.9398073809592291, [0]
-18.85637554638954, 0.6439228040357559, 1.3562027697339367, [0]
-18.550163535687147, 0.6932836332735148, 0.9384505731058631, [0]
-18.48888371879534, 0.5036127997531503, 1.0274941844015206, [0]
-18.61002325150274, 0.5233255781473833, 1.0934559314963694, [1]
-18.390354554322226, 0.582869077459248, 1.031517727736134, [0]
-18.412528240518604, 0.6924521790371779, 1.2238714830912025, [0]
-18.50308139364352, 0.6106963728092986, 1.2173184663787207, [0]
-18.33013007205868, 0.5972547260701118, 0.9626215401228084, [0]
-18.32021248029092, 0.6104085340954004, 0.8242271536191617, [0]
-18.602142973647524, 0.5804389511509959, 0.9556808420776164, [0]
-18.528442928872455, 0.8760156438503762, 0.7527224816709988, [0]
-18.900797787545553, 0.6201820268110535, 0.9788523451330526, [1]
-18.312841959565706, 0.7012474502288129, 0.9169976564477251, [0]
-18.550519630205088, 0.62334039596739, 1.1702622394687943, [0]
-18.427708667399067, 0.5938967356475169, 0.6933753745121918, [0]
-18.255047161656382, 0.6521086052504594, 0.9886188512871913, [0]
-18.591118850867392, 0.6746345764864178, 1.1980704302662013, [1]
-18.512803335605582, 0.5258955327330921, 1.2361680115922435, [0]
-18.48595597569848, 0.49155926792477134, 1.027169409343264, [0]
-18.394154437194924, 0.5857098598089423, 1.2077272486214263, [0]
-18.429833489450804, 0.657973074387445, 1.1167430734780541, [0]
-18.457293145647096, 0.693402689517883, 0.6814770652922464, [0]
-18.461762944883606, 0.6277999324407663, 0.574960223197189, [0]
-18.43216494975384, 0.6228023428453372, 0.8715317695354486, [0]
-18.808385401116688, 0.5915451952393335, 0.6906428593014018, [1]
-18.440286058132447, 0.5612931473407432, 1.0359751617210526, [1]
-18.303093891122106, 0.6886234319588469, 0.9598130205585249, [0]
-18.56247174912278, 0.6161908109886103, 1.0888241139066797, [0]
-18.364381256149215, 0.6367408593392028, 1.1888083205584419, [1]
-18.4797386792167, 0.70526382296298, 1.045618266101641, [1]
-18.75825063480659, 0.6160431849925893, 0.5548104148242184, [1]
-18.49056346156179, 0.5230614233212892, 1.1187951968084437, [1]
-18.416386482744667, 0.6329063742721167, 1.0803454670760486, [0]
-18.435045618300713, 0.7597623000920738, 0.8571959149667348, [1]
-18.356898770560136, 0.7098173717600792, 0.7630764346798693, [1]
-18.27136435978206, 0.5440177888013058, 0.8422710371379504, [1]
-18.431446986844037, 0.6652635730009868, 1.099984898646147, [1]
-18.57032462095784, 0.589206192744971, 1.227810838366603, [1]
-18.524998024978018, 0.6452604074203219, 1.0952911169905213, [0]
-18.347317789629866, 0.5433303657579885, 1.0731649151445966, [0]
-18.536369910396992, 0.5917237963336212, 0.39831784650145835, [0]
-18.635243895402482, 0.4075951286500028, 0.8250293335652361, [0]
-18.57676923586693, 0.623076479205154, 0.6601093031370618, [0]
-18.402143133279118, 0.6727829236120614, 0.9727577053278524, [0]
-18.35479858058735, 0.706186228199049, 0.8450168577704262, [0]
-18.317381592042263, 0.6547894625875065, 0.6866309947925024, [0]
-18.27223553855926, 0.5956825964247938, 1.104072236828281, [0]
-18.675550787686664, 0.500653758439511, 0.5129589589850608, [0]
-18.403537968689424, 0.5573423954133, 0.9853049637028625, [0]
-18.247121831933253, 0.6483535951322342, 0.8903439356790095, [0]
-18.245049548188607, 0.6094360979248387, 1.0073744902500485, [0]
-18.604609932872435, 0.43906973741704364, 0.7400712511507489, [0]
-18.55803284743078, 0.562723544301895, 1.2087198870578402, [1]
-18.598337174237738, 0.5839258219450477, 0.8569871507781337, [1]
-18.43459866508021, 0.5237647263661955, 0.9475886552807562, [1]
-18.335869843201262, 0.71571229099586, 0.881544734241951, [1]
-18.73180305821543, 0.598111370114582, 1.0205062190344474, [1]
-18.641802550366716, 0.6981476439963047, 1.2156114656594592, [0]
-18.254675320298226, 0.6286742761735646, 1.0528672559869667, [1]
-18.355658140526334, 0.6565893842335434, 0.7794241536735523, [1]
-18.415136481177303, 0.7176697703399926, 1.1425158166219764, [1]
-18.294868653468857, 0.513473978122322, 0.7646627248778826, [1]
-18.435103112208065, 0.5454184265261505, 1.0076575186381562, [0]
-18.716755510046262, 0.6729023442795645, 1.1095128906299396, [0]
-18.538732120126785, 0.6384132078621707, 0.8126628115829069, [0]
-18.52930565255426, 0.8407064647433133, 0.9508649640821074, [0]
-18.54402565739569, 0.5382778309719185, 1.0346574066481562, [1]
-18.476094098850012, 0.6969535249160349, 0.6757581553013621, [1]
-18.418295110815038, 0.776008644723382, 0.7094695857009419, [1]
-18.58719973350995, 0.5159675289917096, 1.0337782793660015, [1]
-18.571419654500218, 0.6778182682408587, 0.9140942155819587, [1]
-18.340636424821607, 0.6016803660908872, 0.8576740725092094, [1]
-18.417658908322185, 0.6543847862113324, 1.060986904624645, [0]
-18.329779657551097, 0.6669304916862406, 1.0648649210422367, [1]
-18.502361298182798, 0.720713609924799, 0.970251228023355, [0]
-18.491694873452182, 0.8040356780533946, 0.9695667040397509, [0]
-18.530230566799045, 0.6316055210019758, 1.0614034678264483, [0]
-18.6278069009635, 0.530801283178992, 1.0250173106501883, [0]
-18.73647019558995, 0.6422696358239429, 0.9625086780458663, [0]
-18.473357851987227, 0.7350527453532122, 1.1761493152947573, [0]
-18.257281377339847, 0.5987867521913506, 0.8853971004638833, [0]
-18.515671526200812, 0.7681913404096508, 0.9373175093990582, [0]
-18.407383653605102, 0.6873760356695607, 0.9100291228679772, [0]
-18.375921265047058, 0.6430118904390906, 1.1786535039449197, [1]
-18.325875513032553, 0.5640277054191115, 1.0258996111110528, [0]
-18.433021418162568, 0.547309354360598, 1.3031600229427336, [1]
-18.344548929046685, 0.6155244027679909, 1.05737008576905, [0]
-18.375709218895086, 0.7968176399572963, 0.945689398676613, [0]
-18.3471753280513, 0.592115066136496, 0.7615641462378038, [0]
-18.592401876716213, 0.44076430269514366, 1.2831697183803974, [1]
-18.446968235966345, 0.5614430664123945, 1.234737088426885, [1]
-18.327198999501075, 0.7403027584282372, 0.9527325561764929, [1]
-18.624038149419434, 0.7133157360435088, 0.9272799397728773, [0]
-18.780141526192164, 0.625275562109766, 0.6405459526034352, [0]
-18.822743978070694, 0.5699160391650688, 0.7880293298991881, [1]
-18.281628672597122, 0.6388714625874851, 1.0145143636182326, [0]
-18.649204426257754, 0.6744541015884917, 1.3373290039429553, [0]
-18.44683885466818, 0.5593239956830082, 0.7735423486507718, [0]
-18.646381448458488, 0.6460777352010116, 1.0873739268329574, [0]
-18.665116845381128, 0.8016266151614565, 0.7911689421527142, [0]
-18.402919674380602, 0.4844929876608369, 0.8522140051228602, [0]
-18.45933180133881, 0.5560707618707914, 1.008585553638545, [0]
-18.40553279589623, 0.6437147868870117, 1.1687559894696204, [1]
-18.40146961353967, 0.6793741709994465, 0.9973358675682671, [0]
-18.394651248866, 0.6924976364894601, 1.0062542572256552, [0]
-18.393166849286636, 0.5643488567656562, 1.3627994065600988, [0]
-18.522440408645558, 0.5948838074041705, 0.9965248168599014, [0]
-18.27591597486407, 0.5993810517332281, 0.9928636457149653, [1]
-18.676010465550124, 0.6831529637133484, 1.4456994924485624, [1]
-18.460265555792454, 0.5014221278877043, 1.430649238207223, [1]
-18.393512038373427, 0.5667835432128905, 0.9989573067238577, [1]
-18.453725760788206, 0.7384906188861234, 0.8959213182887513, [1]
-18.448770992018265, 0.6683701577165864, 0.9541994734517358, [0]
-18.33872141054193, 0.687330437725885, 1.0705141559293965, [0]
-18.387758059751054, 0.6039082547355582, 1.013065678092134, [0]
-18.381653206365197, 0.7604272724398843, 0.846112254038885, [1]
-18.371485415369325, 0.7164865257850499, 0.9198353843576784, [1]
-18.562433734448735, 0.6202327067996344, 1.2833256534362443, [1]
-18.25834119268687, 0.5982537056373608, 0.8745370383202862, [0]
-18.357620461952976, 0.6357774882014778, 0.8494151820523229, [0]
-18.68289336678969, 0.5611323497970163, 0.5850461321598918, [1]
-18.404696722311577, 0.6157980345405611, 0.8095170273558242, [0]
-18.68549862486018, 0.5568046537918329, 0.9530977828187703, [0]
-18.451331573260973, 0.6816541283733952, 0.9367456955730835, [1]
-18.34437036307451, 0.5299753273931893, 0.7665432355651587, [1]
-18.5278186042912, 0.6579443155645563, 1.1183133546812785, [1]
-18.575673257108463, 0.6172722588784216, 1.4015967010829107, [1]
-18.48984268364658, 0.5109568247157259, 1.1324559556546954, [1]
-18.600330760678393, 0.6110761251774777, 0.4962333036680707, [1]
-18.62348495251422, 0.763577926770832, 1.0592743160857276, [1]
-18.489097407505582, 0.6309327773695856, 1.0746099261898157, [1]
-18.28416336287446, 0.5906010613352881, 1.179786839852469, [1]
-18.375020866278398, 0.6464459982514821, 0.7568350318881455, [0]
-18.317203929400378, 0.6020382627900607, 0.7732073559300188, [1]
-18.360739882511226, 0.643825290186759, 0.7111135717116615, [1]
-18.414254154992822, 0.5633843459422452, 1.1364495431936819, [1]
-18.417577693065677, 0.7216818180881373, 0.9809749782229112, [1]
-18.409653922124395, 0.6773860888797814, 0.7822668072435959, [0]
-18.3792077742952, 0.6978054551020145, 0.772750182331745, [1]
-18.761180561791388, 0.7374316283037878, 1.2478232773214029, [1]
-18.630421815260924, 0.697011664407651, 0.8068625559996165, [1]
-18.477709972712614, 0.6438232025025661, 1.305589642309381, [0]
-18.631333197579696, 0.36328288335913306, 0.9365675581340699, [0]
-18.614992638123507, 0.5824363789270104, 1.1165998669670074, [0]
-18.289529400655095, 0.4871141727385746, 0.7589710943374882, [0]
-18.621057489434072, 0.5893553760103816, 0.922688667017853, [1]
-18.85186983960176, 0.5996858766667885, 1.1093791681013, [0]
-18.50638315368677, 0.7624802016353057, 0.8799455984377003, [1]
-18.33538059555081, 0.6252881069640366, 1.1337725269622616, [0]
-18.652637245621282, 0.7143193927946225, 0.996433152390191, [0]
-18.373644878037908, 0.5350089295665887, 1.0187656576840685, [1]
-18.356016002385783, 0.5454716727189429, 0.9525381269388635, [1]
-18.508471889549266, 0.516630673087959, 0.9021902999731576, [1]
-18.31971894914761, 0.7306079841916873, 0.8686538364308557, [1]
-18.433766823083094, 0.5528983201934154, 1.1684198468159244, [0]
-18.404830195098334, 0.6656228342554047, 0.8490196000702739, [0]
-18.26663173151508, 0.6414551825658186, 1.0601041548131525, [1]
-18.326118540166487, 0.5996467234812688, 1.0087355299995737, [0]
-18.490984831574195, 0.7241978750927981, 0.9329253244937437, [1]
-18.674549519062957, 0.6912038898075676, 0.9833767012110868, [1]
-18.28236244065092, 0.6287954225812485, 0.7049254586562888, [1]
-18.346597698451333, 0.6214439177874735, 0.9522742751317717, [1]
-18.347654989523246, 0.584383108627831, 0.7300557678519499, [1]
-18.55358356870114, 0.41656517319805725, 1.0594000792864686, [1]
-18.60155023473144, 0.4791729110113154, 0.5130699879384046, [1]
-18.483999344258443, 0.5194111867940148, 1.075717386778381, [1]
-18.705437185104135, 0.55864813593042, 0.7828694376573253, [1]
-18.822749148137643, 0.6025385778396309, 1.1179014733233845, [1]
-18.347539177731736, 0.7030648316396961, 0.9791063657739716, [1]
-18.42844204391713, 0.5442222210065789, 0.7504053214329233, [1]
-18.250499585206224, 0.5966223687277258, 0.9831420620873639, [1]
-18.378487348141103, 0.6236844496763082, 1.099607856584758, [0]
-18.37322693824775, 0.7722923659490359, 0.9083808331982062, [0]
-18.517873814184597, 0.5790564093280502, 0.7895356914628242, [1]
-18.453971475839136, 0.6859620361802531, 0.8393391384291573, [0]
-18.382810995376904, 0.6621089841877785, 0.9993513189574824, [0]
-18.47099224218025, 0.5584825285012529, 0.3862490090351297, [0]
-18.795330199298448, 0.8799812210405892, 0.9532263925511004, [0]
-18.521822761166053, 0.7239350146917898, 0.9532578389163128, [0]
-18.46228625647513, 0.699336039568151, 0.8378378941373319, [1]
-18.46118631028806, 0.5773100801784088, 1.2160877502311305, [1]
-18.345464222295327, 0.5963460539100961, 1.0329776009403868, [1]
-18.482080199102484, 0.5447365545221072, 1.0838569492637717, [0]
-18.609023277748914, 0.6521065025566125, 1.0696775224531514, [0]
-18.42250776885988, 0.5709633853191749, 1.1523254150468007, [0]
-18.28153130211631, 0.7212127927723421, 0.5469877504133118, [0]
-18.450322156040386, 0.644337239277362, 1.1467159645871616, [0]
-18.7600851863043, 0.6458972446650055, 0.8950996807933007, [1]
-18.432625107015518, 0.6413089252061196, 1.0799546601467027, [1]
-18.316582955931008, 0.5277099638025974, 1.0105627110142443, [0]
-18.43365656685733, 0.5977746225836827, 0.7811160161870871, [0]
-18.393487806812907, 0.47473322731417733, 1.1018309569421745, [0]
-18.44123931537477, 0.6671553405376088, 1.200108401617396, [0]
-18.572461573430893, 0.5089406050998118, 1.0445671658332636, [0]
-18.36418552586954, 0.6733867052176562, 1.0704522294385739, [0]
-18.44612633559132, 0.6087197449815016, 1.102650190030669, [0]
-18.728566586382033, 0.6516672347637019, 1.2912427261206314, [0]
-18.437061646398888, 0.5315467198963867, 1.326204949848882, [0]
-18.415276207599153, 0.7075003130427269, 1.0177427901800773, [0]
-18.509259737186937, 0.5580053971138151, 1.1201564457192728, [0]
-18.276325378178917, 0.585068520589154, 1.095810963177061, [0]
-18.502415885287025, 0.5614599624083868, 0.7529880558020157, [0]
-18.45095117423439, 0.4760399588043856, 0.916623536113506, [0]
-18.398843254092263, 0.6616007761874381, 0.7664036855823886, [1]
-18.512179081844305, 0.5052946378396193, 1.0430679864355075, [1]
-18.374895537133188, 0.7492707464296688, 0.7312354178217687, [1]
-18.49214500034238, 0.6015977016171676, 0.9503358362112497, [1]
-18.432198696391776, 0.6512862678619686, 0.9058149408168024, [1]
-18.393501770182315, 0.718335649771917, 1.2488706654114075, [1]
-18.412727884436112, 0.4943185381993891, 0.8649532810611528, [1]
-18.377122998292343, 0.5482098657121611, 0.9414151629925824, [1]
-18.611963680377606, 0.5144726585484696, 1.1020962696488517, [1]
-18.29672099927495, 0.6247858168742898, 0.9289723999645553, [0]
-18.587330802599116, 0.7996813701599937, 1.2754918169732936, [0]
-18.576726484598787, 0.7021845480138839, 0.9981725003215537, [1]
-18.55214096848205, 0.7043490378783589, 0.8193567851627692, [0]
-18.376659431902315, 0.6701562535992802, 0.795997702887263, [0]
-18.429079133113863, 0.5508606031469234, 0.6856757332685737, [0]
-18.28567858013587, 0.6506029834497898, 1.0315262459542052, [1]
-18.988708433176974, 0.5839810887749335, 0.48352574091717293, [1]
-18.57367318547777, 0.6156645395630956, 0.8993190668638306, [1]
-18.241713344435734, 0.7219558935980342, 0.8781475210495471, [0]
-18.419858110465256, 0.5674737355598644, 0.7496269433892139, [0]
-18.396988947203404, 0.7151644912049178, 0.9568620046635475, [1]
-18.290575089838043, 0.5086660438858321, 0.9172761339949757, [1]
-18.287610407542562, 0.5540496430825586, 0.7989136665418317, [1]
-18.33387555415943, 0.6656060156663336, 1.0987588370930599, [1]
-18.38834353838772, 0.7040516521427523, 0.9581006997508731, [1]
-18.31785869261413, 0.6390474558981827, 0.9814636396407762, [1]
-18.387908330734444, 0.6470482948257014, 0.7138859809896722, [0]
-18.33012182007795, 0.586023437512306, 0.8453713437409303, [0]
-18.593461582568224, 0.6265942910762334, 0.6511005798756421, [1]
-18.293873335376155, 0.626023988822661, 0.9221306885490927, [1]
-18.35409624350792, 0.7321016516681782, 1.0611863253055214, [1]
-18.45743161632253, 0.6300744283907533, 1.2936720941996127, [1]
-18.44659261575048, 0.4685106690071753, 0.7151333677210073, [0]
-18.710672771601285, 0.8247882222370758, 0.4741528307367787, [0]
-18.33568907261685, 0.5781208282578361, 1.0857313022967074, [0]
-18.446128618045655, 0.5351823609222963, 1.1044007193861458, [0]
-18.310949035290523, 0.5264962225074916, 0.8726398725435496, [1]
-18.68487110308859, 0.7653396554261218, 0.6384277761809374, [0]
-18.282455191391104, 0.606756158855843, 0.8122792957033462, [0]
-18.329121377671072, 0.5705238588661368, 0.9382278581011035, [1]
-18.66367729168586, 0.7412880895992878, 0.9313748197666878, [0]
-18.295675409837905, 0.5551080505548212, 0.8570053055505344, [0]
-18.458925245736285, 0.5932483148413804, 0.9245050331988032, [1]
-18.532462821995434, 0.6435069731952168, 0.8059634708444019, [1]
-18.515419073697487, 0.6354132852977171, 1.229344586295308, [1]
-18.340228353765127, 0.5987426178495224, 1.1276627791438576, [1]
-18.48342331739422, 0.5539419650221863, 1.1927376892283048, [1]
-18.309743619778864, 0.598665954407779, 1.1112319696285096, [1]
-18.65975704785675, 0.515309822714161, 1.337307751854009, [1]
-18.32597760620308, 0.6571067400753383, 0.8241478937196585, [1]
-18.70777853122294, 0.6663137340407745, 0.938536941356927, [1]
-18.484928739307055, 0.5630198617532978, 1.0031067264992277, [1]
-18.570939114334223, 0.5434068610264281, 1.079941683022639, [0]
-18.593687022336567, 0.5667288491749728, 1.2464779196462632, [1]
-18.35754528649329, 0.7009756920931867, 0.9145433790181725, [0]
-18.684659357996715, 0.6559947251243797, 0.47455950805308056, [1]
-18.55904636047289, 0.7099996606430273, 1.1623586626048368, [1]
-18.693996778204323, 0.5788985716309754, 1.424090108288794, [1]
-18.3704165655966, 0.6632669724492346, 0.9982757872315312, [1]
-18.356680443147717, 0.57973252109477, 1.09959889298925, [1]
-18.423530898705682, 0.5159582980547792, 0.8609684922420118, [1]
-18.258699846888966, 0.7505002169966867, 1.0780154032920652, [1]
-18.295398737009872, 0.6959991223706097, 0.8469132161759155, [1]
-18.535925183526203, 0.6489016203328356, 0.895871766482176, [0]
-18.631860873555624, 0.5656834993475103, 1.0452872208427184, [1]
-18.36575981067802, 0.5826562898996052, 1.157960105433478, [0]
-18.258728689692923, 0.5557111693519183, 0.8351084901815119, [0]
-18.673804243499667, 0.537064100453488, 0.984040085331848, [1]
-18.557583935771177, 0.5170432648527022, 1.0140575186173488, [1]
-19.022204260962788, 0.7360560930996122, 0.7081176346442476, [1]
-18.302683184524803, 0.633044396594246, 0.9540133376409763, [0]
-18.88991780874184, 0.775649630802614, 0.6062324820886456, [1]
-18.30023136672321, 0.6382141933474571, 1.0941789717713042, [0]
-18.312684313474875, 0.6061847570352177, 0.9657498692656672, [0]
-18.5384870366518, 0.6362204468970319, 0.7872216953255284, [1]
-18.646757874586527, 0.5483489248314335, 0.9837024367262084, [0]
-18.403404318683215, 0.5786508664817036, 0.9445505044824591, [1]
-18.649837242810484, 0.47778837824382897, 0.918191856166195, [1]
-18.371107109243493, 0.6380411162450322, 1.0256475392177755, [1]
-18.288182037702654, 0.6528534342657828, 0.9362295143935757, [1]
-18.430953210265645, 0.7869594082025856, 0.6332438958859602, [0]
-18.512019082494106, 0.700447566899757, 0.7796090934847626, [1]
-18.92849611316851, 0.6931255365617347, 1.1919458454406482, [1]
-18.764727691455374, 0.5199847822901003, 1.2135921530586646, [0]
-18.486246854491753, 0.6180002475802744, 0.7916549534638025, [0]
-18.385915183696596, 0.7119196010846107, 0.9899730957134447, [0]
-18.32153716901813, 0.6870151202675158, 0.9244999338736843, [1]
-18.31484830759947, 0.608431166464124, 1.1797004734046113, [1]
-18.402743150422697, 0.5896642414873022, 0.8846628933128566, [1]
-18.53891736686816, 0.6272963099182124, 1.223996368943624, [1]
-18.508444361060185, 0.5510299959818455, 1.2553697701753737, [1]
-18.335455075935585, 0.7090810003459437, 1.1269716548061526, [1]
-18.316405836822952, 0.627650427986443, 0.8594547835387606, [0]
-18.420740036826327, 0.7557956525319441, 0.722100545617652, [0]
-18.3228854465932, 0.5501170948680795, 0.941610112646158, [0]
-18.503637011743947, 0.6894066918876963, 0.9187213049123977, [0]
-18.679761289010436, 0.7838721613612322, 0.7945171979508114, [0]
-18.869517301166685, 0.792042870087037, 1.3366207741955414, [1]
-18.921284456259084, 0.7672123997556453, 1.228350814032282, [1]
-18.537988691732377, 0.7186683383789128, 0.7162227745256213, [0]
-18.575527800858318, 0.6808543998642148, 0.7312632042049363, [0]
-18.946969926741414, 0.6303569457970476, 1.2995795174265787, [1]
-18.824145799838746, 0.6795955118100178, 1.238787667007828, [1]
-18.423196499698786, 0.7014275322324411, 0.7996543747184214, [1]
-18.84702730543358, 0.7983301362512767, 0.9106324107261266, [1]
-18.402295288173832, 0.5665464188684872, 1.1033505990674508, [0]
-18.573607818461063, 0.6183316133475351, 1.0102237360592912, [0]
-18.923442614418395, 0.5721081686382234, 0.5510075959116897, [0]
-18.71200631775063, 0.7927903873339939, 0.8631614254351839, [0]
-18.30028329838098, 0.563014380845208, 0.8861112898200112, [1]
-18.427904115652495, 0.6498168608278359, 0.844756925472164, [1]
-18.532907091213005, 0.5669864354383529, 0.7408007195484423, [0]
-18.493910934172177, 0.7458408009197705, 0.7179633474124432, [0]
-18.325233238422552, 0.6259691928322796, 0.9044364381089842, [0]
-18.51498535212597, 0.5568171217590321, 0.8078911035218744, [0]
-18.494233150233736, 0.7042287556791467, 0.8629970070396266, [1]
-18.635314045510984, 0.7398389720266346, 0.9493231540896948, [1]
-18.459011610715454, 0.7638751447634293, 1.1128824695993074, [1]
-18.46996130913255, 0.6560764626118923, 1.0691256573221148, [1]
-18.364364400652928, 0.6665519554406982, 0.8612836446562718, [1]
-18.597685075996935, 0.5840695343275251, 1.0646966720087778, [0]
-18.396055250138986, 0.589857010206234, 0.8106655527834004, [0]
-18.525059454459722, 0.49432975392768524, 0.823591054958853, [0]
-18.574623064487433, 0.6438938262123952, 1.3035907082362959, [1]
-18.338010620266054, 0.5021728751752872, 1.0072512868320265, [1]
-18.361294924945167, 0.7324649689636643, 1.123592050120565, [0]
-18.428100872446045, 0.6145820917174049, 1.0938815740755161, [1]
-18.87783595523916, 0.704984560741891, 1.2495872124284297, [1]
-18.458536513672346, 0.6651195633319361, 1.100510549609788, [1]
-18.56364105875542, 0.6400747506261167, 1.2475865179005428, [0]
-18.848192724451632, 0.694760162707329, 0.6534157417386461, [0]
-18.362716979173562, 0.5462983208868926, 1.0733659984227928, [1]
-18.435743436108954, 0.541483509332741, 1.2374645219816582, [0]
-18.308701431883915, 0.6512790405164759, 1.0632703158106058, [0]
-18.34458301308938, 0.5088681335128584, 1.228571218171917, [0]
-18.32423342524008, 0.5353311488371603, 0.9009709465064306, [0]
-18.376232143789938, 0.5581415637264001, 1.1349652199172606, [1]
-18.319136031734953, 0.6353249807065184, 0.8498102290071712, [1]
-18.641596653063086, 0.42987945559678686, 1.2416768746793965, [1]
-18.364543083604307, 0.7942822719115255, 0.9464420348316314, [1]
-18.440754402579298, 0.5889767697204954, 0.8354049603918285, [1]
-18.44740202274422, 0.639501827682452, 0.9638686181963968, [1]
-18.43079727800504, 0.6513209849599253, 0.9652877747140257, [0]
-18.317231108176916, 0.5777420963891047, 0.7138234424694688, [1]
-18.298531208160398, 0.6301007786735414, 1.0960602507543202, [0]
-18.3974376708465, 0.6936207725177075, 1.012789643130914, [1]
-18.350933778732852, 0.5815297369702406, 0.7783387340538184, [1]
-18.271848912514535, 0.6652534295634507, 1.070188125304911, [0]
-18.38517077236203, 0.562101583846165, 0.8017359050015873, [0]
-18.495779060334947, 0.4238700374096697, 0.9186731151831409, [0]
-18.29181011235526, 0.6121675624515724, 0.8752216812736104, [0]
-18.38800274394141, 0.595075488918503, 0.8313048020904474, [0]
-18.34935717212503, 0.6309505019805738, 0.7976709401688703, [0]
-18.504071672834478, 0.754970820355735, 1.098414976279049, [0]
-18.390514571426287, 0.7243112629985132, 1.140738121448611, [1]
-18.352255559229757, 0.5597160299365653, 1.0792295553115832, [1]
-18.781450851460466, 0.4658978017846095, 0.983387698332229, [0]
-18.700869008561767, 0.5492427633931517, 1.2199501190129647, [1]
-18.31372033540888, 0.6991904668201947, 0.9138697005996999, [0]
-18.77667673053121, 0.5848194154718587, 0.7314717279169591, [1]
-18.423749763484455, 0.5005119931364892, 0.9125234018563162, [1]
-18.45676388273524, 0.6567946860051551, 0.6761052153252467, [1]
-18.49099582549459, 0.4462028106908173, 1.027366140219896, [0]
-18.525792752179623, 0.6644035151479656, 0.7719516752563375, [1]
-18.5316216979909, 0.5040815402185974, 0.8264920652283126, [1]
-18.37052989689641, 0.6459800933821339, 1.0183020607735562, [0]
-18.400803582844038, 0.5988232528229732, 0.8766671709571185, [1]
-18.360143353828217, 0.6674627362291363, 1.0614534109076088, [0]
-18.299007566999038, 0.6434916347479189, 0.807819490998888, [0]
-18.42107837697836, 0.638831509166545, 1.047136300097678, [0]
-18.338077354246483, 0.5352402167575535, 1.1735780825810505, [1]
-18.492283802405662, 0.5086008921807919, 0.9171662149468649, [0]
-18.26447821699974, 0.657987416556082, 1.0103001806929992, [0]
-18.466136505955436, 0.6732587346580254, 1.025652097481955, [0]
-18.421876263803085, 0.5532207895253154, 1.0136723862305936, [1]
-18.357386664775838, 0.6605785969422516, 0.9300924429170034, [1]
-18.398757551917402, 0.6653997379684421, 1.1001773270251267, [1]
-18.41782203937007, 0.49374869934613375, 0.9415122381589835, [1]
-18.879012656130747, 0.7652214250367119, 0.6205569495379123, [1]
-18.57315309778384, 0.7045201486145364, 1.17824730621738, [1]
-18.47803475566171, 0.6376635034044551, 1.2152120900149757, [1]
-18.302105264141314, 0.6779449039044444, 0.9530824273771885, [1]
-18.5090813032566, 0.3836643278101989, 1.1508396292383374, [1]
-18.397591234958576, 0.6004761164271523, 1.2571931013495588, [0]
-18.382331469454375, 0.6137929742121933, 1.0266862471627352, [0]
-18.503074317127787, 0.632047705020098, 1.3487695786588383, [0]
-18.46931262951248, 0.4993898294909466, 0.9203605336010431, [1]
-18.328963855020465, 0.5319165200114278, 0.8674124464718393, [1]
-18.365090827070347, 0.6170075916933785, 0.7197575587346411, [1]
-18.819502189199284, 0.45733642890886567, 0.8295391625806847, [1]
-18.569279033366033, 0.6427353285054045, 0.8313112543657943, [1]
-18.64023357917111, 0.7660320671431907, 1.1086778527111012, [1]
-18.396087110276397, 0.5621781513653392, 0.9079570684287306, [1]
-18.54689600022031, 0.7830406404362216, 1.0095933076896335, [1]
-18.44510527122647, 0.684104895394607, 1.1564714783967391, [1]
-18.53768953814659, 0.47171954363628427, 0.9187670627936415, [0]
-18.360118946514966, 0.6421694861903597, 0.8093186834363971, [0]
-18.42007424421972, 0.5677636738611795, 0.650560508768034, [0]
-18.33305562937938, 0.5111054092040843, 0.8795181726194969, [1]
-18.380235574338545, 0.7210988203725642, 1.1726050108570159, [0]
-18.278858140090758, 0.5886086560843118, 0.6490564119217601, [1]
-18.38455517070207, 0.659263510409496, 0.9885698294668692, [0]
-18.600885855737083, 0.3876298016652739, 0.8544527200078282, [1]
-18.37253176269818, 0.6398762545472423, 1.0405737556995707, [1]
-18.340365019807958, 0.6199996171201066, 1.2175079440526562, [0]
-18.65993951096543, 0.4772525152062826, 0.9993887170165332, [0]
-18.55840453331725, 0.7250538811027839, 0.959229307454292, [1]
-18.624372015405072, 0.76756038739233, 0.670419273793759, [1]
-18.587112774853818, 0.5487823239887547, 0.895386108092772, [1]
-18.36049426830729, 0.6343198322539972, 0.8808819963553889, [1]
-18.427082026646342, 0.5288121868675739, 0.9785656023345581, [1]
-18.541694905512145, 0.4910119135672888, 1.0290905399108587, [1]
-18.59798200405889, 0.4992686173517197, 1.1381191035823257, [0]
-18.359134957839316, 0.697342883469031, 0.8280485930783443, [0]
-19.0385820024803, 0.5548738532669795, 0.9139514576723471, [0]
-18.554404869477334, 0.7060722409679207, 0.6219444201377501, [0]
-18.34643923204002, 0.6195760681301292, 0.9885846617258955, [1]
-18.340587779437286, 0.6399509037617154, 0.9634261246125831, [0]
-18.410885473098702, 0.612147965255586, 1.124871295989331, [0]
-18.464779384658552, 0.4933365238097485, 0.9267713799913803, [1]
-18.30960504904178, 0.5697052614909572, 1.1337185439699655, [1]
-18.296916802527196, 0.6477573878190722, 0.8156299957542039, [1]
-18.29673228644885, 0.512440981988133, 1.021852804126103, [1]
-18.567695142452855, 0.5528749388014987, 1.2107594276244855, [1]
-18.478823038382156, 0.5167846176537013, 0.8822215811190737, [1]
-18.619102101708087, 0.49594299108859113, 1.0208544402617068, [1]
-18.29927483526326, 0.5929891032283251, 1.0790329904608167, [1]
-18.474310489327927, 0.6811729902900603, 1.0261117925729932, [0]
-18.518636240694203, 0.688291784177505, 1.3247851500379924, [0]
-18.538786853673052, 0.5062833997727318, 1.3466779661367518, [1]
-18.427021504823156, 0.5753337703454713, 1.1841398097181508, [0]
-18.428215820935574, 0.5180819743031122, 0.8957601697525319, [0]
-18.47606298921188, 0.7265381355001772, 0.9316488607306244, [1]
-18.344945976793227, 0.7046182490874777, 0.9162209622729044, [1]
-18.64871277131895, 0.5782075093147214, 1.3369207744876654, [1]
-18.47316872684711, 0.7372459044109997, 0.720547462389848, [1]
-18.615712319884125, 0.6497655417893142, 1.14927759274022, [0]
-18.37394846884671, 0.5451115448395637, 1.1164782273812326, [0]
-18.34562034282832, 0.6515347678890936, 1.1577022841826612, [0]
-18.359662662530262, 0.5175719593156269, 0.7944270646443083, [0]
-18.520805820782343, 0.5113069837411716, 0.679485902069443, [0]
-18.374913592689275, 0.6286193318254379, 1.1112675898264137, [1]
-18.422784570620447, 0.5769963258011215, 0.97134011902216, [0]
-18.298003268452348, 0.698567279089415, 0.5114424076329717, [0]
-18.44292593433205, 0.5867349821320456, 1.013419175577823, [0]
-18.47822114019771, 0.5185325834269214, 1.1794792684332638, [0]
-18.410318206650043, 0.6217792408211283, 0.7362960437610979, [0]
-18.741987684943975, 0.47162016296986037, 0.9782239632605144, [1]
-18.30938839878975, 0.5678519432462306, 0.9186876198446314, [1]
-18.343124360771522, 0.538154654903098, 0.9651735668307257, [1]
-18.674903431966296, 0.6337774478921478, 1.2028462001350784, [0]
-18.33475571333743, 0.5526334245169864, 0.8840903961294209, [1]
-18.62692010578045, 0.4064997357271506, 1.0683916476351958, [1]
-18.393734388821564, 0.633859433124763, 1.027444717435463, [1]
-18.3364221109864, 0.5673013039531035, 0.9614781280704414, [0]
-18.323620089342004, 0.6809900980886391, 0.7315768291325737, [0]
-18.769638205195996, 0.6120211006511205, 1.3607396376257488, [1]
-18.315103952508384, 0.6016042762205567, 0.9483904427201955, [0]
-18.562482393839034, 0.5482714020274304, 0.6851342117233683, [1]
-18.794522907688645, 0.3939533130910753, 0.9325086975466785, [0]
-18.55312582849201, 0.7106208360234737, 0.8132097270776086, [0]
-18.433016895585464, 0.5579551167660914, 1.1407320700910402, [0]
-18.33757856638541, 0.6595124285307868, 0.9872242013488761, [1]
-18.306541605056836, 0.6779273077996051, 0.8643981944480579, [1]
-18.65710038694638, 0.4843100669360852, 1.0564847376052462, [0]
-18.590940937441257, 0.6499809375871477, 0.7906762676580655, [1]
-18.30559004610302, 0.688614285778788, 0.9089870881396259, [1]
-18.593830297095266, 0.49101083169574783, 0.8332915578057943, [1]
-18.495226232649244, 0.725553238166351, 0.7302664193233777, [1]
-18.360036123794465, 0.6163963131524225, 1.1743556344622248, [1]
-18.518367464137576, 0.5077848090907704, 0.695144296408291, [0]
-18.40675100039752, 0.5722617658248416, 0.6518607542285138, [0]
-18.529443100377367, 0.5566425310664614, 0.7447466904479138, [0]
-18.58396129626674, 0.5312132065979311, 1.3016245484977216, [0]
-18.43440321763883, 0.5617928110220854, 0.9541463438551234, [0]
-18.471279272743523, 0.7367247774565663, 0.845803089096394, [0]
-18.249169548090123, 0.5514634945846189, 0.686332558195484, [1]
-18.397465142157408, 0.5419903979772513, 0.8101583489303693, [1]
-18.723552168351976, 0.7705786778799285, 1.252291883053679, [1]
-18.30762462310732, 0.6768196641266773, 0.9920440526057553, [1]
-18.479768363914513, 0.6768299659399882, 1.3783934273062357, [0]
-18.386672971400625, 0.7142161833524022, 0.9077141427398495, [0]
-18.407368513847892, 0.5594965699278818, 1.1309268928942662, [0]
-18.381639927110438, 0.6002616626888253, 0.8605626017728834, [1]
-18.62932834762641, 0.6171037375160139, 0.9481152967853004, [0]
-18.856770732945137, 0.6394649760206494, 0.4823787544942501, [1]
-19.199628107372792, 0.4828467970616901, 0.6286073515226607, [1]
-18.3680306778096, 0.4842506216679382, 0.7563713949087728, [1]
-18.526564376180232, 0.6483336966100515, 1.225626381601765, [1]
-18.511902878424507, 0.564010218107649, 1.3736545434256664, [1]
-18.537867935060664, 0.5690991826617301, 0.8532868989064841, [1]
-18.297268843138138, 0.6657539105608107, 0.869863440411488, [1]
-18.4802834809267, 0.6418584656076958, 0.7838901201951637, [0]
-18.628729738699526, 0.6397015864821075, 1.3512582088199407, [1]
-18.590846423142015, 0.593936857232729, 1.2850098734126638, [1]
-18.365586706796993, 0.670829370914033, 0.9659130425648053, [1]
-18.330341840439605, 0.6583083725265872, 0.8569504354028661, [1]
-18.336493986994075, 0.5451859678712732, 0.8647655896422807, [0]
-18.35302774190141, 0.7239218444366864, 1.245069459219283, [1]
-18.44190224177542, 0.5766743884091029, 0.8658374623265843, [1]
-18.352071169241324, 0.6259938286173509, 1.0218287950364622, [0]
-18.46904820622028, 0.6330244180237283, 1.064042474358616, [0]
-18.482984786050054, 0.4946686101635817, 1.1800986238877398, [0]
-18.364107723385633, 0.5715506983809299, 1.164747175518588, [0]
-18.4172371507615, 0.7421049649620409, 0.7120435077981815, [0]
-18.51405582958242, 0.6838965830403199, 0.9275517942611711, [0]
-18.295581014451447, 0.5733237174549309, 0.9248147023676605, [0]
-18.274941955124746, 0.4015519233784137, 1.035636608109832, [0]
-18.308099232080156, 0.66353118649772, 1.080253021112153, [1]
-18.300772932940287, 0.7344882094542485, 0.9455683117592247, [1]
-18.783945097815067, 0.5329564112590496, 1.0432047087015366, [1]
-18.314465751069587, 0.6629020932258392, 0.9851936894206853, [1]
-18.538150141490323, 0.6125435398956417, 1.254566915171915, [0]
-18.46428128526249, 0.6276401433210692, 1.1281136122909428, [1]
-18.4090457912011, 0.5239454973547377, 1.0230653093533377, [1]
-18.50930498175237, 0.7454001759082723, 0.6585120900539384, [1]
-18.659401070982398, 0.5033759157759952, 1.0765224804883942, [1]
-18.40276136373212, 0.6652973735908132, 0.9857477018125941, [0]
-18.369470121832986, 0.6744832705927822, 0.9231129343091963, [1]
-19.00128348329209, 0.6437706427243247, 1.2067891376213566, [1]
-18.318783646758618, 0.6689513073880295, 1.044793378106351, [1]
-18.557042002062442, 0.5819583780107918, 1.0547084401319764, [1]
-18.35611592177792, 0.5300832732394795, 0.8983004304030018, [1]
-18.30329376218383, 0.593344316459743, 1.0081262436529141, [0]
-18.304442941049356, 0.5320939342459604, 0.9588208923882955, [0]
-18.44392667315968, 0.7123077556472426, 0.8616657338297073, [0]
-18.363164373127674, 0.6700004320713244, 0.8488172878441613, [0]
-18.55331867554781, 0.6209609069617634, 1.2154066259516638, [1]
-18.628471633145057, 0.7291188312720123, 1.2604447073255463, [0]
-18.35751642360525, 0.6319310835457429, 1.0085372792838163, [0]
-18.341280658710094, 0.644675546507065, 1.2292701510493815, [1]
-18.593461627865707, 0.5440738783656078, 0.7212195482160298, [1]
-18.44401690989538, 0.6927112970993324, 1.281716125360949, [1]
-18.37264625650852, 0.49121167709002855, 1.076586493669342, [1]
-18.315688804505598, 0.7691570994386386, 0.9419746251714914, [1]
-18.379725738013622, 0.6287127593740228, 0.9040754580669532, [0]
-18.361109656773674, 0.6737048360527891, 1.0573259106031827, [1]
-18.371632229424133, 0.441607342735699, 0.765257193530446, [1]
-18.59341456015815, 0.6872426014315027, 1.108006467244425, [0]
-18.59790201048294, 0.47591561446557357, 0.6773693308606886, [0]
-18.318939819288634, 0.6131278607719584, 0.8179563012235039, [0]
-18.399747926634305, 0.6629553766378801, 0.8597227110818346, [1]
-18.57884635172296, 0.6494913728561877, 1.1520422731904807, [1]
-18.634980266275672, 0.6176829115770419, 1.0645091720861277, [1]
-18.519394408608623, 0.5371044455737863, 1.0756131885111913, [0]
-18.54519465000705, 0.6907385525028241, 1.0216202416482996, [1]
-18.859787472347826, 0.58477587690323, 1.26754973464723, [1]
-18.3596499631473, 0.6636186153026866, 0.9535448417095959, [0]
-18.47153196743572, 0.7899721993928732, 0.9137369289036303, [0]
-18.398561452494715, 0.5776606893879599, 1.161029331232814, [0]
-18.375432648018112, 0.6692605678526087, 0.7850508203332598, [0]
-18.397598132432023, 0.5758066468886316, 0.8030512531536282, [0]
-18.53701496738844, 0.5591593072506161, 1.1309242642431467, [0]
-18.510869008803713, 0.5742606784502116, 1.1727934943753835, [0]
-18.64946379700792, 0.7557394730759501, 1.0657279105847504, [1]
-18.42010456378542, 0.5115217418243457, 0.8963494060483931, [1]
-18.33985399657199, 0.7183359433162425, 0.7139304720915884, [1]
-18.484761664861175, 0.5930000677000193, 0.925515210660561, [1]
-18.441656566864985, 0.6968336726360721, 0.8707829545418733, [1]
-18.337065664066696, 0.528769262044348, 0.8577030313926854, [1]
-18.316960190631594, 0.6919449987678636, 1.072348526902409, [1]
-18.25534063943223, 0.6093608997646249, 1.062333831213538, [1]
-18.691747163939475, 0.5141589554092894, 1.327659011456575, [1]
-18.624114924026156, 0.6099024637962519, 1.4671905716823315, [1]
-18.649755160483636, 0.6425224225388828, 0.6841004892637482, [1]
-18.8198829867145, 0.5759412395427628, 0.6654673976915603, [0]
-18.48146807536193, 0.6886711626217991, 1.0798431582276098, [0]
-18.411569015079284, 0.6839301635916151, 0.9177018409776683, [0]
-18.522432502943527, 0.6785363123269307, 1.21774160814128, [1]
-18.2676566251737, 0.5963427808220125, 0.9718874157820363, [1]
-18.326626099438535, 0.59535770150987, 1.0629785111487375, [1]
-18.682349399329322, 0.5970389343185514, 1.1885075566475631, [1]
-18.527718179281624, 0.5921864827127076, 1.0090772005958026, [1]
-18.260832295292865, 0.6453758415478217, 0.9778811035373218, [1]
-18.340760930040723, 0.6782193331041038, 0.7619438384793592, [1]
-18.525738019821517, 0.5862247397008551, 1.2213314736729428, [0]
-18.595402281455183, 0.540915333013777, 0.8624890897572863, [0]
-18.315089176238033, 0.4668058358392514, 0.9349614449864311, [0]
-18.605113089777856, 0.49715480334269013, 0.8693969535739865, [1]
-18.3336326749511, 0.6183186490727721, 1.1769931127189668, [1]
-18.456873237830322, 0.6036534674541606, 1.1958264356712363, [0]
-18.341786148529344, 0.5524524542679915, 1.0433673902014409, [1]
-18.434065155204195, 0.5087648427184508, 1.1732575410190325, [1]
-18.42255475379208, 0.3891633403568128, 0.6979550323409632, [0]
-18.542887075931496, 0.8497230083294823, 0.9557962851331795, [0]
-18.401595018646574, 0.7419562426508166, 0.7986007334105434, [0]
-18.837579728175534, 0.7505380106193896, 0.859054674564439, [1]
-18.77875285099075, 0.7055360343620006, 1.0500492273250859, [0]
-18.633768521576584, 0.44225991855132707, 0.7621313729129129, [0]
-18.405943042091522, 0.5415307345819176, 0.923855283975546, [1]
-18.354130061158692, 0.7849710027617596, 0.5387169991224172, [0]
-18.465687844056735, 0.5843490579912347, 0.8767089193708284, [0]
-18.302439957825104, 0.5479685859764944, 0.8911844949812935, [1]
-18.560831546590006, 0.5255242286512847, 0.9614043237709926, [1]
-18.381992922921743, 0.6725421702682773, 1.009300862890223, [1]
-18.534166770794187, 0.5502657087100402, 1.065459888274949, [0]
-18.548588299109337, 0.7234097394757236, 0.6908238656693673, [0]
-18.43083796141378, 0.667188082626134, 1.0031354507658672, [0]
-18.303358649414122, 0.6613957300762124, 0.908565949136479, [0]
-18.297346095729598, 0.645263203687497, 0.9250827978279641, [0]
-18.38165103062816, 0.5368863537083701, 1.0968084392527766, [0]
-18.383877013426947, 0.6688803728469658, 0.8759073388808681, [0]
-18.481737747676966, 0.6597837328272753, 0.893010943984694, [0]
-18.36297423448679, 0.6265968903452166, 0.8133554435608312, [1]
-18.678250301970902, 0.5278362927394009, 0.8290542891171904, [0]
-18.468315619625834, 0.6049336175515792, 1.0150982964889137, [0]
-18.399116481648058, 0.5485216521728732, 0.9478175323296296, [0]
-18.44768066696146, 0.7079305595443963, 1.0565814255087504, [1]
-18.302840447698493, 0.7057890482513864, 0.9371830795836145, [0]
-18.451164756079, 0.8144060952992127, 0.9575550574233567, [0]
-18.377339103421342, 0.5412745255134458, 0.9865756112370828, [1]
-18.612653013027675, 0.4986546470360555, 0.7026249861208761, [0]
-18.53108317361913, 0.6899938782059178, 0.9778134651609748, [0]
-18.50333472642957, 0.5710476197147154, 0.5710992772495411, [0]
-18.33684393834256, 0.6545021909385471, 1.143536285537252, [0]
-18.374014004270805, 0.6955643627453283, 1.3407813762994876, [1]
-18.593742365682793, 0.6762149305603516, 1.040752409674843, [1]
-18.446332645813904, 0.733732908183443, 1.0627499475218019, [0]
-18.406716975944303, 0.678032712195741, 1.0638892993745412, [1]
-18.51261967216995, 0.7338629543509467, 0.719786303232371, [1]
-18.387627635467133, 0.644339448957225, 0.8745941247785123, [1]
