t=0.026873307916682437
logZ_t=-10.498810890480787
-17.337005863233355, 0.7238713176256513, 1.4331169348953063, [0]
-17.669252464957417, 0.9493524020922122, 1.4427215293754458, [0]
-18.456946670787016, 0.7424233458344768, 0.726798335731627, [1]
-17.56535295473324, 0.44834888250803684, 1.4875058276961735, [1]
-18.163385892543197, 0.46832196815297855, 1.9227944524270755, [1]
-17.63610740476512, 0.6721600429420898, 1.2706959853562008, [1]
-17.96303986861078, 0.437944942321785, 1.574019455002273, [1]
-18.265178690522255, 0.6270471117729624, 1.5590084367647266, [0]
-17.296811147990567, 0.3749040855497016, 1.7545065503824369, [1]
-17.68475138344887, 0.47404638007302313, 1.214454606496411, [0]
-16.6113551509665, 0.8967714518196094, 1.074802520392381, [1]
-17.857751272369267, 0.34702017996725343, 1.223238338422692, [0]
-17.084098640191808, 0.778068641468957, 1.1018880665440138, [1]
-17.492668269342094, 0.33649585573752766, 1.7328592109103371, [0]
-17.118337765919218, 0.3156795621620654, 0.5798788934816527, [0]
-17.81362199767636, 0.6967547545481919, 1.2586382278703154, [1]
-17.824530534464017, 0.1011143350147508, 0.7780159039444288, [1]
-16.48114403968358, 0.4513758910241333, 1.1764549628205214, [0]
-17.800493828474206, 0.5630714405849322, 1.5068306672033218, [1]
-17.149416927892645, 0.9774871223011902, 1.1666277974531534, [1]
-17.078066148997983, 0.9158692395966925, 1.4474589831526539, [1]
-19.412394392490995, 0.4059126945318333, 0.3934647360233834, [0]
-16.348843943750335, 0.41531532813414296, 1.3026194137738554, [0]
-16.840755998654036, 0.6913120193328371, 0.7364362534234667, [0]
-18.778631596294243, 0.449740973170424, 1.3951919432043727, [0]
-16.427626228732954, 0.6668366995808329, 1.4929887970800264, [1]
-18.75615911061865, 0.8962778643806961, 1.6473913891964123, [0]
-17.629185187651363, 1.0893520892844377, 0.3349353646324603, [0]
-17.930882718144456, 0.6623204335504165, 1.1617246896062432, [1]
-18.730022831808622, 0.3969901911554116, 0.5981198707472926, [1]
-16.68294082686135, 0.7763829571814118, 1.7627557203959905, [0]
-18.442453647221907, 0.3281893360474558, 0.7238183004967829, [0]
-18.04222833296532, 0.42471177515994407, 0.2582105065572241, [1]
-17.521504837134405, 0.42164375412961563, 1.3783898714991583, [0]
-17.761404905115604, 0.5615425864176586, 1.1855509654366994, [1]
-17.81956847846809, 0.834319796081018, 0.9653394332117453, [0]
-19.080613243948275, 0.873450983659956, 1.8232134845111598, [0]
-18.680575057281114, 1.042696583335891, 0.4846139735617291, [0]
-19.37992030673026, 0.3831757505712414, 0.8854224890521726, [0]
-18.17839706482, 0.30037196588633025, 0.687199899428758, [0]
-18.489463606069116, 0.8224261516947351, 1.650976421558149, [0]
-17.79516594876958, 0.8794963664223752, 0.2559420690629781, [0]
-17.00423501808975, 0.45442407494571235, 1.988326716039573, [1]
-17.444356566009688, 0.6509167801765817, 0.432209266076609, [0]
-16.53522727719873, 0.29964201616905783, 0.8374889703552013, [0]
-17.475213694893572, 0.6658360396760814, 0.030811281682329827, [1]
-16.09454113298011, 0.6514742928196353, 0.679862601021506, [0]
-17.550536625873598, 0.5883120137679555, 1.4179391851836183, [1]
-16.767871096504, 0.640944530178174, 2.105074128410525, [0]
-18.03801823842829, 0.7859577685931483, 1.5441760115919603, [0]
-18.973716308345807, 0.34426807472916887, 1.4544178422940293, [0]
-17.562525866506306, 0.6512372195716488, 1.2001625073218987, [1]
-16.821814126387114, 0.7404219921829036, 1.6327365639109706, [0]
-17.113026209338187, 0.2080682167295549, 0.7780628288153589, [0]
-16.6064743075067, 0.9154432149044966, 0.9624772697235352, [1]
-16.351075475810013, 0.8322290854544891, 0.9070438336066027, [1]
-19.24216220438229, 0.772134677429863, 1.2980548915115493, [0]
-18.19906284562567, 0.7696474693353291, 1.4015675347024454, [1]
-18.893016395221167, 1.1180976762049386, 0.40790254513497454, [0]
-17.60506922740073, 0.5403626011792428, 0.29098391143446145, [1]
-16.938022331277544, 1.0639448592224232, 1.4739682570104926, [1]
-18.57899464127995, 0.19389890220995293, 1.2725195283736777, [1]
-16.916747934832262, 0.697158258364159, 1.1811771022740565, [1]
-16.935038211067415, 0.4969692570552469, 0.521960630553792, [1]
-17.475645918412017, 0.16853996478818978, 0.5683417490196776, [1]
-17.263244431377046, 0.5275039174578138, 0.8855876242099605, [1]
-17.364035193016353, 0.6764220490713121, 1.4203273590935543, [0]
-17.378287231112534, 0.9218695549369627, 1.1759534724726364, [1]
-17.238003326500927, 0.6249261349333018, 0.8244224930128264, [1]
-18.240481935435252, 0.4042124307926424, 1.692580331395006, [1]
-16.136218870501505, 0.7489215205714548, 1.2776814495687843, [1]
-18.93352183288005, 0.7154795869151567, 0.9816692324194729, [0]
-17.257216519949093, 0.7846703877106322, 1.4225893405997057, [1]
-18.873040924395493, 0.297191902538406, 0.41219730649238406, [0]
-17.597009884784658, 0.6543507914938704, 1.4709416510595732, [1]
-17.40274878157946, 0.45160802894375784, 1.6953334777953697, [1]
-16.877835278236184, 0.3757141507386091, 1.5622897815178218, [1]
-18.272674954022133, 0.5965868146379448, 1.074889675152784, [0]
-18.39754154026307, 0.40908158375046544, 1.8057625243521986, [1]
-17.529066285884152, 0.48440929530341403, 1.053754719305085, [0]
-18.024370147070712, 0.982165846082674, 1.5355438237776937, [0]
-16.92169691814628, 0.768177881838684, 1.3937153990482318, [1]
-16.919828696498577, 0.7165094754089913, 1.3647955177872777, [1]
-18.950481427497664, 0.08394540159277075, 0.8728028488514163, [0]
-18.808592935271626, 0.2931635646851931, 1.7042339662143193, [1]
-17.945449290446202, 0.38097631438639523, 1.122167136704164, [1]
-17.00505288229933, 0.7375371580212605, 1.445202270835665, [0]
-17.398378508999524, 0.5376624334826194, 1.4218730273054854, [1]
-18.28979425044138, 0.07561122580308288, 0.946617443552954, [0]
-17.78757105776021, 0.3574710932334114, 1.5744155807134403, [1]
-17.241818878813174, 0.4760508051827206, 1.2237901131234317, [1]
-18.281851711065954, 0.751472881323302, 1.8133320667082904, [1]
-17.543113332737253, 0.426882092732559, 0.4178513110829673, [1]
-17.16343706747452, 0.3829294265317284, 1.877287597121172, [1]
-17.9587484137303, 1.197206048283228, 0.43396644649245714, [1]
-17.876078882825645, 0.8790519074581793, 1.0826592230839105, [1]
-19.694348748357772, 0.6208195209634546, 0.042799873476145445, [0]
-18.281360772593985, 0.6977380921738796, 1.2194935406947347, [0]
-16.890353253275002, 0.7330170174713903, 1.4408056646089316, [0]
-18.309841770592016, 1.0073747505466613, 1.4466016695809714, [0]
-17.31553579411101, 0.9130795850183897, 0.7995561294296722, [1]
-16.52676259752993, 0.4381503460530285, 0.9227807134755898, [0]
-16.098033612940885, 0.351284253290289, 1.2904043960814793, [1]
-17.072672313221403, 0.8730282557248584, 0.9731684116350007, [0]
-17.405557166657655, 0.10810214885551461, 0.8707937698491872, [0]
-17.30491891060156, 1.0031447596024083, 1.640973340369385, [0]
-17.261334140023404, 0.7398911232332938, 1.4303328205195576, [1]
-17.778479035163627, 0.3641767351263202, 0.7569633803605026, [0]
-17.01581198456212, 0.47653967114124796, 1.4106649372149431, [0]
-18.119200709760033, 0.6915354512037571, 0.5408942914349619, [0]
-18.29205952656843, 0.35059506624569253, 1.1493674649028698, [0]
-17.390710530398092, 0.7790243211281811, 1.1251506743505535, [1]
-17.697167797600457, 0.7962740714602183, 1.0959964835920386, [1]
-17.150006526856085, 0.7611837059832858, 1.1438590836453044, [0]
-17.96145912841046, -0.11906004632524414, -0.07383841904465448, [0]
-17.613894650310517, 0.8731193218979207, 1.714487139603654, [1]
-17.425170837714376, 0.30014390290868953, 1.194194188164995, [0]
-17.605367486613353, 0.49452063472080376, 0.9309464546739408, [0]
-17.740662011994708, 0.977191820413134, 1.1594952861821515, [1]
-17.468660189293125, 0.6911034716557973, 1.4539966685408054, [0]
-16.82497912977257, 0.9331268065815991, 1.118388231608046, [0]
-17.896720511195227, 0.3339397433433864, 1.1620798705419175, [0]
-18.111669762586033, 0.42423002212350147, 0.9739138622258345, [1]
-17.89879099052281, 0.8239489055580579, 1.6566939843178836, [0]
-17.984733279933366, 0.2790158727486846, 1.076650770159499, [1]
-17.63510551934812, 0.7137800951336184, 0.34501140565987465, [1]
-16.639623515203986, 0.730386145405225, 1.3478097269504141, [0]
-18.11775941015776, 0.8787647622301694, 1.7888705096916748, [0]
-18.84491639747559, 0.6489455288864131, 0.768614608796864, [0]
-18.5228650264667, 0.6796028784777933, 1.3486969851224513, [1]
-17.215300989616853, 1.067367072825802, 0.8172264779885705, [1]
-17.2762529678609, 1.1565751983752304, -0.07361792293649716, [0]
-17.8283959093012, 0.6925743573038322, 1.804975707392731, [1]
-16.29843244985394, 0.7169474888015412, 0.814988130014747, [0]
-17.791746610330474, 0.5357870237769494, 1.1031878839705067, [0]
-17.805005106580413, 0.6586707182766687, 2.0038400125911107, [0]
-17.776456776333802, 0.30191556713148693, 0.8366191452437151, [0]
-17.205016957658, 0.7573552027350626, 1.3176251940791601, [0]
-17.617715183327334, 0.8664913509830185, -0.0951860343635989, [1]
-17.216592191708113, 0.4200696389674392, 1.8495168548955814, [0]
-16.688047347695733, 0.7146991112282775, 0.9404109039987686, [1]
-17.408127192076783, 0.7970906239185758, 0.4352218783502763, [0]
-16.998918781034305, 0.5942054185019566, 1.3764428127850197, [0]
-17.43532678691767, 0.6213789801430829, 0.9099577969624996, [1]
-19.18786958264787, 0.5361213379737848, 0.8314505292484926, [0]
-16.923769879120634, 0.5466156039373692, 1.822285673980978, [1]
-16.950898706851476, 0.7304254902229124, 1.4574973155042479, [1]
-18.52464194661638, 0.7974443873464446, 0.27070301347439574, [0]
-18.013935384418804, 0.7114889577776189, 1.3901014102345144, [1]
-17.045977748788466, 0.3625183499659874, 1.4693694649633229, [1]
-18.031795568979668, 1.022498758271152, 1.3746644070003193, [1]
-17.026650747405686, 0.8087761696875351, 1.4240627983527194, [1]
-17.696758530486754, 0.4519841908734845, 2.0099883408864736, [0]
-16.79131632641135, 1.1017530394767558, 0.8575266092373224, [1]
-18.69403062311311, 0.8532940012245722, 1.464844182870058, [0]
-17.57846407814367, 0.5862875798248489, 1.6543394491974823, [1]
-16.935098100637592, 0.6902166647591834, 1.1025687209246013, [0]
-19.125813331682814, 0.6420054295982156, 0.8931681305381893, [1]
-16.98833340410564, 0.7673073744392895, 1.4185282255467024, [1]
-17.71337231384282, 0.7353565593078112, 0.5827024531882465, [1]
-16.935277449905154, 0.9622273523607754, 0.924705580312524, [0]
-16.176959335852207, 0.5548107295215636, 1.0356711452738552, [0]
-17.431787056322452, 0.8300041673687708, 1.033892902225235, [0]
-18.174243410131577, 1.3217456051718692, -0.6040093462837305, [1]
-17.397886482348795, 0.7752171298786794, 1.4513612783566898, [0]
-18.103869882662565, 0.7596220377978866, 0.34416237642406, [0]
-17.74279188318418, 0.26383821374908634, 0.47010673794910607, [1]
-16.693070308176246, 1.1016121932767464, 1.2391712866465143, [0]
-17.484107038908355, 0.5308892559925356, 0.8211013494380146, [1]
-18.72090428012517, 1.1372445713901107, 1.354647246293559, [0]
-18.813311820971656, 0.569184346852021, 1.297686400979955, [1]
-18.166037682375062, 0.4162852568158825, 1.5827545560300738, [1]
-18.13997313863794, 0.10821600611326965, 0.8943538700872379, [0]
-18.944003443632713, 0.34677864902284106, 0.3218468039831184, [1]
-17.713866239918115, 0.5405910071547569, 0.7622294725669145, [1]
-18.947227531565893, 0.45148972201711196, 0.8904019174048327, [0]
-19.887280410622225, 0.40161899787763, 0.5742724606152235, [1]
-17.947937871110067, 0.6390831013528764, 1.3155972046511806, [0]
-18.118625176657932, 0.24361788794768957, 1.3548528867018046, [0]
-17.107372571706474, 1.0101687540313762, 0.9259923338760926, [0]
-18.654727078773405, 0.18692748202445503, 0.7324857153976325, [1]
-17.056657117231296, 0.7939531999174457, 1.6197065959336747, [0]
-18.07058120462045, 0.6449902981745106, 1.5672804971619732, [1]
-18.183936844841835, 0.7497416981052166, 0.6943286908936583, [1]
-18.451715307483695, 0.19289349778623355, 0.4920519911995547, [0]
-18.13085543511267, 0.47013218334501405, 1.3261083045999427, [0]
-19.642745092993476, 0.6453568304776174, 1.4116786351653356, [1]
-17.25593068453219, 0.8262604975047432, 1.717396556495803, [1]
-18.778177408638587, 0.6424615492839801, 0.680476413109833, [1]
-17.90792399299844, 0.5564940726828693, 0.6060890948049575, [1]
-17.867673270792622, 0.5743776942884331, 0.745162727772725, [1]
-17.64237690680748, 0.5591746436772571, 1.1974989879044138, [1]
-17.050199387132356, 0.2873706488391187, 1.2567792703217042, [0]
-18.950543644790272, 0.31915334188231903, 0.8366699074551801, [0]
-16.979097561347334, 0.8955910693586332, 0.6443827786169445, [1]
-17.01398328979049, 0.5587189603387568, 1.514733757557081, [0]
-18.34155075194433, 0.690378337097165, 0.5032055316803563, [0]
-18.381810671794298, 0.7119085449015313, 1.5864622059119942, [0]
-18.86042722329805, 0.47497474772534776, 2.085044033907111, [0]
-18.901551332065804, 0.7822892508318121, 1.5285456302412443, [1]
-17.834313210724847, 0.503868796688483, 1.260125041173337, [1]
-18.22272402224425, 0.8455897590448569, 0.9397375893139415, [0]
-18.00268139654493, 0.4407211949298905, 0.921605474541723, [0]
-17.431912903007223, 0.4042203515511407, 0.26524946964119694, [0]
-17.03868903757817, 0.45846915648084785, 1.7123118529814196, [0]
-16.884182273280878, 0.770738575375393, 1.6364083167842607, [1]
-17.54998906952542, 0.5598049413647469, 1.1708450716822578, [1]
-17.219206641616303, 0.5311867440890545, 1.7545076581193433, [0]
-16.200154702304634, 0.8339130550242744, 1.5690706984467286, [1]
-18.11714590505456, 0.3857372554864495, 1.0972114257138248, [1]
-17.013745430048775, 0.20328628160309958, 1.4516657842222975, [0]
-17.995280303302863, 0.5590539055869158, 1.3757160400444866, [1]
-18.254495108841386, 0.8888928031913053, 1.8846926248967721, [1]
-16.88607334243433, 0.6440803955120367, 1.2757089854779304, [1]
-18.087177710343536, 0.6364328074613779, 1.4592200381343052, [0]
-20.384986301039977, 0.6145252287426607, 0.2640465055037351, [0]
-17.710039815589326, 0.9617392328004561, 1.4677666409120065, [0]
-16.72246588609924, 0.30721587159590646, 0.4913782183020783, [1]
-17.75183717252991, 0.4533746223231755, 1.3298373053877484, [0]
-17.667518293696624, 0.8006182604172168, 0.7602550251014459, [1]
-15.886614399254483, 0.7159831778040147, 1.0611720985974211, [1]
-16.460314919084222, 0.6274678719018991, 0.3961922043754904, [1]
-16.52931169000565, 0.6325051789220857, 0.5179652216218429, [1]
-17.64528833860692, 0.6529701933048238, 1.4595200230466352, [1]
-17.270882948414087, 0.37270980514344315, 0.8563650192255404, [0]
-16.44774339939096, 0.37453095306463985, 1.453249765602427, [0]
-16.72367118752937, 0.46631709496974055, 0.8523034657528318, [0]
-16.22552429563748, 0.617936770070259, 1.041037488963572, [0]
-17.641175376411976, 0.46583281753889494, 0.023381440105766885, [1]
-18.195656310380393, 0.3726873583282154, 1.2690699526344653, [1]
-18.233083297887138, 1.3756097212812106, 0.8518016862239604, [1]
-17.029511229342678, 0.4261655870807552, 1.1199588915896945, [0]
-17.266385860463863, 0.45190234921072625, 1.8600885124569704, [0]
-18.357745552760132, 0.49896667082188084, 0.9861273634710249, [1]
-16.714587881689283, 0.6480124945886567, 2.063277842558804, [0]
-17.17369657392522, 0.9437750218861407, 0.5336851558149923, [1]
-16.92662525274337, 1.1249739862637451, 1.3806215217418403, [1]
-18.09200476517391, 0.5367515949729489, 1.2068726506620573, [0]
-18.77379694198942, 0.10319901495712219, 0.8623052035164775, [1]
-18.689353213154536, 1.003522768638488, 1.5627604927030534, [0]
-17.491398705904942, 0.18226801072553478, 0.9144306771991909, [1]
-19.152267191782407, 0.6139576812216971, 1.485417517415242, [1]
-18.588292953311278, 0.9120749952573275, 1.4096558771548091, [0]
-18.703757590270435, 0.9586743654382119, 2.1779030484787527, [0]
-16.971449127135443, 0.35021885505832717, 0.8088201354660058, [1]
-18.313301299321793, 0.5632283646251863, 0.8361725560149715, [0]
-18.950819460772326, 0.13923111776093833, 1.7504239938734256, [1]
-17.916805718452753, 0.9926441669706176, 1.1021871014161695, [1]
-18.4164819709349, 0.4256855227534052, 1.6319119990628765, [1]
-18.19931970007257, 0.7527200733469529, 1.3182706727897946, [1]
-20.480942717339133, 0.4631951639445219, 2.2562366603397215, [1]
-17.73559168463495, 0.5107878211420973, 1.0316204893073087, [0]
-18.48865867223844, 0.2854879763181198, 0.9225475049126886, [0]
-18.835363421108923, 0.5688083309198024, 0.7268135212072859, [0]
-18.523271860375168, 0.46597658849583573, 0.9147335646544326, [0]
-17.474276549461155, 0.4511807361256949, 1.6111865164425767, [1]
-18.21381169736275, 0.5597545882837909, 0.748562672609867, [1]
-17.86089600345177, 0.576832449695643, 2.0621799066721356, [1]
-18.298409511622825, 0.034995823052979325, 0.952192993447507, [1]
-16.574124750871427, 0.8021545585183492, 1.142136777165508, [1]
-17.837168846500383, 0.4434427075364631, 1.5338815922510045, [1]
-17.62471768903086, 0.9325944317732986, 0.7955517174790682, [1]
-21.316258929995247, 0.43671550341425214, 0.6437476978499886, [1]
-17.245825546799963, 0.7774121144099578, 1.7323699959855474, [0]
-17.336174218847592, 0.6825837027406261, 0.7124404401915768, [1]
-17.64501137443569, 0.6518852686089452, 1.71861427320512, [1]
-17.475806776474304, 0.9154458602710414, 0.9016341773894462, [1]
-16.200473795226824, 0.8862973848587969, 1.2961291095043934, [0]
-17.606561505628957, 0.6359578137078714, 1.7120900147590516, [0]
-17.98562976816137, 0.8302441868023316, 0.8130944563487854, [0]
-18.0011221803392, 0.46391362897411836, 0.5777291574376301, [1]
-18.370575959849095, 0.7781701602363034, 1.8344358438783068, [0]
-16.695316484803133, 0.3580338307141627, 0.20355724389880656, [1]
-16.647670932674924, 0.2705429895443875, 1.2152308222835757, [0]
-16.962524246289462, 0.7836920701405459, 1.4492966725358774, [0]
-17.331488691398327, 0.628656865486084, 1.4704087354002682, [0]
-16.640551319975142, 0.8675416829617524, 0.9545421424643162, [1]
-16.7008646897133, 0.9307192280670504, 1.2958984927596957, [1]
-19.330891949408098, 0.4241334598441714, 0.4010747384591046, [1]
-17.37308486889196, 0.6622709351172718, 1.0981082775989293, [1]
-17.082636481782345, 0.7835781319566579, 0.2042684501262395, [0]
-17.079184293880164, 0.6828017848075609, 1.7533405006733283, [1]
-18.186242584118975, 0.6555524992864921, 2.014894396031142, [1]
-18.505914296750053, 1.0613963527892323, 0.33208437875820723, [1]
-16.063639790574637, 0.6818398182918761, 1.6708443702935067, [0]
-18.08837415717419, 0.6827069993551774, 1.7502765194441199, [1]
-18.271180841242632, 0.15135888339531778, 0.878508063862192, [1]
-18.179471772952805, 0.49965417442968746, 1.5194355407310711, [1]
-16.167835630206998, 0.7590466366686976, 1.1617994943600336, [0]
-17.896021167437027, 0.6471134313748126, 0.6708092754332752, [0]
-18.784312264054936, 0.8759749173601804, 1.0536461333284501, [1]
-17.768690329251417, 0.4440983577794775, 1.2638861853215957, [0]
-17.28106651490952, 0.49074419189483165, 0.8562917429427872, [0]
-16.57447627364677, 0.5652429825658843, 1.4498671833069392, [1]
-18.60280337450203, 0.8881544029012554, 1.6766628865974114, [0]
-17.807110574924366, 0.7040203062237218, 1.1093135962722203, [1]
-17.091706231708688, 0.40586063668385775, 1.1129988990265476, [0]
-18.322259196048787, 0.5694962568069154, 1.7027393178611898, [1]
-18.555136707913363, 0.8596223985167243, 0.6598238545499857, [1]
-19.322392223609608, 0.6999768094834019, 1.6191879323568328, [0]
-17.741356855581625, 0.5992484573690148, 1.4430393913202713, [0]
-19.68261831088025, 0.9874308815149565, 0.7535640923530584, [0]
-17.364341416689353, 0.29586600292645254, 1.3134047376741371, [1]
-17.94932400801133, 0.6693123404598137, 0.2763550585867964, [0]
-16.52206648875278, 0.7267025227069959, 1.7123931992166637, [1]
-17.55919195597821, 0.7221365780832436, 1.5225048531425733, [1]
-16.87672263326963, 0.7531803007320175, 1.0854351985449107, [1]
-17.449846975321822, 0.5152901282941212, 1.5768278864879917, [0]
-17.211610007941957, 1.329309298487993, 0.8978192846873617, [1]
-15.825508782493072, 0.5940472044867482, 0.5772651442193641, [1]
-18.49490731062636, 0.946291885321147, 0.9890474582076854, [0]
-17.329141186113645, 0.3367140995233222, 0.5604252714886669, [1]
-16.886289554537985, 0.7104405849128382, 1.9444491149612482, [0]
-18.242024880702406, 0.4627436450872796, 0.4395366577707811, [1]
-17.470551891608757, 0.7600984227621365, 1.1302741437829082, [0]
-17.92473872836605, 0.1422475097015189, -0.09895476855906053, [0]
-18.807862899338627, 0.9025371189736106, 1.1184067410463077, [1]
-16.80797997928714, 0.851574435166061, 1.3687357848073267, [0]
-16.745266981910763, 0.5386685400528668, 1.809654675941304, [0]
-17.395361342695175, 0.5808822370213602, 1.6184518322013095, [1]
-16.45968674946794, 0.7447594055650432, 0.9369439799229352, [1]
-17.75045687448969, 0.6160983328256946, 0.96705155008061, [0]
-17.615459506141775, 0.7920848845046039, 0.8001228747430359, [0]
-17.83170436269391, 0.639513791483068, 1.0838289039180256, [0]
-16.979050203651596, 0.8275605489168846, -0.02128920130417786, [0]
-17.897762843220516, 0.6315146489893381, 1.2422818698579512, [1]
-19.22520103042526, 0.6058825592854333, 1.409507687107912, [1]
-18.395902883442435, 0.5450781351142169, 1.6621347374348459, [1]
-17.31325990740923, 0.7450624801298066, 1.1497858582721647, [1]
-16.975024855549044, 0.49158915086425536, 1.2146788529580346, [1]
-17.442115264886212, 0.23690317355099255, 1.5827643209596491, [0]
-18.272196607032313, 0.732732520012007, 1.7734464299312207, [1]
-16.73318550503771, 0.43135769872805446, 1.373036117307941, [1]
-16.722805660847275, 0.8205528892750715, 0.16822295456050718, [0]
-17.33600974424838, 1.1286611088208305, 1.2643085146297808, [1]
-17.663363985582073, 0.9848492312994306, 1.5808874293930235, [1]
-16.805820442062398, 0.25751851867567277, 0.28456429523535487, [0]
-18.284281818247493, 0.6233852361389771, 1.0610769491674814, [1]
-17.349548093143234, 0.8611784898116746, 0.2674313840266612, [0]
-16.45607427244446, 1.1053185647650121, 0.9015213429295503, [0]
-16.867436696072637, 0.6079076404627726, 1.355083823674613, [1]
-17.198605577966056, 0.4977759626274881, 1.8322053112793797, [0]
-18.620594256298972, 0.6288182147330045, 1.190652045778464, [0]
-18.566518850496823, 0.7315296895765696, 1.5780926804490656, [1]
-17.558881198437987, 0.7175942508462696, 1.5041540953504213, [1]
-17.579041948066646, 0.7284205156066896, 1.126999042519528, [0]
-16.61354130640896, 0.16614126422876746, 1.0605678927018212, [1]
-19.010185193683327, 0.6294888114455114, 0.7723200805289372, [1]
-17.290315025902277, 0.8381516811829346, 1.4978359525773748, [1]
-16.095847465888866, 0.7047690776772456, 1.4655535026358897, [1]
-18.053638878504092, 0.4510528783990677, 0.6256611407966021, [0]
-17.55404358515728, 0.9012995525899725, 0.9870975389863813, [1]
-18.063251657517206, 0.4006049267844198, 1.4193445425247988, [0]
-18.360680159623247, 0.9538861802426744, 0.6456680410925784, [1]
-18.62764729954652, 0.4953707919516301, 2.234846896889549, [0]
-18.253913333885404, 0.8443406236739328, 1.5794827297626957, [0]
-16.998159186883036, 0.531901870473274, 1.9563254988492615, [1]
-17.53065624902321, 0.6288369821415799, 0.4678121120870783, [1]
-17.84275768618949, 0.8881038839045619, 0.9333529801882073, [0]
-18.268761632480068, 0.34657328474131666, 1.040949216820141, [0]
-18.228186381640285, 0.6258463391626102, 2.4550549123601573, [0]
-17.641468687351008, 0.5223630914322326, 1.2492675623076521, [0]
-17.736329696917277, 0.6655999025188222, 0.8371793510278326, [0]
-17.888187868353874, 0.4223732860157308, 0.29674351346089534, [0]
-16.998930152527173, 0.712995323842456, 0.6446557085025572, [1]
-17.999676252132243, 0.6622572367365112, 1.8953828470189853, [0]
-17.944453804575957, 0.3370248039837907, 0.9459697272697252, [0]
-17.79845386643706, 1.1168030159784643, -0.20845046300917805, [1]
-17.80432819056111, 0.46095147593043095, 0.9180921808315634, [0]
-16.757644421523352, 0.5466354692812967, 1.1873693438791246, [0]
-17.45719808157741, 0.6734103244938092, 0.4744805026300062, [0]
-18.130224656917456, 0.8282912558162882, 1.3478512956269135, [1]
-17.964999308127233, -0.056498674345820676, 0.38246845034127414, [1]
-18.312224734938006, 0.6637121978497031, 1.199351933731598, [0]
-16.884785539708393, 0.6865438856905833, 1.555954648282483, [0]
-17.773726095406925, 0.14943572539586994, 1.4289176364332554, [1]
-19.925822875131963, 0.34620743654006314, 0.8385502627132784, [0]
-18.33433995173728, 0.5054051865432767, 0.3845329044745189, [1]
-17.57067634095549, 0.900877798270234, 1.3011703781468826, [0]
-18.099352005546113, 0.35399404159768, 0.4136524427078946, [0]
-17.714016860413427, 0.48234867190180863, 0.5512221595759341, [0]
-18.367790512057393, 0.8776079409090349, 1.3958342372327133, [1]
-17.83525829135665, 0.6452026438891066, 0.7430389910824227, [0]
-16.962990564263116, 0.6039941630933213, 1.2240550516729547, [0]
-17.996592880142988, 0.3824139996358028, 0.6458446344944389, [0]
-16.889474335282365, 0.7744453625626345, 1.2851636189531221, [0]
-17.4818701236293, 0.6310690944546068, 0.8393304533893112, [1]
-17.462292683592153, 0.6522713373999707, 1.3689604876877366, [0]
-18.277077632181776, 0.5414380747764492, 1.1363979999537221, [1]
-18.730160412955897, 0.30133829069701085, 1.4904648278591337, [0]
-17.313209657707517, 0.7267274927731102, 1.3001602060740851, [1]
-17.89837502949294, 0.8201280915380761, 1.80393602560182, [0]
-16.573416332745186, 0.43696836142320483, 1.2720498934575735, [0]
-17.40810566197725, 0.6433001258787991, 1.5217880353026398, [0]
-17.269558409970934, 0.7474940352435278, 1.2009720600800278, [0]
-17.526006516738462, 0.3252999192780304, 1.1795909791465864, [1]
-17.33170708370245, 0.8887901169575754, 0.5704740321269006, [0]
-17.1782247331967, 0.8432395333150353, 0.8260714841344863, [0]
-16.868545630190795, 0.5427638279799969, 1.1366241688535546, [0]
-17.590340233008316, 0.7254387349677106, 2.313263216811456, [1]
-18.265130659276807, 0.667616459071159, 1.237721123300175, [0]
-17.343828624719805, 0.6332788194943737, 1.2398261459058684, [0]
-17.902848337204926, 0.8856876215099128, 1.4607257192105516, [0]
-16.1049582731411, 0.4161278314901745, 1.7705846079962448, [0]
-16.381665857381567, 0.6940174926906342, 1.4000581279678386, [1]
-17.611606770800655, 0.3106714382404715, 1.0628000267785553, [0]
-18.09697230369476, 0.5497207715544453, 1.4430306761573344, [1]
-17.44937493908565, -0.1685599372103317, -0.356045582230018, [0]
-16.65949853523451, 0.6320742959475263, 0.9020410303198637, [1]
-16.864477433462984, 0.5432094554080921, 0.5522590536801111, [1]
-17.995862162346047, 1.0161482064691056, 1.1097036120029276, [0]
-17.768349276934924, 0.4028168468874526, 1.1236622041073743, [0]
-16.659919768302764, 0.42304883434396395, 0.6182946124984806, [1]
-18.102865752684924, 0.9214229026986388, 1.1573729531461696, [1]
-17.92201824424714, 0.7479599471299656, 1.4660037032439497, [0]
-17.770004249409403, 0.45130255172279954, 0.40204840833877387, [0]
-17.166226273891056, 0.5198466775649451, 1.2297762648856796, [0]
-18.036664475657766, 0.548468605856943, 0.720887099320968, [1]
-18.52168851395537, 0.45694763008957284, 1.6339473512626717, [0]
-18.987496292230173, 0.3673082643263836, 1.8860805528322777, [0]
-18.525138475916357, 0.5728779809869453, 1.5550864879360644, [0]
-16.288377741409004, 0.4623309216332417, 0.676736130350558, [0]
-17.802708948924458, 0.4685714937592176, 0.8851246892149147, [1]
-17.524974231072196, 0.7217412716506111, 1.0977330750114789, [1]
-18.147497798663164, 0.563768273180109, 1.1474017220700485, [0]
-16.891203309752804, 0.2349800057685698, 1.0495469636169812, [1]
-16.632624887789532, 0.7865236223540876, 0.04896572322067602, [0]
-17.82590996309819, 0.6489782342259337, 1.8026654867269865, [0]
-18.117671352776515, 0.5216725496654909, 1.6716958184103297, [0]
-17.237746434270907, 0.560303482407232, 0.5103350760675419, [1]
-18.163554159947246, 0.734471043349515, 1.7381417501644312, [1]
-17.184994689564068, 0.5450520490407662, 1.7520170729541402, [0]
-16.862053545450728, 0.8422674160853154, 1.2917402336023738, [1]
-18.178317502388033, 0.9528589960699871, 1.5003278900985362, [1]
-16.868348436484645, 0.42980432418171177, 1.6338486929889382, [0]
-17.116211447852955, 0.7904925982282486, 1.8523207756651732, [0]
-17.986294617037498, 0.6362991673807958, 1.1756961809767494, [0]
-15.971641458524074, 0.7481798383665045, 0.7525921819320476, [1]
-18.50220876917048, 0.14339174556142814, 0.8305199000400593, [0]
-18.193366503300457, 0.38641172667022083, 1.1697159470264706, [1]
-17.415160580426445, 0.7404371247607094, 1.446938276814224, [1]
-17.983252504682145, 0.8661470508231828, 1.121040055138569, [0]
-17.200181070493812, 0.6910583633535018, 1.2745182156431931, [0]
-18.312413294000045, 0.5148092127891807, 1.4372694562669546, [1]
-18.344149888075894, 0.9550057469783267, 0.9972450317242014, [0]
-17.039043775474877, 0.7008052889097826, 1.5435944060050697, [0]
-18.13471076102208, -0.02954899642146236, 0.016174992933753574, [1]
-16.086992039799398, 0.5735697684915345, 0.7927540127195469, [0]
-17.7352716013736, 0.5838680798653175, 0.7290993463311618, [0]
-18.213739284741205, 0.8917786861150265, 1.3469889396264498, [1]
-17.68736518439458, 0.55909335890871, 1.3103260798643632, [0]
-19.31583296355139, 0.6890361762742172, 1.4781316193594372, [1]
-17.72481096892065, 0.37405249366003224, 0.8533167962679106, [1]
-16.68458427490344, 1.1092984237181525, 0.5775878034620181, [0]
-17.580517031527563, 0.09287265180885729, 0.4737462367155944, [1]
-17.387474029637566, 0.6584163928336607, 1.4304016932215833, [0]
-16.94810286341293, 0.5177556378327322, 1.1750933709252696, [1]
-18.507416098808473, 0.461630477455542, 1.5132732041774206, [1]
-18.193812839585995, 0.7727877416607116, 0.1641461661559538, [1]
-16.6862903959837, 0.26488745586370765, 0.5635291513852133, [0]
-18.969013141543925, 0.9315543399837141, 0.9078500707490412, [0]
-17.702215112743094, 0.6256275698322414, 0.7770156528398438, [1]
-16.96052777161777, 0.7702825376253826, 1.3040625093034786, [0]
-16.864347408846537, 0.8330451849276159, 1.2402359681218318, [0]
-17.314216207303375, 0.7368912926951152, 1.3871985155629956, [0]
-19.41362510865702, 0.32954457576633617, 1.6216508250583292, [1]
-16.67055503327091, 0.8421774819378139, -0.149177948194267, [0]
-17.26546236431303, 0.7771396441072186, 0.9426924588626834, [1]
-17.33955283082317, 0.4469751181605372, 1.5968872192085353, [0]
-16.79125194167998, 1.0468367840459898, 0.43788264397869847, [0]
-17.713671503906433, 1.1344724029440136, 0.538654908276927, [0]
-16.432321359762987, 0.5482891351092296, 1.4206580285352939, [1]
-17.54898656911953, 0.7354098379505789, 1.378587745804514, [1]
-18.278603579469856, 0.41480074013608204, 0.4426947875383476, [0]
-17.89203121254429, 0.559314739970673, 1.1566554404556348, [0]
-20.98170958964744, 0.17659471370706786, 1.0647149513873275, [0]
-18.843830929062, 0.34854656926024974, 0.4972359443393476, [1]
-17.920522287952366, 0.43405881791531, 0.9781174768449588, [0]
-17.709003372137907, 0.10613487384926301, 1.4132361280848258, [1]
-18.92135977923003, 0.2773920090947448, -0.06716697341444633, [1]
-17.283737768366827, 0.2900814987479745, -0.14837520989423775, [0]
-16.60660492721665, 0.92646795760814, 0.7429101196211831, [0]
-17.330662766843727, 0.2845196601898634, 0.6442239879629785, [1]
-17.102626392268625, 0.08810964055667375, 0.9664339032667228, [1]
-17.21367440703605, 0.8464029658772677, 1.3658759766573403, [1]
-17.498573610850944, 0.3285511657247041, 1.0339704761900204, [1]
-17.20873050087819, 0.716811967429067, 0.47932370082494724, [1]
-17.94173819949307, 0.6916116904939669, 0.8235835156233449, [0]
-17.38878397873385, 0.8406758680564892, 1.4509667014975143, [1]
-18.05237094598491, 0.4120040757376262, 0.8810948546575992, [0]
-17.858370329117545, 0.32486909449374896, 1.0571807444052745, [1]
-18.576382398178758, 0.42991412602979273, 0.5966340139809887, [1]
-17.773031762388275, 0.4683928694147393, 1.1480496214652371, [0]
-18.231539880243854, 0.4677766066048914, 1.6172739074534417, [0]
-18.338989329391627, 0.6200350342752458, 0.8376124415509896, [0]
-16.644084389500883, 0.5924095411408377, 1.1871121259672286, [1]
-16.014316750506385, 0.8712633879647593, 1.2423516419022302, [1]
-17.497596953918233, 0.9474018335129482, 0.9422644861938461, [1]
-17.000887839125667, 0.8702642580433557, 0.8847902372831278, [1]
-17.557012512233626, 0.8580094862431128, 0.9536804207356404, [0]
-17.470585247521853, 0.5771912686224967, 1.0557424558741788, [1]
-17.91303646896851, 0.790468242030285, 1.2539960075517815, [1]
-17.023506810200306, 0.23947207598407583, 1.0205654944645879, [1]
-19.00551881153025, 0.4723525174188315, 0.9334460628523801, [1]
-16.788138766104616, 0.5225469296619598, 1.5035144911986011, [1]
-18.067972645866437, 0.6470523581122085, 1.574507390046545, [1]
-17.818752187413928, 0.7002141940744204, 1.818245007570171, [0]
-17.310770702656402, 1.122963607865261, 1.106591713161071, [1]
-17.457933659895, 0.862385320572749, 1.2632834087648865, [1]
-18.133855275592275, 0.2638186998759363, 1.9281832173081845, [0]
-18.30240949897887, 0.8926621873479951, 1.5321321813359121, [1]
-17.732655155323965, 0.6568830648306999, 2.0099137539341116, [0]
-16.938990502941458, 0.4510246258898095, 0.3267466095389624, [0]
-18.032462507432204, 0.5067175858726091, 1.104363277825648, [1]
-18.459943971168435, 0.5483072614922047, 0.5831030031934303, [0]
-16.80138787061162, 0.48021906545198084, 1.1402957742238298, [0]
-18.873152390590622, 0.7035277779086374, 1.2463398474006815, [1]
-18.35076145163199, 0.5950860173163623, 1.7483351569567633, [1]
-17.598272518399657, 0.6126844915629821, 1.7391619201748312, [1]
-16.310786520066976, 0.19235229898757789, 0.6742899199751592, [0]
-16.803210668966088, 0.15128976575457834, 0.7257404702042654, [0]
-18.227613167248318, 0.5888316629319734, 0.8254311652183055, [0]
-16.54869959966615, 0.7957474779017041, 0.5240249969362716, [1]
-18.172394972817795, 0.36797323553329125, 1.191304734935335, [1]
-17.957862045680685, 0.6695028719569217, 0.536314266790971, [0]
-17.394526706848996, 0.3009176118239746, 1.5091677266720256, [0]
-17.720976666160286, 0.5057272626527773, 1.3017420952067569, [1]
-17.20748253795608, 0.2993333043085413, 0.7725640285882448, [0]
-17.129424116570547, 0.6317792875448519, 1.118223663829096, [1]
-20.03166120509412, 0.592194828865885, 0.23525318902116, [0]
-16.965543921693275, 0.7309750661100822, 0.6117390570906429, [1]
-18.261195748109998, 0.8922838636343705, 1.943291838135416, [1]
-17.737312021469343, 0.4267601591218225, 0.4632852837750181, [0]
-17.760757416303875, 0.5260563272327794, 1.5351147318166487, [0]
-18.025696778184873, 0.4676885816566144, 1.2529284828199252, [1]
-16.49486207785135, 0.44682805290758165, 1.390782232333697, [1]
-17.562043528253128, 0.5862543064998628, 1.5919565332690042, [1]
-17.198395626381526, 1.018316586368058, 1.1323993510400405, [1]
-17.959540385106436, 0.3704376894683992, 1.735571574718794, [0]
-17.51821033283081, 0.41304289848036424, 1.2862686091536217, [1]
-17.744870877626457, 0.7336630746696763, 1.0155659241641852, [1]
-18.130748135904827, 0.37054624138660003, 1.227526472859533, [1]
-17.7972957785883, 0.6125921598533088, 1.862586322568288, [0]
-17.15267294196149, 0.6271699496533834, 1.3042303135927191, [0]
-17.899014894487312, 0.45664612815370953, 0.9135784446182761, [0]
-17.587998606997605, 0.314451623763219, 1.0790917436224268, [1]
-18.503990919517218, 0.7702357982384789, 1.1302099154523466, [1]
-16.867410078146367, 0.517025811539289, 0.4017627962994065, [0]
-17.581435148698972, 0.3833178614322714, 0.6039296975993371, [0]
-16.981193374987786, 0.7846470305460858, -0.3946360842590746, [0]
-18.417954026549907, 0.5345274888969989, 1.1009181268893562, [1]
-17.764557983118785, 0.5715815769199541, 1.1360366826422428, [0]
-17.97031484410095, 0.6872261761629386, 1.3106118704913456, [0]
-17.213140013183363, 0.5770359190626211, 1.5494317848934513, [1]
-17.97149024007892, 0.6131329205708872, 1.0219781686666238, [1]
-17.36980087012907, 0.7211779142605005, 1.5911591827021128, [0]
-18.526809861946468, 0.2867193175630336, -0.10852436097522511, [0]
-16.290058360167446, 0.8684406612268856, 1.7252568393028629, [0]
-16.99842066905586, 0.8725197877652072, 1.446749078072627, [1]
-16.2340033542814, 0.6359083192604132, 1.1470803345986258, [0]
-19.730713663173837, 0.5014188483446538, 1.5848322250132536, [1]
-17.779781780501228, 0.6435347398664197, 0.3708588625372829, [0]
-18.196254813556322, 0.6664833792128154, 0.26076833388332243, [1]
-17.422280992598782, 0.49012749610441264, 1.5908037135450155, [1]
-18.33771892314267, 0.6578522878840092, 0.7274721572339562, [0]
-17.22227259897257, 0.7323826601875311, 1.133421637763835, [0]
-17.396893601547447, 0.7794743923922787, 0.9913033681602443, [0]
-17.302497242075557, 0.7735227127694758, 1.505212638327928, [0]
-19.05951289299103, 0.3068209834282164, 0.9290914966624806, [1]
-17.68417487169619, 0.530048879038493, 1.4239055223935493, [0]
-17.230242523484023, 0.9743684479047523, 0.41990552699500017, [1]
-18.694765574728354, 0.6870229129492212, 1.2689852617158706, [0]
-17.403878345031984, 0.5921827741280327, 1.5645886854879367, [0]
-17.56041551914913, 0.3017257371222254, 1.3686610250086249, [1]
-16.058126305508676, 0.7355061554901542, 1.6814064049863906, [1]
-17.628562129862072, 0.6543804669988227, 0.9649005776834696, [1]
-18.53851271587468, 0.17690847606653265, 1.3328641870965554, [1]
-17.06648825615537, 0.562437661592981, 1.4582204701639616, [0]
-16.869288119189722, 0.647529859935417, 0.8891058480491534, [1]
-18.754081258480703, 0.728158200944502, 1.8872272433532151, [1]
-16.681344805873856, 0.6814300882226585, 0.6348229581806917, [0]
-18.61450680954536, 0.6296977311091534, 0.7684323647313742, [0]
-17.779541114551844, 0.3447373450318765, 1.017976161080073, [0]
-17.617759436778353, 0.6689920857231972, 1.928749453387611, [1]
-17.03091090798007, 0.1293029605659879, 1.1558866973604371, [1]
-18.650538080165713, 1.4492363891896716, 0.5965902808863903, [0]
-16.642230322311732, 0.4302732236228548, 1.7949209238169261, [0]
-17.183064024209493, 0.8418648835132734, 1.4328250681257824, [1]
-18.109450250288475, 0.9661958322066972, 1.1068555537301963, [0]
-17.12004360070434, 0.9508896852315292, 1.0706184793251532, [1]
-19.507461229773178, 1.166274143999419, -0.20433212762704572, [0]
-16.97394628556813, 0.6001940797917618, 1.3694901541011333, [0]
-16.56765572714847, 0.5587871951715695, 1.8565376717633295, [1]
-16.861783203377314, 0.33273516289314675, 1.193407117266346, [1]
-17.484813242219737, 0.5498400763924339, 1.616247004408991, [0]
-17.804421010999988, 0.7466294313985529, 1.2489371451194642, [1]
-17.032550098199057, 0.5664163657067232, 1.5153776632221438, [1]
-18.990210690953752, 0.45008416948133423, 0.5334751206010764, [0]
-16.922019288152587, 0.5486551540827375, 1.3415619321860088, [0]
-16.89906680610966, 0.7393648331383037, 0.9512659147377893, [0]
-17.460197872113525, 0.42095690947362835, 1.4615285689035882, [1]
-17.904448910911835, 0.5379322362410928, 1.3707816892446647, [0]
-17.967558401196793, 1.1017006391553559, 1.3513546250860768, [0]
-18.5679670012133, 0.5116456815643278, 0.5189162409730919, [0]
-18.483063108857674, 0.8994993723312144, 1.515349245962623, [0]
-17.955292803842305, 0.8317462190942344, 1.1923748185886573, [1]
-17.137610839261473, 0.4688684917102055, 1.040536641406506, [0]
-17.868629987394055, 0.974862538138602, 0.9078322997159942, [1]
-18.790905418667503, 0.9394112542894014, 0.5668908617606099, [1]
-19.157554068563574, 0.4132434301515277, 0.9477183730625306, [0]
-18.046115522530883, 0.3693203301024658, 1.9073955136094651, [1]
-17.39923216227061, 0.9492474777780947, 1.9476184955019247, [0]
-16.801004703221118, 0.5673039358992369, 1.361473398324453, [1]
-16.682326794658444, 0.43535630855898266, 1.4524330748025984, [1]
-18.06050990551147, 0.3445484220547307, 0.7824521768398494, [1]
-19.104931634109402, 0.4444236714802184, 1.319047934271848, [1]
-16.449613471200355, 1.0238336331879838, 0.6085916451683824, [1]
-16.836207220066047, 0.7636844434573754, 0.7675789735039267, [1]
-17.97077319763325, 0.6843197089984272, 0.9934370978094786, [0]
-17.730399308349195, 0.8605576643942721, 1.5679414201416113, [1]
-18.413259011948018, 0.7884156267381106, 1.0999286169252898, [0]
-17.51329337527218, 0.5937103711983991, 1.1135681447465664, [0]
-17.370250330111062, 0.9351348977326012, 1.2251329166838874, [0]
-17.326336433687633, 1.1277296046983043, 0.9668476451681762, [1]
-19.035166492442368, 0.7516577807198347, 0.8683992642347238, [1]
-16.262983156719823, 0.6601600636572735, 2.0655460592319375, [1]
-17.51190136584893, 0.5905166018602642, 1.309418665411222, [1]
-16.525911766416773, 0.4785440131145845, 1.5969943705060228, [1]
-18.84862549216171, 0.3821679735885805, 1.953268770587802, [0]
-17.35047363751787, 0.8059542753209454, 1.543678262775178, [0]
-18.262480186361003, 0.7502564799825828, 1.5693775901832012, [1]
-17.564204867782955, 0.4876939276145376, 0.8361757529577336, [1]
-18.474072971198314, 0.623605205018623, 0.43090481234884304, [1]
-17.39020964968608, 0.8147091229440794, 1.6138518577249223, [0]
-17.619469434412842, 0.5742174885415031, 1.3637792856822997, [0]
-17.011672338001194, 0.21339474843643305, 1.2472469508419255, [1]
-17.252978092495958, 1.0991190319904813, 0.5594410119750366, [1]
-17.12485659923374, 0.5600477948109162, 0.04625140808200544, [1]
-16.826843256988997, 0.7830927523807131, 1.664331068609878, [0]
-17.16593716890034, 0.6796989051465868, 1.1480792588890294, [1]
-16.851102280381483, 0.4829960783082027, 1.3575765684055783, [0]
-17.823836026896196, 0.600030069642796, 1.1250966449595032, [1]
-16.98893493054105, 0.7326827261512016, 1.0199067924973213, [0]
-19.556085391427054, 0.5225410116106117, 0.43444280111815614, [0]
-17.181929902176414, 0.7854386769591895, 1.4643424643736442, [1]
-18.12546209924109, 0.3292865332760155, 1.8864959364320912, [0]
-19.022512736561524, 0.7895418728551277, 1.5326759144749023, [0]
-17.747213685010472, 0.5868380781930818, 0.9724691966537268, [1]
-17.160608925403327, 0.41969321930495096, 1.3287037130106234, [1]
-18.598470933307613, 1.1000677963825982, 0.20087972128025958, [1]
-16.93003479589641, 0.681454420432039, 1.1978448056658468, [0]
-18.05335383306272, 0.8752172566721366, 1.335946772741093, [1]
-18.410327592764656, 0.5517217204309642, 1.3811672864069189, [1]
-16.667944025554224, 0.8170734883600886, 1.191789262197411, [1]
-17.144513080360593, 0.6915029651910649, 0.482802722238986, [0]
-17.74001250847912, 0.6983768312312277, 1.4464729551751008, [0]
-17.744537638173977, 0.7724771312300085, 1.4906222075055398, [1]
-17.76823187277942, 0.6994082142369891, 1.2190537645200161, [1]
-17.786021848282324, 0.633922719979588, 1.423082944408249, [1]
-17.27448390681945, 0.5004337842471196, 1.4289000367690592, [1]
-17.373120652479745, 0.3324926962775963, 0.9034990892204255, [1]
-17.14980301445787, 0.5487735757361221, 1.632959283463552, [1]
-16.777901139775093, 0.3197703936178479, 0.8985307802798495, [0]
-18.020748293069758, 0.6940540073286666, 1.4715087484752996, [1]
-17.111847401673597, 0.7233701470339224, 1.1535916176449552, [0]
-16.828602136964903, 0.8232464503248381, 1.3350508320812426, [0]
-16.452420726915545, 0.6536802669901546, 1.596762977109415, [0]
-17.62840798046903, 0.1733187279720374, 0.8320253409436448, [1]
-16.859986794526115, 0.6299088635305028, 1.9336235118710072, [1]
-17.008410621389388, 0.6426011886875683, 0.6611368627027285, [0]
-16.678102887991223, 0.2376664817297416, 1.2246761949243323, [1]
-18.720298416120553, 0.3566765865586806, 1.6198204325308418, [1]
-17.572400590948956, 0.8433855365210418, 1.1541090292811897, [1]
-17.661023730869044, 0.8727878298933275, 1.290809606252604, [1]
-17.951664267902583, 0.5361281034347243, 0.9599101399018595, [0]
-17.20745910612974, 0.7353472524675442, 1.8698073562457764, [1]
-16.89819093383103, 0.9812217611540184, 0.9822037811105175, [0]
-17.35155230941979, 0.583453022553536, 1.4041803298955164, [0]
-18.929192391499555, 0.6813357739948178, 1.5653808220039533, [0]
-17.417428651760435, 0.6931808153608942, 1.2795568410197153, [1]
-17.50649461874397, 0.5680685648200225, 1.374376570927084, [1]
-18.991783676531632, 0.5448594364700119, 1.6190257709344027, [0]
-17.56511614010115, 0.6222148408455298, 0.9543723553127872, [0]
-18.141508711727756, 0.38600353446244784, 0.22682945761467777, [0]
-18.339784051056743, 0.5669713493596888, 1.0490745732227664, [0]
-17.35596713866415, 0.5473729852253716, 0.6375547838277338, [0]
-17.497310797468472, 0.5417613806106584, 1.0090851082049528, [1]
-19.869703474651004, 0.5732774171236874, 1.4958489595830033, [1]
-17.375744483428356, 1.0127471370613448, 1.6335244549185828, [0]
-17.6639346263479, 0.6925632642624975, 1.4621223362273266, [1]
-18.217297169755867, 0.7882732474255538, 1.3669131987324858, [1]
-16.36520870731376, 0.26203873310684367, 0.728433529498987, [1]
-16.55389730054169, 0.5669435950182364, 0.943134715359627, [0]
-18.60780682003658, 0.34506239587169363, 0.7900990401322963, [0]
-17.11547717129975, 0.3432777057086318, 1.6764913943778736, [1]
-17.065667323933088, 0.3500053035737876, 0.022311803623530024, [1]
-17.893281099471796, 0.7173885467218982, 1.658051300178474, [0]
-17.488528344250028, 0.17284521374215855, 0.9832470358570959, [1]
-17.442139363791817, 0.7934712820824544, 1.4479933355374597, [1]
-18.688014831689458, 1.2427663768116695, 0.8594209169468399, [1]
-18.190243737770377, 0.6005645246210909, 0.6210047060764001, [1]
-16.80324705627438, 0.921284344058716, 1.3700891372414328, [0]
-17.64969910465494, 0.5730129901133455, 1.5469541724652858, [0]
-18.089928876192086, 0.7786299396346462, 1.4576781013840745, [1]
-18.303801893849812, 0.7460459638820987, 1.8297057505293113, [1]
-17.237323417612522, 0.573319737066448, 1.8335480096508436, [0]
-17.522938982886746, 0.6979094389069861, 1.0245535664706273, [0]
-18.555250011086194, 0.692909599616641, 0.9744784923059931, [0]
-16.784468003373195, 0.4024372851079867, 1.246803882433437, [0]
-16.58135962626852, 0.6802208672499765, 1.8771080326321836, [1]
-18.797803762351695, 0.67465920488375, -0.12265450173099074, [1]
-17.47952225257379, 0.5008245194197909, 1.7867147831900405, [1]
-17.91334731080178, 0.47716900673700374, 0.9961701441579299, [1]
-17.39980750314736, 0.7951587945053761, 2.095060295976649, [1]
-16.96678869008399, 0.7828080609363391, 1.1762089519189696, [1]
-17.659366303061972, 0.3551981735314611, 0.4726637099720656, [0]
-17.278144392734102, 0.7355616014432924, 1.3706930391256384, [1]
-17.699289532623602, 0.6335214388131745, 0.7367737015547738, [0]
-16.958195385521492, 0.5721942941651517, 0.16977345644485764, [1]
-16.82506776080238, 0.41277721281526736, 0.9564607253959405, [0]
-16.799260685014886, 0.5703737336809132, 1.3095613626574751, [0]
-17.889030301402958, 0.5187380262156708, 0.4190472041465242, [1]
-17.115586959393244, 0.804205662987653, 0.6957950201581249, [1]
-17.301809471094757, 0.6639079198421076, 1.3267446918751284, [0]
-17.700234817676293, 0.7338844359579613, 1.3545062684753257, [1]
-18.13343807939368, 0.5571381752476254, 0.3182915303377365, [1]
-17.89742828904196, 0.6133783980426589, 1.1379454512032388, [0]
-16.85311993779696, 0.7897200356739977, 0.7292614778814048, [1]
-16.74441501927668, 0.466054085760994, 0.6502649022251549, [0]
-16.13790344362273, 0.5382931116834138, 0.9956647168907353, [1]
-16.811060736551482, 0.37694274790240256, 1.6557367490950714, [0]
-17.635668210374742, 0.6973243363240946, 0.7346030417365531, [1]
-17.81288868672248, 0.8167220675894182, 1.6465472578363594, [0]
-16.89651558487424, 0.37401814793415655, 1.4440383973528015, [0]
-17.177453777820347, 0.5939569091728089, 0.7394921923053148, [0]
-16.782887762481483, 0.4549319489638694, 1.6337730639008858, [1]
-17.355241847962045, 0.3967682640213847, 0.7216237402951089, [0]
-19.031861408632484, 0.5552058263989482, 1.564395543365029, [0]
-17.29288485629538, 0.5941719062085925, 1.4624924580768397, [0]
-15.908196467257152, 0.6713097112858794, 0.8105682735746094, [1]
-17.781531658814096, 0.6216782291662157, 1.6751433881253825, [1]
-17.612082150282344, 0.44809516554748907, 1.4861672138890272, [0]
-17.99744215447706, 0.5452902778090094, 2.258462530522319, [0]
-17.522082100318954, 0.7606826156710618, 1.2826617234106132, [1]
-19.380623275270406, 0.5190060758514362, 1.8255176709194014, [0]
-17.280236915772093, 0.21037501710019713, 0.5010148193934629, [1]
-17.45483320720522, 0.34096689543891184, 1.254147396585218, [1]
-16.87336771182769, 0.548152208896556, 1.4063376985254656, [0]
-16.126950589123567, 0.9265080766954217, 1.013161486303574, [1]
-17.588569039530096, 0.663039591446108, 1.283309418146574, [1]
-17.36070489225772, 0.415242159695522, 1.4743195744194937, [1]
-17.945480047870205, 0.6837633035926094, -0.0027862631066625787, [1]
-17.662128126490423, 0.7158914330229453, 0.6849971374110929, [0]
-18.67008276224516, 0.915358255319658, 1.1981695181866023, [0]
-17.177020025392174, 0.4404528873345924, 1.8452119711438382, [0]
-17.521670068092668, 0.2201316994904574, 0.7898681157886231, [1]
-17.572541687481895, 0.4291469443520721, 1.549533038526281, [0]
-18.361076702493737, 0.7731036852288313, 1.5793262379549318, [1]
-17.705215521035406, 0.48045272331539696, 1.557914721863797, [1]
-17.619558555290084, 0.6807406029039957, 1.5804415302465522, [0]
-16.346949500670185, 0.7208328760289096, 1.9946034299393203, [1]
-17.093101366830208, 0.6823155033381751, 0.9865844986285887, [0]
-18.91482190789064, 0.7531450268144638, 1.4990163616466448, [1]
-16.545653094780576, 0.8607044028056222, 1.5810130667296527, [1]
-17.683138609421093, 1.0357040440920122, -0.16897152540467775, [1]
-16.313098407446237, 0.37000668751240967, 1.0631961086065935, [1]
-17.426621793052952, 0.5326465366110106, 0.22806511583118816, [0]
-19.161533055968984, 0.1691466263428397, 0.4767629705807621, [0]
-16.15569216644605, 0.5115218630759394, 1.3966922356019902, [0]
-17.927340129669666, 0.5825100118840896, 1.1015091101311822, [1]
-18.091036806197355, 1.6525994793818626, 0.1301731073999462, [0]
-17.248492455963376, 0.6365871232386865, 1.1574802396432733, [0]
-17.036836135499684, 0.7568979269835046, 1.9118618116962818, [0]
-18.84233116083772, 0.9586924590523594, 1.3758563849170473, [0]
-17.41564546486033, 0.584153131615135, 1.5836456618832528, [1]
-18.12783999702525, 0.6729094381949501, 0.35126755309443425, [1]
-17.064141356788536, 1.424542854721126, 0.2099076113656821, [1]
-17.869428566282142, 0.7469595106950468, 1.1066578309582695, [1]
-19.85416562106844, 0.7079059296018739, 1.2459153368638918, [0]
-18.576991096321994, 1.0937237790050336, 1.1954811739661233, [1]
-17.829726379918572, 0.9129464912250671, 1.6557701214919296, [0]
-17.3111450635698, 0.2931852570307842, -0.09924581903817337, [0]
-17.16591620189234, 0.5236676390999286, 0.43179971331788536, [1]
-17.859581507875564, 0.5704325867025393, 1.4024899510733437, [1]
-17.249660927635173, 0.6671409718528661, 0.7007914434456513, [1]
-17.301988738589934, 0.6161174060511325, 1.260969696370701, [1]
-17.17900995706533, 0.35342510866678883, 0.43571919590655406, [0]
-18.356106180767753, 0.9439100072221982, 1.1872407745137497, [0]
-16.701472857539372, 0.7643313018401685, 0.8802486449986663, [1]
-18.190457462352448, 0.6691523611888097, 1.7560619267472881, [0]
-17.216765013926597, 0.5336326758218655, 0.40045905066602505, [0]
-16.678215176700906, 0.6511943724451936, 1.0131067499865682, [1]
-17.155085143195848, 0.5304878916931314, 1.7710282506293995, [1]
-18.51145801280135, 0.7760469877020328, 1.0122491982325132, [0]
-17.73090428452342, 0.711068610778199, 1.5885808010387494, [0]
-16.905776852945053, 0.8632999221244708, 1.3839004433796345, [0]
-17.860094758889044, 0.3884946658609513, 1.097769966516118, [0]
-17.415298636940527, 0.5208174016135652, 1.260062174839617, [1]
-17.613698434548677, 0.8019534583363457, 1.7221068269957813, [0]
-17.86567930859957, 0.33926906154770764, 0.5487187609871615, [0]
-17.99125008605826, 0.6303971717087999, 0.9615330936362171, [1]
-18.279868503011777, 0.728558393366389, 0.3026495712066856, [0]
-16.682449595936248, 0.698867531953291, 0.6660176590088817, [0]
-16.966424314579886, 0.8238009163092739, 1.2969966494227119, [1]
-18.312285493440758, 0.5554115405661716, 0.6236807944849314, [1]
-17.73277938101886, 0.21678355654496598, 1.155874736344049, [1]
-18.31508668105772, 0.7511354857825107, 0.9502683179788198, [0]
-18.654883868727005, 0.4397591545320708, 1.30392088945825, [1]
-17.285718911794145, 0.630208507099193, 0.710050594133532, [1]
-17.892005976395144, 0.303210618510903, 0.8725447480801157, [1]
-18.641676798865223, 0.48783047698450305, 1.1247024633450335, [1]
-17.53342055622177, 0.5651751221755892, 1.1899649647269441, [0]
-17.452681504524886, 0.5372682722440771, 1.1876176834823198, [0]
-18.070971322387223, 0.5869196185109599, 0.6677012273140384, [0]
-17.382008464476872, 0.6691540900622083, 1.1654273825545056, [0]
-17.998653134040364, 0.7812490759795869, 1.611463339733666, [1]
-18.37930625385318, 0.5007124875470784, 1.0906711885404095, [0]
-17.929727297735663, 0.42972362029992855, 1.5819462123010344, [1]
-16.8629634492957, 0.8312137900486296, 1.3768131673868154, [1]
-19.25027859295955, 0.7272732406635789, 0.9598706530132621, [1]
-16.8130134800298, 0.23148941739296164, -0.05179063502875636, [0]
-16.162437865506426, 0.1726152946829274, 0.5311198854243856, [0]
-17.471571943104234, 0.49998509011544834, 0.6193468090909674, [1]
-17.03861271337593, 0.5658661196728525, 0.7551022207320589, [0]
-16.735963821302, 0.42230977600015296, 1.7870951547894145, [1]
-17.106302694304777, 0.8023886738739461, 1.8774414735201146, [1]
-16.994905369598836, 0.7301795463546263, 1.1526437105983254, [1]
-17.252368624760415, 0.2712833597771694, 0.6932383713305457, [0]
-18.622240564102988, 0.7140028243449913, 1.2355916069508515, [1]
-16.530155466750728, 0.5768978443214843, 1.543982212474415, [0]
-18.10222393542895, 0.5346217028504547, 2.463643532570961, [0]
-19.772884220170354, 0.3877984143198543, 0.7073487184282933, [0]
-17.777152142744015, 0.9190578489803825, 0.7664358521544881, [1]
-18.137703550069062, 0.7162374764856201, 0.9437317556100637, [0]
-17.389503808403703, 0.5549843802130205, 1.597196236875008, [1]
-17.273121816773692, 0.7362496296848136, 1.0137070704804452, [1]
-19.573380759388805, 0.5962205072204425, 1.8023625710064768, [1]
-19.315877752008305, 0.8247859167463842, 0.7893882746830725, [0]
-18.009087976937995, 0.6611376240564101, 1.369206305809223, [0]
-17.283139082891648, 0.5378561379119826, 0.374660096885626, [0]
-18.161149827599715, 0.6700257837157314, 1.0389587735097647, [1]
-16.596254034713546, 0.5286442585906378, 0.8960808121070888, [0]
-18.11483066432398, 0.34585331361261173, 1.43405902059633, [0]
-17.226202535868296, 0.5300806743292554, 0.5502511575417551, [1]
-17.062842721600788, 0.8807547793362127, 1.0837097441125527, [1]
-17.350713780667384, 0.2868625432259691, 1.266618521823718, [0]
-17.87606533896245, 0.3814039330291572, 0.9895327183121925, [1]
-16.499613338484547, 0.5181079831515321, 1.0470255240861126, [1]
-17.352664676638252, 0.3410465517641526, 1.7710962271952662, [0]
-16.673432576692328, 0.75496513195332, 1.3077515961668458, [1]
-17.87578202650115, 0.9474446241829794, 1.2481771168151834, [0]
-18.296834463359556, 0.697825667552201, 1.5363734877361117, [0]
-19.883720496890685, 0.6385048486065287, 1.4635307184537174, [1]
-17.013744248884183, 0.576123394556158, 1.35662648994349, [1]
-18.182484949199907, 0.8628196928518905, 1.2116485504064005, [0]
-19.679638249239677, 0.588878486407775, 0.9142106678655074, [0]
-18.38575856528046, 0.38457323744266403, 1.5757619827777132, [1]
-17.741339421135386, 0.7630819478962174, 1.8634277163448212, [1]
-18.294133509154673, 0.557191029816366, 1.4033069918851595, [0]
-19.088127522095252, 0.5693338838282571, 1.2779685335296826, [0]
-17.412656600019734, 0.5070461138659044, 0.9395506947689263, [0]
-16.61776343529775, 0.7641494322087752, 1.2256699922282834, [1]
-18.114375668746003, 0.2875830864776347, 0.7800261114977753, [1]
-17.7313149273756, 0.483675164539296, 1.3356586837032487, [1]
-18.02928971469972, 0.5526661831377131, 1.5017181069251453, [0]
-16.315769121649474, 0.43886087532173446, 0.6679439170699017, [0]
-17.6825567994463, -0.28225534884286796, 0.12343544544913215, [0]
-18.118064850521773, 0.5865553772908491, 1.667757447271665, [0]
-17.61291591387659, 1.225983093455915, 0.12115348528755476, [0]
-16.9457541536636, 0.7034689364772324, 1.3455331540691375, [0]
-19.295838425185938, 0.18746405421625664, 0.5533837152946867, [0]
-18.113788694138318, 0.30936918667468283, 1.0722450589874966, [1]
-16.787392428969163, 0.6857247335588437, 0.5797370929091773, [1]
-17.99704005848707, 0.657582332862591, 1.226093692893981, [1]
-16.949762929127093, 0.3530197671616183, 0.4342741932445246, [0]
-16.94154097412511, 0.2725345581911437, 1.3218346140445827, [0]
-16.989319921251646, 0.8132007156400596, 1.1051448020204604, [1]
-16.737010871578025, 0.5890526888495344, 1.2472010127202187, [1]
-18.100695209423506, 0.5788278773162667, 0.36284531371755124, [1]
-17.82373169086843, 0.39214615083308835, 0.6844832267901315, [0]
-17.498550200937604, 0.8192645505788363, 1.2881985961789004, [1]
-17.222815181998413, 0.5260290393324691, -0.10545178101566333, [1]
-16.903160579541776, 0.09955266505764722, 0.5852950250323817, [1]
-17.967993162965172, 1.1516918412557389, -0.11981428754258627, [1]
-16.514575996521597, 0.5956031951555509, 1.5066420409985741, [1]
-18.040867543077166, 0.455399376291595, 1.8166253843584657, [0]
-16.783600900290836, 1.3522203315050898, 0.7865451206173967, [0]
-17.102724205773292, 0.46079315650302016, 1.7577267770791836, [0]
-17.851813578238122, 0.3885229899300632, 0.4694869820834132, [1]
-18.96414032717933, 0.9021596761133072, 0.9859038837775455, [0]
-17.427840235490663, 0.40114993437143376, 0.6712883393552879, [0]
-18.047574178831752, 0.18402706672396318, 1.3036757844692417, [1]
-18.061592804745732, 0.6875767639151559, 1.579241535089657, [0]
-18.164936060563935, 0.7187099904158349, 1.9526541631462786, [1]
-16.81834234218573, 0.7072601347216932, 0.43954785730683643, [1]
-17.094175672741727, 0.427239128549468, 1.057315486146259, [1]
-18.088472585967796, 0.4545713656743396, 1.3308683331380176, [0]
-17.490537767661415, 0.8087161996668627, 1.1311889970408529, [0]
-17.874395334611968, 0.7066438458047546, 1.2304107650746372, [1]
-17.070682280727763, 0.5788601257076484, 0.8957912482760986, [1]
-16.990508675229204, 0.6796371988057139, 1.6363015948296202, [0]
-17.294459132801453, 0.6677836781992399, 1.3910796745933631, [0]
-19.504094783553832, 0.09970744391561093, 1.15849712658645, [1]
-17.245228785716613, 0.6365417008335703, 1.7045915168662664, [1]
-17.486788230020984, 0.736706614296955, 1.1382085888110582, [1]
-18.87475947473288, 0.6310196249639208, 1.4572367145076293, [1]
-17.278407353460647, 0.6106410772617065, 0.8618248723190071, [1]
-17.089620416679036, 0.6316833433654729, 1.1783254585964376, [0]
-18.857687779140587, 0.9581472764472035, 1.2753944677096718, [1]
-18.607547771234834, 0.4536759232895181, 1.9215264057136925, [0]
-18.007005747486986, 0.7514855830174506, 1.3519440628303299, [1]
-17.399678350695464, 0.6234163296231657, 1.8578564915118583, [1]
-19.007075440923767, 0.8756328317132933, 0.9568942487256759, [1]
-17.381678062860484, 0.22071988839930878, 1.0031116004547327, [0]
-18.47933004205844, 0.528302274056206, 1.5732113293256904, [1]
-18.437446365118408, 0.33913520884095427, -0.1714908050522561, [0]
-18.729798117563792, 0.6316784405738878, 1.1342919027032452, [0]
-16.922787471253656, 0.6482225543925453, 0.6460626518806841, [0]
-19.80509030879121, 1.1211550828543286, 1.104521556333653, [0]
-17.114271485802284, 0.6941827240616855, 1.765903250677976, [1]
-17.463468788451408, 0.6774342073344698, 1.1789126392856661, [1]
-18.48197866575785, 0.9177586040973115, 1.0481086215036501, [0]
-18.407237475488426, 0.811704440841632, 0.8236038267050974, [1]
-18.316082315208178, 0.8755831669284972, 0.29569448908937956, [1]
-17.960278862007588, 0.7759966474063746, 1.3008882820378485, [1]
-19.23609297129261, 0.8866031099422204, 1.0518471883226241, [1]
-17.61230504204528, 0.6511198919473432, 1.377410290012999, [1]
-17.956345367105296, 0.5121702170307948, 0.6215459443016605, [0]
-18.56663842993168, 0.7561141860024205, 1.348203023137498, [0]
-17.759903853524243, 0.8676901431676365, 1.5072985825062684, [1]
-17.410224364792718, 0.9761557132011476, 0.8029686885257714, [1]
-18.327634789587375, 0.7776090085677361, 1.8176585982126252, [0]
-18.01215669208097, 0.2641014927093914, 1.5608872555471789, [1]
-17.803880386908617, 0.7543315246470499, 1.3274787248847837, [1]
-18.08550875832145, 0.6976370143849777, 1.4987904133272996, [0]
-19.582435129281304, 0.5045688270321751, 1.5220321857807753, [1]
-17.671133909205324, 0.2119003208902619, 1.168904296926797, [0]
-17.077319626527256, 0.20924611105839497, -0.4473643217183692, [0]
-17.405951387057563, 0.5254938330875379, 0.44934285612840075, [1]
-17.193796034980238, 1.204796601748745, 0.8254836457986579, [1]
-18.20523482362149, 0.3607576477152862, 1.52166360855323, [1]
-16.49677481312274, 1.0753599425999416, 0.907203216530034, [1]
-16.94174194063466, 0.5373807130097643, 1.5808176067458408, [1]
-18.537247818845703, 0.5773828164546189, 1.2949406968822617, [0]
-16.75045468568762, 0.6902403145944418, 0.7917683759478747, [0]
-17.823767586233323, 0.5950369533293693, 0.9312652600607048, [1]
-18.022344966210138, 0.16543982138058677, 0.24372913955267025, [1]
-18.21968717640457, 0.6197920389310074, 1.3504467854351763, [1]
-17.68474582549297, 0.4791921591429749, 1.418580646918944, [1]
-17.860090852030947, 0.6160274532860732, 1.1755681907790418, [0]
-18.490265895321706, 0.6326309730644241, 2.3205002780897908, [0]
-17.85316347349378, 0.5915245290759843, 1.7034137296176197, [1]
-17.24984168242277, 0.42841851337863, 1.2637638865805154, [0]
-18.0931698298394, 0.798956581070509, 1.5111057149199183, [1]
-17.597346912004888, 0.8620564616328206, 0.8272978102940067, [0]
-18.266881573958617, 0.8662824252077642, 0.2599828183993078, [0]
-18.528821896185093, 0.4463180406514984, 1.5255533693290477, [0]
-17.399145761661273, 0.7756945688255552, 0.9373587168255304, [1]
-17.571300321709643, 0.660764069246184, 2.041628821762406, [0]
-18.23826404192139, 0.6334602601008947, 0.5746242619434767, [1]
-17.25294562683307, 0.5406767952301094, 1.7494377429695254, [0]
-18.16567946969338, 0.7726484309916759, 1.341617472927765, [1]
-17.25952922172832, 0.6195741588164331, 1.3131796187995275, [0]
-18.024097833624573, 0.6923916326990336, 1.386312265226921, [0]
-17.298019867813043, 0.9712137142683821, 0.4988042711858888, [0]
-17.4992531931683, 0.8268129762980425, 1.6853097799844379, [0]
-18.586173212796155, 0.5984779891788946, 0.6900932496086489, [0]
-16.588845202496636, 0.9693197547173436, 1.253191180777206, [1]
-18.4630509692121, 0.3633477245574676, 1.2479893306787853, [1]
-16.978178230134255, 0.8828410769072103, 1.5294940711748155, [0]
-16.901631534207972, 0.6741434184297721, 1.4709959671986563, [0]
-17.499456093234855, 0.6127807692494416, 1.680252481921382, [0]
-17.177350940507385, 0.7771424884811461, 0.8068258834181952, [0]
-18.571120829139314, 0.17167051081058504, 0.8655338811783682, [0]
-17.043942781800734, 0.5305500308843811, 1.6749647028808705, [1]
-17.35637733586151, 0.3855230434112136, 0.6026453934853278, [0]
-17.683149455863642, 0.6301733042032216, 0.3421021826345657, [0]
-16.69318477089198, 0.6683707890131823, 1.4622409726115237, [0]
-17.028140472212616, 1.0468192741500832, 1.2777431550864105, [1]
-18.552626148222497, 0.5353193679073933, 1.9838939184021407, [0]
-17.980214475731902, 0.6872230651753313, 0.8619389696905193, [0]
-18.126027460364735, 0.33020296724461273, 1.1281557710342804, [0]
-17.518639263725014, 0.7036060617647681, 1.428594414348085, [1]
-17.947292496808323, 0.6615370310163028, 1.8127444004936626, [0]
-18.383400113681443, 0.06518320018459471, 1.429535801230596, [1]
-17.37761326856196, 0.5330412971255025, 0.5326149542144597, [1]
-18.63018644922877, 0.5237188966963514, 2.0220618752335064, [1]
-17.39310013582021, 0.8241198222186494, 1.3955067727936783, [0]
-18.4706479660009, 1.1836624543264938, 0.8873197291387476, [0]
-18.464709467641818, 0.7817282718200531, 1.472312392948458, [0]
-16.769199438273898, 0.9483858509608052, 1.4007182975238428, [0]
-17.995108530785608, 0.2749388470845334, 0.36640814136294075, [0]
-18.289167780044167, 0.6914693916939252, 1.673981473739988, [1]
-18.377501773807996, 0.8673541316892466, 1.0834803765105365, [0]
-16.768106952851884, 0.9244413662975992, 1.4957853859454173, [1]
-16.80595719814826, 0.9566965578377247, 0.5911877597442192, [0]
-18.979155992670286, 0.6579427030416197, 1.6911356101551538, [0]
-19.973427491305976, 0.7939666070780791, 1.9518286082146412, [1]
-17.409250058268498, 0.559187418900209, 1.0470901318339974, [1]
-17.661352579526895, 0.3896827449341028, 1.0340167202998503, [1]
