t=7.879566885521316E-4
logZ_t=-1.6624264429966154
-8.58984006213512, 0.3938890779058759, 2.039924280065245, [0]
-8.043336479464838, 0.5321764622422607, 2.17261832628499, [0]
-8.945688817158487, 0.12461478725626196, 2.082035321782472, [1]
-8.784107896931262, 1.3022231879921566, 0.8744379017568048, [1]
-8.679172687453484, 0.9376138223410635, 1.6213372425064765, [1]
-8.732441568892657, 2.8635196881766554, 0.5003399459677045, [1]
-9.33385645852574, 0.9381791636285322, 2.5382108942034227, [1]
-8.807870981983534, 1.8544886032567591, 1.6775492291796699, [0]
-8.422007540062648, 0.6835532581687683, 2.9058619688384724, [1]
-8.263251705979929, 0.5220540370168386, 2.044330505026394, [0]
-8.663262291782338, -0.2446442845254415, 1.8332357993426207, [1]
-8.998680310591055, 0.11738322680804869, 2.5310567892804756, [0]
-8.40116258575949, 1.0549389796931838, 2.839198308048555, [1]
-8.777846871646977, 0.5395608624697749, 2.03823187021854, [0]
-8.876243220036374, 0.9168977742491828, 2.2205027707318927, [0]
-8.859745000689244, 2.429097178563884, 2.1585116332678953, [1]
-9.182888023586267, 1.1266981419048192, 2.3195231287470026, [1]
-7.92199300065683, 1.611440546915714, 2.269890100457694, [0]
-9.827465180282125, 1.245258676465598, 2.624372535263791, [1]
-8.64585762892065, 1.9008807727159354, 1.847921697144094, [1]
-9.259767369945592, 1.343042276365486, 2.564118112395034, [1]
-8.945684125803819, -2.5813769130390147, 0.4996697789455702, [0]
-8.154143974934613, -0.3936919903468618, 1.3015996964629613, [0]
-8.308823750997025, 0.43592591469011754, 2.7754157596265707, [0]
-8.639355025203557, -1.7321158984075005, -0.18621725404924705, [0]
-7.97853619520776, 0.043892859948290175, 1.5775384024677501, [1]
-9.08812847327019, 0.6689085002130628, 0.8912605312636771, [0]
-9.646781145049786, 2.4626397118621877, 1.3152626646728218, [0]
-8.535305397102391, -0.020785042994873798, 2.221361617139552, [1]
-8.812209091350168, -1.3414661881905918, 1.1110795214844884, [1]
-7.775980794306166, -0.7031111093089479, 1.711616031271882, [0]
-9.055483839120528, 1.6897056431476045, 2.1735398787416367, [0]
-8.85937128918264, 0.33892274156261837, 2.425490994629918, [1]
-9.148246333507617, -0.22110365063197768, -0.3758918597261778, [0]
-9.227819381077877, 0.17893880864993883, 2.7779060735282357, [1]
-8.60865385589964, 1.9069682308115201, 2.3517668071285094, [0]
-9.17655104877636, -0.3271319712332366, 1.715539161546051, [0]
-9.400097713651437, 1.3831826046327382, 1.210221417500177, [0]
-10.144083900149653, 1.6389512765330947, 2.1393357720313206, [0]
-8.455835514591424, 1.0611047612001068, 2.35592167531404, [0]
-9.339606827656016, 1.6078638362009516, 1.7501865878198868, [0]
-8.802544712847883, 0.8165184668777441, 0.9070258144408045, [0]
-8.287534175052887, 1.121517820367941, 2.216132805818632, [1]
-8.73330080316031, -2.0104994113499988, 1.1458930829876328, [0]
-8.188329905389985, 0.42168633515941467, 1.826318276235489, [0]
-8.925148157967552, -0.6052216884332031, 0.9685137291180637, [1]
-8.003418008853492, 0.8456326095912443, 2.172093696727225, [0]
-9.256322179308034, -0.06988614657534709, 2.3952018040884964, [1]
-8.49396806262884, 1.0822049318610127, 3.1640858451695664, [0]
-8.400792222311196, 0.2753199873207536, 2.724488552830104, [0]
-8.872079137525546, 0.5291972152100646, 2.2226479858251937, [0]
-8.704058901515628, 2.95500418719354, -0.0388651855872999, [1]
-8.696655180506902, -1.318323014924586, 1.9368076226242106, [0]
-8.328458708603307, 0.6368506768074262, 2.3072000497457443, [0]
-8.49053660591465, -0.06987197523587896, 1.2459950964812072, [1]
-8.421324327406476, 0.16896946003276236, 2.8174024147746635, [1]
-8.814135431064333, 0.17449475537376335, 2.383594712217768, [0]
-8.897511080055427, 1.4169056078988063, 1.85832924401441, [1]
-8.813571873525037, 0.42906496132084215, 3.1147512458679367, [0]
-8.453741021273537, 1.1944391248474924, 1.9774938026016322, [1]
-8.80073440572604, 1.0606329631914742, 0.8756689984868269, [1]
-9.023787651415981, 0.9312180276874193, 2.0063422382260727, [1]
-8.109621975724789, 0.4591843626500862, 1.977287292105015, [1]
-8.540188388152842, 0.31969550152862114, 1.8190672553694252, [1]
-8.858744483794595, 0.08059309530244924, 1.8527546994700987, [1]
-8.491255656711928, 0.6650368062479401, 2.1677320993188682, [1]
-8.555222198611139, 0.6788308985441496, 0.383324324393294, [0]
-8.92881636709468, -0.6733158895439079, 1.9517602103919165, [1]
-8.437279049157512, 2.3903749117846353, 0.8084609385417573, [1]
-8.434992787341919, 2.5778124273583507, 0.8955098450817198, [1]
-8.05716990055935, 0.05268864185866101, 2.495195641188689, [1]
-9.073319770434509, -0.7714224340188348, 1.9996077814499973, [0]
-8.222480741639556, 1.266517692499716, 1.3421334331755583, [1]
-9.80475293378865, 1.7808507704705845, 2.5776627273395363, [0]
-9.55843080494127, -0.9835588591107376, 0.09745381681090126, [1]
-8.981225219102159, -0.34213035978487727, 3.1109948855499248, [1]
-8.216621032354974, 0.8220957364721904, 0.49578565007766995, [1]
-8.697805244777733, 0.6280902409813524, 3.1824149693505994, [0]
-9.527765787630557, 0.8216122528643849, 2.4932011158106953, [1]
-8.09147011399881, 2.0537914482593447, 0.7197268726523425, [0]
-8.822044240021345, 2.221387533331815, 2.0469966228532823, [0]
-8.1849425468284, 1.9037586973291387, 1.9541839564772692, [1]
-8.345805656114765, 0.19066291126517854, 1.5608273572900964, [1]
-9.756183983220863, 0.07027883192747075, 3.423518919745957, [0]
-8.956655207565078, -0.4096618750070944, 1.307339940502143, [1]
-8.438544497713307, -0.44520398800794814, 1.8557913675513353, [1]
-8.634835537783667, 1.5917678422525625, 0.5384461956199624, [0]
-8.384257846389188, 0.5887057808770256, 1.497746905628117, [1]
-8.728552762212471, 1.2860915022080792, 2.8065855963441932, [0]
-8.687284469936406, -0.9429903406507685, 1.2721786028891469, [1]
-8.293700023669865, 1.3286053666695572, -0.33062808413088557, [1]
-9.037945344683383, 0.8551899432556263, 1.72522608352838, [1]
-8.31559751903117, 0.14785746685283674, 0.8332695731767342, [1]
-8.512163298061001, -1.3331564117061836, 1.484071615414585, [1]
-8.849153316569756, -0.0030812586576400847, 0.885605136526761, [1]
-8.246826816537396, 2.187775707529009, 2.1802036154636437, [1]
-9.692252023789184, -0.967501982318969, 1.4314022838879894, [0]
-8.351763715370067, 0.2821819375699721, 3.0281041677189955, [0]
-9.189305012241675, 1.0210851044029499, 2.0406357928791223, [0]
-8.563602969238534, 1.025139284738481, 2.2454955732949298, [0]
-8.155175173836406, 4.646522860447527, 0.4973804234838176, [1]
-8.192279420051094, 0.2460010332393059, 2.799673940880576, [0]
-7.822938404258302, 0.5221721823777901, 1.4255718460563043, [1]
-8.05879134190834, 0.8403651971548937, 2.758212686159305, [0]
-8.738462131195893, 2.068102891190162, 1.4569666910203933, [0]
-8.32187121488107, 0.4827321362656916, 2.0088777417765127, [0]
-8.70770738810208, -0.5663459643273967, 2.2550086670594074, [1]
-8.622553293352098, 1.6151865827542862, 2.706046071553722, [0]
-8.371475878560327, 0.6957548425345879, 2.468473634560541, [0]
-8.98832041014733, 0.4860743684783367, 2.139358485702375, [0]
-9.23285729864686, 0.46982819100925144, 1.8103274624680168, [0]
-8.494953918493373, 0.5671168835685352, 2.4068839670969604, [1]
-8.25509298428711, 0.7529950255476462, 2.0232627287116665, [1]
-8.310156586052729, 1.7317317912863097, 0.4888505768298446, [0]
-8.93051429353271, -1.0447582730470917, 0.8769836648754837, [0]
-8.00101838493251, 0.14843012411852008, 2.104488347982311, [1]
-8.018884554889814, -1.4640055195260737, 2.1489689807336236, [0]
-8.525039542291125, 0.3161820598588081, 1.5442423522362823, [0]
-8.200145372737238, 1.1217763400418566, 2.31539083762976, [1]
-8.20631313189542, 0.6179327255645224, 2.92585466363366, [0]
-8.336958816702001, 0.5487382172267558, 0.0666518384314565, [0]
-8.172544063650136, 1.1543517234137932, 1.5723404999531745, [0]
-8.732583716914545, -0.13698403783433233, 2.4407989431101305, [1]
-8.035025665815459, 1.783462577547474, 1.5645160834395475, [0]
-9.114867335779579, -0.2946716034395238, 3.014578886131571, [1]
-8.288080283687943, 0.7732360449814941, 3.7871495176126175, [1]
-8.37552722900772, 0.11171896253205332, 2.548682783237947, [0]
-9.538396826431358, 0.9113920745498822, 2.6242667729473403, [0]
-9.067940758136965, 0.45083142936986764, -0.6274560040726145, [0]
-9.231293484607837, 0.18118587257965973, 1.4742963522481765, [1]
-8.430454221226698, 0.30425528260450996, 3.050760359819729, [1]
-8.623040120409998, 0.676391192129761, 3.354774840734352, [0]
-8.633806414340034, 0.5047561589156169, 2.0770436053711294, [1]
-8.166379512412584, 1.7212545334176617, 2.4670344337604355, [0]
-8.19886185330852, 0.6451952385793513, 2.336677200486503, [0]
-8.7438222515967, 0.4468145742246554, 2.3234567505132744, [0]
-9.13169668415616, 1.0576293616243329, 3.044472296115225, [0]
-8.520327014726597, 1.712584418642511, 1.5843389162393007, [0]
-8.321373361791647, 2.007228685946347, 0.02346571806764297, [1]
-8.486581891014566, 1.6782633413118755, 0.5542234991366022, [0]
-8.107619416776105, 0.43631198986426356, 2.2249725910425195, [1]
-8.514531890742585, 0.8009625526153167, 2.386755593903782, [0]
-8.426322568468068, 2.326405594547926, 0.9955318065396042, [0]
-8.073017998871252, 0.2169288956678102, 2.4905727825564314, [1]
-9.379150472189975, -0.275664454751, 2.0950822856718814, [0]
-8.044598294233328, -1.2755168434126616, 1.3079458483464013, [1]
-8.258391171993436, 0.594117611613788, 2.2580524107229287, [1]
-9.23161432230165, 0.27120610854522975, 0.3261280658577747, [0]
-8.97116547819818, 1.64412490281581, 2.8278606977155394, [1]
-8.887766385942912, -0.09136953083384225, 2.796574555908607, [1]
-8.485383115802488, -0.10935235320224468, 1.00795062770462, [1]
-8.56666107684781, 0.2850957787700059, 2.3077870759275863, [1]
-8.078203590729219, 0.025110537037777138, 1.8999698674938412, [0]
-8.21325523785345, 1.5997261622020174, 0.38245129966247177, [1]
-8.823980461285378, -0.08367249487631268, 1.5709488429888687, [0]
-8.820035641325713, 1.8634541171420582, 1.3037442341386019, [1]
-8.345369599390946, 0.8126102883813981, 1.9158587366069224, [0]
-8.79533011870743, 0.7391759165407488, 3.5759885910496454, [1]
-8.116688764199413, -1.0339121630569403, 1.9897710772676396, [1]
-9.222872276424141, 1.581653123055979, -2.288199899196713, [1]
-8.33570793392249, 2.074833991164958, 1.640372584323696, [0]
-8.096394113525971, 0.054709938622370724, 1.7845715828997457, [0]
-8.644066414975534, 2.3263520151781063, 1.8518745456115315, [0]
-8.658400254061393, 0.8950832120083989, 2.369544718160812, [1]
-9.02603715426716, 1.0041108786983977, 2.303908303422031, [0]
-8.410031592116372, 0.8846448787478018, 2.153448640493367, [0]
-8.858560284698754, -1.3385543566530513, 0.22092157193509276, [1]
-8.361776689600187, 0.558859487343009, 1.5921529592527104, [0]
-8.45086605599212, 1.6125425403612086, -0.4424091450220071, [1]
-8.984945525381157, 1.8266338950749494, 2.6618474407232044, [0]
-9.285170092710821, -0.6247599149035921, 0.5254963144046695, [1]
-8.922566301042126, 0.7771800620393097, 2.874993500722195, [1]
-8.552355621219181, -1.4835449678249557, 1.0431149289972659, [0]
-8.567932002324783, 0.8745837533694338, 2.9686879836172113, [1]
-8.895215273319888, 1.8198922806503657, 2.005921808982555, [1]
-8.894283007935107, 3.334015394941177, 0.7086667794018356, [0]
-9.99263572044929, 0.7195963323854533, 2.5195571551076963, [1]
-9.073389655259854, 0.7864604419533751, 2.337578534171184, [0]
-9.000945906246688, -0.3349008491695522, 3.549579909893237, [0]
-8.790068835449572, 1.3049574686318923, 2.5113557417338472, [0]
-9.172206437565336, 0.48660823282890053, 0.5924091838684529, [1]
-8.60650427704811, 0.578994677635525, 2.905897037867059, [0]
-8.216035690722439, 1.309809599103661, 1.9987264561927431, [1]
-8.70804418272298, 0.8655435576229611, 3.225185602987615, [1]
-8.454970284643993, 0.7111558544926329, 0.9485223686273776, [0]
-9.363320441792942, 1.0095851458314185, 3.0822665377359995, [0]
-9.388614421255685, -0.6459272384298129, 2.361117946625213, [1]
-8.81044664117513, -0.9863058667875103, 1.3701702744246695, [1]
-9.52436484883915, -0.21464210884994328, -0.25496306901008947, [1]
-8.101911126597985, 0.15153621708557863, 2.874370518329269, [1]
-8.915697200862688, 1.2848729483233776, 0.7432562110328051, [1]
-8.902616674445003, 0.8229464053899644, 1.7241684761294664, [1]
-8.596850385941254, 1.1160707952019808, 1.8194586929315488, [0]
-8.871729358328098, 2.2552801725703633, 0.3708476334485362, [0]
-8.85473451002228, -1.6154325902533844, 1.330466432100112, [1]
-8.611739063787692, 1.7099249994719459, 2.517848081550733, [0]
-8.664467815137863, 0.40280569915807707, 2.663206597813425, [0]
-9.38079972900506, 0.17406277728218256, 0.6329657759933156, [0]
-9.174054861158037, -0.7770257148963805, 2.23998234832676, [0]
-9.485018218548408, 0.46891620447257565, 2.723610298801047, [1]
-9.058795772474365, 0.4308196222102635, 1.285542510651169, [1]
-9.199934249460881, -0.21640424315180362, 0.835988622102678, [0]
-8.986524950778982, 0.5680513806767978, 2.436968491582798, [0]
-9.20304710415829, 1.5827254557271544, 1.7753572528085608, [0]
-7.9369431863652276, 0.4498329565425634, 2.3836518936963285, [0]
-8.426039207228879, -0.721896640928346, 2.463310159666899, [1]
-8.558822018066051, 0.9228607328701319, 1.2469677830177257, [1]
-8.657070382110788, 0.8330558897722984, 2.282612288744952, [0]
-7.954829948417027, -0.10136073795005163, 0.781256066096371, [1]
-9.335694009052855, 1.3864019350145595, 2.006525138325829, [1]
-8.658208394728614, 1.2280040505400096, 1.6738153157588922, [0]
-9.385849721060472, -0.41806186844504234, 2.7525192660523157, [1]
-9.155932898907912, -0.06571535281191232, 0.8483737723298597, [1]
-8.784538826384654, -0.2643966411579901, 1.4441404160998785, [1]
-8.852262423933087, 0.9570308951866708, 3.1985393688122903, [0]
-9.79328853197189, 1.61730070781629, 2.025574861692069, [0]
-8.55863286620754, 1.0138602778377395, 1.707029127729446, [0]
-8.087413482227603, 0.4634217490205039, 1.8904908927497073, [1]
-8.587835172257535, 0.10100778653588671, 0.8849585239236746, [0]
-8.826271352434127, -0.12421279760984572, 1.6347923429514437, [1]
-7.671777694580484, 0.3490150818236867, 1.2207545297454458, [1]
-8.05217676512952, 2.5558005999834017, 0.6577426075520778, [1]
-8.548317185098906, 0.5100823432342684, 1.4455956264760146, [1]
-9.21040776507225, -0.6112037281360099, 2.376267728080427, [1]
-8.437841758669894, 0.8619426692099545, 1.978740297746353, [0]
-7.957558624851306, 0.6031559184921935, 2.0772010196906057, [0]
-8.681075199708816, 0.5053952764900805, 0.7041393069821847, [0]
-7.583646950672079, 0.9161058340587087, 2.3009650884903206, [0]
-8.549904671066617, 0.11435474251486355, 1.7961444639027795, [1]
-8.347728316241733, 2.972919167683939, -0.5823393517163702, [1]
-9.072513317190507, -1.6361422457027701, 1.9320135114904806, [1]
-8.343737936011182, 0.30561526325712873, 3.3163122260812186, [0]
-8.60822130839356, 2.263059335473828, 1.5558720677882365, [0]
-8.691506215491422, 0.04130159356138019, 2.0571099360834793, [1]
-7.815245208650538, 0.16989750793108305, 1.8289687049059653, [0]
-8.895295647088878, 1.0955022739076665, 1.248670953777543, [1]
-8.2912081170687, 0.1957329596935915, 2.496186660831727, [1]
-8.729428578520755, 0.011595638479980686, 1.6009300000704387, [0]
-9.124622965920947, 1.933757698911597, 2.505730213931905, [1]
-9.368705678966217, 0.6065283910226623, 3.1144852672912355, [0]
-8.340457168585129, 1.9345047610106163, 0.5792863484014346, [1]
-9.372161440491906, 0.4910206015477848, 2.0336716465885427, [1]
-8.747410308946748, 3.732769416688008, 1.0515980011542974, [0]
-8.579286190796124, 0.16524553372667183, 1.1243391842773665, [0]
-8.446091439435017, 0.40071964302217217, 0.9082586453759726, [1]
-9.133522978040542, 2.1941152892829243, 0.9785445379427893, [0]
-9.024113990826523, -1.6268525313373217, 0.9548482799863536, [1]
-8.840132909460625, -0.8446977140539493, 1.0108222874717572, [1]
-8.596109670792226, 2.249299451037064, 1.8422716823399812, [1]
-8.781669947355196, 0.48505671021940877, 1.6440056040504047, [1]
-9.348619671378229, 2.407358098235406, 0.26247973204933595, [1]
-8.790728991246612, -0.4102169323603541, 1.318949360250636, [0]
-9.222169452705398, 0.4194840293210995, 1.2526461914456295, [0]
-9.26071506109599, 1.6801039601138819, 2.73594353448035, [0]
-9.16850299770347, 2.7914163891251187, 1.4881314603500444, [0]
-8.931832630606939, 1.6163393028332729, -1.6613498434924354, [1]
-8.765911406300187, -1.2377480723987184, 0.9224131143945947, [1]
-8.536548413357648, -0.7951280979906032, 2.0260204193919975, [1]
-8.205683408567076, 1.6401289275539432, 0.42369416046734454, [1]
-8.218437727106005, 0.5354212820477352, 1.7433998125293886, [1]
-8.320043278682752, 0.4149666614406772, 1.08834178325995, [1]
-8.373552391060889, 0.6025789463238249, 2.1602247499120066, [1]
-10.951842102662747, 1.893406849714869, 2.2055768513734035, [1]
-8.835265415883802, 0.557715806266873, 2.2378938362175895, [0]
-8.720704014348112, 0.9661121983917708, 2.3437300674224932, [1]
-8.551692821835811, 1.0782930994443638, 1.77019694834529, [1]
-8.534998978109822, 0.8175312084300117, 2.6523215296554277, [1]
-8.140227074115579, -0.5836268694527874, 0.484479328687902, [0]
-8.753915506023432, 0.04768034547002237, 3.2426517688777197, [0]
-8.447850760942668, 0.5877346344993806, 2.4264796503981376, [0]
-9.312341561251577, -0.3260751242652684, 2.11716461851439, [1]
-8.768900606414432, 0.9095660861791941, 1.9145522047100374, [0]
-8.187331126274755, -0.03457513908568721, 1.3232571348633642, [1]
-8.036480579657345, 1.7697239137671763, 1.2662550340695122, [0]
-8.069052676212321, 1.2530388687991934, 1.3149691125585656, [0]
-8.010892249154166, 1.2279015802421416, 2.280298309233375, [0]
-8.23854387976989, 1.9514629427676102, 1.1661095502558134, [1]
-8.073724353622662, 0.3723433328446436, 3.056203515479141, [1]
-9.749894504144246, 0.5540765754308395, 2.923819642054139, [1]
-8.793090933212872, 0.6324635097185183, 2.839171289287772, [1]
-8.518775789830006, -0.038185633738599734, 1.182732801088223, [0]
-8.427216633213572, -1.0282107951932775, 1.296519244479655, [1]
-8.684538103260943, 1.0965122954681483, 0.5132434553405898, [1]
-8.8823944636717, 0.19137598018522214, 3.12904038422091, [1]
-8.156653668577082, 0.9548749779986683, 0.8395581690020534, [0]
-8.479874064497881, 0.08219769548351707, 2.4579510427569526, [1]
-8.85111326182416, -0.8900791715245064, 1.5988722185803814, [1]
-8.492109019503156, -0.9526445508919643, 0.8558077947531614, [1]
-8.27977564852246, 1.9610632924448417, 1.7482257377625758, [0]
-8.604059314640464, -0.28210386258507625, 1.392590351432287, [0]
-10.19273319807435, 3.092127095894968, 0.40317895318287683, [1]
-8.443231241725266, 1.179687176700072, 3.400884258829496, [0]
-8.15989883189893, 0.8685955715458541, 3.167553726483831, [0]
-8.065555618963526, 0.9701208806893684, 1.4176321474703442, [1]
-8.723961576138382, -0.4363291055006867, 2.2384111817814336, [0]
-8.61803702274112, 0.10146091462523127, 1.1247337549593295, [1]
-9.114629344381674, 0.34132601014324404, 0.2887790824760683, [0]
-9.284062996085671, 1.4506578862356672, 1.63298595975648, [1]
-9.166288675655585, -0.6531650892155663, 2.074584279697225, [1]
-8.940140433461517, 1.8536163553851186, 1.68549322525105, [0]
-8.669298064566574, 1.0790499774770597, -0.8994101613621936, [0]
-10.205622334513722, -0.6339680263282143, 1.1760869290217633, [0]
-8.566676711739692, 0.010472325202710242, 2.1153523654692545, [1]
-9.091970594379163, -0.03374825808781168, 1.925560463151742, [0]
-7.890338597673531, 0.3257208474433831, 2.0984320496491846, [1]
-8.226862874368546, 2.189192904795727, 1.530998249450082, [1]
-9.072954395115454, -0.011642458877444528, 1.7313412908360188, [1]
-9.12986183473963, 0.1414272268084481, 2.9055192618447214, [0]
-8.303633473045613, 0.3875960002611636, 1.9570099918407298, [1]
-8.01811061836132, 0.08389869158926477, 2.3712668232946394, [1]
-8.124057566735553, -0.39400325290610994, 1.697872169873471, [0]
-8.450130370638643, -0.46968328755782407, 0.928372207158163, [1]
-8.653826223825455, 1.5541169664532755, 1.2969847522919045, [0]
-9.265504582434906, 0.489996485610827, 2.335431589341223, [1]
-9.19507088442707, 1.0862148919204735, 1.1526273131276858, [0]
-8.15753141379117, 1.3145903425839311, 1.8277215032520593, [0]
-9.36670533067232, -0.09352493879505108, 0.15082718866896272, [1]
-8.333721834650737, 1.3785303729288223, 1.4107388737810935, [0]
-8.081278933039272, 1.9908676661015061, 0.8546024854648834, [0]
-8.488988088843215, 1.0047976415305178, 0.38307829960098916, [1]
-8.04658507613075, 0.576690738850177, 2.41342475648022, [1]
-9.558390781694335, 0.641483910657497, 1.6804351073576402, [0]
-8.482493661141278, 0.7362456342704384, 3.091490018860018, [0]
-7.985096507017106, 2.000143203982109, 1.9529002574384466, [0]
-8.468286690110366, 0.37657704596169106, 2.2534725577345065, [0]
-8.73660732454447, 0.27714327436239883, 2.755694012672068, [1]
-9.035998120906553, 0.7906353822422356, 1.0604767108678363, [1]
-9.414365614574843, 1.2645817128206311, 0.9210768367732224, [1]
-9.02115139667853, 0.8299133627476286, 1.199937512495666, [1]
-7.953086227053588, 1.1464382924568965, 0.3578524949122064, [1]
-8.622466688383877, 0.6970686793935056, 2.722269237003861, [0]
-8.93179809013126, 0.9219532850170638, 2.277264887984466, [1]
-8.68016794180599, 0.07417293958893734, 1.9100053925069764, [1]
-8.107082414679327, 1.231520853680676, 2.2262689017511064, [0]
-8.798639854928945, 2.0369863080642108, 1.2629913369357757, [1]
-8.795441768507198, 2.424598475651502, 0.662712954250013, [1]
-8.456314822191397, 0.902403502303879, 0.8193905703994174, [0]
-8.808669690391135, 0.43914700310301114, 0.8936425418868721, [1]
-8.326673061043602, 0.4155441840452901, 2.8647382727336845, [0]
-8.2265404830416, 0.24517746740370683, 2.6400253286560496, [0]
-8.35885953089473, -0.2031767983486088, 1.6204593644537963, [1]
-8.171761439547868, 1.3536544489966649, 1.6000227627547678, [0]
-10.002994482219721, 1.6690214999884574, 1.4706203819697792, [0]
-8.321820841465627, 2.429040223666084, 1.520150956320606, [1]
-8.141247243527504, 1.9080952132757267, 1.1346175789353599, [1]
-8.270849182186273, 0.4241588138475739, 2.372821054012165, [0]
-7.695705785581948, 1.123411442695236, 2.5371250785370196, [1]
-9.800081202724574, 0.9855619258519601, 2.5656575190509336, [1]
-8.535275208224764, 0.9771115052600793, 3.242787537311682, [1]
-7.921351258837202, 0.06157238355611888, 2.4186491055532633, [1]
-8.705384367658652, 0.5749592612237664, 2.170545212892273, [0]
-8.606749054767228, 2.9570417425827706, 0.2711471673302759, [1]
-9.110443026074082, 1.4841350288710686, 2.647777028685647, [0]
-9.322648649770995, 1.1079648711463161, 0.7061750373708755, [1]
-10.038212883058433, -0.12043223801401665, 1.538373229350232, [0]
-9.28560988277975, 0.0389428826707543, 2.725998391877354, [0]
-8.23829526122183, 0.8159234327060658, 2.0391713452539415, [1]
-8.29199295309194, 0.8891077656898495, 2.858226735724583, [1]
-8.791373259881093, 1.3625267216163586, 2.867795532531045, [0]
-8.888813800998317, -1.5475296483462286, 0.7452887066726772, [0]
-8.760740411318013, 0.4046813938064746, 0.5454648732584091, [0]
-8.164477813179722, 1.0478567103263057, 2.2349427188565048, [0]
-8.036866630942006, 0.8428109835302864, 1.939985732365546, [0]
-8.362358417142737, 1.014529610608077, 1.5794040337371111, [0]
-8.434512349031944, 0.7020855916784974, 3.0226636658071904, [1]
-9.136855379354872, 0.2791981460807389, 0.6056421029261709, [0]
-9.185571703465142, -0.4708176851426022, 1.8738073873664385, [0]
-8.718131532259191, 1.0738436104008307, 2.528847883327119, [1]
-8.91826070937597, 0.4373354551486083, 2.045787624874848, [0]
-8.531076112794915, 0.19686981369389633, 2.3830615030675175, [0]
-8.35650253156746, 2.177581298729007, 1.8112708136295477, [0]
-8.480833826233276, 1.833640136025668, 1.0414223036495742, [1]
-8.25269152578351, 0.9967105290967146, 3.0876680179899845, [1]
-8.395586273134395, -0.015411066232333792, 2.1101525712321902, [0]
-8.908570291942135, 0.2585362910968044, 2.5266446632539035, [0]
-8.817102623859771, 2.0039242597713587, 1.8140186185115106, [1]
-10.020928489109773, 0.2897159442320226, 2.104255317202081, [0]
-9.194195856060583, 1.2873118368885854, 2.434765358744222, [1]
-8.02900755941377, 1.0940631262052813, 2.6454798160082373, [0]
-9.27783293938613, -0.054430314458897344, 2.9383316180899426, [0]
-8.51273879243945, -0.38738213037108316, 2.0680111989241787, [0]
-9.078848322429472, 0.32264869114685024, 2.708917391942653, [1]
-8.3247141011183, -0.0011507447829826045, 2.7825067883213075, [0]
-8.390448679731145, 1.2294639152502587, 0.8239147241268763, [0]
-8.895510780938842, 0.3203676564156038, 2.464235481136564, [0]
-7.93325608231105, 1.0380590333743125, 1.8761321464472127, [0]
-8.389320662153118, 0.3498004490801545, 1.5376458315068666, [1]
-8.687178325456692, 1.802060413660512, 0.045327272942787045, [0]
-9.49211888935773, -0.1815015074814199, -1.3325358014301294, [1]
-9.084372437194396, 1.4248728045861454, 2.3204569396252315, [0]
-8.525464097890755, 0.17373661000237883, 1.6030947435112852, [1]
-8.266068539232823, 0.0986076333725765, 2.5610074950758124, [0]
-8.654829741683686, 2.2123842128545856, 1.8907563891467218, [0]
-8.19155041351203, 1.1623730883530616, 1.1966273423459513, [0]
-8.590010793320939, -0.6840730153186402, 1.4645764110686232, [0]
-9.117658935938909, 2.072418735966046, 1.7730237769050956, [1]
-8.315090699451599, 1.1609232200781134, 0.5004613374457043, [0]
-8.519317438619666, 0.5495376843909912, 2.3357170691521008, [0]
-8.364833603560434, 1.4612632668458536, 0.2521768754790167, [0]
-8.53518226142741, 1.0491934714590943, 0.6759093349096155, [1]
-8.932739572260054, -0.7333830835284456, 1.2869400023146245, [0]
-8.650417870303867, 1.1423403299652368, 3.0863192497274596, [0]
-8.6324286698531, 2.0738484556770156, 1.742632476044901, [0]
-8.06720443822749, -0.5879742233355265, 1.7321423462501806, [0]
-8.309630861495911, 0.5059960416937712, 2.138879098070387, [1]
-8.797904152813473, 0.9407792825302332, 1.7901829970868908, [0]
-9.00103350904624, 0.4279480788742107, 1.5227761156097839, [1]
-8.44023329514766, 0.7308387763523359, 3.2673795710130173, [0]
-7.926314642415786, 1.4166168279982503, 2.349324604516757, [1]
-7.930041499131411, 1.5772166145829791, 1.851645641302525, [1]
-8.750956511847445, 1.9072904453684827, 2.680021620962129, [0]
-8.222280230127414, 2.6797866084291027, 1.9496563357741836, [0]
-7.9956132807650775, 0.19181246646168626, 1.1100144963394727, [1]
-8.663551020712859, 0.23469015675229232, 3.043406196143211, [1]
-8.715524811862997, 0.6898511769210436, 2.2947345951335505, [0]
-8.64411306592718, 0.5129879467533904, 1.940344814984108, [0]
-8.372541842889403, 0.8945229379480262, 1.026343782761534, [0]
-8.911056566438493, 0.12269489336970568, 3.0284130704285817, [1]
-8.867681459968377, 2.371277264218026, 1.2867728414949926, [0]
-9.454874658742956, 2.581816356087622, 1.9274027467545922, [0]
-8.636860803726918, -0.11177353359013906, 2.5069142550664627, [0]
-8.178242379084958, 0.29725945953181765, 2.050476409241776, [0]
-8.50342669741314, 0.7381508532068533, 1.9990290705331772, [1]
-9.368941193840534, 0.40218546068236694, 2.1150190738551893, [1]
-8.869223495850887, 1.7047700899684677, 1.725529359168478, [0]
-8.713064161798474, 0.23121594631189263, 2.755452357795165, [1]
-8.253066554664283, 0.6480779105973278, 2.116436611165871, [0]
-8.908177386145553, 2.923056316267794, 1.248284919007895, [0]
-8.100733656715956, 0.7315301746349744, 2.697617150002515, [0]
-8.27372777273715, 1.633443861116207, 1.9405604499463798, [1]
-8.969095826919082, -0.26083280979441964, 1.8960797796503268, [1]
-8.185950882819625, -0.5785926498984634, 2.467052768736666, [0]
-8.344663125173758, 2.86739624851319, 2.466455296371221, [1]
-9.244702134241384, 1.8818674739582977, 2.131739967440477, [1]
-8.747685806755499, -2.9315094562234454, -1.0922378736002851, [0]
-8.13378677983518, 1.3928114183120317, 1.4928401544535117, [0]
-8.889672100941402, 0.07499734839762112, 1.2023792810538105, [0]
-8.054045140920133, 0.8451441503740017, 1.9528102257199889, [1]
-9.339921970049623, -3.4899434429670473, -0.11796814724529073, [0]
-9.493805022398751, 1.0200344937185415, 0.7328233704842881, [1]
-9.45106196697484, 0.9684949444874438, 2.906138131433896, [1]
-8.194010503138529, -0.5874789676602893, 0.8281262237247857, [0]
-8.097218640206938, 0.43092417288257034, 1.65165358419074, [0]
-9.21424446141554, -0.19296486949578906, 2.867226530450731, [1]
-8.785295302250661, 0.11892872013393196, 1.711202144177994, [0]
-8.532401070976878, 1.5223843857322459, 1.5775911262705344, [0]
-8.909356679599778, -0.048139021085902955, 1.6813586542491084, [1]
-7.921529415876043, 0.8647256135430431, -0.40363581193078213, [0]
-9.122453467540952, 1.2602256094391755, 2.9675996283649404, [0]
-8.918963445702644, 0.7902252391564405, 0.2425325525366841, [1]
-8.76159911956761, -0.30961740835967366, 1.3883898162346666, [0]
-8.942018496891597, 0.042463522127108355, 2.8678911900401123, [1]
-8.951173305199603, 1.0554018158414535, 2.157040267027408, [1]
-8.645996899686866, 0.670021788061185, 3.090370691809686, [0]
-8.950110093546725, 1.4241363329740766, 2.129309486015966, [1]
-8.984609424958029, -0.5656887392117059, 2.664552250672338, [0]
-8.207953569737866, 3.4640834522478823, 0.9272644172884404, [1]
-8.824728760280871, -0.44000432811595935, 2.5388608693516828, [1]
-8.533705033060519, 1.561927828000874, 3.156009212028609, [1]
-8.314013981129984, 0.9108836963837901, 1.6039087978910183, [0]
-9.67428145878863, 1.7710276213813727, 2.2186112281251305, [0]
-9.012280546170045, 0.2593748107462881, 2.825943299158008, [1]
-8.244597216422543, -2.04369746398873, 1.740637151037494, [0]
-8.095821658145704, 0.6212639955523593, 2.0793192574629322, [0]
-8.578083471106654, 0.11299692208284673, 1.1695577076698005, [0]
-9.097519833489645, 0.9636144320550682, 2.7130486765576736, [1]
-8.325100921556048, 0.2789544054444053, 1.4728672051079066, [0]
-8.732595926917499, 0.6203275128676926, 2.2436742536408967, [1]
-9.048422684584073, -0.7125860987013948, 1.9839316874709767, [0]
-8.552175017885492, 2.991936033652285, 1.3868961937315514, [0]
-8.28662232876674, 0.8537379298935681, 1.7536949762575134, [0]
-8.302583717460957, -0.8315297137275528, 1.8110038731710623, [1]
-8.655184258713248, 0.7173157267567969, 0.8941460917277599, [1]
-8.30821318188735, 2.032775460934768, 0.06922488120936476, [0]
-8.298094485862395, 0.7626619398056687, 2.93517930050686, [0]
-9.9926368673168, -0.06286276837881272, 2.14539211461812, [0]
-8.875241218202932, 1.8541335557924357, 2.4019879904907704, [1]
-8.284106137350404, 0.44927242083486807, 1.8669831007559603, [0]
-9.378047901043379, 0.442757332045288, 0.8360963770595569, [1]
-8.898548226986454, 2.598469495019019, -0.14988841777336637, [1]
-8.83919625937316, 1.421392186702921, 1.6377485378316807, [0]
-8.319647162076885, 1.2757229392538634, 1.1446634982507513, [0]
-8.236523417082745, 0.2633194275133824, 2.891976640468101, [1]
-8.690616265720355, 0.35257246875819925, 3.296198419685204, [1]
-7.757328789032829, 0.634803812135911, 2.7257463749446367, [1]
-8.613036358026763, 1.8879224806788397, 2.4177496954112043, [1]
-8.59600512573798, 0.41137101245423824, 2.8102034436351353, [1]
-8.415910574338165, 0.3226916118471237, 2.447532975496578, [0]
-8.004657944736715, 1.5471432454621368, 2.039742180516691, [1]
-9.080015481782587, -1.8084843234643158, -0.5161928814238663, [0]
-9.566547755751353, 1.0316192127944435, 1.3364871259745352, [1]
-8.811641362411303, 0.5199686199368131, 2.6125522273930923, [1]
-9.050830211722973, -1.9317760371445354, 0.9821123208986646, [0]
-9.057890075269679, -0.34845870298840653, 1.9035841185217963, [0]
-8.235883005615436, -0.37974695758092347, 0.6442601059407796, [0]
-8.087990451546068, -0.05907900806978972, 2.028043955863927, [1]
-7.994516245868502, 1.0820770616358082, 2.0010708965554826, [1]
-9.202323516310036, -0.3233032295553245, 2.0692723213435964, [1]
-9.0476535659257, 2.3214813160221617, 1.6084583654298674, [1]
-8.609143359761296, 0.12748365106477433, 0.7215357058696981, [0]
-8.001080596159142, 0.3760939917551106, 2.042296918942203, [1]
-9.127224005047125, 0.36554715643945734, 1.1661301971329783, [1]
-8.140910882042263, -0.1580193993683423, 1.5089816946041261, [1]
-8.360448487691142, 0.7077647668178058, 1.7477860186909138, [1]
-7.770614888290611, 1.2919672496639079, 3.1737818577472994, [1]
-8.649174546501207, -0.3978224058421762, 1.7901149302799397, [1]
-8.583377201547039, 1.2777468334342608, 1.7666507803175726, [0]
-8.392169540390736, 1.9754599495746095, 1.3550393988036213, [1]
-9.077960884054376, 0.9364623208221122, 1.6810514973339956, [1]
-9.089368442529198, -0.42513569627168457, 2.1786216633314313, [0]
-8.79946240420864, 1.4580700557979778, 1.411381736746363, [1]
-8.579743263656527, 0.18823401887627278, 1.2653538853983675, [0]
-8.30507349288134, 0.8417052881246891, 2.1227635645176997, [0]
-8.458791452386224, -0.6664874109974255, -0.3614656842890693, [1]
-9.366516495710831, -0.21154694631743776, 2.4317315387421536, [0]
-7.760206974891948, 0.7041963894169122, 2.2392698282699084, [0]
-9.477754113325576, -1.278667314696492, 0.4941968407703745, [1]
-9.022407284721464, 0.8614277873133775, 2.4417997986856586, [1]
-8.957251326211345, 2.450763895527342, 1.0788863900415258, [1]
-8.083375844518233, 1.219967476682407, 0.18588519206070742, [0]
-8.246963740972042, 0.5213361547312425, 2.9532711801627682, [0]
-8.515473760962129, 0.6971743386617397, 1.8039047607702619, [0]
-8.182876418733427, 3.525557436971014, -1.6692593014798085, [1]
-8.690803379727988, 0.8056098492274594, 1.7837294932646892, [1]
-8.631500922433911, -1.122217126804547, 1.2959202415158544, [0]
-8.732816027299728, 1.4086810905663474, 3.094885926726711, [0]
-8.21832987571408, 0.9141736456061138, 1.0814992345904735, [1]
-8.597571515555602, 0.2759707523123578, 1.8387975623387591, [0]
-8.488053871249868, 0.776410869754125, 1.3566784204831637, [1]
-10.466691064819782, 0.9253111336317634, 1.2135845719943101, [0]
-8.272154529865592, -0.18557324982114087, 3.672837913725229, [1]
-9.065661304479763, -0.30554502274747186, 1.994669586959875, [1]
-8.744773142238401, 0.3089081180744191, 1.2651899932153627, [0]
-9.379816477717013, -0.023228245994639574, 2.271247017148985, [0]
-8.149065269023025, -0.038281109846776976, 1.7214928650011458, [1]
-8.035554789117443, 0.733216559003781, 2.287522481211921, [1]
-8.689264132622528, 0.6050553538538659, 0.14247379708324837, [1]
-8.291739166461625, 1.3316009074501804, 1.703701204913756, [1]
-8.419254959061433, 0.7447713288145213, -0.11638807512426913, [0]
-8.699317177329235, -2.1696469720802742, 1.13759683679206, [1]
-9.127483530567737, 1.3050225646543838, 3.101957765121576, [1]
-8.318468023946123, 1.8632848173277985, 2.2297047765067104, [1]
-8.666026420468073, -0.7116581251083691, 0.9991356786931723, [0]
-8.775791085568558, -0.2118846708010143, 1.8976511270514682, [0]
-8.5881448726253, 0.32621796356451993, 2.060503459257956, [0]
-8.572412083747812, 0.33357421818084, -0.32524353708169595, [1]
-9.721694257287716, 0.3120959787571096, 2.631836928429965, [1]
-7.915771515310896, -0.5341509870316394, 0.7830489716330796, [0]
-8.812420462520958, 1.467269537048043, 1.730772501564867, [0]
-8.15035898584567, -1.0773394121251654, 1.4312664303815286, [0]
-9.442657168890628, -0.6176960215958189, 0.7072121672528735, [1]
-8.265870416804383, 4.17890947911246, -0.2845538949701039, [0]
-8.467951910956256, -0.4528751573310459, -0.33043035402115795, [0]
-8.637016260111672, 1.1160801251372539, 1.7926277130342654, [1]
-9.203704347818917, -0.020525708314956814, 1.7313340584556625, [1]
-8.80803044078992, 1.0604796992972128, 3.1635980180504406, [0]
-8.362593805588212, 1.6904064669480603, 1.563809048214292, [0]
-8.14189342141161, 1.7267476392551195, 1.3451852775767907, [0]
-8.748347078176367, 0.4980258753123128, 2.5283813241519524, [1]
-8.160340297369846, 0.20613358678674698, 2.1134986597148973, [0]
-9.28522443066747, -0.12100507258313997, 1.8382730691061093, [1]
-8.473334107953367, 0.31693815669678627, 2.8015964884784745, [0]
-8.717525475434908, -0.21342679436516, 2.4037412995375904, [1]
-8.545250082285856, -1.2611322781061014, 1.4380403900318668, [1]
-8.319359128757133, 1.216283655662941, 3.1144304044636115, [0]
-8.449254697019843, 0.9699138291534365, 2.7539079170905203, [0]
-8.209291539627753, -0.23091582135950506, 1.7165432864495802, [0]
-8.120236312480541, -2.649112489196204, -0.026649591873718403, [0]
-9.764388180682586, 0.4888983880142497, 2.6211191112517707, [1]
-8.93432962329013, 0.144881953788351, 0.14238807061599845, [0]
-9.142973913298082, -1.2335010527614425, 0.2482933062399062, [1]
-7.813016223088444, 5.447522146823744, -0.21638744082763406, [0]
-8.542020215881886, 1.3715396602030228, 0.22053760096891928, [0]
-8.89116971858314, -0.3248688684036718, 1.5585923708089962, [1]
-8.117022779325099, 0.3141380984453104, 1.7123733561282528, [1]
-8.501130289742182, -0.299871481707623, 2.4395328152762645, [1]
-9.224649480540632, 0.19203391344741855, 2.613546704383248, [1]
-8.035215750469202, 0.5305795203105884, 3.189881589655214, [0]
-8.057530496990477, 1.6618847957538294, 0.7289812077094455, [1]
-9.168161490059823, -0.8339483426697982, 2.0681977021370113, [1]
-8.386435400248203, 0.6742295187357965, 1.2151459621640783, [0]
-8.541163882165913, 1.8408285420076498, 1.7108291863081915, [0]
-9.137942130643157, 0.36649286260276137, 2.8204039210982996, [0]
-8.198056948516774, -0.5123590783418153, 1.3178572107959097, [1]
-8.435846889147532, 1.45023655477384, 1.9926021165933192, [1]
-8.356047947268335, 1.827225117729815, 1.7031092303509208, [0]
-8.72767720948433, 0.1388997833445984, 1.0879288638639244, [0]
-8.61166616401881, -1.6405550609471855, 0.5119925599308901, [1]
-9.23307555006078, -0.9208874889958373, 0.7430890563613266, [0]
-8.283621369897594, 2.8015049549859556, 1.107279986313818, [1]
-8.735532373168926, 2.0619986328366826, 0.34727071563366674, [0]
-8.333250721201939, 0.4649740074729329, 1.44807555843656, [0]
-7.651025687900779, 0.9314454053527227, 2.1439823393656603, [1]
-8.202842531926926, -0.32732382108096514, 2.2582169036844824, [1]
-8.763361136862082, 1.8346608433910234, 2.356021274965165, [0]
-8.849787426075812, 0.5319859449723325, 2.9731332845906118, [1]
-8.736572595921466, -0.26716588077280834, 3.121159039236497, [1]
-9.060277592286136, -0.3038555680854839, 1.6218220303860718, [0]
-8.341547867675581, -0.7487768297708598, 1.6630898433812176, [0]
-8.703905722477804, 0.5101082212368346, 2.1279977775707826, [0]
-8.602433547650183, 0.19349165036429627, 1.812478377904176, [1]
-9.230822128074843, -0.5081783282862877, 1.1579510430036886, [0]
-9.129589219368505, 0.7865862076199324, 1.7610800373915798, [0]
-8.987230214927214, 0.9475250391369816, 2.8408755924200206, [0]
-9.344841895991994, 0.6629320182378697, 2.2267972232379303, [0]
-8.849633973827846, 5.314210031020163, -1.216840066395491, [1]
-8.256438425485502, 0.8569397550912995, 1.2838903092074638, [0]
-8.845390150926455, 0.3161322994475902, 1.6581120620760477, [1]
-8.459002195952689, 0.4092688116786388, 1.8048961590636199, [1]
-9.21588643986434, -0.33345487091980375, 1.5087042422350974, [0]
-9.306556314178641, -0.0282124145278171, 1.3852370071702649, [1]
-9.035993613009405, 0.19452635175801608, 2.0036939413696713, [0]
-8.434264363028749, 1.8271196426320078, 2.008998386438626, [1]
-8.27655912288612, -0.9560236466572765, 0.7667182502546614, [1]
-8.888720185747422, -5.2718491979723865, -0.06095578964415371, [1]
-8.988321672184247, 0.7549497411214252, 2.698934772513474, [1]
-8.10997486882566, 1.7268409753559568, 1.205388482781975, [1]
-8.660415146943881, 0.956608632854236, 2.2360651579848945, [1]
-8.587054438403186, 1.4697407389722144, 1.334449884710212, [0]
-9.664829689184305, -0.3538147858620838, 2.6684766077883166, [1]
-8.823770130652465, 0.865582212828162, 1.4936944521206417, [0]
-8.547770017763218, 1.3017502333914235, 2.7491777379855264, [0]
-8.696269202088894, 1.7654341574243928, 1.7200939988354875, [0]
-8.467997795415735, -0.29491303441199823, 3.276134779378352, [1]
-9.451288180240965, 1.4531312591653975, 1.8045836495164431, [1]
-7.8965592187439375, 0.7219924184393488, 2.760014409502485, [1]
-8.67589858194862, 0.22797253098828518, 1.3168548042960437, [1]
-8.465890578336477, 0.22696019080359253, 1.7164058766458246, [1]
-8.560696889820857, -0.14204838610946768, 2.1900920745151216, [0]
-8.435689675189849, 1.15286326376199, 2.6318891273761866, [0]
-8.872743572866485, -0.5480066446872378, 2.4480862751738712, [1]
-8.308406092647298, 1.6034369997768856, 2.4630513017923343, [1]
-8.668565399994604, 0.88019726377224, 2.7224774715883715, [1]
-8.876142522276442, 0.2823275978501314, 1.5138930800599137, [0]
-9.11258787391117, 0.418315777989109, 2.677847924137084, [0]
-8.129139712632131, 0.275081045666824, 2.9523376561161787, [1]
-8.745308332833364, 1.022524436599702, 2.3681631706168824, [1]
-8.274227116041445, -0.4691269765909874, 1.7988579366407897, [1]
-8.600270013371105, 0.8729694111006993, 1.9665858459681143, [0]
-8.699293796295363, 1.9441567302351783, 2.2652007101566913, [1]
-8.764007683687199, -0.527240173257375, 1.8805482589149345, [0]
-8.378655215950154, 0.528952909061075, 2.6588066558557797, [1]
-8.734709225677475, 1.6237501174518847, 2.356361189166514, [0]
-9.297653995378097, -1.0213418747658278, 1.1941223476397835, [0]
-9.065098390967137, -0.23185543958988414, 0.8462586334567721, [1]
-8.133677624151131, 2.108805525385638, 2.471212629135869, [0]
-9.308589429821359, -1.0822186480656129, 0.900205525527147, [0]
-9.140081397461072, -1.0893157618902727, 2.640553298004306, [1]
-8.47539975108373, 0.6475678037085433, 1.4523310606611584, [1]
-9.990169034647161, -1.6686156978920796, 1.171132151056671, [1]
-9.002652227541924, -1.093255645010918, 0.9262978532626848, [0]
-8.259937431198239, 1.2487031263140345, 2.058272962064649, [1]
-9.113266564017316, -0.3206531317875525, 1.6512867779055787, [1]
-8.50548702211285, -0.2071481981942258, 1.8409692995265707, [1]
-8.386523615985267, -0.5130370581796517, 0.7467590626756648, [0]
-8.910969043975593, 0.9011346646431818, 1.6825537311268195, [0]
-8.553834650639546, 0.47302376982384553, 1.4546342648673014, [1]
-8.712068891499404, -0.592173462580003, 3.3970173927458154, [1]
-8.726767009807421, 2.092871271257147, 1.4393520674769453, [1]
-8.308808719789548, 0.5651744394639446, 2.495152853810075, [1]
-8.705336487774538, 1.0562768626178765, 1.8425601914177432, [1]
-8.386012915831497, 0.006533129875209154, 2.263445428928693, [1]
-8.612081483508526, 0.21221484833863913, 2.316994276020997, [0]
-8.799119273171758, -0.24208547770048444, 2.1490724153432827, [1]
-8.247291698526116, -0.29758643895016657, 2.1091688110618687, [0]
-8.265365753955107, -0.308448976581259, 2.94327504952083, [0]
-8.667948589151617, 0.4100218130899447, 2.8998287974675563, [0]
-8.381575856746952, 1.0080530447382814, 1.610755917592963, [1]
-8.730238398724582, 1.2312281224290273, 2.3933777025898255, [1]
-8.659356616458098, -0.9790749716532354, 1.741776175494219, [0]
-8.115898610295936, -0.6065757906370042, 0.1799027400200337, [1]
-8.948426005550251, 0.18854603684921084, 1.5215886766154108, [1]
-9.111563059744435, 1.2229195744133623, 1.6416026634280096, [1]
-8.35481225014957, 1.1569458312840741, 2.939948793303201, [1]
-8.157518827524818, 1.9774792233508385, 0.9121784983504184, [0]
-8.509549592806176, 0.7762384544789706, 2.567403723066783, [1]
-8.36034118466027, 0.8686915711403349, 2.672032345235742, [0]
-9.127767469694318, 1.2742671048961554, 2.032838049094171, [0]
-9.422932141274789, -0.3893184935581442, 2.148136022587517, [0]
-8.225899880818584, -0.3902699090044801, 1.4122434361137748, [1]
-8.911802902059835, 0.46725127205657824, 2.8023112831443715, [1]
-8.081610145808586, 2.186271476531919, 1.1704243992242553, [0]
-8.25466511214731, -0.7832072841348552, 2.498665577491497, [0]
-8.652433424592035, 0.08353926756141083, 2.107786643603531, [0]
-8.687945687316706, 1.163265482153043, 2.0050991361512693, [0]
-9.136794574265608, -0.4021642291938943, 1.1912779335137795, [0]
-8.191621299523788, 1.0684155991038677, 2.505612193245303, [1]
-9.995332723836677, -2.5564034110671514, 1.2126216565320855, [1]
-8.364652041732747, 0.47029155076862095, 3.1924696094439455, [0]
-8.565683704572212, 1.3246750976997368, 2.775994624225712, [1]
-8.804830753619314, 0.5889709295325338, 0.4505359131725575, [1]
-7.834920786041068, 1.1949907620635174, 1.7645235960615842, [1]
-8.559784063484988, 1.1962444713383924, 1.7946249185795524, [0]
-9.22400868236318, 0.17896367550764825, 2.700264797405656, [0]
-8.950164026473487, 0.6537481618316602, 2.29882262530219, [1]
-8.163076338842922, 0.557753669718261, 2.8970968759507274, [1]
-8.831437293526784, 0.2849180973128935, -0.17901458839929296, [0]
-8.354750950520758, 0.7421217223394659, 1.4984874095022338, [1]
-9.02787859941416, -0.7029333087962897, 2.1016913698349673, [1]
-9.004120980443531, -2.7611135272273812, 0.19013400652122198, [1]
-9.270608662922394, 0.08615668249835173, 2.163279576777177, [1]
-8.352479110633773, -0.6527160984809737, 0.8087124432738804, [0]
-8.44393581989366, -0.1701835185083358, 1.348676965619633, [0]
-8.350420303791314, 0.18154807977325615, 1.3765929372205779, [1]
-8.746655077789287, 1.0812171919052576, 1.5225794795923568, [1]
-8.152132447188775, 0.7810647566314631, 2.923083798890973, [0]
-8.671624082335482, 2.8608867732764645, 1.9862941062492976, [0]
-8.254378553098633, 1.0972538243134062, 1.604992239123276, [0]
-8.122240461085838, 0.7170038089169706, 2.1875221387115307, [0]
-8.133466592804565, 0.2394312808344179, 2.4186787506460763, [1]
-9.118297293232425, 0.9351379712420353, 1.5384142131140273, [1]
-8.144975124746503, 1.300871627959336, 3.670647713390374, [1]
-8.823280658318053, 1.1625727878940921, 3.2837458231411025, [1]
-8.525282585094939, 1.7255800611850525, -0.535216887738966, [1]
-8.277712712724611, -0.9739426921231251, 0.6681629171094374, [1]
-8.922261566122982, 1.730571317716706, 0.49542261841818597, [0]
-8.556827828960213, 1.0876858491611674, 2.0977824006788457, [1]
-8.6421581864378, -1.8396121073179525, 1.7719990186712982, [0]
-8.184666450554168, 0.2712430682829575, 1.7655642789434738, [1]
-8.086922700717672, -0.6696972096414487, 1.8165319473225987, [0]
-8.693973141592451, 0.09706496020618527, 1.8602246448635997, [0]
-9.099660517875556, 1.030503891901156, 3.2400995143094833, [1]
-8.799240201556731, -1.4429337996961966, 1.5148366159706106, [1]
-8.55568273017955, -0.9971426458191877, 0.3582268171658831, [0]
-8.326030323424526, 1.1026783945409249, 2.1825204577037667, [1]
-9.373352320889483, 1.3977891015690658, 1.7655830588406993, [1]
-9.583235034766751, 0.46400224377829974, 2.7746157170612413, [0]
-8.236109446740409, 0.09221319866727518, 2.6800524885267585, [1]
-8.49623346105606, 1.5157210535675485, 1.386281905147324, [0]
-8.389041334639407, -0.09742388899450938, 2.253281302825441, [1]
-8.27211162760155, 0.5819793378142027, 1.7875501072991498, [0]
-8.87392080141732, -0.2675256258149902, 2.104677009771016, [1]
-8.362631604031174, -0.741791977090783, 0.8162662064112993, [0]
-7.863297941516635, 0.8886788002149527, 0.007182520455575325, [0]
-8.995938044355688, 0.46519889147759574, 1.3188460126112562, [0]
-8.012648313886693, 0.9023245395036401, 2.581553962299452, [1]
-8.696743188471336, 0.38715080252034884, 1.8836064133357366, [0]
-8.748633212855843, 2.2163907814249115, 1.3733299559578893, [0]
-8.489381371977318, 0.6175691187091216, 2.508430347806637, [0]
-7.889274335818542, -0.6544118549969822, 2.6565488264182946, [1]
-8.69755257172405, 0.10543062131465686, 1.4471060643710678, [1]
-8.570609563626414, 1.1389504958219356, 2.7929545218641496, [0]
-8.843117114468344, 0.6992456321510154, 1.497781415712097, [0]
-8.295901024659226, -0.061195238633522164, 1.3026385204684905, [1]
-8.836462345158044, 0.6247933732120282, 2.4026324739061935, [0]
-8.159654907480459, -0.19366285405831585, 2.0946706194306675, [1]
-8.398644902511895, 4.6237999208149425, -0.09470352388004699, [1]
-8.139277567741916, 0.27735720281933185, 1.5563244497869548, [0]
-8.189764002362285, 0.667110534049705, 2.3235371059102743, [1]
-8.387689018472257, 2.6868434589310923, 1.0096790626211296, [1]
-8.280335510560828, 0.7219451154814516, 3.155868077648593, [1]
-8.148335359579551, 1.625546330592177, 0.8725971941680659, [1]
-9.03526828873, 1.865752950716732, 2.053346011393792, [0]
-8.339852360808434, -1.0769406932713639, 1.0752530238774178, [0]
-8.761042340699127, 0.06652405997861666, 2.6932977384599868, [0]
-9.157067029879615, 0.04071766534638488, 3.3096855668819405, [1]
-8.967568333536036, 0.7431828949791712, 3.040251416018274, [0]
-8.87377730581992, -0.8576155819256632, 2.510256399754187, [1]
-8.549576464503293, 0.740693133776905, 0.5433487946257443, [1]
-8.30629408750452, -0.42770053044715556, 1.5775913890965558, [0]
-8.446155458044313, 0.27698792530195093, 1.1086964786155105, [1]
-8.421329169881702, 0.7268041887219376, 2.8101948532694547, [0]
-9.754488471646152, 0.14002622871517678, 3.2822577552296734, [1]
-8.319249961963125, 0.8895031165331182, 1.9127572991577497, [1]
-8.673210667073366, 1.1827703337405135, 2.3468608950857255, [1]
-7.97786341233318, -1.5605046141491923, 0.9924874524528331, [1]
-8.34116090184447, -0.14448785637857386, 1.5644378263225633, [0]
-9.648087303806296, -0.049960811444821784, 1.3280538320643858, [0]
-7.8254930472375355, 1.3476472552667618, 1.7091064815546055, [0]
-9.51451228493467, 0.9636692314326643, 1.8973250083436872, [1]
-8.587175781544168, 0.62389783783273, 2.8513605107884055, [0]
-8.391573728824387, 0.23575474554856757, 1.795070206432954, [0]
-8.088117330910698, 0.6495623760474558, 2.4885679459959227, [0]
-9.344319293703704, 1.778935878927995, 1.5429162990451815, [0]
-9.633285562906202, 0.7183530456973626, 2.4903659982968174, [1]
-8.625497074101993, 0.097521292036161, 1.7346656054430976, [1]
-8.16977719301361, 0.7216336303029042, 0.29698636248526133, [1]
-8.809093389265202, 0.4056771673520507, 2.34438324492649, [1]
-10.207136451857561, 0.9289497142272578, 2.447302106395256, [0]
-8.65914385748369, 1.8033912702363284, 2.3608568372601035, [1]
-8.955495166252211, 0.6592654584789932, 2.3585975062356948, [0]
-8.382533027695125, 0.48575507822670083, 2.0809745576437377, [0]
-8.753020720081128, -1.0196510641941028, 0.4558275152825719, [1]
-8.258866156299792, 0.1449115198766362, 2.3783979428119917, [1]
-8.855902647346712, 0.5421094471061254, 1.4365159237253837, [1]
-9.084001188832687, 0.018444079374834013, 1.7698306885173751, [1]
-8.117886893742673, 0.5469084707315134, 1.7195577796212578, [0]
-8.994098615674552, 1.2065200142996768, 2.389183967187268, [0]
-8.522181735119505, -0.035379878322147396, -0.10413931742828808, [1]
-8.984685438433305, 1.1814241796536848, 2.184909386838602, [0]
-8.586636867344906, 0.5549040404151833, 2.2993639392906866, [0]
-8.361161714210123, 1.6240251259342122, 1.5734727823411738, [1]
-8.099713856902945, -0.8837922254423605, 2.4366517288440765, [1]
-8.923813631408327, 1.876861153240067, 1.284208352950495, [0]
-8.519388298144593, 1.1186743526055802, 0.6543564286369481, [0]
-7.763598042792689, -0.3231039666138772, 1.9101838350213685, [0]
-8.24370448192421, 1.342078040381467, 3.1253676630976472, [0]
-8.331813527343021, 0.8594310391636358, 2.787225468433352, [1]
-8.60318441385455, 1.6278110950425473, 0.8328769495966488, [0]
-8.431460538380717, -0.4614533093521159, 1.5980324183440395, [0]
-8.538158787788298, 0.9179076032218777, 1.5425109570690365, [1]
-9.412876446474918, 0.7227937780726604, 3.0587109389260627, [0]
-8.119180859891216, 0.5908314643939605, 2.462445924284263, [0]
-8.35054554177468, -0.8429876474747762, -0.07587824371540014, [1]
-8.603870938971342, 1.8064222788488407, 2.6134724215437313, [1]
-9.206474904003054, -0.5664651980777036, 1.7801243034084067, [1]
-9.203299235224792, 0.5871882840777697, -0.6562560802522893, [0]
-9.27329750834929, -0.8324381825753344, 1.589344690690606, [1]
-8.605401586188412, 0.23325276181618698, 2.7334759720966266, [1]
-8.353880899889026, 1.0156617888703399, 2.018850040629608, [1]
-9.27699458314618, 1.0447015232571513, 1.8946861212446784, [1]
-9.092729226659571, 0.3957225268278014, 2.4083601231212626, [0]
-8.22982971410988, 0.27629804438037625, 3.199670664602146, [0]
-8.495703218217695, 1.7834056345070832, 2.516186812403887, [0]
-9.185036340902458, 1.1930025770473136, 1.994651863390085, [0]
-8.300709585428699, -0.4298318143669333, 0.9076761239238116, [1]
-8.672086900900817, -0.3826593377825067, 2.5255868895009934, [0]
-8.83809478208542, 0.8862959826034211, 2.5823558463678378, [1]
-8.784290682094783, 1.9636024237096383, 0.8056729808225029, [1]
-10.32371200002186, -0.3123108282216691, 2.3463876604981797, [1]
-8.277194026945294, 0.054551149633754126, 2.501571164683502, [0]
-7.866732281941605, 0.4333005447913907, 2.3238435548763396, [0]
-8.338969395162605, 1.1970464266723084, 2.3276604686457913, [1]
-8.663341586001835, 1.2306040872613575, 1.9280199484003342, [0]
-8.385722313886943, 0.5841669213881764, 2.6698421319039882, [1]
-8.62006723819247, 1.2998352907240789, 2.212867093172731, [1]
-8.212587570329429, 1.10494638241879, 1.8999800531293998, [1]
-7.802040134113884, -0.6230566436895011, 1.2589322110849117, [0]
-8.908158629433798, 1.0237667889817876, 0.18614253651783286, [1]
-8.388074855226188, 3.949845535165907, 0.9117547058171395, [0]
-8.729667367556049, -0.7892289063906405, 1.982837756242565, [0]
-10.495605474801273, 0.9925091277508381, 2.979537955111107, [0]
-9.091098567758758, 1.3041879303584252, 2.08378259643447, [1]
-9.169121654293908, 1.2163886545431755, 3.3271673425528556, [0]
-8.50197731119771, 1.088301908111386, 1.7592303876562225, [1]
-8.585113323834534, 0.2586213365582848, 2.7114049377902534, [1]
-9.583836948006253, -0.2700132195213548, 2.550303961301789, [1]
-8.743763712325178, 3.6750091226422903, 0.012689376380604966, [0]
-8.99941027551294, 1.9981495444190318, 0.5896753444332435, [0]
-8.064392441392137, 0.19008615334977197, 0.5610760519276029, [0]
-8.446195964194352, 1.17812689868859, 2.000885740152441, [1]
-7.5147610822870945, 0.0956288633795972, 1.6096105473465758, [0]
-8.300551921074103, -0.6100418833568195, -0.40390503469696437, [0]
-8.670555398947789, 0.1789726471674673, 2.5036152055631886, [1]
-8.43446683200344, 0.8901492849998857, 1.4259881282038234, [1]
-8.87405931908443, 1.0850465119746058, 2.1440026494274163, [0]
-8.58023797905296, 0.24717728788181711, 2.6645268740067616, [1]
-8.504607241503884, 2.768845530562717, 0.8147599807845833, [1]
-8.36582263850075, 0.7240218418597357, 3.0244546765182836, [0]
-8.75504804880184, 0.2749832777905036, 0.460288951102261, [1]
-8.714921766593301, 1.0815692862042279, 1.7241559718488153, [0]
-8.544151110008446, 0.807490030063279, 2.8044341130075443, [0]
-9.908123750445178, 1.321288801831497, 2.4189315323396676, [1]
-7.980055822248316, 0.9587382497376731, 2.294247044548646, [1]
-8.889220081672333, -1.3734821471710763, 1.459244385276151, [0]
-10.276628588985275, 1.934901363472184, 2.1622698620646355, [0]
-8.819996593586076, -0.624722281681105, 1.7605109084599389, [1]
-8.357900260535072, 0.21895949778328028, 2.119015939350021, [1]
-8.516836219023014, 0.8834419627490389, 3.136926806815063, [0]
-9.408469476779747, 1.341958645378544, 2.3356516982447086, [0]
-8.416649374035108, 2.7263545192139835, 1.1150567104673255, [0]
-8.794852534672922, 0.49434890594207515, 1.7610059706414944, [1]
-9.382993429031995, 0.9598570195487371, 2.5029343642476927, [1]
-8.660993985211102, 2.1649727965728296, 0.7533167308861023, [1]
-9.498561369709709, 0.5131554667988057, 2.535216205435217, [0]
-8.10682049263634, 1.159624175384994, 1.6842197863064234, [0]
-9.228120664456455, 0.12733474838986225, 2.2278291415039178, [0]
-8.922093559454433, -1.4588603552118355, -0.17125264515928354, [0]
-7.897076150393366, -0.41870443036780114, 1.3362303849430361, [0]
-8.755867828383348, 0.05301193400192861, 2.4088905224269097, [0]
-9.787148809720543, 0.4070143079488225, 3.1330313016837197, [0]
-8.839602946617228, 0.4791714271790102, 2.7364112531640012, [1]
-8.584556924798886, 0.38847391468587245, 2.9606940234257166, [1]
-8.887909759394377, 0.2830434688447748, 2.906010371267402, [1]
-8.023305966592098, -0.43858262265769477, 1.4821354246708196, [0]
-8.20111701410641, 0.628116315720363, 2.2981961821898933, [0]
-8.13614329356638, 0.9589906276153597, 2.3958591230858373, [1]
-8.627594595541254, 0.45143142445683704, 3.0240268992633306, [1]
-8.495819624292567, -0.551498160293932, 2.5484812860258446, [1]
-9.112253751731473, -0.731964398034918, 1.1659063473484124, [0]
-8.197343421871137, -0.37802405638195147, 0.1716426221429968, [1]
-8.730238020675763, -0.15660921072192746, 0.30159814771352234, [1]
-8.438905319954461, 0.9417704085197373, 1.740080739697596, [1]
-8.810121112439026, 0.3790562855252923, 1.0353215901922974, [1]
-8.454510456582794, -0.16635162866452458, 0.9085452944118914, [1]
-8.560935458698589, 1.2377993911325218, 2.7126179734790266, [0]
-8.170514364475965, 2.5746791830323366, 1.0605675377384554, [0]
-8.315681098073274, 2.9610372987345914, 1.2350066418995478, [0]
-8.726539290593372, 1.1754398539570783, 1.3860325056203866, [1]
-8.700664499613016, 1.6112922766291287, 1.7975858221795076, [0]
-8.844953033066531, -2.282232959320665, -0.7236329616622119, [0]
-8.357246611450535, 2.204244139678223, 1.7228728297619071, [1]
-9.0873556697175, 0.7054643974220167, 0.1743045523388842, [0]
-9.204333660731676, -2.2515657799612363, 0.10381277369295239, [1]
-8.424591672987926, 0.05296437498161699, 2.2207982622394025, [1]
-8.216059173743373, 0.24086356456104396, 1.4810860594590505, [1]
-8.180260133656224, 0.9402989810077755, 2.8006539411034446, [0]
-8.258382465687518, -0.17606341948218507, 0.946315773228085, [0]
-8.465496199918428, 0.07542994663572822, 2.1523682959272934, [1]
-8.491061402357168, 0.31237716833754864, 1.9512499468078808, [1]
-8.686456651159576, 0.29237878484404245, 2.3729055638491654, [0]
-8.612039071431576, 0.5813912843620082, 1.640448931230611, [0]
-9.282321685197523, -0.4980319308003335, 1.8056133089225672, [1]
-8.965900477224038, 1.6926521084052772, 2.2088064691538523, [1]
-8.52913130586885, 0.9672623269411871, 1.3063774200762923, [1]
-8.92280231993478, 0.4002041057630814, 1.5890105534755503, [1]
-8.036910166115051, 2.017440839180275, 0.815424247146241, [1]
-8.190533560858933, -0.06631580049135288, 2.4256703704749514, [0]
-8.993951355484349, 1.3815085327131558, 2.4469673124490274, [1]
-9.134984202265683, 1.440691807502187, 2.642835800158829, [0]
-9.36339566803365, -0.02108349620780814, 2.193639217272933, [1]
-8.030917047105634, 0.09131413264034416, 2.3480439035741263, [1]
-9.583388392825977, 0.14638652597244145, 3.633973565560927, [1]
-9.2186311307391, 0.5925684903673494, 3.014113916388586, [0]
-8.971938912204925, 1.0471415654720053, 2.4588720749388617, [1]
-8.535494730497234, 0.17480172608129063, 2.025019162154783, [0]
-9.642459318025182, -0.504946948309636, 0.8245159567511287, [0]
-8.092370010148558, 0.008308878546374212, 2.319141952495792, [0]
-8.576978343623537, 1.8296443851884607, 1.2056287858233148, [0]
-8.345169087727779, 1.1001105053385878, 1.554584779873108, [1]
-8.649901205206001, 0.23383425568325455, 2.874797184339613, [1]
-8.306619226438709, -0.25815126666707133, 1.1507064584954667, [0]
-8.792295099441521, 0.6860402799127461, 2.3305248709074755, [1]
-8.472806685409905, 0.03805593968836596, 1.5570121299254422, [1]
-9.267851558842944, -0.05240710809421073, 0.1344637614881381, [1]
-9.824900684305932, 1.4706805772840492, 2.8399822287395424, [1]
-8.446715224772118, 0.3546764519038485, 1.7293549474972565, [1]
-9.188784007981898, 1.1724646791597189, 1.2857552617633239, [0]
-8.595564558949773, 1.2697370280163787, 1.2504544086165077, [0]
-8.656973159822481, 0.44315090120033895, 1.0970397726010748, [1]
-8.693104035830105, -0.23955136900952417, 2.552055170209771, [1]
-9.325104340007284, 0.43875492783646597, 2.4069938267156332, [0]
-9.23700732634073, -0.5896514243105246, 2.727013322210312, [1]
-8.978527727284082, 1.4897041997572793, 0.350818433955093, [1]
-8.60452383317824, 1.1102085968449713, 2.219834291588569, [0]
-10.120562078462342, -0.418358020715369, 2.5797477610767583, [1]
-9.386256398860723, -0.48359762707249043, 2.678186116911275, [0]
-8.314618436958954, -6.889413723826232E-4, 0.7991646261551503, [0]
-8.024057084865099, 0.8238968618792026, 1.2436309412979756, [1]
-8.344332817609846, 0.1090559101443408, 2.1890016967223884, [1]
-8.535811952314463, -0.3629589796488465, 1.791276703794046, [1]
-8.43412132365849, 0.2452801490946335, 2.061029810207722, [1]
-8.173003762284972, 1.5230581166913684, 1.8222170391926982, [1]
-8.329756008631904, 0.2346920380217684, 2.1973897036968952, [0]
-7.757438842112314, 0.23490453719173954, 1.784647851263073, [0]
-9.225058342051678, 0.8003862311050987, 1.4430340238230586, [1]
-8.902621477034558, 0.6102275545998732, 2.5279244900927766, [1]
-9.126919686640178, 0.11740490273763227, 2.179809177359742, [1]
-8.363751189354547, 1.679830991348398, 0.9552201763585758, [1]
-8.44538688098613, 0.32701548401024294, 2.6224733070087325, [0]
-8.686413777577183, 1.1330325743270901, 2.5311447480662395, [0]
-8.531285575846569, 1.170322754184352, 1.4033368024669275, [1]
-8.910925453158685, 1.0298925746155232, 2.834861392525582, [0]
-8.668928440253977, 0.09778640265286453, 2.973037289469426, [1]
-9.019226616043401, 0.18287462883325944, 2.2552208120872557, [0]
-9.003494577575047, -1.3382557186327877, 0.9432965338712342, [0]
-8.615590898503886, 0.8334470722496323, 3.0445036543987816, [0]
-8.798262786025731, 2.11839772342102, 2.178570496359283, [1]
-8.697792438181704, 0.14123709036891086, 2.0120185507625203, [0]
-8.518408926221166, 1.4348731055360298, 1.668924705382, [1]
-8.690077916011612, 0.903929877876894, 0.894803786001545, [0]
-8.295377229017774, 1.175247541784069, 1.5967660713069436, [1]
-8.52883503287355, 1.7961071568789027, 0.19788114544384072, [0]
-9.164411111954132, 0.8157399785474642, 1.5405727448329563, [0]
-8.97902681231903, 0.08402396914659649, 1.931282342956271, [0]
-8.541533437417725, -0.8599062531430709, 2.565602168987991, [0]
-9.415352911849022, -0.26469182850139594, 1.507468663267234, [0]
-8.414529321946006, 0.9624706944145254, 2.3932626940562036, [1]
-8.975625396622828, 0.5799709502937631, 2.3652847910352506, [1]
-8.108613849498472, -0.010064658080203057, 1.808434606078623, [0]
-8.245670622011826, 1.293573569401046, 2.3280601040577253, [0]
-8.258543585224539, 1.0135589420597118, 1.97570152454824, [0]
-8.453144527504469, 1.1081303052842792, 2.1958658627265297, [0]
-9.059448622361046, 0.8999023251250174, 3.0706861592131047, [0]
-8.327459916404738, 0.38714247837830434, 2.488853129545962, [1]
-8.56983346984023, 0.016281670544004534, 1.5076999403363947, [0]
-8.455511215989915, 0.7683936501589103, 1.2219954113861529, [0]
-8.204846978247827, 1.148271045919042, 1.8756739015582888, [0]
-8.795221053441649, 0.9710848242843599, 2.141748633427831, [1]
-8.663680239535083, 1.3127346131530686, 0.46278471437201185, [0]
-8.530565189200724, -2.3191533384938845, 1.0685956372273013, [0]
-8.602229736277417, 0.6285696627480186, 2.956527782680439, [0]
-8.540372934442702, 0.9364733076590124, 2.364565171192273, [1]
-8.339913953005325, 0.04909719227764975, 2.28204053975497, [0]
-8.329055916248633, 0.8119223224164243, 1.7056223631191931, [1]
-8.383358274605952, 0.8846984298602467, 2.1638658883834863, [1]
-9.20422375361201, 1.3064022004148537, 3.531542230099337, [1]
-8.316644086788607, -0.8979241102288131, 1.7080894677461473, [0]
-9.269888294863408, 1.6434426419595356, 1.2058215333550155, [0]
-8.110861585790113, 0.7394779745285031, 1.249890656987954, [0]
-8.100452035372388, 0.7293627545425295, 2.5586767906778047, [0]
-8.504064405023554, 0.09448994718633852, 2.1176287182439717, [0]
-8.543090662282141, 0.7566289040189913, 1.8641580120761065, [1]
-9.003675537425856, 1.1610559992380027, 0.9342707679625155, [0]
-8.689796482216389, 2.483663837181771, 0.2563915789388003, [1]
-8.877226597630127, 0.6506800204110068, 2.4668102389517776, [0]
-9.117847935366514, 0.3466701511788418, 3.0840930095732473, [0]
-9.207894614786841, 3.505054062540863, -0.9111447546877485, [1]
-8.885919126552132, 0.8790970070059474, 2.3553742163291993, [1]
-8.594385914825814, 0.8960080518116812, 2.8284785657500096, [1]
