t=0.1377647446224686
logZ_t=-37.614434825226596
-44.475568100877894, 0.7452533190267387, 0.3697517887539169, [0]
-44.238589515977104, 0.6475545756820744, 1.1158670224475193, [0]
-45.622851995030445, 0.823258179163794, 1.2223487149767702, [1]
-44.44618823633045, 0.6714543629497383, 1.1954402656391285, [1]
-45.526081290426006, 0.5322381738871551, 1.2487623968653867, [1]
-45.44500138416653, 0.42542936748512306, 0.6920315973231822, [1]
-44.921074710994226, 0.687333795845212, 1.0511343930693333, [1]
-45.88385020585115, 0.6493856623028418, 0.7755801463630598, [0]
-44.2985348579975, 0.7621749218456707, 0.7976366906814948, [1]
-45.19706290960969, 0.7732328763016659, 0.3571470114281825, [0]
-43.38709392285869, 0.6649991668007271, 1.0147712880145958, [1]
-44.992936952929576, 0.6547998829657619, 1.493372106749863, [0]
-44.25860314923068, 0.6694515473220002, 1.0918710042264905, [1]
-44.8288534724205, 0.5660935102103922, 1.1541176932620345, [0]
-44.797091809038555, 0.7091360791097412, 0.6888334975178343, [0]
-45.152651060183814, 0.6109405764214626, 1.0741708132011916, [1]
-44.83198519475372, 0.5947924669363267, 0.7595319441166538, [1]
-43.31968257285464, 0.6737298090121815, 0.9984705179095286, [0]
-44.785925560747124, 0.8633594073302312, 0.9065008800174786, [1]
-45.57061148487058, 0.6053434762218401, 1.1295530177967918, [1]
-43.96040345364454, 0.5343971425867369, 1.007075507383882, [1]
-46.4029582585715, 0.7283599139969557, 1.3779132114171313, [0]
-44.53467330105576, 0.678472337432344, 1.3798620890737658, [0]
-44.75644475078471, 0.831136141911082, 1.1533735394752322, [0]
-45.7393792625383, 0.42805393136859154, 1.0529028074368376, [0]
-43.95585620602251, 0.5571163135580129, 0.7293508789696569, [1]
-46.73656474663062, 0.5593203116844236, 1.3079646871590864, [0]
-44.60172239704283, 0.6353627597321219, 0.7449755922207699, [0]
-44.68857691491901, 0.7024541788958469, 1.0091607201146693, [1]
-46.396484156540126, 0.6720157980097972, 1.5332091594296209, [1]
-44.66336061249616, 0.4674121017268141, 1.2315365242867629, [0]
-45.845617737245306, 0.6708226263597662, 1.4623232969733104, [0]
-45.722481506529114, 0.5612128104631107, 1.1210193993377902, [1]
-44.70194000372439, 0.6787770160232119, 1.1563379064017298, [0]
-45.25006368258231, 0.5215130896000801, 1.2445198726198277, [1]
-44.836955633989774, 0.7848020080856314, 1.1933007895789165, [0]
-47.26915400566793, 0.515138420998369, 0.9297581519290702, [0]
-45.25433227294606, 0.6396295293372387, 0.8606035725386321, [0]
-46.31785745582465, 0.591211988901112, 0.5439779805348222, [0]
-45.10714965826704, 0.5144820108482108, 1.2953794562422905, [0]
-45.6755884063507, 0.47887342148256806, 0.7840142374382613, [0]
-44.4350749205148, 0.6065152343396163, 1.2430881397908395, [0]
-45.0294381172343, 0.40679328649067226, 0.6920117809497203, [1]
-45.11228447477393, 0.6113840531621529, 1.0795247568342092, [0]
-44.56021882552481, 0.45515727113968224, 0.9023401148960792, [0]
-44.93801315792743, 0.6380502279264174, 0.6076383193143198, [1]
-43.35429679757854, 0.6475002466903008, 1.0259539222538232, [0]
-44.77203796395946, 0.595328100808683, 1.0590623666960766, [1]
-44.089800814492925, 0.7311571678809492, 0.9549772069012586, [0]
-45.1797007048236, 0.8264014070315777, 0.9297996125148432, [0]
-47.54481306552264, 0.6525977029520307, 0.7992853850234316, [0]
-44.5754817869085, 0.5384326621575241, 0.7547705188176586, [1]
-43.95483567078088, 0.5234027721209517, 1.007791100074932, [0]
-44.836637221252396, 0.720940259938894, 0.9982331826987216, [0]
-43.66254010521252, 0.5682400920733306, 0.6271740239492674, [1]
-44.21953140677782, 0.5763533735404613, 0.5033663834839548, [1]
-46.93425607347376, 0.7626334085040888, 0.5488690768696135, [0]
-45.85350483925146, 0.5853990232990656, 1.1118836368671459, [1]
-46.812049921726064, 0.5996351044475371, 0.8968861528728981, [0]
-46.12248366624617, 0.6457301974352906, 1.314778416050022, [1]
-44.27902537678177, 0.9108805374467861, 0.5339723373104346, [1]
-46.41138362258037, 0.6546312817373009, 1.4104443049885296, [1]
-44.51820633186617, 0.9511052531774613, 0.696950916726595, [1]
-43.65718186211532, 0.664544776531124, 1.047756944110021, [1]
-44.99019776767589, 0.8304110826167124, 0.7817366065400374, [1]
-44.10961967321257, 0.6247359433350821, 0.6846659387302128, [1]
-44.096512374090935, 0.7556032768372367, 0.3446020610805738, [0]
-44.34448964568352, 0.6572522711735809, 1.2541920324007139, [1]
-44.51777529301485, 0.4568237353413426, 0.9595429049149683, [1]
-44.900310838911786, 0.6084378782939985, 0.7218434115757278, [1]
-43.204356512048854, 0.6536091118575398, 1.1905474588258447, [1]
-45.99510591746273, 0.633673432476172, 1.2404995521549813, [0]
-46.11221671178959, 0.5531457992556783, 1.0251092903946908, [1]
-46.41314449955511, 0.6499590812264067, 1.1885225407164735, [0]
-45.41284888641763, 0.643081901577611, 1.0172679281970824, [1]
-44.70693893500889, 0.6498175384015952, 0.8933002433321794, [1]
-44.60562169539158, 0.49203830675259924, 1.2087732683543382, [1]
-45.42104730606326, 0.6984196290772297, 1.4023910249285194, [0]
-46.027149386958435, 0.6250416245751828, 0.5831500806433738, [1]
-44.53519112540494, 0.49403325783446034, 1.0526724012571673, [0]
-45.14564340502505, 0.7184631067618128, 1.1017567040243894, [0]
-44.26911528456478, 0.34235120670713104, 1.031626527197386, [1]
-44.66282944798978, 0.6656301470962892, 1.2857861021369525, [1]
-48.09686683873938, 0.4177535703402231, 1.3309042047758428, [0]
-46.13958855159333, 0.6727122565554595, 1.124725979369213, [1]
-45.03794095893756, 0.7435846408101143, 0.7572136083881387, [1]
-43.79443737952712, 0.4616484382505076, 0.9230918222673018, [0]
-44.506579270702744, 0.5640267956088896, 1.1762693358742256, [1]
-46.388832425299135, 0.655665314655507, 0.8891862781574902, [0]
-44.92120756291468, 0.6797223401341058, 1.3654592007642279, [1]
-44.49834576199752, 0.5732881643427088, 0.5076279023577237, [1]
-45.51435777365562, 0.5262061058035766, 1.022866419675521, [1]
-44.5298273771444, 0.4722815749434216, 0.86196529307414, [1]
-43.769050505517, 0.7099599154866453, 0.921942546368704, [1]
-45.829264660465704, 0.6319480993902211, 0.8668857865694226, [1]
-44.96719895930677, 0.6748905958586926, 0.8933833124941157, [1]
-46.14490002856018, 0.554916904532999, 1.0033214611280012, [0]
-45.23577557998239, 0.47611183101128274, 0.8465194616143709, [0]
-44.65895391719792, 0.38752671219762974, 1.0074063312493893, [0]
-46.23647017926301, 0.4465003684477151, 0.9126009963589456, [0]
-43.745011971296265, 0.6144071817510606, 0.9772756241003131, [1]
-43.596498723265334, 0.7045589801614452, 0.9898074206326245, [0]
-43.024138049025176, 0.6783598721684057, 0.9218537800136046, [1]
-44.14701167615253, 0.6366108357180215, 1.3542442515644586, [0]
-44.24751935976139, 0.5757315467273824, 1.1669580209087858, [0]
-45.981946431648275, 0.5790966703776106, 1.0483242876836159, [0]
-43.971615434738574, 0.5968514711905096, 1.3623140974512644, [1]
-44.96761333090821, 0.5076298903859808, 1.1820831949153439, [0]
-44.70237142109531, 0.6267074964200358, 1.214069899348262, [0]
-45.54392146415448, 0.7879095513420472, 1.000107333730031, [0]
-46.59477592888822, 0.6400793123179613, 1.5577962828934533, [0]
-43.791761422034625, 0.5751043170527205, 0.9871592610265862, [1]
-44.58260387683921, 0.7681191019923984, 1.0487775522987126, [1]
-44.39096781717368, 0.8877433970349846, 0.7503830557720441, [0]
-46.142831536716855, 0.6127939095088024, 1.344667024431228, [0]
-44.775121573195584, 0.6937754812739096, 0.7120552324485381, [1]
-44.78721490822579, 0.509451309130364, 0.8968956675740306, [0]
-44.17912883338141, 0.6878166382810944, 1.1385584268056281, [0]
-45.08832024957365, 0.592189494588558, 0.6463643243552651, [1]
-44.34024283297638, 0.7395141115673518, 1.14756543874707, [0]
-43.80766130828405, 0.5577985059464247, 0.9481826177935743, [0]
-45.5592577106169, 0.4724858431884931, 0.866968113259458, [0]
-45.32661164173994, 0.5890479018906621, 1.0480048541642066, [1]
-45.25183165480062, 0.7383148285519245, 1.1836182545386174, [0]
-46.040508672143055, 0.6755851789595483, 1.1578958435805669, [1]
-43.87498928021154, 0.7708272050686013, 1.3415603805358942, [1]
-43.84245321457454, 0.7838397242530111, 0.9555921557509189, [0]
-45.06639429587495, 0.7783746047640016, 0.8033931646145718, [0]
-45.635502088273626, 0.565769376034986, 0.9628840045978735, [0]
-45.02742376177219, 0.7709457798975909, 0.9409488747181086, [1]
-44.26833580705971, 0.529456889639144, 1.05931742858873, [1]
-44.4129202730035, 0.7066376814237192, 0.8305091470730354, [0]
-45.83142201340519, 0.5496081619225713, 0.8440503877212332, [1]
-42.943442959568216, 0.43832535297526753, 1.0421493754519988, [0]
-45.154599890789015, 0.4195998654967483, 1.2159039465586328, [0]
-44.83753204592045, 0.6915996424052683, 1.184533700417341, [0]
-44.99096454331515, 0.46375765566408067, 0.862061114680156, [0]
-44.60062834732257, 0.535155739362599, 1.3213204636763478, [0]
-44.53561980295134, 0.49063487872151906, 0.894487585682556, [1]
-44.284785298920376, 0.7454145025221978, 1.2959773706814348, [0]
-43.75718705521941, 0.5039440393814572, 1.0084104814133523, [1]
-44.65984731239452, 0.47481080654050306, 0.6666513512152707, [0]
-44.287814456130185, 0.562710142640739, 1.2368747803432203, [0]
-44.20021258467014, 0.5302634046878225, 0.617974237997805, [1]
-46.36586748840968, 0.6861496821240227, 1.0867713894512627, [0]
-46.34654870812187, 0.48067867624545, 1.3533666330540484, [1]
-44.39084683202137, 0.6424133587957375, 1.162466723311059, [1]
-45.91367617907783, 0.5456766764733966, 0.9386575388652625, [0]
-45.10856562641507, 0.6776973002250664, 0.9988298577108694, [1]
-44.229978788458695, 0.4626547085778388, 1.043747898036345, [1]
-45.6102245292119, 0.6579779466577047, 1.4763968613396152, [1]
-43.693250511065955, 0.7406350623768893, 1.3372966456776647, [1]
-45.40402564282057, 0.45707078400448364, 1.1798305867925434, [0]
-43.506078825665746, 0.6697962084080389, 1.4422096589758229, [1]
-45.67356657363819, 0.6134407365973319, 1.001847365892721, [0]
-45.29949662793719, 0.6838010303167747, 0.9608978093022275, [1]
-44.23945764586639, 0.7288400016706392, 0.9215614596255668, [0]
-46.37902350663925, 0.580754057623027, 1.4138913169783098, [1]
-44.088410628166635, 0.6140824316098523, 0.8952637530405951, [1]
-45.15816065855916, 0.6348869446539737, 1.083211339053272, [1]
-44.045664671501704, 0.7505442770518069, 0.8815757809455484, [0]
-43.17456829919614, 0.7202364488508392, 0.9908263674831218, [0]
-44.46108652606839, 0.6312639059155235, 1.1456584538007835, [0]
-45.55314332132391, 0.725877658563198, 0.9596434581986796, [1]
-45.465295738137996, 0.6574234077306003, 1.1030445069199972, [0]
-44.72942302496624, 0.6757185738169063, 0.9116821487648613, [0]
-44.47606300866991, 0.4499347501311931, 0.7887550847394369, [1]
-44.363225755869394, 0.6758709891935265, 1.2115205395289377, [0]
-44.62282982319352, 0.5732573279113308, 1.2953354700430768, [1]
-46.787132579672814, 0.6745693484482773, 1.044892936822797, [0]
-45.56507643915255, 0.5165534455322569, 1.1008507976501163, [1]
-45.929164330205595, 0.4514558699858735, 0.6330963858884705, [1]
-45.51446563439247, 0.8433822417879231, 0.7584226788758405, [0]
-46.02529972296106, 0.5627132678342038, 0.6812267066076675, [1]
-44.297772318552425, 0.723461536909265, 0.7498091478263449, [1]
-46.02503510947672, 0.6157110707947626, 1.4255937672071006, [0]
-47.22155147554141, 0.6479594605119563, 1.2443813128388443, [1]
-44.6650014710554, 0.4627186756625494, 0.9714687562662272, [0]
-47.106343183147054, 0.5592301494568506, 1.4201099333931406, [0]
-44.194780124871684, 0.5329715761266287, 1.2508450305660872, [0]
-47.17489377694656, 0.8258338446772546, 0.6599727887574386, [1]
-44.32761577968415, 0.7557321579134527, 0.5528994352102858, [0]
-46.02300712472383, 0.6735792125701346, 1.1257516226075053, [1]
-45.54096337446577, 0.5407572494694011, 0.8913416467569231, [1]
-45.350998599275144, 0.8344516504036383, 0.8912960175073052, [0]
-44.856910938176405, 0.5678375877474392, 0.9612497611645682, [0]
-46.80079982934038, 0.6660093010948505, 0.6114751345166748, [1]
-44.20035674716519, 0.6151231935272873, 1.1752613312001516, [1]
-46.29030226356837, 0.5122704159514859, 0.9850142298679314, [1]
-45.17473112834752, 0.7319572043738181, 0.5438214904223423, [1]
-44.41975812048546, 0.6206026514134594, 1.4621634790658238, [1]
-44.73787161226371, 0.7580577707705594, 1.4023646555405858, [1]
-44.12165759197918, 0.451043846377322, 0.9200845783646143, [0]
-46.24790667078186, 0.6560966568240388, 1.1728124390387507, [0]
-44.31613429863996, 0.5031304271315202, 1.1080567837920672, [1]
-43.36057100534575, 0.5100703075229085, 0.7897644503380856, [0]
-45.95572182825018, 0.653298941124915, 0.9286250378522103, [0]
-45.04962217369083, 0.5920367553026783, 1.0238927437422676, [0]
-46.55761001379322, 0.7197015462014729, 0.6001051581635752, [0]
-45.998952618815956, 0.6979857599735266, 0.9723980940773755, [1]
-44.13142128290326, 0.7272464482459398, 0.9143808050852743, [1]
-44.96799366670814, 0.649173937222176, 0.9683387210221148, [0]
-45.704113811265486, 0.6194026066905483, 0.8903262743435832, [0]
-44.46747786579873, 0.5857586946206476, 0.9951538668671459, [0]
-45.39714562813724, 0.5850555896900167, 0.6080804787985848, [0]
-44.63984520945271, 0.5370322272053129, 1.0241356766716552, [1]
-44.48334374124435, 0.5756915700349271, 1.0468480938469789, [1]
-44.33201953865673, 0.6587391530404584, 0.8970461090784049, [0]
-43.04246540565258, 0.4696890948954703, 0.9909880792937453, [1]
-45.2271516994819, 0.7315721323896265, 1.0263593288781996, [1]
-44.68394903181144, 0.6820615293520794, 0.8054248453069233, [0]
-45.367626877720674, 0.5638173707943135, 0.8183876287826621, [1]
-46.28087279738787, 0.6576224360807842, 0.5841474373202423, [1]
-44.32555464038096, 0.7340810396137851, 1.1276321814687316, [1]
-46.08399232214164, 0.5651901689695515, 1.3986116902100698, [0]
-47.16577963169982, 0.8107896291494435, 1.2290132178933733, [0]
-44.91795417658816, 0.6093329618318817, 1.1508413770825474, [0]
-43.70730737597204, 0.5374415903911861, 1.2774550967269893, [1]
-45.29657268372087, 0.6072567909898057, 1.0033140048824618, [0]
-44.4052025500357, 0.7855166567541525, 0.6465900581590972, [1]
-43.56754490927231, 0.5785604808118101, 1.2516619790049421, [1]
-43.443603494090105, 0.5984521922538049, 1.3477032304616297, [1]
-43.67337947412225, 0.43289203121474124, 0.7497661464444257, [1]
-44.72062601805371, 0.5188738173624954, 1.1495809786047064, [1]
-43.824516072215516, 0.627848345439897, 1.1180729287644122, [0]
-43.34228778879913, 0.6055019231841656, 0.37229427760677924, [0]
-43.66878199976331, 0.7182459692281614, 1.17064229073601, [0]
-42.6112828432842, 0.7660924542042394, 0.7054686780658393, [0]
-45.545642994146995, 0.5763753095053149, 0.9538543078684742, [1]
-45.620335131192, 0.5409542674757082, 1.7284184360209378, [1]
-45.50681277551381, 0.5539847765311356, 1.0999818183577357, [1]
-43.90342984350132, 0.5065728419714645, 1.0962266659728097, [0]
-45.128245671873586, 0.3511345045428489, 0.5604397865830153, [0]
-45.35908636540846, 0.6649164701883494, 0.8853173263147242, [1]
-44.71615648121021, 0.6523251098022473, 1.0852336193363752, [0]
-44.41662242157127, 0.7145930158134485, 1.3019700773040501, [1]
-44.01655392755879, 0.6112926948539593, 1.010859149718995, [1]
-44.89786870543569, 0.7020304176583759, 0.8113780796331344, [0]
-46.406757887892155, 0.3624229747500883, 0.6134087548560252, [1]
-45.133022180834736, 0.6557644889010191, 1.1564042114537194, [0]
-45.00302602355554, 0.6547271713766486, 0.56168063833436, [1]
-46.033209795676086, 0.6088737209962357, 0.9219564693227075, [1]
-46.59936311794583, 0.4730331628418441, 0.20443519861782022, [0]
-46.47585923858868, 0.40251637109146293, 0.7363410571382326, [0]
-43.60743314476705, 0.7262169443956116, 0.9863889386630273, [1]
-46.74193589363267, 0.5970784791104417, 0.9317086901033432, [0]
-47.42954595602578, 0.8467473225973965, 0.960216283661519, [1]
-45.48670311161768, 0.5598155632307915, 0.8250563435661032, [1]
-45.30030137107642, 0.6388058358611847, 0.5911874949673608, [1]
-45.19050622016065, 0.5226675825349473, 1.0190083679538842, [1]
-47.68768019450091, 0.7545361021266178, 0.896950044656148, [1]
-45.211513962266444, 0.5253092869435011, 0.9548745422430402, [0]
-45.88636855626591, 0.8165192720921122, 1.013522338623927, [0]
-46.07957278588127, 0.4268514928811936, 1.0563731105196288, [0]
-45.349538372657925, 0.4405574066884067, 0.9304158514168714, [0]
-44.20852124238428, 0.7449735763009879, 0.7860190033878071, [1]
-46.07350183750599, 0.5762379947037843, 1.1791299328659897, [1]
-44.97466852068143, 0.6272962923615617, 0.911034012985722, [1]
-45.40774905725853, 0.6921893812200728, 1.265244528219761, [1]
-43.2691763339899, 0.6710820370735108, 0.9379548210119435, [1]
-44.72312713665137, 0.5157961390192396, 1.06705165039919, [1]
-44.65194054012708, 0.7973280422841114, 1.330036738089031, [1]
-48.7184529818055, 0.681271830584471, 1.1672870015632282, [1]
-44.10132600411207, 0.5084531728401793, 0.8556966320628575, [0]
-46.844012358099825, 0.4702341227120437, 0.8431212314927813, [1]
-45.43646387962318, 0.5429775314641397, 0.4479370017239626, [1]
-44.88721561831434, 0.6371691367155962, 0.44768748337534864, [1]
-43.23143215930514, 0.520728878073522, 0.6589071232287065, [0]
-44.74155682864772, 0.7139857157536987, 0.8784752823405366, [0]
-44.928244566608484, 0.5996120613263252, 0.8007951104108254, [0]
-44.55969581962981, 0.2908781915724769, 0.6512285675420737, [1]
-46.150649102426236, 0.6046261523978539, 0.875993726887409, [0]
-44.15654271156094, 0.5771638531713443, 0.8380823556579318, [1]
-44.0035700755207, 0.6387306161923838, 1.2694394581106219, [0]
-43.9827562293671, 0.6251977952975412, 1.0218161726551238, [0]
-44.31314834645565, 0.6316777125208741, 1.2789372030649924, [0]
-43.884558267935354, 0.690556004405791, 0.661791223384341, [1]
-45.17525756020843, 0.6014164790297744, 1.1940196456876997, [1]
-46.41775295438175, 0.6080337492854156, 1.0382161697319845, [1]
-44.38479198220165, 0.5122600657016414, 0.9031010012217668, [1]
-44.14208118732736, 0.6523856950359026, 0.4870822192542743, [0]
-44.41249392875525, 0.7116623532308761, 0.9964691206808046, [1]
-45.62945561295384, 0.5782574743478979, 0.6718842183333528, [1]
-46.33612320302879, 0.6708307614193582, 0.8206928586738726, [1]
-44.48772634173476, 0.6015765469079695, 0.8758183020817346, [0]
-45.601898480248735, 0.6491247876734079, 1.1503472191550004, [1]
-45.547502386522716, 0.5569250538900969, 0.8321535118550868, [1]
-45.49052570202264, 0.5804147259548721, 1.1686928552795348, [1]
-42.857396470779136, 0.507900026315504, 0.9222002784962996, [0]
-45.09288114853247, 0.4745506035780922, 1.0915735485912526, [0]
-45.827752566950586, 0.657143406126286, 0.7816301055077519, [1]
-45.31709468205217, 0.4898523017930855, 1.1484614932571922, [0]
-43.91445555039264, 0.6177778783324586, 1.2940872319609336, [0]
-43.2754064548166, 0.5624196863571462, 1.1309377223856343, [1]
-45.66605191029625, 0.5751992474186555, 0.6822632354516366, [0]
-44.302125270158164, 0.6291294100141352, 0.9666587404682915, [1]
-44.33567346558048, 0.6188313736337422, 1.0518368521076147, [0]
-45.366833390198764, 0.62339818825944, 0.6980768797330847, [1]
-47.3550177411632, 0.6574872080283337, 0.7424630115989046, [1]
-46.40402825396826, 0.5963152709932158, 1.2103765623581562, [0]
-44.30781737500042, 0.6988374758772697, 1.1181249388488912, [0]
-46.21571761418922, 0.6258188007595578, 0.9544434359335184, [0]
-44.03210491433629, 0.6412378626281967, 0.9645007573493849, [1]
-44.91955469776361, 0.6737912330201756, 1.5139074895120523, [0]
-43.32086748221419, 0.6332739119474939, 1.028374452945237, [1]
-44.0385948792757, 0.632412478539995, 0.8102149664714364, [1]
-43.94465217660325, 0.5846918166426898, 1.2408396827740007, [1]
-45.96709243602303, 0.6945741749378422, 0.8470544182568157, [0]
-44.2407688878987, 0.458854814087187, 0.8279127946953485, [1]
-42.68742509059874, 0.6315161799325963, 1.1978282390996886, [1]
-45.000719136933654, 0.587984654713467, 0.7721047620487864, [0]
-44.64582885789038, 0.4521733631594142, 1.0825086689406846, [1]
-44.18688427846739, 0.5096364056099199, 1.107725147995522, [0]
-45.95616451823727, 0.7565864952857256, 1.1985248307941856, [1]
-44.704276224181775, 0.3076047972303199, 0.497900542922938, [0]
-44.9526427380375, 0.6341749138945431, 0.9638781506045822, [0]
-46.12938493282908, 0.5034349986354058, 0.9541848795812029, [1]
-43.993816107669595, 0.6207767390582682, 0.7463485011608577, [0]
-43.662251260759874, 0.5887572430434743, 0.9904947638277364, [0]
-44.70587800296521, 0.4658243694021295, 0.962753589992428, [1]
-43.403787924055074, 0.731418622443982, 1.0657623946266837, [1]
-44.61030373270017, 0.7096301884772795, 0.9246838796927305, [0]
-44.52255443346882, 0.7249948677783453, 1.1336248984207127, [0]
-44.735450453422594, 0.5863887138386503, 0.6492188449076098, [0]
-44.233088533069385, 0.42605089189019174, 0.752964229447548, [0]
-45.67370511668212, 0.7614457487918618, 0.9580331193773532, [1]
-46.44646741082824, 0.5335273204933376, 0.40696425648091655, [1]
-45.564567460777354, 0.46607852552284185, 0.6400381923142674, [1]
-44.672648603118574, 0.6833048133375591, 0.995965378446158, [1]
-43.98804267459684, 0.51229766008983, 1.015005372502186, [1]
-43.84699827117844, 0.6034857416660393, 1.1629735500513871, [0]
-45.27006199739284, 0.6547960041695438, 1.2430096388637881, [1]
-43.9603079435713, 0.4924325004980039, 0.5410825949834147, [1]
-43.45424585046384, 0.7205043948698382, 1.0026653404275783, [0]
-44.86383351416415, 0.6604185342745976, 1.2551974977112703, [1]
-44.709992466818704, 0.7254550600491926, 0.8619313429934488, [1]
-43.781158768448755, 0.5635156320981375, 1.0995723796750059, [0]
-45.14329560619355, 0.5163017315100215, 0.8857480399833649, [1]
-44.02044282683818, 0.5248857478353387, 0.9933533990576164, [0]
-43.492043947517466, 0.5818670751312734, 0.6635359497365567, [0]
-43.6747813507483, 0.7363873911699462, 1.1943897981850808, [1]
-44.45369880391087, 0.5797182266269822, 0.8123824491081707, [0]
-45.88281214354485, 0.7635929418995904, 1.0581205224621133, [0]
-45.37765337245812, 0.485896877364391, 1.2424161911663132, [1]
-44.42246450655364, 0.5594051275857123, 1.258539669690394, [1]
-45.08171100396366, 0.4466671295209552, 0.2727133666680516, [0]
-44.24670802453008, 0.8339962231709246, 0.9689245353289662, [1]
-45.40839540779526, 0.7569687656499782, 1.211610162253608, [1]
-44.37811861071054, 0.6110474570974908, 0.9018845827925678, [1]
-43.97781186579186, 0.7350220676667494, 1.0777891789660727, [1]
-46.08139191291656, 0.6769084742728765, 1.1221168817881602, [0]
-44.7578066537982, 0.8936005511905093, 1.1838508583880907, [1]
-44.58228552345368, 0.5359498694512839, 0.7606199629319523, [0]
-45.37414967974957, 0.5046048458778232, 0.6778255661732682, [1]
-45.353364383154194, 0.6314584921935619, 0.9554641430628015, [0]
-46.37487635097036, 0.3865367222409389, 0.8634424840072855, [0]
-45.08154427752313, 0.5676665593009423, 1.1839427031275511, [1]
-45.502629680505045, 0.5253829736487874, 1.0423641029039246, [1]
-44.71613301846984, 0.6279941955495739, 0.5464164919197375, [0]
-45.486349381565326, 0.586272230759128, 1.303903772044648, [0]
-45.98355754615652, 0.5183265258349844, 0.8189513047580078, [0]
-45.108803005628516, 0.5040927131486218, 1.13375589169674, [0]
-45.799656005496345, 0.6908415334933954, 1.2187495478716315, [0]
-44.034461097048435, 0.6893883906433327, 0.7349834092694332, [0]
-43.89182300494846, 0.7219967647643776, 0.9128210734732596, [1]
-45.44802973010103, 0.45478039313758717, 1.052112507331349, [0]
-44.516998760635296, 0.5217953817276137, 0.806228449805632, [0]
-46.21818438310231, 0.5870606436393602, 0.5865257489102199, [1]
-44.97604811363571, 0.42971265544001214, 1.0753464156247747, [0]
-43.949964889735156, 0.5528921066058848, 1.0557154241869835, [0]
-44.55048599445821, 0.513717641294871, 0.8013263322782083, [0]
-45.578670595287214, 0.6563838342763971, 0.596713611440817, [1]
-45.58874678434003, 0.6073047055474876, 0.4713314440488275, [1]
-45.55362353902974, 0.6219802595948528, 1.2697069297186339, [0]
-44.48433511073488, 0.647748499466098, 1.425091789341269, [0]
-44.3153573705425, 0.7448867017705616, 1.2804172920587509, [1]
-47.870605282939735, 0.6375992805160172, 1.0295423556831866, [0]
-45.58773613205234, 0.5647532254269567, 1.0800288165960763, [1]
-44.90276001799861, 0.611937043243134, 1.4401332413876, [0]
-44.72093077752387, 0.640550323558635, 1.0362625482383683, [0]
-44.53657740780299, 0.6690603705070223, 1.1500512381773025, [0]
-46.09670964916636, 0.5537725043988115, 1.04961766319925, [1]
-44.86979140384543, 0.5400616551170965, 1.1276600107287769, [0]
-43.564735544287046, 0.7524662456382223, 1.2439927686682986, [0]
-46.05499369453016, 0.6397478738114794, 0.8060331133430257, [0]
-43.95713814913274, 0.3752212554332596, 0.5653485863147918, [0]
-45.50432960180152, 0.7797190904789386, 1.1249410747136714, [1]
-45.19277424938253, 0.7571367702028678, 1.044288658839967, [0]
-45.84147153657226, 0.5040066371525088, 1.2800626569698454, [1]
-46.64417220553781, 0.8624306995189258, 0.6765951509268929, [0]
-44.58581596203798, 0.576406068938048, 0.5543256409633958, [1]
-45.108975450299454, 0.7404009828670487, 1.0161728452741698, [0]
-43.05861786010403, 0.7421287666597993, 1.1514323183761983, [0]
-44.80847889209377, 0.7782413936031566, 0.662229213673412, [0]
-44.5798623071625, 0.6215346007639682, 1.0302788815106045, [0]
-44.37476232943083, 0.48097067610050537, 0.8367223286908495, [1]
-44.202340430064524, 0.6168613188365408, 0.8320639464485824, [0]
-44.065032024232046, 0.6438140663955475, 1.0325331407541198, [0]
-44.873639426135405, 0.5444445443634784, 1.3037197599548809, [0]
-45.63254756234484, 0.6178287695762908, 0.8480582100441217, [1]
-45.69850765862918, 0.5439817968718477, 1.3210464543790317, [0]
-45.384395237833196, 0.7766244078271138, 0.7723594243464197, [0]
-45.25358139120046, 0.7830357115131503, 1.0502720158202585, [0]
-42.5730788228866, 0.6432630422279165, 0.7041029649692473, [0]
-43.95848090242018, 0.6425587127326847, 0.955024596372785, [1]
-45.024881926258274, 0.5567481935963826, 0.603873987266784, [0]
-45.315873097648186, 0.6740428437447381, 0.7351921194437288, [1]
-44.647967112910834, 0.3755693383943196, 0.9223802665933866, [0]
-44.029145944176356, 0.5415479265633317, 1.484292474125831, [1]
-43.718402664114905, 0.6707634045843434, 1.139081991292175, [1]
-45.28853419095869, 0.6279414777443215, 1.0221914010708568, [0]
-44.43924206233025, 0.5800022141831426, 1.289061050435533, [0]
-43.20976019450765, 0.5711467751368947, 1.2917211749472863, [1]
-44.9530963114373, 0.5994802122264966, 1.1606104252203382, [1]
-44.456710791481036, 0.7674523228798599, 1.0103742560465816, [0]
-44.750524997385384, 0.6619525291818219, 1.161649407481805, [0]
-43.71952804107824, 0.6769991591034388, 0.5367130237004769, [0]
-45.83330268536348, 0.7277604772429456, 1.5112598986923773, [1]
-46.10784926335581, 0.6247530134510138, 1.184963402798648, [0]
-45.86975248945664, 0.6702159709181947, 0.6977016049715002, [0]
-45.071720559281516, 0.611123575684958, 1.192594935044286, [0]
-42.589483524859325, 0.5923199408400199, 1.1014845599135399, [0]
-44.59143007942406, 0.6197418303584512, 0.7812580247578147, [1]
-44.369614157697264, 0.7427233236607054, 0.9089556129894132, [1]
-45.65565292434609, 0.37024115425346305, 0.8462961439945693, [0]
-43.593842522330796, 0.6194794083752041, 1.0182360125955148, [1]
-44.71174347527199, 0.6429031422927258, 0.6818144133440288, [0]
-46.86935495240699, 0.7041236567163838, 1.1254499489008292, [0]
-45.10445128302567, 0.5102164953771523, 0.46175179711721426, [0]
-44.10255039621872, 0.7057810108690972, 1.146921521846907, [1]
-45.809386016442325, 0.713631308135214, 1.4164004376676382, [1]
-44.61632885880628, 0.6935916878938974, 0.8276000212259919, [0]
-44.17933883899169, 0.587444311092734, 0.8951556768542656, [1]
-45.454467495502946, 0.7814502850510427, 0.8576005471875593, [1]
-43.84140555888264, 0.6877456264640152, 0.9803244571386405, [0]
-44.10751776229767, 0.7692262393338459, 1.3003477839983595, [0]
-44.593145890549216, 0.7843988271178381, 0.8116610208685908, [0]
-43.06377564063521, 0.622668992486427, 1.2579938528202885, [1]
-45.510433505802254, 0.6764424063635919, 0.7278802396167259, [0]
-45.265585317512205, 0.5458424018593415, 1.0102328730655354, [1]
-44.41071975285377, 0.6298873829299225, 1.1913890289396887, [1]
-45.29394267204699, 0.747492180403188, 1.143587883363316, [0]
-44.60059966707312, 0.544445851599648, 0.9024791210201479, [0]
-45.27386808747891, 0.5957224278612108, 1.3671858671822825, [1]
-45.89229355444324, 0.4843055379416893, 0.8666738720704564, [0]
-43.891041945670814, 0.5908496223172256, 1.0317796762477087, [0]
-45.6123775693787, 0.7536507149142846, 1.0266725884772252, [1]
-42.80199688667161, 0.7499449095606809, 1.1942823527529876, [0]
-44.59907678315452, 0.6698842965543687, 0.7827840956618177, [0]
-45.357965839110484, 0.47811623388348823, 0.7803212392451635, [1]
-44.58078529082412, 0.7270242100443549, 0.9984142143952986, [0]
-46.50442382380105, 0.6343343519882837, 0.6474757534786996, [1]
-44.40574237577081, 0.44328856703258007, 0.8308888185447802, [1]
-43.62860270739449, 0.6500404115697601, 1.0878586010700249, [0]
-44.774937244904855, 0.6031041258402738, 1.3071886993456987, [1]
-44.928781036517705, 0.7967183589583662, 1.1316849889751806, [0]
-44.71337961524485, 0.6803870639734166, 1.1152179900273376, [1]
-45.345349996194244, 0.8140686849761707, 0.9068100007630238, [1]
-45.84130327126855, 0.5766319608343676, 1.0753681777662558, [1]
-43.849981121893244, 0.552228602170428, 0.8145051184709066, [0]
-45.78553958970392, 0.6404364919309627, 0.811005066660023, [0]
-44.1091979005593, 0.7038421471311592, 0.7170178770217086, [1]
-44.03961056161543, 0.5549303031443448, 0.9827274986688955, [0]
-43.56079548355306, 0.6835160499820192, 0.8539876399018298, [0]
-44.58018959516686, 0.5922543258318008, 0.559279070987365, [0]
-46.94933725822982, 0.5377918622749135, 1.218795501435001, [1]
-43.78065940363252, 0.7665227363742108, 0.8318775402826452, [0]
-44.91083401357545, 0.737257504129193, 1.3864896881289448, [1]
-44.394815903624206, 0.60389859746441, 1.2344571921307903, [0]
-43.50865151979869, 0.7721991239288404, 0.7296559467396854, [0]
-44.94978110630915, 0.7075708951990084, 0.8527854258959542, [0]
-43.462394157831106, 0.6461047895811237, 1.0442339030096863, [1]
-45.24368664919546, 0.6148317052994818, 0.9337923841375609, [1]
-45.76602328965619, 0.5261022670402586, 0.9570725001914513, [0]
-45.28973568008045, 0.7160792086354446, 0.6887693794276524, [0]
-47.60349280200887, 0.6163672988031621, 1.204394768003866, [0]
-45.74659053349641, 0.6902987846317967, 1.1317694212938187, [1]
-45.53867308327556, 0.5483616651285884, 0.8035886742956648, [0]
-45.91253097419674, 0.406766633230982, 1.1534093420941918, [1]
-46.15866768246302, 0.5947995466005849, 0.9562869142379145, [1]
-44.319312989446324, 0.433267225829708, 0.8004924510647382, [0]
-44.316101444574784, 0.7221763469641753, 1.3036258404726546, [0]
-44.88648302635466, 0.5445224744365253, 1.4707154866504188, [1]
-44.04193981998508, 0.7375865942868335, 1.0474619670613872, [1]
-45.47790451589294, 0.6288433249244498, 1.1888105191844536, [1]
-46.09557548333695, 0.534546841936743, 1.4820912173067289, [1]
-45.04887249759529, 0.8128028326954068, 0.7742497088042375, [1]
-45.628586760008496, 0.7587557720668776, 0.952675789094436, [0]
-45.3999518565154, 0.48447443797348433, 0.7466116721559997, [1]
-44.54170527284729, 0.5673054385944328, 0.781379396182936, [0]
-45.939699146432964, 0.6364050058712257, 1.0898752798626044, [1]
-45.71343005612575, 0.6320115143578509, 0.8340346442383115, [1]
-44.41722580627704, 0.7041979838003036, 0.897957031671726, [0]
-44.81907410475376, 0.6207514566895724, 0.5908430831971431, [0]
-44.87815884995326, 0.6886829428179587, 1.2152508944721574, [0]
-44.12289456741488, 0.5391512384503407, 0.8840774075782439, [1]
-42.77475945766363, 0.5394862996677607, 0.8897583279876182, [1]
-44.66797474931158, 0.5908499184422361, 0.8531358668361498, [1]
-44.57686358128966, 0.7065913804454405, 1.1339661020868328, [1]
-44.94750202931774, 0.7206648707631407, 0.9719142223867323, [0]
-44.11277040592988, 0.7610361096631565, 0.8873305383407604, [1]
-45.29723607694771, 0.5467138358031569, 1.2648123637344122, [1]
-45.06364602207065, 0.6435575954232332, 1.1011770699798358, [1]
-46.21360989425407, 0.5925958647993529, 0.7895462075523241, [1]
-44.013362918666004, 0.5714191572289228, 0.5009593266624857, [1]
-44.73900674412514, 0.4761451266436905, 0.7245173727290077, [1]
-44.41757640787787, 0.48218950997819465, 1.103578018742024, [0]
-44.23788050560671, 0.5761547771216239, 0.6701446907771299, [1]
-43.9339753740101, 0.4523654219278066, 0.7148549658455635, [1]
-44.976642446632745, 0.5344760351828017, 1.002636221313376, [0]
-45.56617841238065, 0.6552474741563422, 0.8769061864517673, [1]
-44.80367746760665, 0.6856685899331902, 0.8763399439781564, [0]
-43.62908970949194, 0.8005458078972839, 0.8278931086141976, [0]
-45.24156025395902, 0.7484955303783756, 0.7992211968529991, [1]
-45.38058156382556, 0.6764189602794511, 1.1788764825734002, [0]
-44.53557752361494, 0.7542132598560596, 0.6404313654318095, [0]
-46.3337500278281, 0.7337375949606777, 1.2557621749545893, [1]
-46.219181697121996, 0.681697591707733, 0.9831034865156039, [1]
-45.179709092704016, 0.5845389073667289, 1.106227505542995, [1]
-44.873475293082855, 0.7612525668597057, 1.4972509523190736, [0]
-44.0528081925468, 0.5872147954351983, 0.8009341538999389, [0]
-45.36025283920509, 0.5887002604471556, 0.7902862864595012, [0]
-43.54951225773822, 0.6605645243703633, 0.9043214211184565, [1]
-45.353285349397815, 0.7830602811860272, 0.9347685939497021, [1]
-44.87070220375704, 0.6702833504708572, 1.22956256752346, [0]
-45.287731177007686, 0.58334321636903, 0.5538859523587976, [0]
-44.90418432515254, 0.6254375578629475, 0.9921262278332401, [1]
-44.59647190773555, 0.7858335518913313, 1.056617891113657, [0]
-44.343300024755465, 0.8315800014232896, 0.7999196804433616, [1]
-47.15114753834481, 0.6395925025275235, 0.6558134312246374, [0]
-44.05096511326291, 0.5286193584809207, 0.8478463121011826, [1]
-46.64643995478077, 0.6817095597115037, 1.3381231274754652, [1]
-46.61568371716487, 0.6314925881607926, 0.8468727871845072, [0]
-44.90066628632333, 0.7444014608578078, 0.9123395312971171, [0]
-45.21927100564768, 0.6806673590219868, 1.5498640176302958, [1]
-43.54505560677602, 0.6111359298934382, 0.8162711120435681, [1]
-44.14441168718419, 0.6288054797653396, 0.6788997526877893, [1]
-44.30944857070974, 0.5750780236388282, 0.8371880612069971, [1]
-45.54439650460187, 0.6587262481785658, 1.0317884462345912, [0]
-44.23908439830582, 0.7190914854107002, 0.7090801264601758, [1]
-44.02920343697772, 0.580937486160942, 1.2933683798654727, [1]
-45.04811842336861, 0.6057319251408897, 0.6039668612873459, [1]
-45.79707964233374, 0.5565893757290228, 1.0613673249448718, [0]
-43.98199888613578, 0.8286612730013219, 1.1947454324535898, [0]
-45.62665813448513, 0.4242387928597593, 0.7809508374244698, [0]
-45.07829728798511, 0.6773297654944556, 1.1472126206291073, [1]
-45.55345386728086, 0.7340161416519007, 1.002938198609928, [1]
-43.897414344461446, 0.5358849069471832, 0.8424537944532993, [0]
-45.16423642528916, 0.531144980009581, 0.5376644550584717, [0]
-45.60017795870902, 0.7618160343696909, 0.23879529163052923, [0]
-45.0692002536507, 0.6152632626858778, 0.8651130431946247, [1]
-44.64092633829051, 0.788401807411877, 0.9978671175887406, [0]
-44.93253259503344, 0.9405603756360574, 0.9656345356275412, [0]
-43.71830057699012, 0.6341797047096607, 0.6389494761253103, [1]
-44.73107931655139, 0.7144385479445503, 0.5913942668020695, [1]
-44.12852652019031, 0.5535302725540734, 0.4738452068690655, [0]
-45.759243666030784, 0.49414003512240007, 0.7987931789477704, [0]
-43.29012869265735, 0.5743001592564607, 1.2997797168042384, [0]
-43.82750729466449, 0.6896323102947318, 1.1231614072870635, [1]
-42.812191822344225, 0.7301807788315124, 1.1855235048877404, [0]
-47.458206215169845, 0.5896300628268466, 1.051218455372094, [1]
-45.14515519615232, 0.5715902304859906, 1.227319712000844, [0]
-46.033993927271794, 0.5276085726483983, 0.7135731842847992, [1]
-45.03190546100597, 0.7224637658810812, 1.2378947091954293, [1]
-45.351447533114225, 0.6625339533427512, 0.5276383838966063, [0]
-43.97985776311562, 0.5557943031787063, 0.588067694697582, [0]
-45.67854067223921, 0.818667207176463, 0.9281997947015521, [0]
-44.31852231807845, 0.509575187177312, 1.1804770375812852, [0]
-46.24199374901333, 0.5310994844586086, 1.089177997305832, [1]
-44.996860479863805, 0.6465817872720557, 1.123895454037217, [0]
-45.5458749857925, 0.5481392287482576, 1.4669212797068663, [1]
-46.18959479218914, 0.7159760596839526, 1.0960547216878984, [0]
-44.57561290884372, 0.6743954304599364, 1.1297980126089848, [0]
-44.567308217581285, 0.6532298944336229, 1.1650280954190293, [1]
-42.8330362903953, 0.5091833507087445, 1.0232474046495421, [1]
-44.207502250514366, 0.6661271700204334, 0.8868991731308667, [1]
-46.79866979846582, 0.4822993756926814, 1.2905473480773724, [1]
-43.93361873392027, 0.5168567200960645, 0.45821337673168927, [0]
-44.47812153327185, 0.5201600463795437, 1.1483998324452616, [1]
-45.99669799350381, 0.6809260065311211, 1.3584235370363464, [1]
-43.473634173668366, 0.5127617740119697, 1.2366954201879239, [0]
-45.33794758159627, 0.6209066601586212, 0.910371441785655, [0]
-46.19859210727831, 0.8456321499688441, 0.9495958008900656, [0]
-44.84490421480601, 0.5652301310885255, 1.2983376541240135, [1]
-43.95211454160596, 0.6506960635638777, 1.217323372548144, [1]
-46.381014646758786, 0.5056819207902168, 1.451231681435995, [0]
-43.76991910803787, 0.5839143293703333, 1.168714729927325, [0]
-43.81354241623212, 0.5810687531858343, 1.1236965034388462, [1]
-46.0309226874418, 0.6771078747156541, 0.8817456976481749, [0]
-43.56230104784442, 0.6834517926948699, 1.0577634562518574, [1]
-46.824610264460524, 0.789864582937252, 1.0179210833130932, [0]
-44.21129120015881, 0.6085927324983627, 1.037692597243292, [0]
-44.730216874817536, 0.7075369954046501, 1.4560118208384571, [1]
-44.302493470471006, 0.6690888625895725, 1.4521459854856937, [1]
-45.26434020667078, 0.5515706790113947, 1.261217561972767, [0]
-44.17416556045915, 0.6757682119976626, 1.2716285122695705, [1]
-44.549086208728845, 0.6541745764156395, 0.8550246370942505, [1]
-45.60092825204314, 0.5143765813090275, 0.9513299085612523, [0]
-44.06591838000776, 0.6504907107176325, 1.246737154511678, [0]
-43.87800253119925, 0.3837280238550235, 0.9989221727231341, [0]
-44.317042895345566, 0.3595444679218913, 0.9190079104421581, [1]
-44.37904148908855, 0.6006006545390237, 1.3455154219679382, [0]
-45.23877026760374, 0.6918358320972452, 0.6127474027626909, [0]
-46.1282577252544, 0.5946362676076027, 1.136532040550637, [0]
-45.56495313587968, 0.8374505362729381, 0.9596778118724772, [0]
-44.382096573384665, 0.6352929614414317, 0.8759650692239772, [1]
-43.64646787760568, 0.433437320923821, 0.7681075912425155, [0]
-44.8151351466004, 0.5175605128552178, 1.117510611481719, [1]
-46.66580744111465, 0.4825834728252789, 0.9770824652456989, [1]
-46.529767250864126, 0.6853497134232639, 1.043680252811022, [0]
-45.46832698968441, 0.5224574759506941, 0.9074830910264138, [1]
-44.80760272741714, 0.4847193539647818, 1.2621019839733685, [0]
-44.58169470429194, 0.5809487924517093, 1.2855385377083761, [1]
-43.10230308108169, 0.4923510513368689, 0.9624826995528714, [1]
-45.704583161197704, 0.7469374738109443, 0.3716558446718393, [1]
-45.58462032240572, 0.6316878453707893, 1.1290784312503497, [1]
-43.9557006135991, 0.6472563972457183, 0.9779724050101624, [1]
-45.45409107741841, 0.5100975452948524, 0.7264252048180948, [1]
-44.872858113722366, 0.7117267198276153, 0.9599250248128, [0]
-44.75686293895934, 0.4281691474278777, 0.9416111498013588, [1]
-45.50597846558668, 0.5150329306339927, 1.0138558929721946, [0]
-44.28765437560512, 0.46177494278744285, 0.5534738811770747, [0]
-44.90736379463422, 0.8423237211925239, 1.3221646465320906, [0]
-45.40786972614819, 0.4504910091652228, 0.9530231179297138, [1]
-46.179491706582205, 0.7893086788005927, 0.4168806838306784, [1]
-43.0108013635576, 0.5519054985097986, 1.0484429667475708, [1]
-44.499473179120166, 0.6301085457638405, 0.6983208460610165, [1]
-43.65275390568073, 0.6104894977534809, 0.7350258121565106, [1]
-45.83375277571485, 0.5140151342060629, 1.4126596724811562, [0]
-45.270869352734174, 0.7249786162796471, 0.7208373982290481, [0]
-45.35667086118203, 0.5083651904136413, 0.9542843915128858, [1]
-44.74320359513764, 0.799229403374147, 0.9487917449387325, [1]
-45.47117152313831, 0.5910039901182785, 0.6712541987153321, [1]
-44.45308612874118, 0.6862583887228768, 1.420827402126883, [0]
-44.61386077527307, 0.6934498544747808, 1.1287717393177312, [0]
-45.1452595278678, 0.42980845666176126, 1.4955215054980822, [1]
-45.31637567564403, 0.8525333181018906, 0.6378702470912857, [1]
-43.774194184737205, 0.5065658186111213, 1.063345167510949, [1]
-44.4491149378204, 0.5261162963986622, 1.1653372454843587, [0]
-44.73647845723455, 0.7134536531219086, 0.8168070347399214, [1]
-43.616743368454905, 0.7327215048079294, 0.8767809122994381, [0]
-44.837354288576144, 0.7486688211932248, 0.8530320372583644, [1]
-44.55384190617473, 0.788502761657353, 0.7660613380321974, [0]
-46.52205059637917, 0.4900410330122022, 1.1974111809710983, [0]
-44.71174285973398, 0.4303254076752472, 1.0089347884702817, [1]
-45.66897383247245, 0.623644371288749, 0.9838907272445471, [0]
-46.225759937280955, 0.5781282248365166, 0.8225421463218979, [0]
-44.22887446930837, 0.5298315727445286, 1.1089736344514998, [1]
-44.87562316479888, 0.5923903485634359, 1.1397035612211244, [1]
-45.505255037293395, 0.6353998857177142, 1.0985870760712042, [1]
-44.207970635908055, 0.4428246394471515, 0.8791267703097455, [0]
-44.630546136995505, 0.7105032324531144, 0.8585543556174955, [1]
-45.637050669256304, 0.4162869189593422, 0.6566214899659183, [1]
-44.4089847665396, 0.4911361544440811, 0.62848058785527, [1]
-43.838144624754484, 0.5363931810658518, 1.3195936090042952, [0]
-44.75412503549341, 0.6246904130708126, 1.0938899041094388, [0]
-44.51829957169706, 0.5898750264906376, 0.839638094384076, [1]
-46.00643714540976, 0.6883826461131466, 0.9285638836705369, [1]
-45.37120412398762, 0.5564867231462233, 0.7570484291416968, [1]
-44.022551059764886, 0.6035866317170416, 0.7777652391533147, [1]
-44.535196418339034, 0.59230735996114, 1.01664006141439, [1]
-44.39953243977879, 0.567772231951033, 1.1500073416861216, [1]
-43.81514146858352, 0.6124478779715758, 1.0824136000478182, [0]
-45.49453848984826, 0.5507360214498412, 1.0122625265104015, [1]
-45.52948609283559, 0.6499352849469262, 0.573584181458242, [0]
-44.10156815466126, 0.684387854839354, 1.2963935976244356, [0]
-44.9057489152195, 0.5614299772265487, 0.8601058434788966, [0]
-45.014476729035145, 0.6138491222414033, 1.034570309824218, [1]
-44.3565495720797, 0.5288943166416484, 1.0010120865141068, [1]
-44.019882618349975, 0.5017361767175169, 1.1728815240248425, [0]
-43.636596584101795, 0.6129725071869209, 1.1428925222602326, [1]
-47.39603008397107, 0.8957249020494096, 0.9349962696414365, [1]
-44.31973949728202, 0.5810915039926485, 1.2387114450322922, [1]
-44.71425290570436, 0.7442251503406353, 0.7594188498853176, [1]
-44.462926123569424, 0.7376000837189345, 1.1608590990179488, [0]
-44.87681777544711, 0.6312344795968545, 0.8592094596647913, [1]
-44.197367973793675, 0.40704067394202303, 0.9281225862574133, [0]
-44.00614782955462, 0.5451193782954227, 0.9157899309593072, [0]
-45.78784505214225, 0.7427549487756294, 0.7557012224350314, [0]
-44.44727002571603, 0.6908235455255061, 1.0484877633995253, [1]
-45.13808215812526, 0.6646032949711513, 0.8095907955958681, [1]
-46.350529827623255, 0.6651072641083611, 1.165220276914413, [0]
-44.806306172016335, 0.5546704469652094, 0.904794616448553, [0]
-45.131270471817956, 0.4978236713648542, 0.7904232810464895, [0]
-46.47517429891019, 0.4852530946792709, 1.1809058114752755, [0]
-44.83051204559031, 0.6313956620250228, 1.0172265966526712, [0]
-45.09225642178146, 0.5144454333123827, 0.8402356846156274, [1]
-46.59700527094949, 0.5186175285377868, 0.6309518203655771, [1]
-44.74627994975394, 0.6366274980636857, 0.8069713262177118, [0]
-44.295822074012015, 0.6791414328515003, 1.0005882782106887, [1]
-45.094484035211, 0.6679406718047504, 1.317629889147648, [1]
-43.47076290498406, 0.509482743012591, 1.154725830095769, [1]
-43.5228315448197, 0.4902505608675664, 0.9784499249543159, [0]
-46.07610547634386, 0.9078159886580328, 0.571808886457519, [0]
-44.722882521181425, 0.777731892235349, 0.6938168804791994, [1]
-44.56088781139973, 0.6928777456062758, 1.1225910359277802, [1]
-44.17240949705654, 0.5182699816863239, 0.7940543194153463, [0]
-45.23413588469347, 0.6011457460384853, 1.048653796458799, [1]
-44.56050714204793, 0.6164056583174239, 0.8695542702577586, [1]
-46.437987676480304, 0.7602496267671036, 1.257641894411612, [1]
-44.8960082304225, 0.5473076412441285, 0.9193119659154604, [1]
-43.78899590549634, 0.5903082047758611, 1.0388734218551055, [0]
-45.64283318675338, 0.3479242357591691, 0.6016161506712407, [0]
-45.47448503608888, 0.6091951673955898, 0.8900230050812156, [1]
-46.01063532609116, 0.6345697570702187, 1.1705340898454468, [1]
-43.78805803084834, 0.6055112614395148, 0.8809482913618567, [0]
-45.18730741091871, 0.7312725276179461, 0.49578852407022855, [0]
-46.06735955460604, 0.6393077205353294, 1.2600585648343139, [0]
-43.91589607758537, 0.5083372398905388, 1.0402537552610418, [0]
-43.76009186614392, 0.445640956714067, 0.4340398104310686, [1]
-45.84216932424472, 0.6960139806680695, 1.142429511595742, [1]
-45.0006086153212, 0.5498645237370136, 1.1749355203819876, [1]
-46.11730643595071, 0.721321290386572, 0.9472061084995104, [1]
-44.766309979095375, 0.6850229456956299, 0.797962707197396, [1]
-44.05218205419423, 0.4848807326680389, 1.0092899573593606, [1]
-44.48875116873954, 0.6118910270588833, 1.1789969999536134, [0]
-44.64383328886771, 0.5709756673379085, 1.157356720389872, [1]
-44.380555970518955, 0.5660555486041622, 0.6417630593662269, [0]
-44.10550616400038, 0.7949884446978047, 0.7469276213634488, [1]
-43.33178753113894, 0.7402385515407551, 0.7803307514569334, [0]
-43.241903278046316, 0.5901584816899299, 1.3622706774634752, [0]
-44.64255216107701, 0.7156598543140299, 1.2805970423899657, [1]
-43.94235944821745, 0.9049050409431574, 0.6861436213658031, [1]
-44.124679086965415, 0.5630800961905476, 1.250601151739876, [0]
-44.827881604462426, 0.826378909282132, 0.7732409554449244, [1]
-45.11010034031302, 0.8500297969405253, 0.4986116728980284, [1]
-44.4340469003378, 0.5568777366095634, 1.0894462130053402, [0]
-43.260961593409675, 0.6054361583438309, 0.8243554300076295, [1]
-44.336293307719046, 0.770251387498405, 1.0247213803615316, [0]
-43.46382506296843, 0.5450453166929796, 0.47122145514249747, [1]
-44.36840153023986, 0.5386073976697471, 1.3224758840707356, [0]
-44.66428605843788, 0.6854219087800734, 0.9053308681160461, [1]
-44.97240682862088, 0.7668654823174056, 1.0664515441889557, [0]
-45.098439948308325, 0.6889444730355186, 1.20163153814265, [0]
-44.21995191835308, 0.6107602981042002, 0.9927897745680879, [0]
-44.50510047067052, 0.500911961971729, 1.188640945517331, [1]
-44.036880637688114, 0.5132792863910556, 0.8973968918087641, [0]
-46.36161525919143, 0.6436134571992144, 1.1738039063139865, [0]
-44.02165665739896, 0.5855780746902735, 0.9148795570760461, [0]
-43.00638124290102, 0.8598894929712897, 0.8385172528425661, [1]
-44.49430285661219, 0.5906610411048189, 1.0991552961058195, [1]
-45.140486566138314, 0.4348407108258215, 0.9640682487249154, [0]
-46.194580796876636, 0.4472763723855377, 1.0186870355321058, [0]
-44.62836401639285, 0.5186802471474252, 0.6924361030350626, [1]
-46.505680805816894, 0.38647991458035585, 0.6694345460364288, [0]
-44.03331871302266, 0.6215510146022284, 1.2332291021969966, [1]
-45.1822822465861, 0.6076081123795876, 0.7958437183071262, [1]
-43.309621605551214, 0.7473286059458343, 1.3258652961204627, [0]
-42.70536662525767, 0.6490101972583571, 1.218705214241891, [1]
-44.27082390504931, 0.4847701905981503, 0.8672190614350486, [1]
-44.77690660494667, 0.6551182502596773, 1.251588108813235, [1]
-45.036601414850004, 0.6154130645349676, 0.7675641782162046, [1]
-44.59019661833225, 0.45312292227638346, 0.9788001065000069, [0]
-45.564565302149816, 0.6661328154591827, 0.7341144975691207, [0]
-43.93232231773848, 0.4726247847955676, 0.9635650963468261, [0]
-44.53379584421802, 0.6246818597914526, 0.9725567405708888, [1]
-44.84641384165591, 0.9612029787047432, 0.5447003800306616, [0]
-45.40791003712336, 0.5716276284846721, 1.4583602898737174, [1]
-44.83977588833579, 0.7574134982802212, 1.1263132308229278, [1]
-44.612167476378964, 0.502003063391759, 1.2002146406929353, [0]
-43.91590673005404, 0.5790808102298737, 0.9976378056342103, [1]
-44.08504768994884, 0.7569187381573712, 1.0387622789112967, [0]
-45.913572190262855, 0.5851131389392549, 0.5477363047855923, [1]
-43.429232644908105, 0.6788790243831136, 0.9997720353964237, [1]
-45.039091667666945, 0.6061313711029599, 1.553655648322601, [1]
-43.50414728744665, 0.741118888024898, 1.4157595981506592, [1]
-44.552592771998825, 0.5988523010370836, 1.166209943427369, [0]
-47.85157719182331, 0.6277352908722782, 0.8525941312332623, [0]
-43.31140816314367, 0.5558258767026139, 1.1908675726279672, [0]
-44.75074914563513, 0.6531529031935622, 1.1961896916716932, [1]
-45.581007280219296, 0.7899380355938308, 1.136159416393092, [0]
-45.29167898975405, 0.7008857636654926, 1.0204700006379623, [0]
-45.025786324014, 0.591819869701474, 1.1807742871086935, [0]
-45.78234942118032, 0.7562147256489208, 1.0137561427437332, [0]
-44.39697700563919, 0.5531258671043304, 1.2640777328597699, [1]
-45.34616050804577, 0.5399291719647481, 0.9352239288374742, [1]
-44.21050545683644, 0.6701141706929092, 0.9777905420836872, [1]
-45.695134874866625, 0.9853067978097452, 0.745154291289778, [1]
-47.12809479473679, 0.7202776931642527, 0.9290058653486537, [0]
-46.61034887168785, 0.6174195495842361, 0.8422100674012634, [1]
-45.0414254696112, 0.8345174458100681, 1.1566685272751172, [0]
-45.089999779297614, 0.7333985347879192, 0.9598617540995432, [0]
-44.11110226894211, 0.4986283526030092, 0.602960598681199, [1]
-45.992502201931835, 0.5691806064406224, 0.6937408751697764, [1]
-44.64942164214234, 0.45553309119202673, 0.9012290964881984, [1]
-44.285281635560054, 0.5979900424869405, 0.8773534472474175, [1]
-44.17195153877185, 0.7711979880145927, 0.41462166291334235, [0]
-45.51378890461216, 0.6729558725934779, 1.1484152737787798, [0]
-44.74677566932069, 0.7673880509238333, 0.5726017510288997, [1]
-45.56509001713053, 0.6469447761060749, 0.48013356057095075, [0]
-44.029120681932575, 0.6171288818091426, 1.0673057425401182, [0]
-43.58902854295616, 0.6277294762971586, 1.0007148564085868, [1]
-44.217954224126146, 0.5819759871228622, 0.9842716696551786, [1]
-46.72350060574959, 0.5406215411686658, 1.136341291536691, [0]
-44.195481979963766, 0.6819962079276818, 0.9590180140908575, [0]
-43.75233588853698, 0.635919935947982, 0.8447701112131607, [0]
-46.81962502480148, 0.5688364931231739, 0.7167929437025966, [0]
-44.425834918106105, 0.5710501478223071, 0.9463522371063234, [1]
-45.331839432349476, 0.7793445517780248, 0.6568724109844346, [0]
-44.515183666351106, 0.7663913220040919, 1.2940101037879905, [0]
-45.46007356614358, 0.5350530148566982, 1.0565554612001455, [1]
-45.61987484380232, 0.5893934661494661, 0.9244541921071111, [0]
-43.7419387872087, 0.6796070713677476, 1.209271891331159, [0]
-44.01222022746693, 0.7076118022465652, 0.949843227497761, [1]
-45.399866152098895, 0.5781055899528758, 0.9740557400262556, [1]
-44.87742303724921, 0.5500547100607092, 0.5991584739557443, [1]
-44.668941958106444, 0.6240887592235306, 0.7498326447249513, [0]
-45.89639027200415, 0.5932537422266716, 1.0937356636131348, [1]
-43.79250058591497, 0.4481463371796541, 1.1424623820933688, [1]
-44.9267296278123, 0.6904422094236162, 1.1105384888326926, [1]
-45.3170806153083, 0.6216558258862817, 1.164511653133276, [1]
-44.73919772575959, 0.8418069973593053, 1.1268792251847533, [0]
-45.90855186067606, 0.748446389059465, 1.1063927188269864, [0]
-45.13421941794734, 0.5093103692595642, 1.090313119780551, [0]
-44.94001020020422, 0.5525729703517426, 1.0198425734785306, [0]
-45.20953646158297, 0.7625467979839587, 1.3187273024254853, [1]
-44.86743630514284, 0.6427741389955652, 0.9259901362114052, [0]
-46.14187821504663, 0.5710511318355819, 1.272350671044589, [1]
-44.0698969176843, 0.7317462057138273, 0.9517616287614392, [1]
-46.77223426824328, 0.6622173092380854, 1.465904928367407, [1]
-44.283912604202385, 0.5471193010211568, 0.9252390490736515, [0]
-43.775196835060385, 0.6752354700452373, 1.0400053085457335, [0]
-44.23272668010781, 0.6706900738946874, 1.1281171593049428, [1]
-44.36372631476325, 0.667408449163581, 1.3335322663369462, [0]
-44.22020450515369, 0.7619000024861037, 0.8851085622356887, [1]
-44.05384678976679, 0.6425971515926637, 1.1375642437867441, [1]
-43.801303955010674, 0.5666813161181525, 0.7837021202930059, [1]
-44.19828371423181, 0.6217904092901242, 1.1702746847832228, [0]
-45.219980411996545, 0.7450605509975796, 1.1909549805170887, [1]
-43.70900278588439, 0.5477618624040987, 0.6191236587553908, [0]
-45.49645510932323, 0.6846936818690381, 0.929736234788298, [0]
-47.04876814733565, 0.9257795797972411, 0.6961581440452136, [0]
-46.018949510129644, 0.575659052702601, 1.1299051818342352, [1]
-45.36646792958275, 0.640337550621316, 0.751360829378726, [0]
-44.04971610013729, 0.6454667163087123, 1.1384996985368898, [1]
-44.231620946543714, 0.5424783697179514, 0.8734697185618594, [1]
-46.31372820529043, 0.5676433367740726, 1.083153290767072, [1]
-45.96316913073035, 0.7447699147551814, 0.7690013628751584, [0]
-45.12832002323886, 0.736269468111379, 1.0392105793214834, [0]
-45.946919590176925, 0.7316483965840179, 1.0322783466204424, [0]
-45.137555662561155, 0.6018851759106121, 1.42780996536715, [1]
-44.47468776006733, 0.7485507093011867, 0.8147748678568782, [0]
-45.10355361105817, 0.6327408942270314, 1.1084717231745933, [0]
-45.25665138049442, 0.5413172152554175, 1.3937944288346173, [1]
-44.306741969741516, 0.42199519318067247, 0.9161487709604377, [1]
-44.43675321318685, 0.5805324143276895, 1.0052885079107705, [0]
-44.8155781883657, 0.7711259037318354, 1.392320095950959, [1]
-44.36519252383546, 0.5501222212628909, 1.253497780726931, [1]
-45.335621228424905, 0.6978185176962739, 1.2615419890992214, [0]
-43.14881332251911, 0.5022115060060941, 1.0599314073368422, [1]
-45.4388236642031, 0.640205870638127, 1.3244551025344988, [0]
-44.992121540834354, 0.6699185856392849, 0.8234290520872831, [0]
-46.46029557646836, 0.5329705490000407, 1.3246768296928193, [1]
-43.410835622081855, 0.7019856312962293, 1.2959241720372723, [1]
-45.374012715979916, 0.5799773176347707, 0.5532544591780275, [0]
-46.67556934466918, 0.5759476804742193, 1.1022166249767358, [0]
-45.96268489863733, 0.5704160758542683, 1.1881678890672096, [1]
-45.19109262958802, 0.5545359723122063, 0.6912985279334134, [1]
-45.84009739475417, 0.5383552013254865, 1.1319433401679149, [0]
-45.660216339883114, 0.875393328501408, 0.8855420128131579, [0]
-45.55464324115079, 0.6387443178840689, 1.0960960852196169, [0]
-44.97549547684163, 0.7492496900743768, 1.1574792998187462, [1]
-44.646457037305225, 0.44450202229223923, 1.2986821447263828, [1]
-44.56302033837896, 0.5252742456688967, 1.3506385648197312, [1]
-44.70024312796267, 0.5148126679679026, 0.6606769388973996, [0]
-43.484114356621376, 0.6752459497740078, 0.8778052536095498, [0]
-44.93671144463913, 0.678357345701069, 0.7553356934040327, [0]
-44.73069780450462, 0.5663148061173577, 1.042847855456487, [0]
-45.29155894101345, 0.49005519955694016, 0.920261224486059, [0]
-43.705995322342275, 0.5449821964933805, 0.9580443227328688, [0]
-46.392489745617034, 0.5799083130973595, 1.0835082770291027, [0]
-44.7824369437893, 0.44127023439033974, 1.2039921575065569, [1]
-43.798550263350236, 0.811282996435351, 1.0327101882092258, [1]
-44.9841623928374, 0.5383190241647341, 0.7728579579967871, [1]
-44.63050416179852, 0.7293439884089694, 1.3011873442779889, [0]
-44.306048143481576, 0.645559942754581, 0.7950036774666855, [0]
-44.16367366055039, 0.43252539532584794, 1.07675898156665, [1]
-43.89469851272964, 0.6439632686663627, 0.7690732478685183, [1]
-44.84633048885127, 0.6839361743891825, 1.0559807624494078, [1]
-44.96234605338695, 0.646984489914267, 1.2657009627957914, [0]
-44.62859974992788, 0.7625080666647174, 1.060349545869642, [1]
-44.192172055485464, 0.7447331664289937, 0.9882949297234355, [1]
-44.81898548835993, 0.6314330808878819, 1.0803009772808905, [1]
-46.321031439922045, 0.6242226086705897, 1.4454033500408525, [1]
-43.60018778622031, 0.49858867894190206, 1.235637033386795, [1]
-45.484730763345894, 0.6426616095337907, 0.7998698346707702, [0]
-44.14336156903329, 0.7355180224203204, 1.2045728800008015, [0]
-44.129466484946605, 0.5536006013799524, 1.1065384618517042, [0]
-44.60363202079629, 0.579394711634756, 1.0578586383204192, [1]
-45.98369848480898, 0.6137000677580193, 1.0741764419099227, [0]
-44.460460934228394, 0.46575107470277544, 0.5943225678085826, [0]
-45.231620744921145, 0.401985635640034, 1.023541589535121, [1]
-45.839955383023145, 0.7663755009018128, 0.7480186427266233, [0]
-45.87421027546255, 0.578460479387841, 1.2894549999978449, [1]
-43.55692462955506, 0.649051675060071, 1.0546546568957014, [1]
-43.84657235791235, 0.5875882879027696, 0.8527807424043377, [1]
-46.362908436975005, 0.6338601225226259, 1.1378570077504202, [0]
-44.60701833264222, 0.6897165538806718, 1.2400240391628126, [0]
-44.913741884439794, 0.5081892528058518, 1.2018560243103076, [1]
-44.09051056608977, 0.6108620793446663, 1.048924976200553, [1]
-44.605594701078935, 0.3762308351385451, 0.6993601765155161, [0]
-44.072989761475775, 0.5810147597052341, 1.0696918801041908, [0]
-47.55838716766457, 0.4164790174295188, 1.486265428963401, [1]
-44.5106157749715, 0.39549694143657615, 0.8987486733232974, [1]
-44.694520797939475, 0.48738682134700706, 1.201397946335593, [1]
-45.78605154936954, 0.734395002907126, 1.018312078964598, [1]
-44.198143690500316, 0.5932898383110579, 0.9932960975426806, [1]
-44.19773948403942, 0.47553901569359286, 0.8487012883501102, [0]
-46.01973424514271, 0.6626351121891805, 1.1738099401411795, [1]
-45.81615275861716, 0.4656186332180719, 0.4764284178578987, [0]
-44.944313288225366, 0.6119650728432635, 1.3095805885278142, [1]
-45.043118450706864, 0.567554919393011, 1.4589460908115228, [1]
-45.914189584801306, 0.5865984744143832, 1.1850856213966727, [1]
-44.19079735586275, 0.4519145797698335, 1.18795172523817, [0]
-45.02611072991529, 0.5662276040112888, 0.9741947289236221, [1]
-45.55012010576509, 0.7108174520689636, 1.2185286649975557, [0]
-45.02663381597439, 0.5710486608940921, 0.8558002360927246, [0]
-43.26802073180072, 0.6807353710551451, 1.1612046983477424, [0]
-46.396712094314566, 0.5697353060958275, 1.3192480967266633, [0]
-44.17680641684724, 0.6353948615278119, 0.9390473168407596, [1]
-44.51211286645578, 0.6673975178135527, 1.0569575762696954, [1]
-45.65498071516645, 0.5319201396590432, 1.080551771225216, [0]
-45.45956368342589, 0.654536751510512, 1.1798829397479897, [1]
-46.708723530413124, 0.6050477705418529, 0.7404104380894404, [1]
-44.79745079793835, 0.5189071251904968, 0.8399519545634465, [1]
-46.13689178690836, 0.8346013301643511, 0.7805192136157671, [1]
-44.76691608249899, 0.8757100495206338, 0.8275780969060996, [1]
-45.265512558318484, 0.6368172757475867, 0.8849100201057661, [0]
-45.61116709915087, 0.6707823968262487, 0.5952030848655767, [0]
-44.541867769272585, 0.5825486602460939, 0.9455709135510718, [1]
-43.916584401649445, 0.687925890152016, 1.1357791808387199, [1]
-45.97820664015496, 0.4182284754042198, 0.6133628837862144, [0]
-45.77719119179224, 0.796752792411459, 1.058266847822189, [1]
-45.599602281951945, 0.7203567080391229, 0.4542915134958446, [1]
-45.68080641481154, 0.6515538541425199, 0.7650937832460233, [0]
-47.00018671033089, 0.5214011009737819, 1.2418678836783816, [1]
-44.07602580145346, 0.6194450034442189, 1.0591913879790815, [0]
-44.26242804188117, 0.5482909248856267, 0.9117718610761463, [0]
-45.201015249571086, 0.7014879756813419, 0.7377721913715998, [1]
-44.736151082397726, 0.5784692137445729, 1.2916593247433843, [1]
-45.52868237422564, 0.8046029975527682, 0.9396193853081445, [1]
-43.419079977301685, 0.5843488461269453, 0.8146759586169433, [1]
-43.8625589684925, 0.5540170018722885, 0.9306207487319399, [1]
-45.182877469159955, 0.436206834712873, 0.7161715013328886, [0]
-43.64957563762569, 0.8399829682144522, 0.6621041611018381, [0]
-44.75944383596731, 0.7296381917574618, 0.7080917024146668, [1]
-45.874371268613444, 0.5574299170459946, 0.9469470118187664, [1]
-44.40390890192393, 0.45250048975129264, 0.9434802078892238, [1]
-44.825452461981016, 0.5839351516492638, 1.0560330620282932, [1]
-44.960016376104114, 0.42687278669657236, 1.2476416795804872, [0]
-45.98042826315619, 0.6361427444872078, 1.0096905270422172, [0]
-44.30188885632598, 0.748905334658213, 1.021312333682134, [1]
-44.84462160499898, 0.6470935055589172, 0.8727147099344341, [0]
-44.94950218913934, 0.6998788033117083, 1.0736036257823809, [1]
-44.090105912716126, 0.488622181752571, 0.8934650777690861, [0]
-45.51007149283363, 0.5458784580799259, 0.9831862019940569, [0]
-45.90609351201663, 0.6031863981816796, 1.3772222260707676, [0]
-45.33501184820556, 0.5708236087589776, 0.47361179485953486, [1]
-44.55899273604723, 0.5633452580498226, 0.9986861141189567, [0]
-45.7100221549452, 0.6668882545543132, 1.401486960462522, [1]
-44.23000456666116, 0.7076923914034969, 1.0587132398714543, [0]
-45.69509594748993, 0.751204808772699, 0.5874889131343379, [1]
-44.49589094525348, 0.6085929761198611, 0.8035836341755632, [0]
-45.311352246485846, 0.6731123894582529, 1.3779762101495925, [0]
-44.650155027816645, 0.5291681698518848, 1.5015963521815647, [0]
-44.881347497494794, 0.5043115565188686, 1.1638618117404065, [0]
-45.75162805225234, 0.6211211507366016, 1.0747479041082415, [0]
-43.89288509988975, 0.6414840991750054, 1.1245541273626831, [1]
-45.34170698647094, 0.7473905378559804, 1.338501784611465, [1]
-43.51282720503821, 0.35424318922995024, 0.9283237246311282, [0]
-43.99523634850373, 0.46156351029430764, 0.7946690105701921, [0]
-44.33970248186125, 0.6251656243359829, 0.6100220159416052, [0]
-44.30863565542123, 0.5472408460138466, 1.0486173845042266, [0]
-45.18817867065784, 0.6629023134142065, 0.9476766494983777, [0]
-44.207694389534794, 0.5105222283085915, 0.8203297336927726, [1]
-44.42883489819088, 0.6316984331487504, 1.0631548789767222, [0]
-44.41609279620517, 0.8231766879697398, 0.9832955166171234, [0]
-44.04300335325116, 0.7669031181829462, 0.8776004044445908, [0]
-44.81783064543525, 0.4404463088226378, 0.712010411810093, [1]
-45.56106793893338, 0.6610830490875161, 1.036432332810384, [0]
-45.14421716340483, 0.6140197096884429, 0.8419572255352752, [0]
-44.88280981554386, 0.7074035027176422, 1.1735210430292524, [0]
-45.85822181391856, 0.48975744637349045, 0.865940191922443, [1]
-45.723578693796235, 0.7406168010778797, 0.9163786798151491, [0]
-45.96221694977106, 0.7335867983324235, 0.7899644806160012, [1]
-44.77213081757337, 0.6146349766610013, 1.1931814072929798, [1]
-45.96961216369776, 0.6563407930952221, 1.0016737552375694, [1]
-45.32193455784148, 0.7974082807804328, 0.9188774447681082, [0]
-46.47360942139401, 0.589545684887713, 0.7389160174716469, [0]
-45.63906555272761, 0.6739573826730857, 1.1542111519726617, [0]
-43.9614463608385, 0.5258858989337555, 1.0468880778592435, [0]
-44.34801627379647, 0.6189835273461887, 0.37306778985634687, [0]
-45.14255531647179, 0.5318579590130118, 0.7650423656206039, [1]
-45.807821266640005, 0.434769483193278, 1.2481211004841701, [0]
-44.39908056388657, 0.5137330891344978, 1.089351350638334, [1]
-43.98554754598089, 0.7401294705629348, 1.055080545526496, [0]
-46.843863880117404, 0.5103744538238588, 1.181526298652112, [0]
-47.68131710606399, 0.5131647919676814, 0.9126226009816548, [1]
-43.94075142358012, 0.6833627740705827, 1.1747756271135525, [1]
-45.32145763758449, 0.6094274018719269, 0.8651073176195463, [1]
