t=4.770093027636226E-5
logZ_t=-0.3678013532940394
-7.384980827117144, -2.6596434315220097, 1.3128958302979663, [0]
-7.331545872169281, 1.3119414470133797, 2.781142875150062, [0]
-7.592638414626677, -1.2332050952458353, 1.775281423834593, [1]
-7.479177326147154, 0.7477183779654477, 2.667719615041779, [1]
-7.5545179253407655, -1.0742633376039792, 3.011681811983592, [1]
-7.356862636143906, 0.9290758969911752, 1.1755622849051472, [1]
-7.378147106004036, -1.8265865158581769, 2.7676426002112895, [1]
-6.980507449406561, 1.4956971651087987, 2.458326481923446, [0]
-7.413708517362832, 1.376757241656977, 2.2323688198733116, [1]
-7.169366512263098, 0.8416497170315307, 2.904341651226196, [0]
-7.085669566238492, 2.8633367098432414, 2.1660577040821187, [1]
-7.883569144561541, -3.2274418474387168, 2.8478788258763226, [0]
-7.2809515732114924, 2.0598348198434655, 3.163456026446215, [1]
-7.235101740393025, -0.6418834626838561, 3.251304730757993, [0]
-7.1683752169048605, 0.6257680531208061, 0.8538432929258337, [0]
-7.608193951964709, -1.9421669541402606, 0.3741659526311234, [1]
-7.609899515538448, 0.36534784211227284, 2.6022462935536437, [1]
-7.1272280249906785, 0.45826422958379265, 2.9985086705384374, [0]
-8.012225219135614, 6.239361592120822, 2.0242282506544145, [1]
-7.390886149803928, 2.827836368713472, 2.7015351217803154, [1]
-7.34120772649324, 5.391512774322684, 1.6287138746139571, [1]
-7.529861592784014, 0.30325684368751205, 0.39873872483550743, [0]
-7.249533534179204, 1.3152995278963129, 1.1137420096550936, [0]
-7.111762743982219, 3.21536679946887, 1.048629561916099, [0]
-7.1939841007940535, 2.7024563222771514, 1.4776248176403874, [0]
-7.00053977555643, 2.8067662406930025, 0.9231918331977763, [1]
-7.228955095142667, 1.4272053080079585, 3.4625034507747965, [0]
-7.332202110444726, -0.27559765936255043, 1.5075457080241241, [0]
-7.076887213098461, -2.2025045274339963, 0.9427189203874842, [1]
-7.555393908819435, -2.9302239749162844, 2.630270658931499, [1]
-7.1618027913735105, 0.7955271384413306, 3.1374706688071354, [0]
-7.556710467837634, 2.0278359399561063, 2.9018773159221434, [0]
-7.070258498185016, -0.13813865799887404, 3.0284585931543218, [1]
-7.11839142746362, -4.941236710992731, 2.007285447049477, [0]
-7.531401728737706, -3.851343227107813, 1.6845813893858708, [1]
-7.2452987646494815, 1.3835511745145173, 3.105651603169402, [0]
-7.591931571746558, -5.490984569776154, 1.8021725727099813, [0]
-8.098995312377696, -0.46331466249174, 2.657010843497085, [0]
-7.6703444914007735, -3.8065458746167966, 2.5289582141500366, [0]
-7.179817191443235, -0.5405476213850837, 2.9798801111898316, [0]
-7.474371408066564, 0.6150974397095055, 3.227923940347979, [0]
-7.594988149716762, 0.49044931436460937, 2.942729065400367, [0]
-7.116534349197922, -0.16881597533259973, 1.7273214690024403, [1]
-7.237059679864754, -0.6550404517792755, 3.496633972435641, [0]
-6.990525924104437, -0.4292658385390969, 2.1823750258368113, [0]
-7.833251148204101, -1.9233489702327287, 1.4979968236806556, [1]
-7.028568415237433, 1.066387542480865, 2.562884619448143, [0]
-7.184966180931377, -0.7766305764496937, 0.07139315059876411, [1]
-7.183035984407964, 2.5109167650009008, 2.051270002207304, [0]
-7.0831553359985895, 0.29271183463525263, 3.026925477235522, [0]
-7.217780499787815, 1.214750177197835, 1.279547437845605, [0]
-7.120582413817215, -0.23682057201363804, 2.1426668053227997, [1]
-7.198105542138759, 0.8729463200619729, 2.6863155680026685, [0]
-7.081875378924216, -1.192684829826903, 3.142184430092386, [0]
-7.213882909588642, 0.3640320932365708, 2.7110240854167538, [1]
-7.012311523843009, 0.7076765504647122, 2.593912622445227, [1]
-7.056781954615999, -0.7657575407353154, 0.4982168171044702, [0]
-7.233833335532954, -2.7784131012156217, 1.5201206993262488, [1]
-7.773914953763369, 3.2636897181498354, 0.6546146227426604, [0]
-7.150783364502265, 2.0297190894563344, 1.8598146651822267, [1]
-7.26856479275664, 0.8185947718557613, 1.8235814781723854, [1]
-7.33772047585241, -0.9043293138796517, 2.443111124100846, [1]
-7.124501627788627, 0.4094074292239105, 1.9777838353166666, [1]
-7.386606132182369, 0.605780627784037, 2.147917757567334, [1]
-7.281244839324417, 0.5487881229349105, 1.4764803113508511, [1]
-7.00590534048065, 0.21917242861808583, 0.08810659987881797, [1]
-7.492629099630953, -2.17068952105615, 1.5701313412719142, [0]
-7.810104401670321, 1.9389937218387483, 2.765899558834023, [1]
-7.292984355799751, 2.6756927314497783, 2.9228463492702517, [1]
-7.2157790853799835, -2.1336029756788797, 1.0974915870729625, [1]
-7.3521547949804305, 1.407972154706939, 0.3979135999644341, [1]
-7.510690776393002, 1.440835537793666, 0.8393761553685111, [0]
-7.146429755026147, 2.0750304727532636, 2.609259988168878, [1]
-7.529680302482079, -3.00659204560317, 2.6641390580026028, [0]
-7.648159036268044, -1.4970217409031767, 2.097880534977149, [1]
-7.412389190466324, 0.2561576457082654, 2.7698965931470383, [1]
-7.396248574355849, 2.5300386072803067, 2.319202814984655, [1]
-7.177144814810334, 1.920207090932646, 2.6487532364945006, [0]
-7.485885988907887, -1.5471758668591593, 3.426958819716521, [1]
-7.174641709305996, 2.9174823934708995, 1.6601193527893503, [0]
-7.274124465853492, 2.0414478551666324, 2.0287511620466265, [0]
-7.199814382151658, 1.2006543260565175, 1.8835972727009183, [1]
-7.076481925980799, 0.9649918574471213, 0.7382492665582446, [1]
-7.630428381717121, 4.02564067705821, 1.9057489662696416, [0]
-7.46571914697729, -2.0739256417535232, 2.9317536080401894, [1]
-7.183689769981284, 0.9143111985630229, 2.6289456981028483, [1]
-7.121323084281991, 2.256649211543242, 1.9490795776183647, [0]
-7.306886911382293, -0.6881304781785587, 1.1319319249926758, [1]
-7.96698194976128, 1.3251549527916928, 3.167756078343334, [0]
-7.375408644889229, 3.8372871723130686, 2.5679030790058635, [1]
-7.268884165824539, -0.2796242295797322, 2.7124092373700197, [1]
-7.353277675997481, 2.8313432540997137, 1.6262061179707308, [1]
-7.038874702212337, -0.8918257859948786, 2.0803903663271517, [1]
-7.569876624811625, 3.24942367444152, 1.888140646474281, [1]
-7.273375183765505, -3.013280082233028, 3.179428730257472, [1]
-7.192584997258602, 0.8753455068330436, 3.0982788594953767, [1]
-7.739863856971663, -2.464419083612944, 2.7565229196414722, [0]
-7.000356420779582, 1.5120582976510186, 1.6071994922240425, [0]
-7.192946529677651, 0.07195808142257354, 2.379554692416822, [0]
-7.1464044895641585, -4.557474958681565, 2.3602852873690408, [0]
-7.061983025720227, 0.48865933781475657, 2.713900103092856, [1]
-7.1714089355119714, 1.7605108579284274, 2.3298703419054543, [0]
-7.149729222368603, 0.8118976095963586, 2.385132985433752, [1]
-7.142098952352503, 0.5979722874535081, 2.0663247538140754, [0]
-7.140269242982057, 3.513719573511952, 2.010894694097329, [0]
-7.305678131090606, 3.588686243852613, 1.5742590272238015, [0]
-7.577059652587622, 8.392199472528972, 1.1381134692091217, [1]
-7.2754010673426945, 3.3070680591591426, 1.8254054141453624, [0]
-7.259439898700594, -1.0862518571537907, 1.3965430932370235, [0]
-7.551875975411358, -1.695155016981194, 1.4170050009559558, [0]
-8.009444035056314, 0.7639413660589369, 2.6263326025359466, [0]
-7.065241941691913, -0.37305749873933747, 2.3457471621065964, [1]
-7.216850368520827, -2.6779646333496445, 1.9868172277391922, [1]
-7.195511130248753, 3.816567298398235, 3.1785567082252246, [0]
-7.163561262944401, -0.05679208768461788, 3.373423383960106, [0]
-7.154820169856438, -2.1481318404866685, 1.1725756364292774, [1]
-7.352046432044989, 0.4001421737417259, 2.7072583169213744, [0]
-7.4984709264848295, -2.983214373298967, 2.8762650413052926, [0]
-6.973071964864966, -0.12279003208170552, 2.369224120318355, [1]
-7.1059699323631085, -0.3319073177497749, 3.725436052733973, [0]
-7.045853578850774, -0.1615837882301342, 1.8803010781269816, [0]
-7.163553230587114, 0.5719231664880521, 1.9689482744106894, [0]
-7.294478871707526, 2.0905332643424734, 2.4236261597955697, [1]
-7.073052497778172, 0.33810948005988006, 3.061407940134221, [0]
-7.441023545143068, 0.2942912365526811, 1.1646231434848135, [1]
-7.134800938312955, 1.2743684275141216, 3.0557624132842136, [1]
-7.128914336285577, 3.0909314220573396, 3.73966757915684, [0]
-7.918307604633118, 0.8297558798477842, 2.330031099316574, [0]
-7.8196327670006385, 2.2397309864250956, 3.545797242037084, [0]
-7.680322316238475, -2.8379706794833477, 1.2050460645874397, [1]
-7.194585403882668, 1.1056039514957812, 3.6536842755735606, [1]
-7.016686422021648, -0.1750706104116968, 3.62702301950846, [0]
-7.593589517241302, 2.5042198212639057, 0.9160658039838787, [1]
-7.2175055297964015, 0.8344926096051797, 1.6300532505028724, [0]
-7.295142457552263, 1.9081792960973067, 3.3198316250926863, [0]
-7.054022325194765, 2.2515830476714047, 1.3143026863221785, [0]
-7.280982470359702, -1.4047212605677912, 2.5744547552129964, [0]
-7.133366542783288, 2.293918734862838, 2.048309155285968, [0]
-7.269087398990768, -2.26845056304579, 2.2005383298737886, [1]
-7.439640070636863, 0.42902820637616135, 2.9385371771748785, [0]
-7.286914904804295, 0.571293299115107, 3.067736826864224, [1]
-7.382834026854327, -4.719056111561572, 1.4383143073751332, [0]
-7.496413392791616, -0.10672041962610557, 2.966085554496975, [0]
-6.989628082431367, 0.716361880729592, 2.668372958835322, [1]
-7.372592585477459, -0.601270699213192, 2.925795960562503, [0]
-7.0392336691049495, 2.535851314634663, 1.4824326763535471, [1]
-7.185447480324344, -1.4007653873804913, 1.2694620529028102, [1]
-7.761442581074283, 4.105577983551536, 2.5887075942279703, [0]
-7.253403797678297, 3.0173641048807394, 1.9869188496813832, [1]
-7.986234798711671, 0.3448763853080914, 1.6951982456573493, [1]
-7.244068416776401, -1.2403578539930358, 3.130193716625719, [1]
-7.048573920243434, -1.2015429052680666, 1.4575021351427988, [1]
-7.339138941749424, -2.1397532488086815, 2.95625233682303, [0]
-7.101069171823127, 0.5282250473519995, 1.6234513760684322, [1]
-7.5880986465485405, -5.049780629967696, 1.2551128110106933, [0]
-7.252272069057706, -1.079290758509094, 2.880717802788964, [1]
-7.08957552361382, -0.977114520711726, 2.4993393304465528, [0]
-7.147482077525602, 0.9434606142924344, 3.1092986797918427, [1]
-7.130308775878177, -0.8836600435461757, -0.5442078941794901, [1]
-7.307231185690972, 6.290136894083075, 2.510754021935239, [1]
-7.115103107726163, -0.8906300445915906, 2.626198526194106, [0]
-7.166872555169604, 0.16314605610996047, 2.423647129183786, [0]
-7.242683492750677, 3.484346304137449, 2.737425198129107, [0]
-7.485069074147603, 0.6825778706309447, 1.4490597678880777, [1]
-7.256953092672141, -0.10374617044985701, 3.016075658622116, [0]
-7.404528935302415, -4.245298837279499, 2.676383771278779, [0]
-7.5872693324372795, 5.457154357073756, 1.7710867314514207, [1]
-7.1808333082347975, 0.5447658661688899, 2.135365542411381, [0]
-7.281503349007699, -2.175595744126481, 1.7004302632198143, [1]
-7.6578113272442865, 8.50721082876574, 1.4236514522071226, [0]
-7.425026392704459, -1.3325420250405826, 2.096004071520405, [1]
-7.423133924990199, -0.9211209734706705, 3.541246854969384, [1]
-7.08368031209039, 1.2872984247439938, 1.273366886393374, [0]
-7.212420312622963, 0.675181364823477, 2.3285750665709717, [1]
-7.393606723493136, 1.8569591715535583, 3.106250317650974, [1]
-7.888523601408528, -3.138112575779806, 0.9580311379143442, [0]
-8.300518103210369, -3.427788763392324, 2.638329118633833, [1]
-7.422674895974889, -0.5713076698333843, 1.9651223212922382, [0]
-7.378111036669984, 2.9290223253318235, 3.029484282660288, [0]
-7.3379725190768195, 2.7859264223303795, 2.604674518829349, [0]
-7.619846319628179, -0.10995884423505808, 0.8551780102804596, [1]
-7.076692950218036, -1.1934362850179854, 2.2049122641036805, [0]
-7.302461797725064, 1.3213355692045075, 2.606398818182639, [1]
-7.208421344258209, -0.8412903883626373, 3.093939346807071, [1]
-7.428489052302222, 4.259946804539501, 1.4622397893255297, [0]
-7.505917091775447, -0.6642989441258598, 2.4184608912627037, [0]
-7.320383852401732, 0.6240073926926746, 2.123672242016029, [1]
-7.202369947255225, 1.9555160054794922, 1.5752878079305732, [1]
-8.00316456945386, -2.7016847767755303, 3.066715391488663, [1]
-7.185584072961348, 0.2494386596115259, 2.253678648764858, [1]
-7.2682420776335945, -0.5274503110696429, 2.9839987518433104, [1]
-7.199440136351698, 4.846585585544068, 1.9864871703626816, [1]
-6.97624228254579, 0.46691148773070523, 0.9733569880647805, [0]
-7.0798390667148, 1.6143296841683665, 1.7100606820887716, [0]
-7.114086329506741, -0.28247862799715406, 2.9602851703579507, [1]
-7.18344866400755, 2.0805340275973654, 0.671802582327369, [0]
-7.136693545129804, 1.4574319187205869, 1.9904463453141594, [0]
-7.09511486320388, -0.2651381617022335, 1.9591052167828442, [0]
-7.386156239688769, 4.035514502635806, 1.72379592004381, [0]
-7.614648414089653, -0.8584079442422794, 0.7518087419546213, [1]
-7.160853674435173, 1.5840128628814931, 1.8686354178330284, [1]
-7.024078254816715, 0.6500960166493915, 2.908623734569135, [0]
-7.748019341009741, -2.595350706554859, 1.2301965533438133, [0]
-7.382303722810086, -1.7541806827503046, 2.7280486525613505, [0]
-7.021016579464245, 1.9906418425866272, 2.4490463517099337, [0]
-7.079809516692098, 0.7726886150069541, 2.6431815907901015, [1]
-7.108616446657468, 1.8360962320008398, 1.6898501721687347, [1]
-7.717412280864618, 0.8383845871558127, 3.093251800292216, [0]
-7.103519431074759, -0.96775285182696, 2.0630932703094063, [1]
-7.212933084700703, -1.3171158312074174, 2.038080185892089, [1]
-7.026977422902504, 1.2836907358496057, 1.8984065253959541, [0]
-7.1908037436264145, 3.3137424296866547, 2.2796232760681896, [1]
-7.1171983462211195, 0.9590372439267121, 0.7244609469660781, [1]
-7.525461271833975, -0.6856115839895112, 1.089735160530666, [1]
-7.040924822331565, -2.800294500559234, 1.6418976456294208, [0]
-7.211102612892712, 0.12985323279690753, 2.5885574293953733, [0]
-7.370770778302714, -0.8743407720688265, 1.1729746358519733, [0]
-7.182840137059507, -0.39649384463598647, 3.4117771151588094, [1]
-7.0607695631839285, 3.422687461815749, 2.1093001917380443, [0]
-7.07625503616819, -2.2944589547853096, 2.3236098229464455, [1]
-7.0409120105563545, 1.4396128742783731, 2.511928182465495, [1]
-7.324618274417859, 1.014815382718804, 3.54389095208548, [1]
-7.393208185380905, -1.6592308734741654, 1.728379789809446, [1]
-7.307547862955309, 3.1372768134695614, 0.38007900559350194, [1]
-7.103904004369415, 1.271474677317139, 3.889064153622095, [0]
-7.191125284322824, -0.6043797379008502, 2.3425246197422878, [0]
-7.70421010098123, -1.855309450348458, 2.8733851763134757, [0]
-6.975906401617341, 1.342274517032802, 2.248919577291132, [0]
-7.294957529448186, -0.23736503628568617, 2.380429581225051, [1]
-7.094932694005331, 3.3355569954341586, 1.9673069292950582, [1]
-7.594688455777055, -0.6735920677940408, 1.6193464508298758, [1]
-7.253289182219838, -2.0920340729915208, 2.5322572705810864, [0]
-7.192352716443989, 2.1665346516306734, 2.2395813305234684, [0]
-7.3351151761145195, 0.8177110895899928, 1.8990526230749376, [1]
-7.0273265735922426, 0.20005347606786072, 3.181079276345656, [0]
-7.59850417286336, 3.3692181018725984, 2.6809463427555684, [1]
-7.0892560268093066, -0.3464237875397529, 3.307847433181062, [1]
-7.148910262542231, -1.5144412700640615, 2.5277124611069586, [0]
-7.282813262614647, 2.066189716894043, 2.7113957809333704, [1]
-7.227513843625043, 2.798006857214455, 1.654179627910453, [0]
-7.187442662650017, 3.6524489105017843, 2.492976163245559, [1]
-7.234869357477727, 2.0071339564530457, 0.8417970979862694, [1]
-7.018844733963494, 2.0981633004902793, 2.6239058298361204, [0]
-7.3534254440114255, 1.744143005217625, 2.2193965604892973, [0]
-7.156719400596566, 2.2490843095608355, 1.9031315501575696, [1]
-7.053702230241686, 1.4844767518254631, 1.5678395222005646, [0]
-7.515912606801397, 1.1621566560308945, 2.8197884423375736, [1]
-7.140549109084104, 1.0996871517739422, 1.6528501989249411, [1]
-7.0848583295428265, 0.3966682846942528, 0.7158307137197564, [1]
-7.1080762104894815, -0.3810448167088829, 3.3170032695837977, [1]
-7.055221267153525, 2.0475799106468475, 1.86794539259302, [1]
-7.0548894619601406, -0.2510780610424217, 2.940820146987824, [0]
-7.409823724536268, -0.011923317733311123, 2.30926521567418, [0]
-7.668927156752109, 1.759211901638888, 2.3351416474911355, [0]
-7.898882002679282, -2.4300805786821376, 0.17833854289259587, [0]
-7.0325879399016875, -1.6010561638617806, 2.4029755323230026, [1]
-7.179802639255245, 1.1566052090930574, 3.293446678592902, [1]
-7.446012126257154, -2.940165167006336, 0.9754058484744417, [1]
-7.147554826634916, 3.2865535955180505, 1.915814380196605, [1]
-7.2874546161937435, 1.8441171938719507, 1.1078561579839028, [1]
-7.265046508124663, 0.9277511167361312, 2.5568848308152825, [1]
-7.179750389208978, -2.390210432198535, 1.5332122749556618, [1]
-8.258139034965355, -0.1716909298516478, 2.5010869029181406, [1]
-7.531702732808386, 1.9999271295290786, 2.1853165174071645, [0]
-7.332039597522774, 5.840190126898936, 0.8403716668296012, [1]
-7.254395802917813, 1.4788195765545942, 1.1059059220818863, [1]
-7.561214881233129, -2.5083357447075088, 2.1585968838941376, [1]
-7.1602178887120385, 1.5125119032193988, 2.2803717399902124, [0]
-7.577167034307747, 2.7742778447348644, 3.107307319177189, [0]
-7.113493000960497, 3.81700428470696, 2.790960675636164, [0]
-7.396058942965285, 4.47753827765628, 2.2242590534820295, [1]
-7.381531371278014, 3.364711343784454, 0.9099811890137813, [0]
-7.523389230442821, 2.3086239181606647, 1.420545683119258, [1]
-7.09533584595337, -0.18700722846189777, 1.8845639507679866, [0]
-7.142893525576431, 2.2002274725323616, 2.3987477897319045, [0]
-7.077939835852866, 0.904796415149272, 1.9457804218343149, [0]
-7.548037297756473, 2.962390425744636, 1.3306704861738106, [1]
-7.0804550708943506, -0.12821103574153953, 2.1974582766559214, [1]
-7.163041154685023, -1.0643697924050661, 2.7679365162266327, [1]
-7.285555656840448, -0.9134335163744083, 2.5729004172415726, [1]
-7.334360520606954, -2.5617400294689046, 1.2457637461960147, [0]
-7.364403484593956, 0.5721167248232303, 2.889666119953292, [1]
-7.539998676758988, 6.4310652480133506, 1.8984804873241967, [1]
-7.348055262330583, -4.645050064584083, 1.2828210231703085, [1]
-7.069148662771359, -0.5896529098490945, 1.9536863992865894, [0]
-7.122313399593476, -2.0946748060662133, 1.458539357333954, [1]
-7.332995755038894, -0.3911638867775795, 2.9185264074190402, [1]
-7.404036916334735, 0.6094809026892096, 3.3054524514426653, [1]
-7.330749341704291, -1.7785433341461034, 0.16801604380838153, [0]
-7.143982251147783, 1.1547265845893624, 2.336380026471012, [0]
-7.3529543479435935, 2.4187092876573257, 2.7801087826336297, [1]
-7.31323531809251, 5.078016676847728, -0.1218616595370765, [0]
-7.153816408261863, 2.130729717535658, 2.146998803282875, [0]
-7.241575919165018, 2.322360054477535, 1.8671757201240715, [1]
-7.123285792798224, 0.7850415851654979, 2.753336418356831, [0]
-7.397128290093407, -0.20713012894465033, 2.7962823649971047, [1]
-7.010172545802326, -0.9848862925906172, 3.043573502852209, [0]
-7.19490115766954, 1.070286580689569, 3.2760977544963774, [1]
-7.820504436679578, 2.0620527881753223, 1.6749481382758638, [1]
-7.332115303698698, 2.379923572161694, 2.7705608544838576, [0]
-7.428342356906197, -5.646183916029695, 1.1504851024932679, [0]
-7.911358073185384, 4.444884672334216, 1.9299243136374313, [0]
-7.251225827459209, 1.317455503399355, 1.1487107672301913, [1]
-7.312659595715614, -2.7738841406177723, 2.159675574449451, [0]
-7.010650812354025, -0.5104298433694126, 2.8952753909872087, [1]
-7.310289480819161, 1.7196456222776308, 1.2552632805642632, [1]
-7.847378465262764, -3.683349219161152, 2.442649453211657, [1]
-7.270232501152482, 0.58353045868055, 2.9241533710310956, [0]
-7.216830583383348, 2.791075942777339, 2.0715532017873515, [1]
-7.097628174187291, 4.917748867717789, 1.4518713839157633, [1]
-7.145547607311047, -0.3965039084819585, 2.3742754689248646, [0]
-7.405122780465165, 3.201025430865382, 0.8074560847896008, [1]
-7.409043158937227, -0.6664989856857402, 2.3857556587065125, [0]
-7.35053690748007, -0.6472779092069298, 1.2995684053419756, [1]
-7.210741444467544, 0.840469081465572, 2.9932957416844745, [0]
-7.030599639988002, 0.46942317413429135, 3.120822623354004, [0]
-8.1663461939636, 4.787365108116842, 2.5490122111588986, [1]
-7.174407469030195, 4.028015731723811, 2.0649792151995365, [0]
-7.141113009756925, 0.7011151603874315, 2.6291311688233794, [0]
-7.195305414281171, 0.275769303318288, 2.805180884226948, [1]
-7.205327508181709, -0.7887592145591297, 0.4352551261877009, [1]
-7.869930272993617, 4.4579758877759526, 2.8475573732718282, [0]
-7.274733410271696, 2.3742486688288373, 1.5553118749937287, [0]
-7.111922924974261, -0.5976006634760052, 0.4495576219277335, [0]
-7.209279310912857, 1.6861611962781353, 1.4018910671474918, [0]
-7.204175061266654, 2.470821516065461, 0.8995791778170646, [1]
-7.015709357809131, -2.471406264141525, 2.4171488821238976, [1]
-7.803692390361771, 0.7964418988749848, 1.1457330834615833, [1]
-7.621877984937452, -3.286699597440145, 3.038840212765624, [1]
-7.116632341698317, 1.0629623806421806, 2.7145836653932083, [1]
-7.539736718066705, -1.7356992340967294, 0.5458672887936054, [0]
-7.116596887573589, 0.6556782467810534, 2.665425521057476, [1]
-7.398315130831812, -3.54883763485188, 2.733461788573953, [1]
-7.244562206856355, 0.9058830248485403, 1.7535697561259338, [0]
-7.41724560151935, -3.94963496629981, 1.3527633334002487, [1]
-6.99246094938662, 1.8194426079830204, 1.699038361221612, [1]
-7.09321982587473, -0.9033289945826422, 2.2051715716720803, [0]
-7.179075745620294, 3.072717323198315, 1.9695986696797814, [1]
-7.113542959396965, 1.0703743867590172, -0.5129762515828697, [0]
-7.103189626876071, 2.1907659707074894, 2.2583542834836994, [0]
-7.0694094890770725, 4.724938985127231, 0.7238961335564218, [1]
-7.440186673258775, 0.9849367425234695, 3.561379849768428, [0]
-7.553002515136091, -1.5948878394003194, 2.169229257766909, [0]
-7.166523169006129, 1.4210904472178405, 2.4729635726607837, [1]
-7.1865475488981, 0.8637278680429128, -0.5228088698279173, [1]
-7.333738232590156, -0.07207810733094355, 1.7039857039064092, [0]
-7.029167200950703, -0.22489539423957594, 2.366665696745506, [1]
-6.965302208006342, 1.7312365944658923, 2.661086110769605, [1]
-7.113275375305645, 0.6160068249739947, 0.9140864762219947, [1]
-7.030421419993873, -1.5519472320053853, 1.658745714721362, [1]
-6.970514233361074, 3.4400101783166734, 1.4856920291443638, [0]
-7.238336157051828, 0.17020857865257, 1.970362332531236, [1]
-7.353643308767814, -2.352236207152404, 2.6849606162099033, [0]
-7.867308969003622, 0.20891095317554764, 3.1506984837564485, [1]
-7.718514467642283, 1.5594564714333976, 1.5481533227672264, [0]
-7.305261952040978, 3.0868195902998736, 3.1517552228065426, [0]
-7.476335564046826, 0.8052288992363805, 3.3897589420918806, [1]
-7.4230302654743, -0.33727082342356124, 1.4820097267874373, [1]
-7.124092871222241, 3.0864895801984114, 2.922382708758511, [0]
-7.385461904025521, 2.0674382393490762, 3.490205510883836, [0]
-7.1926844189128145, 2.5586059212213605, 3.6115902613473536, [0]
-7.274156294910787, 0.9593909502165124, 3.6281838668012654, [0]
-7.011434098800157, 0.4705057947015877, 2.330840128277149, [0]
-7.256918628008436, 1.10444105560375, 1.238689686493426, [0]
-7.145396603984434, 0.6179828977922792, 2.8429088982878294, [1]
-7.512508902444337, -2.087797529374058, 2.949983550754086, [0]
-8.039362733464696, 0.7826977412458624, 1.833070791021908, [0]
-7.436079968262511, 3.704632205024088, 1.216764869437036, [1]
-7.656697266287669, 6.697625559601297, 2.4025865396745156, [0]
-7.154106562305144, 2.8185046290824394, 1.937955182394032, [0]
-7.210682957081475, -0.46384316886424753, 2.835908482192823, [0]
-7.278808893710729, 3.08726338944869, 3.261405817180709, [1]
-7.074398209833122, 1.7494883919491973, 2.1894209545193295, [1]
-7.317083154292312, -2.1035963378235643, 3.3205629618695487, [0]
-6.9817773606795495, -0.4840348982271748, 1.5868701528717426, [0]
-7.473749682104853, 2.192337374349417, 2.7040010860054675, [1]
-7.5220425449918435, -0.8032400079123907, 3.4028953068109296, [0]
-7.495331324251548, 0.9623193268227694, 1.9774994622446724, [1]
-7.0668091914691695, 0.6286117363839285, 1.7850476638471826, [0]
-7.126358014862708, 1.3914593149627144, 1.2638370087484327, [0]
-7.181372864692879, 1.1037900179132545, 2.6093408114765184, [0]
-7.550036355175248, -1.2241569624767599, 2.112910772803817, [1]
-7.113914458560698, 2.9582760450392476, 2.2783173945621993, [0]
-7.379060108363455, -4.113149008496841, 1.2519581297642193, [0]
-7.058422636502207, 1.3479179524185514, 1.7797373956462, [0]
-7.151241643432053, -0.8131787806605664, 1.8506120789924942, [0]
-7.072354879896029, 3.294570905933695, 1.300344348437795, [1]
-7.201332308194815, 0.036121371287598736, 2.6896015472674257, [0]
-7.112305282411574, -1.466064813416971, 2.411715068758552, [1]
-7.494946298970297, 4.219240816129397, 2.7047206470572247, [0]
-7.295083331487392, -2.5199635342599236, 2.4117319626478797, [1]
-7.176580635430894, 6.73682463690097, 2.0671790896918765, [0]
-7.1955225628529975, -0.7974122231734295, 3.1044980366320454, [0]
-7.292244517455113, 1.120104261396372, 1.604644982022597, [0]
-7.6138123669005955, -1.603200452251828, 2.707013786992962, [0]
-7.809952037519629, -3.7032784941809087, 1.2499649787184484, [1]
-7.146188093503337, 0.19470354517554433, 0.3657859496846457, [0]
-7.548501324457326, 3.583160066064573, 1.0587627525939047, [0]
-7.283948142476223, -0.14234923439747088, 2.2806187137387006, [0]
-7.223699410091083, 3.794116557952825, 1.6006717397224461, [1]
-7.471666205509951, 2.1993662339334774, 3.743153331283419, [0]
-7.080192027130676, 2.6551636992857457, 2.113105510783192, [0]
-7.374657919982453, 2.1469890590651968, 1.5380274889338794, [0]
-7.060898166455521, 1.9071386541377062, 2.6063841710533815, [0]
-7.040305599745224, -0.2771222297076168, 1.1026840017760653, [1]
-7.271699882731689, 0.7124789528878936, 2.578026023803096, [0]
-7.22799757899614, 1.5038725557490227, 2.5762216939635194, [1]
-7.402153499160335, -0.6245986242783957, 1.5811532310116951, [0]
-7.01217595938721, -0.5803112862849302, 2.799395532136242, [1]
-7.044634661890908, 2.0628402598622686, 2.5890864410540075, [1]
-7.008950018523283, -0.023457735462591778, 2.5954328741054016, [0]
-7.423244908299749, -3.022696106721421, 1.2724758958881188, [0]
-7.319960497165819, 1.8392522849278914, 3.0072304342719027, [1]
-7.199888595354948, 3.9327447447384234, 1.3113223592497052, [1]
-7.311086791537986, -1.581382361302834, 2.7422760147132976, [0]
-7.294089196112824, -0.6083835731535288, 2.164785790056075, [0]
-7.040076814237054, 0.1969402853655584, 1.9431273660048936, [0]
-7.216883984416951, 3.8851352786622906, 3.499345683890559, [1]
-7.2628192279837585, -3.736643661291171, 2.3458703489101316, [0]
-7.6604562404132155, -0.18353784412974417, 3.0208840542386883, [0]
-7.290567179084378, 5.080119954246937, 1.5278590566967558, [0]
-7.144690004458674, 3.2323238288929685, 2.225335294896178, [0]
-7.456448657343828, 0.8533560610241642, 2.563149667166312, [1]
-7.334667717595998, -1.4279708657163608, 2.9493157604538256, [1]
-7.40281498953752, 0.6863847350410291, 1.9801359858225096, [0]
-7.623265510109726, -0.8615313725425091, 2.10458125481803, [1]
-7.114889157658881, 4.440159319615033, 2.296207314863901, [0]
-7.64162140411227, -1.1197922109113156, -0.2783006496638948, [0]
-7.206219669970302, 2.0020195122219424, 3.6135570979101352, [0]
-7.200636447911409, -0.21950632444837204, 1.9875733809886857, [1]
-7.394584684847202, -1.0190813982949805, 3.139790242316318, [1]
-7.289702846631856, -3.3742415007274413, 1.7839043328984463, [0]
-7.202927690533771, 1.9143804847101715, 3.522326738558885, [1]
-7.297906365198426, 5.3545010480388795, 0.9088952620326629, [1]
-7.101823709309727, 4.130948006661741, 1.3565289337291557, [0]
-7.209443537673692, 0.13658397052839333, 2.7106485815348877, [0]
-7.602210813572696, -0.18965233891097, 2.8437439603821524, [0]
-7.360354462757507, -0.5159429928372414, 2.858522214602059, [1]
-7.270306092026673, 0.014714498589664782, 3.361071788212486, [0]
-7.184517195827348, 0.14279062064274717, 2.050433416086504, [1]
-7.152484105288287, -0.038877483573777294, 2.222912194711426, [1]
-7.152900810855016, -3.164140734213482, 0.720434782869479, [0]
-7.4293677641283224, -0.6153834303519918, 2.2320545857930325, [0]
-7.062379601982669, -1.3991775882294073, 2.5632191421026245, [1]
-7.299878537703862, 0.5172373985797515, 3.7267714161136642, [0]
-7.135432368358879, 2.0201031372677094, 3.015865600275612, [0]
-7.296231686805557, -1.746645911818197, 1.3765266057488974, [1]
-7.083898178235725, 2.4429435733127414, 3.000291834002483, [0]
-7.068613446482615, 1.3036712628307612, 2.569609992757914, [0]
-7.579901954025354, -0.9513062447326124, 1.7651944571912563, [1]
-7.694241632576204, -0.1551633794862456, 0.36507014821826056, [0]
-7.151390877199935, 0.1244252395106118, 2.2011839520782965, [1]
-7.725694962644688, -0.3550057412241099, 1.9731693274781186, [1]
-7.34470024407413, -2.315433397312565, 1.8497724192461098, [0]
-7.111346539734614, 6.079146958085085, 1.2509616404216324, [1]
-7.448829215478745, 1.325243817754079, 2.505241354735655, [0]
-7.24611724507522, 1.6130075063364768, 3.1028422114428458, [1]
-7.292137002770245, 1.1097494560499443, 3.3048442381936405, [1]
-7.14783002773123, 0.22257657269731368, 2.585266450157869, [1]
-7.2714282998348505, 0.3971890875028286, 2.785478001026955, [0]
-7.295993492141925, 0.31559761827170396, 2.379878529629882, [0]
-7.355106184273581, 3.383900739564509, 3.0632469714120987, [1]
-6.984212096968344, 1.2417552764055995, 2.0805913303296726, [0]
-7.218427494370709, 1.582065779650295, 2.694790234290337, [0]
-7.407264546644192, -0.7141304698920381, 1.6121674432836348, [0]
-7.616386902201657, 4.248513214166606, 2.378223545040943, [1]
-7.0333474854242874, 1.0791320956514912, 1.3636644685415895, [0]
-7.024221045303095, 1.3531181924997335, 2.4149985378489633, [1]
-7.302852735071908, -0.6413748395112022, 2.6313278733076455, [0]
-7.078233160732099, -0.5574136206254181, 1.881252988918636, [0]
-7.2195919376860065, -4.8925966075827825, 1.2881771267640014, [0]
-7.246583844061707, -2.5962750797784064, 1.6382289687495897, [1]
-7.393214925340232, 3.353823099971227, 1.3867392301503632, [1]
-7.36874055386027, 2.160961849913588, 2.3293418112936948, [0]
-7.538495206117301, 1.9932512840815, 1.6716377952535137, [0]
-7.517335711239005, 7.113517104761626, 2.192547637120208, [0]
-7.5771989803827156, 3.4358943156459376, 2.890424767818053, [1]
-7.239270881244856, 1.505236943145722, 1.5290435100814697, [0]
-7.503320680947035, 0.6554714488960243, 3.4407623798227105, [1]
-7.55484898431084, 0.276051570372986, 3.5155703909831373, [1]
-7.219533786646281, 3.9614139866141276, 2.8875587741646584, [0]
-7.461640247188079, 0.3368464759233208, 2.086417521212639, [0]
-7.092528392169701, 2.140577230049632, 1.8053808696009963, [1]
-7.269398518242297, 2.1771620188867926, 3.0439409600524687, [1]
-7.09353529345849, 2.1916988426125243, 0.6247080573232968, [1]
-7.334417452298128, -0.3765208127326075, 2.0875035878962245, [1]
-7.4199400499361605, 0.9696224086403586, 2.432794704262162, [1]
-7.1055202042189824, -0.9263582199817029, 2.0748593491871192, [0]
-7.263120633172969, 1.8831103332717398, 1.4207331237061014, [1]
-7.536099653749993, -3.2113350877216336, 2.186862809235466, [0]
-7.776863649493485, 0.39259739290748746, 1.4769256987291446, [1]
-7.708291942900881, -1.0243856029765257, 2.3042745486848175, [1]
-7.128189730869452, 1.203860022674876, 0.6157764370159837, [0]
-7.765772468864362, -3.876499052122371, 2.1567589071812288, [0]
-7.163933507554398, 2.598181134781326, 2.959567309192287, [0]
-7.131706181411781, 1.0307672166376798, 3.136307479765294, [1]
-7.0405637075507075, -2.9543579835431437, -0.28554863562608945, [1]
-7.152532197680388, 6.5763337606205265, 0.6855157073996008, [1]
-7.223351839229337, -1.0230882720593852, 1.8901677388444054, [1]
-7.3322328154689576, -0.8077055366211514, 2.6376469402337595, [0]
-7.129605648354788, -0.33752752569893385, 0.8345300371692939, [1]
-7.638935183450264, -3.7600619818611554, 2.641470528338316, [1]
-7.349762043032243, 0.4447225251949895, 2.355389110393969, [1]
-7.129042843301116, -0.08410841836973293, 1.5683264635335696, [1]
-7.095926542225525, 2.6163218873028002, 0.974991210776786, [1]
-7.61164615710415, 2.1505049002160845, 2.077430454418997, [1]
-7.148517822161288, -0.33511044879726604, 2.4881545721803513, [0]
-7.021827377037855, -0.7083774797386808, 2.182802098164161, [1]
-7.461391649975954, 0.32248541874514025, -0.7961543478045282, [1]
-7.802200185330896, 2.4794418731853956, 3.4066084268523436, [0]
-7.442068137931211, -2.4443278446672325, 1.0559500961864263, [1]
-7.262946745433401, -0.8727234829243249, 2.250544583299595, [0]
-7.026549033700043, 1.4547971273225802, 2.0657533745020715, [0]
-7.152475004253931, -2.947192094396189, 2.261909060158156, [1]
-7.556021756284711, 5.724400631189833, 2.02147935008558, [0]
-7.220384575587671, -0.7308946949593299, 2.407560722625637, [0]
-7.278577631917792, 2.225910206063931, 2.0478423124905545, [1]
-7.575500649882196, -3.192539594540258, 2.462024160757633, [1]
-7.6113139990137455, -2.50607463782392, 2.7664374753974856, [1]
-7.166261077688961, 0.7650141656968512, 3.08434135254943, [0]
-7.19424693351041, -1.235867842195892, 2.997900266681448, [0]
-7.073838899878501, 1.8975452304958051, 3.135346121050688, [0]
-7.266760468688798, 0.49338637244724287, 1.3351288470406384, [1]
-7.016896066319374, 1.1077460595019777, 0.8810660344007629, [1]
-7.168998990264278, 0.8646076426089975, -0.28701571172068574, [0]
-7.350708210309165, -0.28944659873993905, 2.5742139080413193, [0]
-7.31858230670135, -0.15418032488893862, 1.6434198792280017, [1]
-7.3809479846557124, 2.407524403111906, 2.2069908317552493, [0]
-7.267648948828518, 3.090932711347425, 1.8320305288084466, [1]
-7.654455523832724, 0.2646883576012562, 3.3355395988162955, [0]
-7.212428969412244, 1.4990035887508903, 2.1788679460147486, [1]
-7.7419678549120805, -0.2994455271949148, 3.4984601629708183, [1]
-7.155178212553999, 1.6458236358189589, 2.0337230478028308, [0]
-7.160157745898626, -1.5661782016704353, 3.3300090354504346, [0]
-7.232630189467368, 4.59161839068871, 2.0209196943548395, [1]
-7.280011244507875, -0.531811857487523, 2.277036885011171, [1]
-7.041874522897616, -0.7813342507735641, 2.6195703048723846, [1]
-7.198539623842606, -2.31972233258043, 2.414859478666388, [1]
-7.05730285702341, -0.5384012180012652, 2.277833495451788, [0]
-7.297246523062648, 0.2707246131127179, 1.7381224611227293, [1]
-7.446454876357531, -3.2539811195808843, 2.0275341477432933, [1]
-7.361210129155565, 1.031866273722032, 2.06136127117331, [1]
-7.563359298944191, 3.750285520763464, 1.6672643420257987, [0]
-7.660566138365235, -2.0293996602656614, 2.469248999698525, [0]
-7.30464331853377, 0.05705957544972717, 2.6272374047176568, [0]
-7.302911995293997, 3.095483043520333, 1.5151120746944216, [1]
-7.980624222864392, 4.488780399612824, 3.02601461855129, [1]
-7.240803781167083, 2.1750007927734414, 0.22720139864688144, [0]
-7.120662398306086, 2.5240161023034533, 2.365228125071673, [0]
-7.336823586879809, 1.1624662067126288, 1.8651886148307246, [0]
-7.066577044724299, 0.5158902505404002, 2.4772789839314555, [1]
-7.300930260709771, 0.546078434550247, 0.8176068383988468, [0]
-7.090780414111793, 1.1456387806383557, 3.331932672809703, [0]
-7.125478862503394, -0.8081609264323325, 2.397515985445813, [1]
-7.579465096299199, 1.4258864663710917, 3.069715876474189, [1]
-7.185583495633393, 0.9489953972699762, 2.398195115877682, [0]
-7.258549301093141, 2.3272367818315223, 2.8188983997362125, [0]
-7.3909471984316095, 1.4340590245553608, 2.8286594900889965, [0]
-7.122950055256614, 4.904492409801813, 1.4951128215449143, [1]
-7.292090881248734, 2.1402753199276083, 0.994268604730139, [0]
-7.706052785256434, -2.17018133239651, 1.0441738323426182, [1]
-7.078509258222691, -0.9125359387068745, 2.5133399499638145, [0]
-7.452233639096955, -1.739567206548325, 2.5580229170269035, [1]
-7.307361631368474, -3.24583293067197, 1.7833228809293125, [1]
-7.0196226717946155, 0.5052496209170175, 2.086910768551791, [0]
-7.324430674461723, -0.0682794133058644, 2.2809441747304393, [0]
-7.3450037734041445, -0.5546863707930976, 2.378889797884995, [0]
-7.133863971905509, -0.651867820869817, 2.3177482496879644, [0]
-8.50457242408788, 2.3927711011976296, 0.8694048236584389, [1]
-7.105898205980379, -0.6702128276450503, 1.9501497822429688, [0]
-7.210645102023959, -0.21635248340664637, 3.130789089676202, [1]
-7.128512707573833, -0.20103715693884583, 2.853803734706481, [0]
-7.093925640085421, 0.012845670045176227, 3.391230396000206, [0]
-7.286601862824183, 3.9381569204867968, 2.07873771427219, [1]
-7.038548365287054, 0.886238618929621, 1.2975454952223093, [1]
-7.593192147739268, 0.8379582583868546, 2.8546296447107133, [1]
-7.295160028867845, -1.1797872983766546, 1.2604624382700094, [1]
-7.025047277856025, 1.46369650241727, 0.46925682679472325, [0]
-7.154161046212685, 2.269682925455176, 2.0464856687059405, [1]
-7.122881554704397, -0.7195264650589791, 3.350938589147571, [1]
-7.187389148946617, 1.3430618878470366, 2.4146476494650986, [0]
-7.243309842974692, 4.846469119413209, 1.393912072429846, [0]
-7.942367641864632, 3.0319857108569073, 2.4297522494867922, [0]
-7.1852735695316925, 1.5765680526055488, 3.1428621529891068, [1]
-7.299350491692204, 2.1551029653205673, 1.8825468086273522, [1]
-7.4496163263288295, -1.3187281091375227, 1.5247690810554284, [0]
-7.274819335760806, 1.7264255391962473, 3.2788616292152994, [0]
-7.287292240434601, 4.267584168398627, 1.2260332944791819, [1]
-7.734559143946853, -0.8825269306632297, 2.9378861543122987, [0]
-7.105624750751737, -0.02935449626711939, 2.3377395002330084, [1]
-7.403973074098401, 2.8241233678647912, 2.8601256133408373, [0]
-7.092060472817315, -0.7332190142923216, 1.677832731799281, [0]
-7.023790275122669, 2.1492404563005656, 1.411085980515284, [1]
-7.205969996649491, 0.5239504449055712, 0.6521838108407416, [1]
-7.576049787794204, -0.7591323930866578, 1.59308398636122, [0]
-7.0727351244920795, 1.4568156651163364, -0.1503370617139148, [1]
-7.12120896557104, -2.5757766174206345, 2.142192540844536, [1]
-7.342440802877176, 1.2300599924487947, 3.1491321066402946, [0]
-7.080114335118302, -0.5605776899350963, 1.7163503128542783, [0]
-7.083322650031546, 2.1852413071154206, 2.6589191117149342, [0]
-7.315858062147144, 0.5002204789206584, 2.218840497476951, [1]
-7.0587575711116655, -1.7167468190369362, 3.3655903473011426, [0]
-7.25731522252032, -0.6992460712039876, 2.376192613819221, [0]
-7.381760657388851, -1.858506002829065, 1.9520255823946415, [0]
-7.304304848486118, -3.3392400196099272, 1.395967625070826, [0]
-7.301628783229755, -3.0849890795433446, 2.4688130165883893, [1]
-7.38228779791399, -3.1133248638421662, 1.9485014074582332, [0]
-7.501522529334361, 1.6123083365496562, 3.3218343201063325, [1]
-7.230784307933928, -0.3346146529260938, 2.7449583521555447, [1]
-7.82207451608442, -3.77218060567772, 0.6489371305126799, [0]
-7.3503573686684875, 0.3844155027453393, 0.6305062543801423, [1]
-7.435786611663887, 1.3098454438123888, 0.3035412763866423, [0]
-7.096976114355186, 0.037935807922250264, 1.1174269321860923, [1]
-7.088706475204575, -2.389516807347702, 2.139682262487315, [1]
-7.091946958415342, -0.2796479919638104, 1.8184656960000989, [1]
-7.053672962810464, 1.1692055640264072, 1.2531944784415419, [1]
-7.051244955846228, -1.438551244379738, 0.3264157697473893, [1]
-7.2402532293805315, 3.4518043900855298, 1.8942380847799036, [1]
-7.581488483617814, -0.18248657272977842, 2.414395465683298, [0]
-7.456678038408653, -0.7280606464216608, 3.021992785950771, [1]
-7.571002191835641, 0.6843076279589557, 2.0858278435690822, [0]
-7.328798138067891, 1.5303628901137225, 2.931081750830809, [0]
-7.203265806156586, -2.1538670857142126, 1.891338217247088, [0]
-7.25986978363436, -1.6679863898342384, 2.5393902719336805, [1]
-7.200141092168546, 4.774621094187295, 3.4837648263361034, [1]
-7.223803750847381, -0.7988151224223536, 2.476087696947955, [1]
-7.299971608746561, -0.5622659070530606, 1.913387519280664, [1]
-7.0137319669434985, 0.20699887303438552, 2.373351330549961, [1]
-7.036891607778887, 1.4091337839638065, 2.6093631611188255, [0]
-7.097058699509242, -0.4348126531919143, 1.3424648188727406, [0]
-7.192468838318916, 2.5527991680142055, 2.694946460247861, [1]
-7.05079261586373, -0.9734267800162739, 0.9424914989509232, [1]
-7.156983391919389, 4.61168209756357, 1.751162744102011, [1]
-7.204290770756931, 4.133031616015996, 1.9970867862157873, [0]
-7.039576417515348, 1.5882242797148123, 1.803967472228455, [0]
-7.225571930348279, 1.6891938377017375, 3.029620767202506, [1]
-7.1438522772312245, -0.16629763369006456, 2.2216803801877125, [1]
-7.23547212519552, -0.4046114701169665, 3.4454934433806206, [1]
-7.567586827122633, 0.6712300209934265, 2.0640895368281558, [0]
-7.646188454608793, 2.928033371249003, 3.082600386845015, [1]
-7.068011666968602, 3.0923401093531764, 2.659081295452965, [0]
-7.080659876969991, 2.7745090524393374, 0.3560277097552465, [1]
-7.632564417575427, 7.345648487560214, 2.897410200818228, [0]
-7.5080668307252045, 3.353238072488461, 3.185742767146683, [0]
-7.461630699957547, -2.550006444572961, 1.5105302864007317, [1]
-7.060194676641317, 2.8892023825985027, 1.9459497733333568, [0]
-7.2097766299038275, 1.2089907433162383, 2.7026127501285386, [0]
-7.3569465853095695, -0.956859478523428, 2.3646394725360866, [1]
-7.074812982675861, 4.034368020320375, 0.8245894940776843, [1]
-7.517803164261625, 3.6634580881627805, 1.687954211503118, [1]
-7.190774470445593, 1.2829790677969268, 1.1592212448423855, [0]
-7.464736700830301, -0.8676614232685187, 3.1046974726483962, [1]
-7.056873093504292, 0.5070824584753864, 2.65166042017623, [1]
-7.362267231153064, -0.7306751343883793, 2.501806198118903, [1]
-7.045316288363076, 2.018839570803283, 1.1264715332595936, [0]
-8.021083973711539, -2.1649197108390847, 1.7741129803330613, [0]
-7.109748487610556, -1.3395122083349835, 2.733875878131383, [1]
-7.158848106578368, -3.6392866194995954, 1.4291032985154852, [1]
-7.335688453078941, -0.43103478869816936, 2.786692446707194, [1]
-7.148796200617464, -0.8654199664198376, 2.914339681867907, [1]
-7.66872612954273, 0.7361798717834018, 2.292750738789988, [1]
-7.080730861490324, -1.188873796990837, 2.746069593980435, [1]
-7.215553983464798, 1.3970540670798597, 1.8343937625627518, [0]
-7.111847058624839, 1.3613348428466057, 2.4683280019307023, [1]
-7.170202850348485, -0.9482402629025318, 1.7900554608814303, [0]
-7.1257044983515225, 1.478956056223489, 2.8887981178391415, [0]
-7.538660409961973, 2.0691454106068834, 2.921147481203541, [0]
-7.073790037205936, -0.9939080590543607, 1.9437483351085971, [1]
-7.158578428757483, 1.221030594807158, 2.2595540006667174, [1]
-7.123407173346709, 0.05601351352560646, 3.420382219687301, [0]
-7.158263291258001, 1.184687996608288, 2.8557079980250037, [1]
-7.125675494409965, -0.0019195466255861326, 2.0719458542865556, [1]
-7.778655740142773, 1.546108628842501, 1.5716545288050627, [1]
-7.1000563173316635, 0.7727744183545364, 2.607750355518858, [1]
-7.0198518433262995, -5.193344739833346, 0.7170120596605623, [0]
-7.62541861643309, 0.47794144665343197, 1.960559479697961, [1]
-7.402944036258273, -6.588212082108754, 1.4518143603929117, [0]
-7.261798806665279, 3.2287337964099847, 2.8651215732435635, [0]
-7.895157291193051, -0.40515660398459374, 1.066484277077613, [0]
-7.232994200934058, -2.3873100499029296, 2.0473152165614557, [1]
-7.157226313580616, -0.490056504194753, 2.9640641746007037, [1]
-7.274199930746568, -0.7763281352243451, 3.0855690837706766, [0]
-6.947746535263849, 0.7943870909679199, 2.607813610687639, [0]
-7.251558569710703, -1.1748230915744657, 2.427136520067136, [0]
-7.375371865512132, 0.938490318518084, 2.491843762789876, [0]
-7.4630670077752175, 2.4167952419980847, 2.374129048386169, [0]
-7.376379920416343, 0.10383883073652656, 3.35892472381029, [1]
-8.000338985128979, 5.326953945707205, 2.4390524507579325, [1]
-7.576869319287665, -0.3592400558528357, 0.3135927549503903, [0]
-7.383480927027525, 3.5281136288498396, 0.2948132034091349, [1]
-7.301657879365272, 3.4307691013827446, 2.7233309546464035, [1]
-6.927775941715221, 0.6147258101822098, 2.318026108249228, [1]
-7.539607874670814, -0.28053460650491635, 0.8340219371606252, [0]
-7.273750813017014, -3.367606704527691, 1.1686314161431464, [0]
-7.207495550839537, 1.324516177474122, 3.663888704392662, [1]
-7.04029760345693, 0.8185720011210684, 1.6673652952049767, [1]
-7.09509557946093, -2.0766172177541438, 1.6435299100837946, [0]
-7.173997825145004, 0.9872924091648652, 2.544203779034083, [1]
-7.421535519025248, -3.1256344736717834, 1.334166563139672, [1]
-7.302853832930484, 1.9906041185780698, 3.241589682481489, [1]
-7.461556313296458, 4.393989701739368, 2.3421074490436924, [1]
-7.278583313250944, -0.7105578501773753, 3.164829817191729, [0]
-7.27019395597676, -0.07564977042069154, 3.0178222303466753, [0]
-7.067639512103299, 2.412214368925289, 0.9227488481535134, [1]
-7.017289913598556, 0.8662845126399552, 2.2200655722297866, [1]
-7.241614456617837, 0.20770253220160972, 3.303970965655336, [0]
-7.207058344091299, -1.2042849004139802, 2.0987251825611732, [0]
-7.293909182600761, -0.5843852779990261, 2.579046910210643, [0]
-6.9717077662870794, 1.2013848533076528, 2.5551574685036185, [0]
-7.255715597141013, 2.7092729121958827, 1.304707936389432, [1]
-7.4388914963377255, 3.099474446827948, 0.9477817112031202, [1]
-7.123571526838204, 3.001515364819846, 2.170391731838519, [1]
-7.2715163956771, 4.19396894019342, 1.996067978796167, [1]
-7.504629633742695, 1.4234294316500309, 2.398825678095605, [1]
-6.997083218069974, -1.6468404726881218, 2.392293563959363, [1]
-7.3734446480979665, 1.8858902306684526, 2.5040959184251697, [0]
-7.51384744250357, 2.770988209449617, 2.5359255484646925, [1]
-7.432740582843291, -1.0619698589160291, 1.701879561922851, [0]
-7.255342305389786, 0.48488396407708234, 2.217201533924723, [1]
-7.287815391061777, 0.21018622199269688, 2.0657770898531425, [0]
-7.30585580758548, 2.829100882195184, 2.0478138689052776, [0]
-7.800118426452738, -3.5648643099523527, 2.5220895970482133, [1]
-7.34096904961489, -0.6966658620117891, 2.2086081724231215, [1]
-7.19995768609577, 0.8005837799493207, 1.8016117159712235, [0]
-7.267863975657034, 0.8786114090340642, 2.2650820273577987, [1]
-7.424715184154884, 4.352247610753341, 2.1078406251735053, [1]
-8.152422523502704, 5.168943925431086, 2.819175075001025, [0]
-7.130920603677941, -0.7857038349743153, 2.479847866603088, [1]
-7.157758051109032, 2.731387926244306, 2.856222368353496, [0]
-7.185420971832607, -0.677411795147359, 1.6871980958670805, [1]
-7.1464406819021935, 2.155172025661444, 1.7260258501334518, [0]
-7.606284800459726, -3.019910463804149, -0.6443726417566147, [1]
-7.139248306862965, 0.6088385827168394, 0.349984951244777, [0]
-7.056387299656615, 1.5163107720983393, 2.3212878580474694, [0]
-7.765544236814074, -0.5168847638269414, 2.3121462196076816, [0]
-6.986253161448809, 2.0718279150400236, 3.2325513062286166, [1]
-7.466936639253566, -3.2118106316457293, 2.542596500345685, [0]
-7.283950963419666, -1.0423847440773053, 1.6587076907475407, [0]
-7.378283729440782, 3.1451967751336367, 2.2505347576627073, [0]
-6.995054138462477, 0.04853673601401, 2.0211284419240227, [1]
-7.349215394043339, -0.9212177067809628, 2.1741502368673653, [1]
-7.037012903108647, 2.4612712050891195, 0.8035257547684457, [0]
-7.284738040084442, 0.3537630131993561, 3.0650189150456852, [0]
-7.062558512648141, -1.2761063824379513, 2.7996399118314588, [1]
-7.57059320788506, -0.22686801105818422, 0.4398188099520759, [0]
-7.1334578213325335, -0.5333892625663929, 0.3237514126031502, [1]
-7.375364037376009, 0.9707130851394874, 2.4480875883685127, [1]
-7.328677996351942, -0.16039216688024016, 2.640113372802041, [0]
-7.031392764595987, 0.963363915031445, 1.4455532178100756, [1]
-7.221662797809094, 5.267315945677447, 2.780871199414479, [1]
-7.274002752998924, -0.20458784400954722, 1.399266586266371, [1]
-7.066898200928109, 2.086564332858692, 2.538275612188076, [1]
-7.169492705716442, 2.7605825584025507, 2.5249597351272075, [0]
-7.109812873936842, -0.36771380118479424, 2.8889503561909047, [0]
-7.532291018413746, 0.7965402579002105, 2.857937516280387, [0]
-7.22406707319755, -2.0527297731322234, 2.7027484799476444, [1]
-7.534473494290919, -1.525101142986051, 1.6421598800454644, [0]
-7.5655080398881145, -2.4024911864147422, 1.329338881356642, [1]
-6.967687336573773, 2.468381866263516, 0.23687597088422885, [1]
-7.198784156007792, -2.494146473021472, -0.22085775250410067, [0]
-7.037301912350717, 1.231356417896352, 2.724653710340227, [1]
-7.091479160125213, 0.9439120109225834, 2.576690387457634, [0]
-7.3179622952293935, -0.9080580841373631, 3.2297543553037866, [1]
-7.136864767861713, 0.8315608996451829, 2.6136759769834113, [1]
-6.956546147278821, 1.517530399787371, 2.9798917753192917, [1]
-7.123675246506368, 0.6718162729349128, 0.8337601163233694, [1]
-7.385887073655515, -0.5826526145148494, 1.3532395700250772, [0]
-8.100340789924298, 1.6450899992418544, -1.368557394833751, [0]
-7.0660922076315655, -0.9237413935356515, 3.0530072797688117, [0]
-7.542643068415336, -3.9360521355037625, 2.825969047740613, [1]
-7.165922290171601, 2.548042589566039, 3.166205390856509, [0]
-7.12841046609287, 1.9433413354495461, 3.0426497624133857, [0]
-7.275969027463802, 1.6151806859045206, 2.5089626747409204, [0]
-7.021948007116472, -3.2881012784727197, 1.3326153181252336, [0]
-8.267483183382291, 4.363185637477933, 2.2407375394199254, [1]
-7.055570181794612, 3.3769686201614486, 2.366764966319954, [1]
-7.315724434448399, 5.027628960974502, 2.2151533443324287, [1]
-7.28482609571677, 1.7919174376648188, 3.0479841458184764, [1]
-7.9616331413466055, -2.7002921740978567, 2.261436242106627, [0]
-7.173063019205857, 0.41976425112957805, 3.2141870466362565, [1]
-7.13486531820799, 0.3151972723555537, 3.647942220743515, [0]
-7.357079149485492, -3.7757332380870396, 1.2555234958194557, [0]
-7.291977177004069, -4.048868811292595, 2.6575643523713177, [1]
-7.238480566519216, 4.797873505220609, 1.8456331342200085, [1]
-7.132914878850496, 1.9551198436282275, 2.933224209585241, [1]
-7.470489455087374, 2.9380381590257083, 3.1526948986452235, [1]
-7.035878606729648, -1.1889746373670347, 2.658294928353933, [0]
-7.229288976904936, -2.094476226172802, 2.714921757736909, [0]
-7.097819724172196, -0.900211824758987, 1.916188615329959, [1]
-7.7154272767709084, 3.9496649633148113, 3.3703606097220167, [0]
-7.085290220220123, 0.5778488173710259, 1.3655466006921504, [0]
-7.013841209466599, 3.287382150730498, 3.0679016349509998, [1]
-7.105749340124162, 0.3475200320073015, 2.334535154469931, [1]
-7.188691811145443, 3.2489053603745965, 2.298201142882391, [0]
-7.508339163952914, -2.2030719024343606, 1.8393172991109632, [0]
-7.184138241832783, 1.9409829197887936, 2.9353336194851876, [0]
-7.331739900118933, -1.5321730280758934, 2.4518305743008733, [0]
-7.024934987741727, 2.3675054691649557, 0.8846374564383556, [1]
-7.092730899631989, 1.1566998033261866, 2.669891450524039, [0]
-7.106424935732623, 1.9354030616009987, 1.1930542483441633, [0]
-7.091047740927824, 3.3323589573782, 2.269518156284568, [1]
-8.266028170277462, -2.70372197235114, 3.2020009954688957, [0]
-7.407174296363849, -0.5851626465981554, 1.7097184421684215, [0]
-7.275116702513468, -4.560451822022644, 2.045811261412724, [1]
-7.0401519166051445, 1.2268269579749451, 3.312456650833382, [1]
-7.368634552198492, -0.3930993584675484, 2.530989957084818, [1]
-7.409440216388426, -2.2516336069410365, 1.6390051102036587, [0]
-7.131392324337553, 1.4882550202017601, 1.4837692185703155, [1]
-7.438553802755886, 2.7311107372583896, 0.8784761361887838, [1]
-7.260159509145297, 2.0892404715318666, 1.6691174468728653, [1]
-7.2233054008114275, 2.1273966514073406, 2.495947369021727, [1]
-7.941180240044011, 3.543527091649357, 0.4793035868425964, [0]
-7.050412494011483, 0.2919202033350852, 2.8006020593201586, [0]
-7.315349629674393, 0.6433215846633771, 1.9215196676479602, [0]
-7.691717959951502, 4.389261629675222, 0.7881352949887441, [0]
-7.118065441234338, 2.5659803633797176, 0.5352946552180918, [1]
-7.05934105232519, 2.8217066201730656, 2.631937755717384, [0]
-7.126943346775188, -0.09925241228660342, 3.407262705793255, [1]
-7.299614047096776, -2.1286527292284045, 1.6510233813110828, [1]
-8.24224114952296, 2.853478798132276, 1.8991660956009047, [1]
-7.217817694780757, -0.237104510562129, 2.5935634697659955, [0]
-7.202192340127892, 1.128820431488141, 2.537995178059325, [0]
-7.217693829992078, 1.2895654436855186, 1.9862285429401627, [1]
-7.2659650796842055, 3.5673881750118217, 1.2450637050218953, [0]
-7.163784909308385, 4.429377709091068, 2.6300708957906522, [1]
-7.687204278637189, 0.5100818465944454, 1.6986541601119798, [1]
-7.26061674053344, 0.786157278717329, 2.997204717841699, [1]
-7.164752353253385, 1.5938342872084479, 2.116875343132399, [0]
-7.1302372509436, 3.5637930661383614, 1.9356037987194687, [1]
-7.36643117038222, -0.8402449825674438, 2.5116084863696497, [0]
-7.342353630175707, 2.248465777578131, 0.8572435064214357, [0]
-8.68656323323714, 1.9219952065450068, -2.2344307502588454, [0]
-7.537440485202096, 1.2677291311095484, 2.2153141116864856, [1]
-7.451109633835006, 3.242270781360645, 3.2705824302056126, [0]
-7.095054773638773, -1.6488718121436732, 3.1599365071802175, [1]
-7.330791743202844, 2.456111417984902, 1.9575721492948666, [1]
-8.53215161604727, -0.7379330613328197, 2.890191440307419, [1]
-7.268209911747095, -0.6470069656820006, 2.396705196369384, [0]
-7.769759352459764, -2.1648609001824157, 2.5319837463361647, [0]
-7.006717829040477, 0.9692881660630156, 2.199568338835534, [0]
-7.0996406028941985, 2.2445426696628115, 2.5221688413933636, [1]
-7.032534134935806, 1.8758807696233624, 1.2233389337966978, [0]
-7.100896133856537, -0.4159743317669571, 2.429421706938469, [0]
-7.678425696131746, -0.6695042249142027, 1.7895496579975996, [1]
-7.139719059041768, 0.7700187296150806, 2.7726081106522926, [1]
-7.537138444464545, -3.0724411159082425, 1.517360785742261, [0]
-7.212986004347523, 2.984181740050207, 1.5110621739263772, [1]
-7.384148473275869, 4.080986190826035, 2.3630842651185895, [1]
-7.140221196771532, 1.895114984156379, 3.0927420740369995, [0]
-7.061312124232384, -1.888972276243475, 1.8886512034870726, [1]
-7.069346916999518, 4.051441176754872, 2.4520770518134913, [0]
-7.016338977439006, 0.021463120771693767, 3.5475923041708644, [0]
-8.007255060221139, 0.6683262506754959, 1.5593814103879424, [1]
-7.2675414809868, 0.7500858116265032, 1.2552207321995668, [1]
-7.263141453953189, -0.39420123812062036, 2.0800437498489193, [0]
-7.767349903698167, 2.818413025746195, 2.999701014720566, [0]
-7.677190972388202, 1.1374191565613478, 3.371448388253136, [1]
-7.101178940932021, -0.18128588280584673, 2.448745748026507, [1]
-7.062222483691065, -0.6803316649783364, 1.5698300576691158, [0]
-7.271835773987018, -0.8841135367162045, 2.5582992594893965, [0]
-7.182153725329919, 3.543322434045116, 0.8263439045822756, [0]
-7.02960618213538, -0.8484642122191478, 1.570645447605492, [1]
-7.3568942125187355, 2.0295599489392555, 3.388744514946718, [1]
-7.0834541559932305, -3.7986705283378948, -0.49408788687664207, [1]
-7.298579960234988, -2.8544355873233185, 2.0681751703381974, [0]
-6.995154074916452, 4.168825513394543, 1.4153618435489657, [0]
-7.972923041242011, -3.833052035496175, 2.57064687252511, [0]
-7.515100172845877, 1.0352051891530414, 3.0094874494128954, [0]
-7.119941813595959, -0.5154054430742749, 2.2272301985653895, [0]
-7.388626353793001, 4.891215339151302, 2.9054338010566907, [0]
-7.958481836607868, 0.14511888339929913, 1.9725915486905687, [0]
-7.065186296141166, 1.8650530789056856, 2.129654184280979, [1]
-7.292557704068277, -1.151864655816723, 2.172416750536885, [1]
-7.156232135007213, 1.6228745185766311, 2.46340051319584, [1]
-7.091540417847951, -0.017942516626017202, 2.5918619254843343, [0]
-7.491359210682745, 1.2451995379329936, 1.898695603755337, [0]
-7.089110843112223, 0.9689814334557492, 2.2067460025110157, [1]
-7.4130491278605914, -0.5317283019976631, 2.458783325764177, [1]
-7.191066140037617, -2.001416057135099, 1.7955026764945952, [1]
-7.1371930969143484, -1.5448662280180439, 2.099056370547638, [0]
-7.119115403374103, -2.9519794863067106, 1.0413387338633742, [1]
-7.314100299440557, 2.8929619936114324, 0.8703823109524177, [1]
-7.16995781565141, 1.2001343406303477, 3.5094157699925423, [1]
-7.687497810669105, 1.5393290600151803, 2.1640022460172377, [1]
-7.405403319010821, -1.8025616996971165, 1.0123021417990292, [1]
-7.370726895913761, 1.281462928520495, 1.360863772411473, [0]
-7.136831992934605, 0.7214867757258543, 2.8519686757283855, [0]
-7.279714822999768, -0.018738047982865158, 2.983299665490267, [0]
-7.228841593695378, -0.038699773249549096, 2.9567814626604694, [1]
-7.211195753556601, 1.676745336393794, 3.0482856514460854, [0]
-7.3813561605516815, 0.6837222657698074, 3.7618897918969783, [0]
-7.345095328853397, 2.2614380228495095, 1.4265668225898966, [1]
-7.959515884872698, 2.461682345240506, 2.6243067524997326, [0]
-7.387937537380806, 1.632519491241569, 2.8642752367020394, [1]
-7.197260787060187, -1.79653205983344, 2.561190971282655, [1]
-7.173400118944069, -1.6385530027738058, 2.0337097351814775, [1]
-7.150660843293528, 2.2418465084473325, 1.9406276626785939, [0]
-6.965240821264087, -3.846157156436381, 1.0441655601169981, [0]
-7.1587797389285885, -0.9025786595756355, 2.831208686311953, [1]
-7.088084830847284, -0.40427599287591864, 2.395935388402892, [1]
-7.280505153450214, 2.7046019875384077, 0.1827846370442141, [0]
-7.317078514348821, -0.5115834072029957, 1.469621974462842, [0]
-7.484718821227402, -2.747193608158277, 1.0964186517763623, [1]
-7.298699898657282, -1.7292522229211817, 2.354320082600133, [1]
-7.398624748560324, -0.6817986388440416, 0.3121611473563526, [1]
-7.7278547421632044, 1.4042668746576918, 2.546785024279062, [1]
-6.99864394853575, 1.1075495658459662, 2.7516846899719827, [1]
-7.120421152061748, -2.331958671002292, 2.4787732936520386, [0]
-7.614110905797537, 0.341326849870524, 0.8168714942940121, [1]
-7.135599511144646, 1.7885536282950687, 1.6904948821874834, [0]
-7.249140913893603, 4.38138292412144, 1.5390628056775164, [1]
-7.078748835155575, 1.4530192756611138, 2.6049368521832, [1]
-7.197438926168461, -3.287302096309754, 2.3137061052323604, [1]
-7.7046071939490774, 4.61402027560171, 1.5065349747322816, [0]
-7.762905922909194, -0.3236096494780636, 2.735153196164712, [1]
-7.1197895068689165, 3.2938805221942964, 3.0594945227597723, [0]
-7.85471589113138, -0.11762063726550043, 1.9754521007842767, [0]
-6.973952670337479, 0.8405223885347237, 1.4371134328892359, [0]
-7.053607827813986, -2.5202792877646916, 2.2490673543986732, [0]
-7.445080439334479, -3.599727602336576, 1.842713217246195, [1]
-7.1006102385970795, 0.959709887522306, 3.0958546029575142, [1]
-7.185163709137718, -3.0483928430686014, 1.0205371984322922, [0]
-7.259052944485763, 2.060698292334152, 2.026483879771183, [1]
-7.173582114664258, 4.099018210034116, 2.330955451998307, [1]
-6.997659989101558, -0.24023839094510846, 2.7549535153111564, [1]
-7.529225618724347, -4.674912421827039, 2.4023494924713598, [1]
-7.154872599017313, 0.9049208181530162, 1.3427609583352667, [1]
-7.534293671424373, 1.066384913917764, 2.589626539452178, [0]
-7.0929520185764074, 0.2046640850391961, 1.8807283745849834, [0]
-7.241437428762215, -2.1872452577525188, 1.9083504497862855, [1]
-7.1675496520941815, -0.024732280407379736, 1.7498373000149579, [1]
-7.401126942703518, 2.479875916823522, 1.6210766689775071, [0]
-7.1711989575954, 4.703406730969673, 1.9073785770338647, [1]
-7.111603102817266, -0.6968091790910429, 2.286283669808276, [1]
-7.451511789565406, 3.2828049677274755, 1.8139383309077821, [0]
-7.753929440157088, -1.7988526126600446, 1.7487130511803994, [1]
-7.339863702117664, 3.8395394469124184, 1.6252338062498406, [0]
-7.128664074386478, -0.4823064332141571, 2.751261514435048, [0]
-7.026614154604682, 0.458511354222076, 1.5166646152570677, [1]
-7.191839189818484, 4.218443864704415, 2.824225540205213, [1]
-7.2135289310997, 1.8167337697601698, 2.9153890015487676, [1]
-7.4572422949082435, -0.7351541095688297, 2.47632734448193, [1]
-7.1410962877791375, -0.5269175447106904, 0.9642697209887973, [1]
-7.262326778726093, 2.3551165057657846, 2.8033607953092208, [0]
-7.0652220308355895, -0.9594859355094183, 0.9869765249539086, [0]
-7.565158977179358, -1.2940667120356226, 3.0790273122216205, [1]
-7.203759466379483, 0.2420606482550226, 2.447935214384536, [1]
-7.453669816527463, 3.2587470766076736, 0.5113286852123358, [1]
-7.420526378986236, -1.3026635415235186, 1.7239951096491306, [1]
-7.229168116650178, 2.3617459068217728, 2.7857772858933116, [0]
-7.394379165126112, 4.796099568977061, 2.499409953760275, [0]
-7.132576545678535, -1.6355555556517596, 2.6185743250362457, [1]
-7.58500827328854, -3.4255915804347663, 0.40847629096477234, [0]
-7.813281426996556, 3.8491162346879935, 1.8236636546167566, [1]
-7.45202224107862, -3.7182278657978127, 1.4391192992350077, [0]
-7.295056816894448, 2.507317922722334, 2.735570629456719, [0]
-7.2323499088123775, 0.8067234248202484, 1.1338258843526325, [0]
-7.094444408577737, 1.9751679490082017, 1.8636945300430536, [1]
-6.969525182327861, 0.6276565454464378, 2.0296253923439407, [0]
-7.329569632119741, 0.583966553213221, 1.5967007300362186, [1]
-7.103065073266041, -0.211969098491402, 2.378671211724921, [0]
-7.2128159562933405, -3.0375614534624296, 2.322138684737458, [1]
-7.090273631767772, 1.2066772286412508, 2.135246338358904, [0]
-7.314115620548491, -1.7996200340164243, 2.339306861822535, [0]
-7.505383337958497, -0.10198625855758792, 1.702117165659036, [0]
-7.3064043232711215, 2.1048115703557606, 2.7372387632105237, [0]
-8.221115709004094, 0.3641289916578332, 0.4765057621855928, [0]
-7.13535932448282, 1.2842667071594773, 3.4343533552718473, [1]
-7.2648389318680096, 4.381274303470732, 2.8554910353722462, [1]
-7.071506208867801, -1.8062218952027513, 3.2497272669065116, [0]
-7.094783988101841, 0.4426299222029164, 2.7851589783763213, [0]
-7.547369213894873, 3.9607108858335756, 2.00882214637915, [0]
-7.512056180070963, 0.5343085834387464, 2.7998417170653536, [0]
-7.550443132866142, 0.6717452664029008, 2.2149679476638098, [0]
-7.31824366652414, 0.4242122299348756, 2.9032821233803006, [1]
-7.375657791571312, -1.2888304569035802, 2.7514096877545082, [0]
-7.10020582359086, -1.4815328869401045, 1.263431017103072, [0]
-7.213699390813559, -0.21643759975487886, 2.0272922808306797, [0]
-7.094577034985806, -2.0311319859284898, 1.472002927402561, [1]
-7.326909481307069, -0.08827767639506012, 2.6057013588781546, [0]
-7.322292535174476, -2.706604014187567, 2.0352245148198596, [0]
-7.237418555682457, -1.107548450753416, 1.1525005589277864, [0]
-7.516309159670287, 0.777051746648501, 3.5376120979290397, [1]
-7.190303810000087, 2.6428962410527124, 3.1032920743941563, [0]
-7.22518719597463, 5.455790640358405, 1.788753738182385, [1]
-7.376264177117048, 3.600512528864536, 1.3849974580202828, [1]
-7.365116123545233, 1.2985414813081322, 2.5200362953500113, [1]
-7.453510079558735, -0.3956471272771718, 2.1193569791841833, [0]
-7.123282588090503, -1.2335604324240992, 2.0645685399570777, [0]
-7.0127050165568665, 1.7232785040731198, 1.9449648426493786, [0]
-7.204038958038513, 2.5510400328361005, 2.003827931933687, [0]
-7.2779561063819855, -2.1227475405215213, 2.2000708059654053, [0]
-7.189636373142377, 1.1732886718558777, 2.1548250547825623, [1]
-7.3983048355357806, 4.3644704825700416, 2.4349690112126097, [0]
-7.192567300219329, -1.4498555828035826, 2.498273384187784, [1]
-7.0981010727221125, -0.1789959518214408, 2.2660165856249384, [0]
-7.662890120072569, 2.8626508207303196, 2.6208955379047345, [0]
-7.633180191988202, -5.84811315366143, 0.49274033843709963, [1]
-7.099623238552629, -1.218145350368368, 3.25473334663363, [1]
-7.0508756295695605, 1.1521729912727658, 2.142838151907622, [1]
