t=3.0695478982352015E-5
logZ_t=-0.2718629452351351
-7.233499358617239, -0.5308400643425832, 1.0266937016181548, [0]
-7.304584360980964, 1.3119414470133797, 2.781142875150062, [0]
-7.545457069831517, -1.2332050952458353, 1.775281423834593, [1]
-7.188104681024472, 1.9647466705902497, 2.2565560089376713, [1]
-7.502458249749946, -0.888527807978714, 2.6778945220144945, [1]
-7.238303567981835, 5.65308335818556, 2.178118486538277, [1]
-7.180707636628345, 1.081642910567477, 1.9656413378617092, [1]
-6.97358294370304, 1.5084652112317514, -0.920186651147578, [0]
-7.334382106651782, 3.4495759395281733, 0.05544850118550304, [1]
-7.1026844682200085, 2.044898551890164, 2.7495325325371347, [0]
-7.043328233808282, 1.2551068031949515, 2.0176728229710297, [1]
-7.741778860943982, -0.927661570027059, 1.601534190868446, [0]
-7.192874979190428, -0.41427568169338236, 1.0374593566516483, [1]
-7.154528751934174, 1.7227635850583776, 2.3216294590998494, [0]
-7.067162046098329, -1.8139628164554504, 1.8870468153133357, [0]
-7.54146134278004, -0.3331189821200835, 1.621192840832161, [1]
-7.577521069900494, -2.0831266051624007, 2.5644583633577422, [1]
-7.1155230199064015, 0.2250537607281794, 2.104110728393512, [0]
-7.911050237395578, -1.6577081877354503, 2.8361290114893913, [1]
-7.22972070599927, 2.827836368713472, 2.7015351217803154, [1]
-7.314937810961448, -0.9629626446615075, 2.142682326177931, [1]
-7.388826137778648, -1.2836824941843985, 3.5772280336791438, [0]
-7.131957846999234, 0.5135511985263435, 1.6641918785875023, [0]
-7.063904182459824, -2.6476884455919887, 1.0319411140030106, [0]
-7.125968324667575, 3.7105512627633934, 2.434213465911171, [0]
-6.96853896465664, 2.746447999439205, 1.3087885666786359, [1]
-7.168710868932624, 0.9923746025934195, 3.331394965983401, [0]
-7.226014813129214, -2.1664973095714357, 2.1118809174560083, [0]
-6.998565006889759, 1.0946043468797741, 2.939451109204972, [1]
-7.181084968402858, -2.9302239749162844, 2.630270658931499, [1]
-7.141257476882571, 0.1939139858350738, 3.1479464781267676, [0]
-7.14662549636428, 3.5465374649705774, 1.125252671499581, [0]
-7.0252514115207045, -0.8630481955603153, 2.146467496403572, [1]
-6.983637937085503, 1.583755826307998, 1.741868614716299, [0]
-7.289988465454764, 3.4169894730052546, 3.502912624209265, [1]
-7.130100804229743, 3.028591941548196, 0.7759571813792259, [0]
-7.349115293058886, -5.091865514440425, 1.0453580891014638, [0]
-7.941208675798273, -5.07421264747959, 2.775247895802395, [0]
-7.257156594976798, -3.8031988891741983, 0.1676174101309882, [0]
-7.058247325108876, -0.4383089689055444, -0.6998245903580005, [0]
-7.237007595384676, -5.74907746658212, 2.1335678313009927, [0]
-7.5762938525761205, -0.6543124460027325, 0.35788433292403754, [0]
-7.092810358962817, 1.2203233868496852, 2.812438535732488, [1]
-7.128480720086964, 0.8424274112507959, 0.9819144932345583, [0]
-6.963716247459586, -0.4292658385390969, 2.1823750258368113, [0]
-7.636688456128138, 5.434417878183815, 1.3051923971661605, [1]
-7.013782439930921, 0.4560191518160844, 2.928747223964035, [0]
-7.088778554880331, -1.8556341686906626, 2.3090116582487887, [1]
-7.141622478504123, 1.8752342252567247, 1.4613026312168302, [0]
-7.056885637474872, 1.5632348423679479, 1.8347705960902878, [0]
-7.207258062130402, -0.14297864085542755, 1.6433194565314344, [0]
-7.028765242287043, -1.664478994364989, 2.5374661866074106, [1]
-7.1091518016644475, -1.9403667709291794, 2.2329425197254533, [0]
-7.030918360422193, 1.6936237575284498, 2.478479469909816, [0]
-7.1385235411987775, 3.1192266930395727, 1.4641675448096847, [1]
-7.002247622807205, 0.2383902687593662, 2.481154673891309, [1]
-7.031479913899758, 1.4860925376437208, 2.6116557840541876, [0]
-7.068089674441165, -2.724870922225553, 1.727408227570349, [1]
-7.676218047162644, -1.734105834694323, 2.916362860300581, [0]
-7.058551788403124, 3.373552663985513, 2.5050077400601314, [1]
-7.235951310132584, 1.663375207719608, 2.8116051292849162, [1]
-7.306820084599152, 2.1001311226002968, 1.523822187059481, [1]
-7.11416963055879, 0.5182644997419015, 3.498557706083718, [1]
-7.357552448052936, 2.8105880840854005, 1.87506643568673, [1]
-7.272993762974242, 1.6400562045167422, 1.6173084752526814, [1]
-6.95108825924693, 0.22878868595352025, 2.5626790040337886, [1]
-7.3270914516988155, -3.1273164728948757, 1.920181755272727, [0]
-7.754720705432452, -0.9455028198255686, 2.691808941449687, [1]
-7.186555150737645, 1.4656387774333643, 2.4314436968006023, [1]
-7.207616561620973, 0.06715985174695716, 1.5974385440484709, [1]
-7.248862665100392, -1.0630456735987703, 1.7286547938836925, [1]
-7.396734734198511, 0.6843201125165201, 3.7024439780019924, [0]
-7.080271445492747, -0.9651391697900142, 1.231272476213355, [1]
-7.126089616347302, -3.00659204560317, 2.6641390580026028, [0]
-7.630136423527451, 0.4870687788463819, 2.0178034971738317, [1]
-7.283491121793653, 1.7836535006344345, 3.353840881380538, [1]
-7.213792704030997, -2.327429153334481, 2.567321925750332, [1]
-7.042991545315509, -4.148880115682218, 2.8992742766094866, [0]
-7.203902895043489, 5.5300208708839715, 1.3316697467326575, [1]
-7.106599426206635, 7.021648131997484, 1.049510273972558, [0]
-7.217770949969582, -0.7381546719252694, 2.1554034474566395, [0]
-7.139375222923239, -3.154716106347751, 1.7651423426382835, [1]
-7.065715148843829, 1.6369442923756072, 1.388309812761602, [1]
-7.385119985368028, 5.004764676991258, 2.952642069702552, [0]
-7.282841770048974, 0.49096845707739245, 1.4135149865203995, [1]
-7.169866754933082, 0.4808126355688302, 2.9502208849472495, [1]
-7.080376347240311, -1.0340715718011793, 1.8303182299587821, [0]
-7.154368427665845, 4.135058057974952, 1.9402921683400969, [1]
-7.87921609752245, -2.0284023600309014, 3.1737513065766603, [0]
-7.1759393939867415, 2.233347536841849, 1.8673955222134764, [1]
-7.198802747794513, -1.0516451533454565, 1.8066860426926068, [1]
-7.209790888096256, 4.1036526571949095, 1.4502722538513002, [1]
-7.001975824417102, -0.21950931150660002, 2.755335188038142, [1]
-7.475280193180616, 2.6141244560605204, 2.119378161803792, [1]
-7.07264206111765, -0.5701876728435322, 0.46445787643226677, [1]
-7.139928182599774, 1.996497398943954, -0.6950989930386164, [1]
-7.4316761872943955, -2.6369390437634257, 2.0494425524953956, [0]
-6.981462484656232, 0.5964147844049418, 2.507930174402179, [0]
-7.146599080399515, 1.6239025418020834, 2.6683406294387195, [0]
-6.98576834573959, 1.2825096681597883, 1.8833308632703447, [0]
-7.0457739989249735, 1.635642446943444, 2.0855059086784604, [1]
-7.150366376024005, 1.2416957050011277, 0.9252814624208943, [0]
-7.141353572040677, 0.8118976095963586, 2.385132985433752, [1]
-7.0974794058983095, -2.0209448969766353, 2.012041701901635, [0]
-7.001766408370337, 2.971438302594425, 2.5600920584123723, [0]
-7.112053434030199, 3.7150845138026045, 2.7538085642384713, [0]
-7.1640576297463054, 5.797308541182512, 2.2322580253811077, [1]
-7.202548535181019, -0.048499798137200845, 1.1900065496978247, [0]
-7.212610497725703, 2.9863599067361632, 1.6842234959179725, [0]
-7.292390003752417, 6.360364222096916, 1.9191274927667823, [0]
-7.646434934797279, -5.06412343746703, 2.9215668101710515, [0]
-7.023072474282845, 1.7877923407719751, 1.9915073464772288, [1]
-7.051327179821151, -2.952965304326379, 1.7970393415111021, [1]
-6.971563743815001, -0.38783890220747086, 1.2066357953914923, [0]
-7.094163297098634, 1.262019996292353, 2.730696266038192, [0]
-7.014239853827821, -0.5912055132011074, 0.42437054361719073, [1]
-7.163446126430288, 0.39816187456381913, 1.7889816828079175, [0]
-7.051485090741999, -1.7265277800342127, 2.3922490262451044, [0]
-6.957273236655371, 0.44768243362262367, 2.8689351519989508, [1]
-7.039494001534373, -0.8041029272044691, 2.3246693131761456, [0]
-6.996899042715302, -0.7286258096977382, 2.86991714358221, [0]
-7.1237800421672, -1.321302293658282, 2.514775298795382, [0]
-7.2560513922124175, 1.709861644811795, 1.2330227549952464, [1]
-7.043679853827998, 1.4139488413085466, 1.9193564754763623, [0]
-7.306516218163843, 3.729906312055621, 2.3506822785707326, [1]
-7.1133503141116465, -0.9244671695510274, 1.059028274401007, [1]
-7.077556154490375, 0.4049641629430547, 3.113828975073999, [0]
-7.911921477919791, 0.5211009274507812, 2.1145675546613565, [0]
-7.5087123799287765, -3.978557406449125, 2.541266600657657, [0]
-7.665322320945044, 0.23649694157441825, 2.717557406606239, [1]
-6.9315694674580435, -3.3182676970287117, 0.6139252283111487, [1]
-6.9976522738324825, 0.4739762560795482, 2.676805881258268, [0]
-7.573383488663038, 1.3941163588024883, 1.5234299890873613, [1]
-7.160233142589724, 2.182236456608926, 3.6736590620194427, [0]
-6.990886506291757, 4.221515753054826, 2.5758683559217967, [0]
-7.029151401693348, 1.1534735772542302, 2.986991944049623, [0]
-7.221629726423654, -1.5078637918978282, 1.333981232318577, [0]
-7.086089863293754, 1.0702705900185463, 2.8623751099270134, [0]
-7.179910207570656, 1.7931990190994354, 0.7714412970389133, [1]
-7.399039795127128, -3.2804966503474042, 2.0188522666531936, [0]
-7.268407663536833, 0.4142623201582337, 2.6626095889040258, [1]
-7.128993685913833, -0.45454862288862197, -0.7368419327882781, [0]
-7.4066269522934105, 0.36095466132131804, 3.195836422893588, [0]
-6.979537075780977, 0.716361880729592, 2.668372958835322, [1]
-7.301750315434562, -0.601270699213192, 2.925795960562503, [0]
-6.987963967138968, -0.4236967088790311, 3.0283561339838787, [1]
-7.158733104332538, 1.8566561750494854, 0.6599039882273524, [1]
-7.557187760401527, -5.129890057178452, 2.195602022467136, [0]
-7.127323118094547, 2.2938741063380736, 2.2337461457356174, [1]
-7.858896480638713, 1.4828798148203592, 0.9897989875990303, [1]
-7.196594214897618, 0.9684826810780987, 1.5998476153985663, [1]
-7.014891337182173, -2.056934384610653, 1.4566827328759047, [1]
-7.318430334412558, -0.4412266306158872, 1.9168788818487708, [0]
-7.087288521020749, -0.8941262640685157, 1.4405114693734, [1]
-7.005510767449087, 2.128974722078102, 2.263555300898992, [0]
-7.15117470125152, 4.808849356235508, 2.6812553316501555, [1]
-7.016323328940379, -0.977114520711726, 2.4993393304465528, [0]
-7.127755062015716, 2.0328103427531343, 1.5979676037180959, [1]
-7.03935677417605, 3.715749961627063, 1.697701665396314, [1]
-7.129827628935112, 6.491008705349963, 0.8829219403113455, [1]
-7.0365096669083, -0.9149539965620137, 2.6930138435492825, [0]
-7.154092698674648, 0.16314605610996047, 2.423647129183786, [0]
-7.043656582988928, 1.0170666766177998, 3.1455131922706085, [0]
-7.476339095159178, 1.6375358692477804, 1.4926072539135584, [1]
-7.183828561581049, -3.312003462488252, 1.8361608658955844, [0]
-7.224456029849042, 0.7099015105619588, 3.226281947419708, [0]
-7.307547273170474, 6.525054504490349, 2.6717311025892383, [1]
-7.10000864223856, 0.8908839712345515, 2.224315448862927, [0]
-7.24762626710606, 0.7845911058786761, 1.7960812351275095, [1]
-7.392430837275741, 5.981169624094538, 2.006923176082502, [0]
-7.353933151004085, 4.194190706589873, 2.2215088449211953, [1]
-7.306378083243215, 3.486604164549325, 1.6345686338030148, [1]
-7.052125034306201, 1.2236559450253126, 2.9377367410027815, [0]
-7.054324108566368, -0.9762906424596527, 2.4055977408972, [1]
-7.243444705577831, 2.782495045549347, 2.73778923048875, [1]
-7.557173321909153, 4.3928706684138845, 3.0816993367168193, [0]
-8.003003443686794, 4.1730704514010135, 2.4011032862130093, [1]
-7.189020940823286, 3.4523813299877872, 2.7536375010241865, [0]
-7.248236096472768, 0.3417613012808668, 2.7232741167871493, [0]
-7.236018349645705, -3.5683062071665077, 0.6713452208918511, [0]
-7.327823787987494, 2.819753147950584, 3.301993674913546, [1]
-7.0564020644219125, -0.4223541740522574, 2.850715452495693, [0]
-7.279526729219389, 0.35283941400133134, 3.2258891535982994, [1]
-7.116916724459595, -0.4119436880492837, 2.8804490975301924, [1]
-7.309292107240041, -2.5531631852452494, 2.5027903554498696, [0]
-7.336715201158109, -3.4738487502548305, 2.473474832571305, [0]
-7.290060403934589, 2.8145759862204267, 1.9253873550181826, [1]
-7.169564208627483, 2.343170138618863, 2.1654995065955958, [1]
-7.709158830478908, -2.382300926800368, 2.033925329833579, [1]
-7.066885807462393, 3.4112497073775243, 1.8333031217095503, [1]
-7.183880069346484, -3.2180472452041364, 1.7181689875077881, [1]
-7.149782536789361, 1.4748067611095124, 2.138100741427646, [1]
-6.961242905310234, 2.195001633977657, 0.8597170561415101, [0]
-7.06381158794021, 1.6143296841683665, 1.7100606820887716, [0]
-6.967002061806293, 3.3721870119820743, 2.2813299726256258, [1]
-7.1727508354443845, 1.3965811071199665, 1.5377349037595576, [0]
-7.120516372325831, 1.4574319187205869, 1.9904463453141594, [0]
-7.078052786867353, -0.2651381617022335, 1.9591052167828442, [0]
-7.158213861694885, -1.5183635133734472, 3.211465997963358, [0]
-7.521242069379957, 2.4996680694516744, 0.7481144703648253, [1]
-7.143245637390311, 1.5840128628814931, 1.8686354178330284, [1]
-7.011582909827163, 0.6500960166493915, 2.908623734569135, [0]
-7.496688645522247, -4.952534836607305, 1.9055784764324153, [0]
-7.19547289924853, 1.0105702533707013, 2.3489122081832896, [0]
-6.967852993167659, 1.9906418425866272, 2.4490463517099337, [0]
-7.045693831039977, 1.3324311014573287, 1.1591339179489828, [1]
-7.087340367749806, 1.8360962320008398, 1.6898501721687347, [1]
-7.7002032106785645, 0.8383845871558127, 3.093251800292216, [0]
-7.046794893829965, 1.798982707027526, 2.8180306279474543, [1]
-7.109955669926797, -1.3247780023355866, 2.5022448251710685, [1]
-6.972449146392003, -0.0510866841647971, 2.31220929729869, [0]
-7.011387065532749, 1.4857490271750335, 2.21149025538132, [1]
-6.978325196539399, -3.1383911606470205, 1.6892133792333612, [1]
-7.490192628620282, 2.5495821715427773, 1.2195448281017833, [1]
-6.9887204278799135, 3.422672022934627, 1.7364116370721125, [0]
-7.135840591674852, -1.2793162134072056, 2.6397932311544756, [0]
-7.167019040022234, 3.4685714414814344, 2.624916198113472, [0]
-7.149971137176998, -0.8714107430845239, 2.4489560135418653, [1]
-6.958610717969538, 2.2101247882609405, 1.6771897187484381, [0]
-7.0117513698413365, -0.48009201629128095, 1.4792323672785042, [1]
-7.020509782165774, 0.3843908726802493, 2.617763405239802, [1]
-7.28635439013234, -0.18661436119540875, 2.016451278249554, [1]
-7.365943790473659, -1.3353250104575256, 1.6235656252280288, [1]
-7.196975786733503, 3.152115831775308, 3.4927620242205197, [1]
-7.056585592051042, -0.47827366422951295, 2.539916026832187, [0]
-7.038010712308153, 4.1370130808994485, 1.6205581070112434, [0]
-7.508382580335778, -2.7762070103270498, 1.2189123606168888, [0]
-6.958934836482838, 1.342274517032802, 2.248919577291132, [0]
-7.279504108471944, 1.1755668091351468, 1.8903322334852493, [1]
-7.016282299418358, 2.1303839654060837, 2.5374566632949325, [1]
-7.434897643397324, -0.8401243035985488, 1.031717905298009, [1]
-7.098541667977547, 1.682096086601813, 3.6912161196308775, [0]
-7.130914655578666, 4.282994393605318, 1.171830983406071, [0]
-7.310839782750705, 2.6094921578669186, 2.089311639563051, [1]
-7.00188313491377, 0.20005347606786072, 3.181079276345656, [0]
-7.542246134496392, -1.8352662350527904, 1.9643529060920408, [1]
-7.011335070680872, 3.1840322225378124, 1.8931203130786, [1]
-7.039642747285671, -1.1185563103335525, 2.502037126667463, [0]
-7.217476528561045, 2.70882167633165, 2.5164442117213666, [1]
-7.18835096806211, 3.564363398447321, 1.0304723797766626, [0]
-7.020569224352279, 1.3310091909392456, 3.257399474293841, [1]
-7.222852905738518, 1.0094599549973218, 2.337943165708009, [1]
-6.972418475755568, 0.9755352813811577, 2.0926446942532175, [0]
-7.229086505814238, 3.189936906312079, 2.2148638355373635, [0]
-7.121743485434871, 1.8885428179169281, 1.8220947475439164, [1]
-7.041875320907428, 1.4844767518254631, 1.5678395222005646, [0]
-7.435703571878186, -4.2116826138423615, 1.4399147690249354, [1]
-7.132411730678253, 0.10650369838991347, 1.8113869638384914, [1]
-7.074259569400827, -0.34956012428708255, 1.6591288942402258, [1]
-7.030867304541335, -1.2600423499845341, 2.435692229652541, [1]
-6.9619759664354, -0.9606864594567968, 0.796342570558737, [1]
-7.01193049083405, -0.2510780610424217, 2.940820146987824, [0]
-7.343677899921443, -2.2256897250232326, 2.026742621740996, [0]
-7.639683858835387, 0.033101768234352846, 2.2911876399846043, [0]
-7.339520301226563, -4.81959331815051, 2.1930908077651217, [0]
-6.996478345100989, 1.9736838532201326, 2.5853221753382782, [1]
-7.1719533729878915, 0.7236311794391814, 1.3029143990291647, [1]
-7.384104016648786, 1.4590454954623278, 0.5435284816477157, [1]
-7.094495067765461, 0.8242375804562048, 3.1320258177247515, [1]
-7.23080492019203, -5.899395443165481, 0.6904814026962842, [1]
-7.243340509707922, -0.32140847676103856, 2.367883362508229, [1]
-7.1434039594223435, 2.0361704887628136, 2.557896823823917, [1]
-8.233732853425856, -0.1716909298516478, 2.5010869029181406, [1]
-7.47089833559769, -2.4091455393121963, 1.5100349475309192, [0]
-7.180279744271008, 5.019719933809169, 1.9707131569065692, [1]
-7.19105452017571, -2.9079153758288117, 2.355186057339631, [1]
-7.403325626318254, 3.0925904068330183, 2.3715781181721933, [1]
-7.137156698716268, 1.5125119032193988, 2.2803717399902124, [0]
-7.367395286619022, -3.8701296533169196, 1.874705747244684, [0]
-7.0162844382017155, 1.9505300818587603, 0.46235854384090747, [0]
-7.123607280163709, 4.4637450723207275, 2.037262253706804, [1]
-7.082583037797772, -2.2241852327845937, 2.2238129761263155, [0]
-7.371183915337255, -1.6842296966041452, 2.5599053364284483, [1]
-6.995960491856835, 1.4611112386330443, 2.116574887156208, [0]
-7.076784938646555, -1.0431346685902094, 2.3750354216597245, [0]
-6.998240179558048, -1.0755649143122126, 1.6858269465861493, [0]
-7.4213601638128655, 4.158679796520781, 2.438245331088577, [1]
-7.06343164953797, -0.12821103574153953, 2.1974582766559214, [1]
-7.09250373430359, 0.15656320428143533, 2.6262906488507243, [1]
-7.2122087031953095, -0.9134335163744083, 2.5729004172415726, [1]
-7.243494152186007, -0.9976038010186723, 2.5707879686293307, [0]
-7.30084534678296, -3.2253077075711842, 2.4454383868010163, [1]
-7.119276393773684, 5.203936510609278, 1.7402082967079002, [1]
-7.222283481067066, -2.6418126850609394, 0.7165914790519419, [1]
-7.017806692838278, -0.8767385094935716, 2.072807455175046, [0]
-7.01682668648842, 4.366061798308852, 0.7393709073214816, [1]
-7.210169705893256, -2.323368699707184, 2.014196015805931, [1]
-7.266140814426556, 2.3335231221560337, 3.047501963422791, [1]
-7.1617754447495825, 4.4794830331802284, 2.1130494043118095, [0]
-7.106053244775289, 0.11770560925216689, -0.3207212050192154, [0]
-7.017728156988254, -3.2875701226367777, 2.4689954080441776, [1]
-7.283503507866375, 0.4085485011879848, 3.6970803141623776, [0]
-7.008196348916164, 0.8165500936181531, 1.0559811324149266, [0]
-7.202068053679754, 1.6890354064431978, 2.608539428054779, [1]
-7.07480971678487, -1.7655331750896948, 2.4250664958034918, [0]
-7.36251430233702, -0.20713012894465033, 2.7962823649971047, [1]
-6.951890216877141, -0.15856435137334274, 2.4572984923301173, [0]
-7.128609162864502, -0.49789698207278194, 3.100886750819708, [1]
-7.691902617303945, 2.7746801094520728, 2.316035736816565, [1]
-7.231379635549171, 2.686191487658753, 2.667112468820123, [0]
-7.286738210757777, -3.5005671441807698, 0.2758453484737522, [0]
-7.656011759685837, 2.789528260880601, 3.5406888405381345, [0]
-7.244941000589233, 0.48901458524865893, 1.288502561103494, [1]
-7.129574575418084, -1.3355146852719209, 2.927839065140872, [0]
-6.973426636202284, 2.761071392161084, 0.9664325568980466, [1]
-7.133470148021312, -3.153473620250701, 1.0424834494801107, [1]
-7.407339945033673, -4.6913984933491335, 1.4421901238664958, [1]
-7.202456807026961, 3.2164022426269145, 1.8900926625378207, [0]
-7.130865892040313, 1.4957678656834805, 1.05858870130761, [1]
-6.933065153678421, 2.2383175726219964, 2.8492826975726495, [1]
-7.1148297427777685, -0.3965039084819585, 2.3742754689248646, [0]
-7.150089094630901, -0.6269513683227905, 1.5822568094498557, [1]
-7.3676356445287015, 1.2522316116222085, 2.323129507722278, [0]
-7.3211587637613125, -1.443270669582381, 1.1944927384849406, [1]
-7.189592407971146, 0.14934922803308304, 3.0811148322227098, [0]
-6.993811159784896, 0.2019890855855611, 3.089319031746388, [0]
-8.098573066201633, -0.5666770899137934, 3.211766201588643, [1]
-6.972111670400135, 1.3524771022260895, 3.2426059478660414, [0]
-7.069232416382446, -1.5077307503848085, 2.852096880630424, [0]
-7.0521512953574454, -2.023354828314816, 1.476614005281614, [1]
-7.150292193592709, 5.026711204662316, 2.4348707038962676, [1]
-7.3625159556601165, 4.279791095246187, 2.288524300153184, [0]
-7.265325894877114, 1.1704495538816533, 1.899838219290386, [0]
-7.061788880620826, -1.4705981055324997, 2.6610848848896542, [0]
-7.19554306042617, 1.6861611962781353, 1.4018910671474918, [0]
-7.103325101195626, 2.812835419470709, 2.432066209753766, [1]
-6.995553388491984, 1.82082855313662, 1.6331758706811532, [1]
-7.292231229271936, 0.9241327305168363, 2.153854086960486, [1]
-7.270867403792043, -0.37993420479246476, 3.317164316689549, [1]
-7.041586524000205, 2.4847777352955296, 1.9298009851536686, [1]
-7.398994965914892, 3.5616342426369227, 2.775341381532491, [0]
-7.042398290373544, 0.4167569019276942, 1.4065710718385631, [1]
-7.276422520194211, 3.9784578908096497, 0.5036756312056576, [1]
-7.226240598253591, 2.032048877367407, 2.2500820912377204, [0]
-7.343689276519767, 5.8321840773146825, 2.0533972140574694, [1]
-6.969827310524539, 1.494114880230689, 3.050530930701695, [1]
-7.080046106989437, 0.7519068862053562, 2.6322790907770255, [0]
-7.067006002856952, 1.4196738622673455, 1.7685364621219173, [1]
-7.078659252431066, -1.3319922975222367, 1.9361181195644097, [0]
-7.060996471509414, 1.5821851736921047, 1.6138042665386862, [0]
-7.028109109710974, -0.5240372909078004, 2.1540935250336464, [1]
-7.413005171251793, -0.626969743064113, 0.7604813776409458, [0]
-7.344740700213675, -2.547485923840788, 3.216958802945255, [0]
-7.116355042489698, -1.6255351147202857, 2.5291129728551014, [1]
-7.07920077857192, -4.5794212625421835, 1.2891951606582273, [1]
-7.243719892050337, -1.2455379793223764, 1.504140702224873, [0]
-6.96982849746203, -0.3698659760003675, 3.261819426965517, [1]
-6.95091090727463, 0.24344516912329395, 2.4659720204402333, [1]
-7.065545032395052, 2.7374344410913234, 1.4585965846323925, [1]
-7.003722939134413, 1.0599162255529444, 2.2231757016781026, [1]
-6.965776644929879, 0.9827991679057746, 1.885432346579086, [0]
-7.229815009749656, 0.17020857865257, 1.970362332531236, [1]
-7.218789711336239, -3.257656517674753, -0.01432177389512268, [0]
-7.837056393055104, 1.4445858633939914, 3.6988852181917173, [1]
-7.705544590036033, 1.5594564714333976, 1.5481533227672264, [0]
-7.133860494508559, 1.966997381123885, 1.3167532109044517, [0]
-7.451631367180599, 1.4580978868811423, 1.5762090388488468, [1]
-7.3865709897920775, 3.9087641265608335, 1.7554012778038597, [1]
-6.976871637851845, -0.17041778725528928, 2.9209575490852253, [0]
-7.3680482890764045, -0.5868661443132963, 1.6974216402217321, [0]
-7.099412050380692, 0.9985956442132813, 1.9165171812983584, [0]
-7.2638171738049335, 0.24194195342109648, 1.3204809112100397, [0]
-6.9955552931389375, 0.19628516860435252, 2.815072344618504, [0]
-7.21444018400893, 1.8153775291599858, 2.2995974738002563, [0]
-7.123699685629905, 1.4514568871668694, 3.0243369680237877, [1]
-7.26386346288957, 1.1206852260517435, 2.841367957193523, [0]
-7.80527839083449, -4.123694365724998, 2.0911477074467437, [0]
-7.240901245474969, -2.4395180100157674, 2.320263315900764, [1]
-7.381580153176671, -6.389076890544299, 1.7322507517240822, [0]
-7.081497097204423, 2.4418111695736355, 1.6717391718312902, [0]
-7.165311248030774, 1.2003773326564158, 2.666283427617747, [0]
-7.0622786237846835, -1.365197005653215, 2.344507495503331, [1]
-7.0204010868946725, -1.4225261988934907, 2.350775783614611, [1]
-7.236623934460047, 3.3690253517806195, 3.2172526067920932, [0]
-6.961631675330441, 0.901455423032514, 1.843321761112524, [0]
-7.230017975375036, -3.4142241705057526, 2.9499115045102817, [1]
-7.451379794897504, 1.916620055287549, 2.4311810720094322, [0]
-7.3118136022831, 6.109026595095623, 2.5093920741011213, [1]
-7.061928607946699, 0.6286117363839285, 1.7850476638471826, [0]
-7.054111170871326, -1.3185214067372624, 2.1314712445523933, [0]
-7.165523352966294, 1.1037900179132545, 2.6093408114765184, [0]
-7.332426311049971, 4.057525376013603, 2.5867340863054813, [1]
-6.999297963131974, 2.0373440264970784, 2.7390743656176335, [0]
-7.2677060539368545, -0.6413147770507452, 0.5363437440603047, [0]
-7.045755023836882, 1.2667001980016495, 1.091345626680711, [0]
-7.0968443875587734, 2.1816913688293464, 0.8321194276839514, [0]
-7.009448781376799, 0.5108598556229584, 2.3750296014113985, [1]
-7.171765841933572, 2.5100094872466774, 2.454399043303897, [0]
-7.071524015036448, 1.2404174175897897, 1.0221700835010807, [1]
-7.2273512174664765, 3.281052088650986, -0.9262968158548724, [0]
-7.211190974422742, -3.7291020957693974, 0.7731942708514398, [1]
-7.0820623756775705, 2.4866371391942463, 1.64989115194713, [0]
-7.111728392122672, 2.6369193586684814, 0.5449394886028585, [0]
-7.215332300133967, 4.6231550992198915, 0.721788942924086, [0]
-7.4838849020209715, -0.582048714422289, 2.3577511209744766, [0]
-7.303732069016644, -5.23352510738566, 1.1063605779822068, [1]
-7.140832521878068, 1.3884849000083967, 0.6953022299196229, [0]
-7.280989984466427, 2.7075489330007065, 0.8691291600446021, [0]
-7.26646851076464, -0.09967323580757587, 2.030784405184169, [0]
-7.206474579665889, 1.2554382260058516, 1.7257124298181354, [1]
-7.339450464242049, 4.5844377253250865, 1.6079682257623402, [0]
-7.030917704837413, -0.6917811356927346, 2.5377402870513808, [0]
-7.344399860185865, 3.3115385786128835, 1.7279945851552063, [0]
-7.0191135565374125, 0.9312423787080482, 3.285505648882811, [0]
-6.975890297583238, -0.35958164382044977, 1.8221727467195108, [1]
-7.262462498135199, 0.7124789528878936, 2.578026023803096, [0]
-7.160094560702433, 4.183638040563968, 2.0889929213144134, [1]
-7.214177196658449, -5.1433301435569705, 0.9620723293846781, [0]
-6.9921040761329145, 1.3921225377998463, 0.8736943907489523, [1]
-6.98989023499133, 1.479640582986231, 1.5418243663102373, [1]
-6.9925839876761895, 1.0418116760082403, 2.012122421974656, [0]
-7.322734073411664, -0.08417705837794642, 0.6943350788014615, [0]
-7.180973993508766, 5.732663941584918, 2.270423378474409, [1]
-7.088276534604805, -3.1663871995144124, 1.520177942430314, [1]
-7.165608968285883, 4.736040453023511, 2.165549059623128, [0]
-7.260303740541869, -0.6083835731535288, 2.164785790056075, [0]
-7.015936749555332, -0.1421565708500523, 1.8355836140089645, [0]
-7.0094012062698985, -5.196468900739703, 0.07338753804556952, [1]
-7.008903902018576, 0.47548718301943904, 0.38679193546062707, [0]
-7.381662922545287, -4.630862024796928, 2.3050623934622587, [0]
-7.152333464680278, -1.8220027975064617, 2.8680849096874126, [0]
-7.053244486881668, 1.981232723000145, -0.6352625858101302, [0]
-7.34424427418342, -1.1911274903308011, 2.7012934622989433, [1]
-7.274344582497416, 0.1755731329775747, 2.4554989207326288, [1]
-7.368722380332492, 2.8253644169421355, 1.7233731808756145, [0]
-7.5796260118485, -0.8615313725425091, 2.10458125481803, [1]
-6.969208838836721, -3.2502215826691057, 1.730595758764398, [0]
-7.591488994221121, -0.07559053755529455, 1.3764558698365972, [0]
-7.123473748611017, 1.5150579054110533, 2.0048143266160787, [0]
-7.184332883351487, -0.21950632444837204, 1.9875733809886857, [1]
-7.366792588068122, -0.95097284689796, 1.5756835287287863, [1]
-7.086754109924582, -3.3742415007274413, 1.7839043328984463, [0]
-7.061501435381936, 1.9143804847101715, 3.522326738558885, [1]
-7.106500542352371, 3.2965300516528986, 2.539418203157478, [1]
-7.070053235798321, 2.0460335572453214, 1.1734799331234596, [0]
-7.128264422212705, 3.7366992166537116, 1.4176022680382498, [0]
-7.574947015600425, 0.3708914250076818, 2.7612371793354553, [0]
-7.242958256607691, -2.226216354203096, 1.9838417749381279, [1]
-7.226341067997987, 2.9301899640004923, 1.808945139938368, [0]
-7.159257464709784, 2.073481882487879, 1.8719472873507002, [1]
-7.076917853240084, 1.1817951765465602, 1.344436462863944, [1]
-7.110463026646306, -0.81555566014499, 2.8184925931166154, [0]
-7.145220952640527, -4.824242268841434, 1.4822979371222575, [0]
-6.9982820324041315, 0.9841589681694027, 3.052987520870717, [1]
-7.28376227820705, 1.8943440799455473, -0.2849305780232364, [0]
-6.9944282926604435, 2.5603819541191335, 2.6663127069117802, [0]
-7.091341692708932, -1.6208931440374568, 2.7131196560387463, [1]
-6.990654737139699, -0.6442086865464209, 2.991683657136917, [0]
-7.048666579204053, -0.6698357666978714, 1.410984478677602, [0]
-7.491093018784518, -1.9193714494349936, 2.0875148743626193, [1]
-7.444227143802534, 3.9327542650059932, 2.7768566523378206, [0]
-7.056415907536715, 4.343418522346865, 1.3916330651962077, [1]
-7.705905698503174, -0.3550057412241099, 1.9731693274781186, [1]
-7.225326083017309, -2.315433397312565, 1.8497724192461098, [0]
-6.985078675838405, -0.605434750433339, 2.631685059330061, [1]
-7.147978928407746, 3.6278167940513577, 3.2157425609927484, [0]
-7.145431484960519, 3.854443366527519, 1.4693561453650072, [1]
-7.2299635907111375, -0.5691014058322422, 3.090264409453372, [1]
-7.134339522702775, 0.22257657269731368, 2.585266450157869, [1]
-7.173585561926588, 2.4215536833831184, 1.4648690020366517, [0]
-7.150347528524807, -1.5178119696244698, 2.0594372611929144, [0]
-7.180854036219779, 1.093128037342289, 1.1374376529918102, [1]
-6.971900189474042, 1.2417552764055995, 2.0805913303296726, [0]
-7.1068440960470305, -5.010171392624981, 2.7289245477325252, [0]
-7.1153806257050345, 5.4548374833073545, 3.5210939832815016, [0]
-7.312702776185171, -1.4274097870129108, 3.4620935468350837, [1]
-6.994262295397726, 0.5229672602246671, 1.4720868080532314, [0]
-6.991451815369621, 2.5996291482116134, 1.8226815100508862, [1]
-7.256848683018317, -0.521318127054712, 2.5336708404399735, [0]
-7.0515284253155945, 1.3149007011371114, 2.850972376474513, [0]
-7.099968274587483, -1.4842264215165852, 2.093067792836217, [0]
-7.033928428675283, -4.365751588408258, 1.6175252745693776, [1]
-7.381685981710277, 0.8748379972080211, 2.047156772899145, [1]
-7.245688828950545, -1.6134087247494147, 2.5007166667605785, [0]
-7.521582869219435, 1.4553868785682673, 2.0651977896184794, [0]
-7.31798331634691, 0.18750975610143916, 3.297722474819709, [0]
-7.329187313189736, 0.17047164282573135, 2.578700535948642, [1]
-7.180556276719511, 7.124757832474938, 1.2419622451635683, [0]
-7.409937506528117, -2.630308486916842, 1.717808999628175, [1]
-7.235974057993652, 1.3941883810582008, 3.9774584019241876, [1]
-7.085023869213989, 4.743506361179618, 2.3567321076127556, [0]
-7.28782430792232, -2.616199240046072, 2.973722702948647, [0]
-7.058383206377142, 2.140577230049632, 1.8053808696009963, [1]
-7.038819367012846, -0.13692098660674068, 1.7647377126702792, [1]
-7.049203659446845, 1.103708219117586, 2.7779240431486576, [1]
-7.248986357255534, -6.257373150629718, 1.4210594194057569, [1]
-7.409188767371656, 0.9696224086403586, 2.432794704262162, [1]
-7.0165176971088155, -1.0516473460095566, 2.556691931365327, [0]
-7.18553153975756, 3.011621770715358, 2.8572702896412103, [1]
-7.256996572466524, -3.2113350877216336, 2.186862809235466, [0]
-7.7292808059142555, 1.8366017700342434, 3.262528600417453, [1]
-7.5388462876491875, 1.5364721851058691, 1.2855365118777233, [1]
-7.066689863585134, -1.203607917191455, 2.8334244623099165, [0]
-7.44302776817035, -1.574030267919626, 3.409901688155236, [0]
-7.041390506355721, -0.7277846144216022, 2.616137252912617, [0]
-7.063927775886474, 3.6323738458347474, 1.750091556891696, [1]
-6.9343292868479205, 2.275284150290299, 1.0062130133805012, [1]
-7.110359449995379, 1.1927778745686923, 2.712750484694007, [1]
-7.115423586437237, -2.051241461749216, 1.0632029215415586, [1]
-7.147616705564698, 2.805816257118626, 2.4954700388936004, [0]
-7.026790108279693, -1.6497465520158063, 2.328220967972156, [1]
-7.321419042545578, 3.679496188695287, 2.6428477695320853, [1]
-7.341095565442493, 0.00450663860028655, 2.495156158903484, [1]
-7.104458813458161, 1.6366214171819915, 3.118776827690469, [1]
-7.030913688278727, 2.2518108952435805, 2.967969485600631, [1]
-7.398691011751737, 6.668645623328357, 2.1347958661215363, [1]
-7.11723854870414, -0.33511044879726604, 2.4881545721803513, [0]
-6.982719706059212, -0.7083774797386808, 2.182802098164161, [1]
-7.276856618494115, -7.350869663874918, 1.4037163442057956, [1]
-7.659270216345071, 2.623082173329391, 2.5298563832320133, [0]
-7.335743664815821, -1.5993688195822473, 0.4004494297150534, [1]
-7.25118810224419, 0.48352328605222894, 1.4459705627414239, [0]
-7.00499859330802, 1.1417578660034364, 2.191721699031807, [0]
-7.038916437860836, -0.36634405709736034, 2.7618694311448397, [1]
-7.174873935167258, 3.8899702702889694, 1.7818690987794392, [0]
-7.170306902949767, -0.7308946949593299, 2.407560722625637, [0]
-7.224511531967489, -0.6347446995812804, 2.7608339291351767, [1]
-7.478656301555869, 1.5028001516462481, 1.686400008749727, [1]
-7.118510826330582, -4.20119222536954, 2.479976613158429, [1]
-7.145573619114302, -0.4599658267906383, 1.7753556492779228, [0]
-7.129922265553231, -0.6778728243906836, 1.31387786815404, [0]
-6.955774905837678, -1.705614518046632, 2.52486010673563, [0]
-7.2618293337040205, 0.4880351525706881, 1.7227252676242588, [1]
-7.008731162660677, -0.2099064663223308, 1.1595856432619134, [1]
-7.157616845683092, -0.869259764505927, 0.7206645314092616, [0]
-7.075820296180972, 4.441209816576463, 3.1414129930295362, [0]
-7.158429379561849, 3.512320016437287, 2.233032845663321, [1]
-7.11494129258033, -3.907353830033221, 2.5109801764659117, [0]
-7.220544608726939, -0.20791179830743003, 1.91013816817527, [1]
-7.620287790458065, -0.4536329066799939, 2.191477550267356, [0]
-7.137203295349767, -1.9212897995339748, 1.8105101038934177, [1]
-7.6920204848573785, -0.9055750214176821, 1.8799932523166303, [1]
-7.124043655505132, 2.403587346703759, 1.5947406950200516, [0]
-7.0607632519795525, 1.9039228295380013, 3.620663355762412, [0]
-7.019352436709684, -3.40240173617297, 1.9359381343471171, [1]
-7.065588416633477, -1.2434147053167603, 2.8598688556201672, [1]
-6.9551132477138315, 1.2119950731768045, 3.080623847214888, [1]
-7.111357491377315, -2.0903902541872434, 1.7256102099551898, [1]
-7.023027272328802, -0.5384012180012652, 2.277833495451788, [0]
-7.204770915419468, -0.9360182345626074, 2.1489602315974583, [1]
-7.24983416559808, 2.4581026721062633, 3.4651512124300607, [1]
-7.345209992021004, -0.19797889138196, 0.8036174732348513, [1]
-7.255664626746393, 5.756779060677406, 1.2137498715029296, [0]
-7.336085432156522, -3.6117388348321424, 2.894078844045619, [0]
-7.29494359154069, -0.8017484799499592, 1.4412059462630706, [0]
-7.241114740589401, -0.6807498355115443, 2.6791104128602137, [1]
-7.6700113200634865, -1.232550792462606, 2.22771818840376, [1]
-7.102755896946192, -1.6038739775342865, 2.8873540765645354, [0]
-7.033018099839963, 2.5240161023034533, 2.365228125071673, [0]
-7.21661746606233, 2.3606464583991027, 2.6906101761631684, [0]
-7.052151732502413, 0.3815905659226604, 3.312196743978494, [1]
-7.289481636935388, 0.6748438980628952, 2.150676908064659, [0]
-7.055471464925002, 1.1456387806383557, 3.331932672809703, [0]
-7.104901630169132, 1.9604117795162757, 1.564503573583457, [1]
-7.558962920867513, 0.6796534511814127, 3.2814287356077485, [1]
-7.083097562528861, 4.953360917210439, 1.5648316639625985, [0]
-7.04382799844767, -0.4872881996014913, 1.8067841593207723, [0]
-7.356212490400693, 1.4340590245553608, 2.8286594900889965, [0]
-6.964177419775925, -1.7196173088355595, 1.3852204238409025, [1]
-7.223950513633685, 4.266914874241397, 2.3042062729267254, [0]
-7.6077812345573355, 3.652453991662287, 2.8968957276194316, [1]
-6.983391324045684, 1.273643292075429, 2.7444540382465856, [0]
-7.293365844870019, -1.739567206548325, 2.5580229170269035, [1]
-7.098420844469541, -1.6275573946136401, 3.400246338251854, [1]
-7.013456568334678, 0.5052496209170175, 2.086910768551791, [0]
-7.301328074891829, 2.2464858970291224, 1.7415612984213547, [0]
-7.332460634329119, 1.048226637135869, 2.459126358199021, [0]
-7.092394954805405, -0.651867820869817, 2.3177482496879644, [0]
-8.346336488076773, -0.9362879237547164, 0.833434503287774, [1]
-7.090463770627201, 0.9640808214730017, 1.6213327971252993, [0]
-7.176894756075938, 1.8719296802704402, 2.522180183885726, [1]
-7.092214242558527, -0.20103715693884583, 2.853803734706481, [0]
-7.015957499856306, 2.329212723271843, 2.1425445891110653, [0]
-7.159197943063782, -2.8750128423213246, 2.450767341358434, [1]
-7.029547160200765, 1.7187214553148893, 1.3809879813998394, [1]
-7.568319744205912, -0.3676709641964394, -0.3451029190392769, [1]
-7.165595958171684, -4.386456626447729, 2.367453115884846, [1]
-7.002373181560519, -1.488700778387102, 1.890944645778926, [0]
-7.099179550794826, 0.2262027076550963, 2.3168417512748176, [1]
-7.054344056623984, 1.8874358870904764, 2.7912058582430728, [1]
-7.114684239482418, 2.2187135821059245, 2.7011830327771773, [0]
-7.168120140450441, -1.591204257447612, 1.7643395304128553, [0]
-7.779955463579545, 4.210640086354287, 1.7797217396330223, [0]
-7.050460961593171, 2.1364650352092993, 0.3123381161180303, [1]
-7.1745731531387005, -0.8293390332705741, 2.4213028217851327, [1]
-7.338848192672184, 3.780505760892928, 2.6707938009815337, [0]
-7.1118649222841315, 0.6186082826965212, 3.69505392783078, [0]
-7.188963633956023, 4.267584168398627, 1.2260332944791819, [1]
-7.629664787851164, -2.18097900845598, 2.478015600037187, [0]
-7.0717285100605825, 1.5900651191805362, 3.011898561639483, [1]
-7.25459224835971, 4.058030968901039, 2.2188325977863355, [0]
-7.062128303669695, 1.7033162027044502, 2.123064690086493, [0]
-6.960112007374245, -0.11704256361355603, 1.9508753220161343, [1]
-7.199505640766803, -0.09666447995467253, 1.7330992260293738, [1]
-7.556919587185734, 1.516641132249397, 1.613539061769946, [0]
-6.993793788644902, 1.233295979001157, 3.0603814075473172, [1]
-7.055139621589963, 2.4217516489365023, -1.067083089619177, [1]
-7.232726359202973, 1.5986015566973228, 2.420978232342689, [0]
-7.06117110327034, -0.7038959860387095, 1.815225372156598, [0]
-7.039832153249091, 1.0918997333406828, 1.6969213505591316, [0]
-7.308999340663657, 0.5002204789206584, 2.218840497476951, [1]
-6.970635817612517, 2.8054302055935283, 1.0087745748142019, [0]
-7.210908206920357, 8.630240077554898, -0.15113256744952874, [0]
-7.286067825194189, -1.858506002829065, 1.9520255823946415, [0]
-7.255135133146625, 0.721738670199948, 2.04636829541938, [0]
-7.0267926391594235, -0.10873309164526423, 1.118337766856044, [1]
-7.127147493323995, -1.1237016512043239, 1.2015558038950822, [0]
-7.4444766092719785, 1.6067173650615463, 2.319772454754101, [1]
-7.194803286580524, 0.11871587501211334, 3.779654567199164, [1]
-7.617347191933441, -3.1292551444063696, 2.6683393503609634, [0]
-7.25578980989017, -1.009813522083169, 2.786856888147206, [1]
-7.3928873073950525, -1.4261853541552632, 2.546991481812205, [0]
-6.990449306397216, 1.2119100458806105, 3.080710877239795, [1]
-7.028886924833783, 1.0903263380636552, 2.9835507231113207, [1]
-7.040143266919552, 3.1552197879276784, 1.9301913925296519, [1]
-7.027537421699374, 3.538568178824202, 1.0736303809626968, [1]
-6.985097759254821, -0.6236816983246039, 3.362890340270687, [1]
-7.124178269914005, 3.4518043900855298, 1.8942380847799036, [1]
-7.537217420851027, 1.896459713106304, 1.937073675436214, [0]
-7.296892981948532, 2.5364845568506613, 3.2233136481005653, [1]
-7.518538416868786, 3.962384356983786, 1.6324194798243639, [0]
-7.147679201909867, 3.6561670046656363, 2.3602733374654155, [0]
-7.063086210017593, -1.8154356469241457, 2.8302529381889316, [0]
-7.095701994678518, -0.833614277692296, 2.596389054573005, [1]
-7.065780295790376, 1.4495410593052256, 2.862893708838712, [1]
-7.165562918145154, -0.7988151224223536, 2.476087696947955, [1]
-7.253548108814141, -0.5563455955316523, 2.4910188765830554, [1]
-7.001652814752907, 0.23059805778555015, 3.1505568374723296, [1]
-6.98464224556413, -1.9423528094497142, 0.32660642905128834, [0]
-7.0789972708707385, -0.03979947721180599, 2.9402904190059127, [0]
-7.134149900274769, -0.7973898679867374, 1.65472091275594, [1]
-7.005637345404593, 2.8811803131387737, 2.3814982887397647, [1]
-7.067096092596786, 1.5272730538086179, 1.274303534259884, [1]
-7.069281433442435, 2.041103811773609, 1.690197166615386, [0]
-6.991699455883787, 4.5282662127016575, 2.523560091948323, [0]
-7.162403656814563, 1.6891938377017375, 3.029620767202506, [1]
-7.097924248504131, -3.615026157626935, 1.1002309341565673, [1]
-7.155444218079911, 0.6838463368152286, 2.6272380588400805, [1]
-7.406294932995815, -1.7525999503061749, 2.6121379298919436, [0]
-7.414783965842331, 4.17496359272902, 2.3512875604791894, [1]
-7.050170620498786, 1.4362983238800626, 0.8812278067207705, [0]
-7.034847658907991, -0.7164580552400384, 2.8592190374907447, [1]
-7.23380530398731, -2.9458536028815643, 3.008442755857109, [0]
-7.294692866668136, 2.3075343343510712, 2.966065222415136, [0]
-7.392989377372135, 3.3467218235273464, 1.7163752832274803, [1]
-7.013351417952411, -0.49492537333781816, 2.364851373023557, [0]
-7.194954172027422, -1.5643691525261785, 1.2921068369930226, [0]
-7.180851257906568, 1.994722131398885, 2.3702799744188914, [1]
-7.024380912971006, 1.863347410315997, 3.1367135359715173, [1]
-7.447446114824448, 0.8921442348456647, 3.567398812403116, [1]
-7.1400262822615055, 2.4249525661210174, 3.4857784005670593, [0]
-7.2856936187503285, -1.108404500566961, 1.9247714700303409, [1]
-7.047315455664527, 0.41173997594670486, 2.2370310441849104, [1]
-7.189780017236673, 4.809123480142789, 2.2305141877729073, [1]
-7.017434165214164, 1.1227954224243044, 1.668322186243918, [0]
-7.875206303275248, -2.864888853673464, 2.8435105726947336, [0]
-7.082835424328357, 0.24467841722541261, 3.084172554259415, [1]
-7.070263020397515, -0.874669308106006, 2.428888199180771, [1]
-7.2540996358384024, 0.9690293073597037, 1.0677118850568441, [1]
-7.051257675150193, -0.8654199664198376, 2.914339681867907, [1]
-7.527900309911177, -6.401827756587813, 2.621065169571051, [1]
-7.024124739776413, -0.7904072487188554, 2.4431245132639487, [1]
-7.156010562344426, 1.5952333814211275, 3.0331531749842844, [0]
-7.051985446932967, -2.5684971200238182, 2.119456045866716, [1]
-7.151824278222517, 0.9506462940155531, 3.0318013434316895, [0]
-7.086008892274397, 1.478956056223489, 2.8887981178391415, [0]
-7.376839006615178, 4.097809610267969, 2.649011459264323, [0]
-7.068869491253247, 0.360288472134477, 1.4823544943158826, [1]
-7.127973334032191, 2.8311793500257094, 2.626538009378068, [1]
-7.070550860607165, 2.780353039220271, 2.0596692433984884, [0]
-7.134987947475036, 1.184687996608288, 2.8557079980250037, [1]
-7.09559533531856, -0.5403270411506231, 0.9833484597586004, [1]
-7.67186454582456, 2.1892663469374902, 2.9138205651852385, [1]
-6.9987789676191605, 2.169893240135627, 1.8665616563507392, [1]
-6.98666557513273, 1.2938002070015355, 1.6070263868056869, [0]
-7.593903230632003, 2.8384595946534277, 2.412985492586733, [1]
-7.298341385530889, 5.995480680035262, 1.4042021639213582, [0]
-7.256296153965711, 0.8431948663815756, 1.3755263463177279, [0]
-7.712928967459734, 2.1436983165617365, 1.7791186992078596, [0]
-7.020168280067574, -2.833143926797521, 2.3915296450642645, [1]
-7.0993512765081705, -1.4587301091075684, 1.7631959686557075, [1]
-7.182743578032779, 5.096516868390948, 2.2687333328892967, [0]
-6.93783893497544, 0.38274770770516586, 2.496985800079016, [0]
-7.083262588260099, -0.3300180069398915, 3.3272245362163866, [0]
-7.361064904652794, -1.429679379879696, 0.6435744579337273, [0]
-7.332055480048817, 0.17265856968365825, 2.171256109765896, [0]
-7.303638351452197, 2.888668252649004, 2.024105158319789, [1]
-7.558006505752604, 8.17320679015899, 0.6274984471628213, [1]
-7.376661787088588, 4.307756094655311, 3.9473014128837614, [0]
-7.330837907625231, 2.37865331802623, 2.572039953679158, [1]
-7.233095187642063, -0.9625619287276306, 1.3040285964915048, [1]
-6.920638546217716, 0.6147258101822098, 2.318026108249228, [1]
-7.3048811180365005, 6.901804013439911, 1.954928097965691, [0]
-7.229218683308474, 1.9179093588221696, 0.06695302194219255, [0]
-7.13983672474899, 0.2801019037524798, 3.4699508633389344, [1]
-7.007825762292813, 2.117812190089455, 2.087610514840588, [1]
-7.071408673765167, -0.38549238710539946, 2.3181255107494865, [0]
-7.161824568559846, 1.0036987298602158, 2.4502072096840752, [1]
-7.374028026836107, -0.9600223840669602, 2.167781800383545, [1]
-7.185518050917712, 1.9906041185780698, 3.241589682481489, [1]
-7.163682624096467, -0.2382909690657401, 2.433435092016145, [1]
-7.061098063635076, -4.375023408140776, 1.6681151099015448, [0]
-7.15240404720307, -2.627715413404073, 2.6887679689676824, [0]
-7.053152436612651, 1.0745532737241816, 2.7496393898326392, [1]
-7.011129861921642, 0.37749304702484676, 1.4244304279135578, [1]
-7.135940795306904, 0.3079229355897106, 2.240234324847646, [0]
-7.07569492891257, 1.2340362825112248, 0.9015942039718261, [0]
-7.251824854901121, -0.1555605715182926, 2.8382626373773894, [0]
-6.952583043726564, 1.8692294313623712, 2.2405091590950574, [0]
-7.10895518869439, -2.1837138977662676, 2.338468164427626, [1]
-7.296829160808716, -1.2331434237010268, 2.6649698892832423, [1]
-7.052795510105425, 0.06942850552959118, 2.803401892611152, [1]
-7.072676606570075, 0.04432789731084252, 2.43116100428628, [1]
-7.482253700083793, 1.4234294316500309, 2.398825678095605, [1]
-6.948558876490409, 0.1399552455387365, 0.5470613565380913, [1]
-7.324340042992816, 1.8858902306684526, 2.5040959184251697, [0]
-7.400480302611004, -3.826680524646168, 2.682156956443097, [1]
-7.227481466533049, 3.3638405084227427, 2.8690421556220143, [0]
-7.11435636380126, -3.6723837743462164, 1.240819219352001, [1]
-7.275659576801856, 1.7714006372288917, 2.3539274304178353, [0]
-7.233988050176473, -2.9071298517378845, 1.531142414625872, [0]
-7.388589300883122, -1.9251052487249027, 3.4125884217929094, [1]
-7.215858900201961, 3.1373531340523644, 2.433933945660377, [1]
-7.135876043327755, 2.7597388812985093, 2.0279118044113753, [0]
-7.259719009187994, 0.8786114090340642, 2.2650820273577987, [1]
-7.222495673857109, 0.758868461877356, 0.62552671907634, [1]
-7.419145160693556, 5.168943925431086, 2.819175075001025, [0]
-7.070318729845131, -1.0338299605220862, 1.3595664089382071, [1]
-7.105107030437269, 2.049620976972478, 0.8137560600255056, [0]
-7.161766409782959, -0.677411795147359, 1.6871980958670805, [1]
-7.1222779773977924, -1.5055352739211079, -1.8126468159693268, [0]
-7.450458411021534, 2.4240891938629425, 3.512678610386545, [1]
-7.133125125001081, 0.9768332347751887, 1.7994344704135863, [0]
-7.009551981332604, 1.43658354002177, 2.0683888507206794, [0]
-7.616730817191643, -1.0916064351173078, 0.758944366136785, [0]
-6.957441126863385, 1.1128282049023646, 2.862577305055855, [1]
-7.2308684460717725, 4.7943778275111875, 1.6527577527695798, [0]
-7.0692179792066145, 4.112173470398643, 2.5735784321474444, [0]
-7.245665254762512, 3.1451967751336367, 2.2505347576627073, [0]
-6.963222270939539, 5.751838355889155, 0.20399893176189554, [1]
-7.331111527711623, 1.3865028322400361, 2.5378653582291255, [1]
-6.9850051364453805, 1.869504033556547, 2.8857985569931373, [0]
-7.113663452776425, 2.4376694237567333, 2.288666481957337, [0]
-6.972137276583258, 2.3444189190812263, 2.152540276752838, [1]
-7.401482248547079, -3.7911782555136813, 1.7953485836247174, [0]
-7.110384102666416, -1.0358634532375963, 1.8952791029042557, [1]
-7.336363328794745, 3.3046894385327743, 2.832047096132047, [1]
-7.278157138963464, 3.8745865045653627, 2.2175078580897196, [0]
-7.00082042560815, 1.118554596532337, 2.5961546590599704, [1]
-7.182791424592258, 2.2057442092718262, 1.6436055943003747, [1]
-7.068086954926447, 1.043322816444426, 1.0924957548113725, [1]
-7.001673936718314, 2.086564332858692, 2.538275612188076, [1]
-7.0549797578711075, 2.505395957955609, 1.0483730727907483, [0]
-7.01712866968558, 2.6810487968079526, 2.478852025650011, [0]
-7.433094747914732, -1.5057342320014784, 2.874332911770091, [0]
-6.95956964616527, 1.1172994417847744, 1.8307751876496747, [1]
-7.2756046688382385, 2.1188931805122895, 0.6737343345838736, [0]
-7.5419783809392, 0.5517010726205794, 2.62705443733138, [1]
-6.945826032521758, 2.1407460697336047, 2.2472345256169532, [1]
-7.082592653437518, 3.5047048742028393, 1.1390911410082778, [0]
-7.01513732849851, 1.231356417896352, 2.724653710340227, [1]
-7.079930204353379, 1.5827334004576294, 2.4565195044167702, [0]
-7.204090218364261, -0.8020556404689478, 2.9397657449918486, [1]
-7.052129025185072, 0.28576926738463854, 2.470650973886151, [1]
-6.94740364643997, 0.7661756237778037, 2.0150932293765114, [1]
-7.108914142705849, 0.8497586117884248, 2.053396919082874, [1]
-7.356679244548664, 2.327871322206996, 1.9421582319954638, [0]
-7.678793131873564, 6.602413633079616, 2.6275022323278074, [0]
-6.9791297116229805, 3.452582455898747, -0.4048261258433765, [0]
-7.300161653552347, -7.176169987390143, 0.8883596743214071, [1]
-7.098540138918486, -1.6283518532634567, 2.980161851445442, [0]
-7.021293097277222, -1.2383416896627553, 2.874232189330651, [0]
-7.224803140979017, 3.0470261151631055, 1.3462732529011636, [0]
-7.009498915253616, 0.3515896519112598, 2.7851706387039594, [0]
-8.043940042864188, 7.843499126450869, 0.681109099752488, [1]
-6.997530138393983, 0.5375222564873412, 2.0390481309197326, [1]
-7.137801332942286, 2.5140966178783266, 1.6836106033108036, [1]
-7.199143530322598, 2.3055327420273857, 2.565489262114581, [1]
-7.781913730635884, -2.117355286875352, 2.199919079622058, [0]
-7.114484940050046, 3.9851232220742308, 2.8899168876986336, [1]
-7.011522860255912, 0.4541365793159762, 2.8811131874443845, [0]
-7.323051580995035, -0.6739880815654953, 1.6545409943477138, [0]
-7.103097995979534, 1.3890844109881377, 1.448980955892539, [1]
-7.076914412512205, 2.528544060385222, 3.0778524506506093, [1]
-7.1166990795815295, 0.4108783812464003, 2.0869401682900155, [1]
-7.343107462719513, -1.301171747730201, 3.093122809686932, [1]
-6.975968484104635, 1.5404039262130655, 2.6854770589992216, [0]
-7.1115336107267435, 3.210823494213238, 2.5180296129441633, [0]
-7.070675606767354, -0.11854394549065495, 2.374768476895376, [1]
-7.300259855651178, -0.7061179996982062, 1.6962842221396812, [0]
-7.024745430931337, 4.813626369548611, 2.523333347369744, [0]
-6.9402280880158065, 0.7027970780683721, 2.403086281319208, [1]
-7.069589422727177, 0.14502147749872243, 3.53073643444855, [1]
-7.10102795459085, 0.2599976512213207, 2.1491139068389242, [0]
-7.190639627804537, 2.901704442243256, 1.5120897878891797, [0]
-7.143068834422169, 1.82514628763195, 1.7430319052118624, [0]
-7.209246858495942, -1.2967707205769194, 2.7085756998460884, [0]
-6.970621761777006, 1.1428023434898027, 1.337431438103419, [1]
-7.0742201411223595, -0.006354520751651993, 1.890379612116485, [0]
-7.06015969442353, 2.5377823329309908, 2.2415833151995113, [0]
-7.000546177586473, 1.6386835704337583, 3.197108771193915, [1]
-7.633441784170613, -4.143827711785393, 2.6149770825953724, [0]
-7.381998875014628, 0.14575482797216543, 2.8681758601237473, [0]
-7.117995560819093, 3.9063824746409512, 1.7871608969425792, [1]
-7.015040002726684, -2.259033820006517, 1.0237836092040864, [1]
-7.307944070511048, 3.1272792084784493, 1.767008490746414, [1]
-7.229766549762201, -2.2838072928404736, 0.32454212358166296, [0]
-7.10693506735157, 2.906497395668435, 2.533172871155017, [1]
-7.268973735249676, 1.7584515278204187, 1.2326432122950814, [1]
-7.218189735782122, 2.9770399423283114, 1.8331833526487102, [1]
-7.157692480008016, 2.1273966514073406, 2.495947369021727, [1]
-7.87928794883716, 1.7364508061512787, 0.23087480705236157, [0]
-7.037626466204827, 0.6883755028025031, 2.317769811878566, [0]
-7.223253450117163, 3.198508239404159, 1.6749204785697045, [0]
-7.627551501777988, 0.942574369231294, 2.3564570141639614, [0]
-7.0359193707355985, -0.24869298657712702, 2.9315791372325384, [1]
-6.964695770147997, 2.371423267015378, 2.0784481697484463, [0]
-7.0729978728824685, 2.546126868512588, 2.391557239946599, [1]
-7.198510550757583, -2.199479889973314, 2.367311228406561, [1]
-8.185816990136285, -2.64533990945188, -1.3642300039462933, [1]
-7.078081097646598, 3.7817440617656692, 2.940733169148012, [0]
-7.131210840495846, -2.0406249704792443, 2.403311293421239, [0]
-7.079658075614762, 2.145340644824431, 2.990295927223782, [1]
-7.145376330249116, -1.4124223854541837, 3.369947949966757, [0]
-7.00668791967527, -1.2878143720533788, 3.0340367988753325, [1]
-7.609470329200861, 0.1791355839419233, 1.8901796282839212, [1]
-7.24691034687319, 0.18740769255602174, 2.3814414849844705, [1]
-7.1155615809335675, -0.5043232319662994, 3.210280155376098, [0]
-7.000013009053021, 3.5637930661383614, 1.9356037987194687, [1]
-7.244095808449647, -1.1533080069238497, 3.0977681189825708, [0]
-7.251098334912209, -2.4938434292941514, 2.0409111969598612, [0]
-8.417516143893113, -7.755430062864491, 2.1800003843624083, [0]
-7.480479734534683, -1.7947892238515273, 3.554036563284089, [1]
-7.249427531759227, 2.718603924165533, 3.717856677069359, [0]
-7.0198868182225285, 1.3042932066769526, 1.3951936954076354, [1]
-7.222958877114627, 4.367656103844567, 1.8773028067602817, [1]
-8.34044064839176, -0.36800961432077717, -1.4297025983002176, [1]
-7.223698236745182, -0.6470069656820006, 2.396705196369384, [0]
-7.640235444892377, 0.6434580666862215, 1.5327270297199393, [0]
-6.9465022748941685, -1.6394264937880259, 1.2613440061614467, [0]
-7.027038580203815, -1.572773181623703, 2.0260617185930014, [1]
-7.0132017494596255, -0.45538276387720655, 1.860735337065739, [0]
-6.968060247899063, -2.638895760588456, 1.8820994176755668, [0]
-7.626729412324766, -1.3447399872869443, 1.7173030664548772, [1]
-7.098616677801915, -0.14609155278683555, 2.2996284310132276, [1]
-7.415422548765839, 4.665541890332858, 0.04456791751270961, [0]
-7.195133027048566, 2.716354359339041, 2.4781966464516074, [1]
-7.11277737948569, -3.248981422903408, 2.3779360945292285, [1]
-7.050650927289225, -1.4696372028133102, 2.2199107471887984, [0]
-7.03351618719855, -0.924126281152374, 1.7963427064413817, [1]
-6.9911156376972095, 0.18059918124468316, 2.9296760721291353, [0]
-6.966359654724738, 0.17824786872204545, 2.512036173321417, [0]
-7.592427568489527, 4.811855986136479, 3.0282868708068347, [1]
-7.177280106765497, 4.701809356730278, 2.1832079572187677, [1]
-7.1961228054250554, 0.1725999494171475, 3.2429221500960956, [0]
-7.611186191404012, 2.597064846314889, 2.1181095311470095, [0]
-7.571414122340134, -2.5651040169296593, 0.9300409865769332, [1]
-7.077609814591771, -0.18128588280584673, 2.448745748026507, [1]
-7.017608954376379, 2.661942875973618, 2.1636755763715225, [0]
-7.187089287722445, 1.9346886576084499, 1.8757088208537327, [0]
-7.107507487976252, 5.142006663519423, -0.08439061862569623, [0]
-6.971209074536385, -1.68278286908739, 2.1384111496089258, [1]
-7.248647263954741, 3.6545382128122643, 2.919543093284423, [1]
-7.052259563029099, 3.2308612474177085, 0.7320096971362835, [1]
-7.031562418476274, -4.089182921907974, 1.9668333010971792, [0]
-6.966587562873476, 0.3867975705807182, 2.468515768850039, [0]
-7.628631867050523, 1.3887768849275708, 3.1798441880429293, [0]
-7.343538356549512, -3.1763251241634887, 1.8796224140092201, [0]
-7.073257064571256, 0.9664089084651458, 2.812422535908387, [0]
-7.06530689861309, 0.14506373575403986, 2.712858266827445, [0]
-7.941833664825709, 1.2640041044585049, 2.370498730377971, [0]
-7.033395512530143, 1.3044175553531459, 2.595007424083648, [1]
-7.1856165491366095, -1.868269316169631, 2.379777640332641, [1]
-7.127719331089321, 1.113717955481015, 2.299196427154117, [1]
-7.071005991309903, -0.017942516626017202, 2.5918619254843343, [0]
-7.46836153171241, 1.5721244292648517, 2.545657785288647, [0]
-7.073020853111559, 1.8270731880197273, 1.7045951959894163, [1]
-7.006198604939008, -0.3907175409023158, 1.6277165777593507, [1]
-7.030807800355236, -2.1297661758216604, 3.0197431941453483, [1]
-7.076302544816507, 2.787333704743167, 1.0261101300600741, [0]
-7.066750528632626, -0.3274554643473646, 1.7241747511469794, [1]
-7.289508884607865, 0.41627470403289957, 1.4291979116518367, [1]
-7.136035283346973, 1.4861369382862029, 1.3586534300572481, [1]
-7.58885248147877, 4.603010444987053, 1.2904281464109866, [1]
-7.254759678539033, 3.519288991093325, 2.922581041598243, [1]
-7.12008629484644, 7.320615133832549, 1.3328655881473814, [0]
-7.114235593559826, 2.2211542906600323, 3.4177427944805427, [0]
-7.258218283963568, 1.214228245472013, 1.3360156542089006, [0]
-7.175534038186013, 1.4975112490307585, 2.018386722706795, [1]
-7.186871823473803, 1.7700150848123666, 2.538134259988215, [0]
-7.255579337114921, 1.3796161667400764, 2.7057758243172687, [0]
-7.2193908388473504, -0.772558122479893, 3.3705794614425244, [1]
-7.637466642123093, -3.7871968502753335, 1.865354695896356, [0]
-7.258833425082928, -3.5674522678039287, 0.5424081176761234, [1]
-7.007606726891818, -0.5556172506909057, 2.740433802339079, [1]
-7.101964538020908, -1.6428657433758875, 0.9212782791317109, [1]
-7.137336648727471, -0.10599089523755234, 1.2026034672824442, [0]
-6.929619404723741, 0.9482278121697778, 2.4610063532428823, [0]
-7.089527094187482, 2.9603968898939117, 1.9443682749273672, [1]
-7.054384867872171, 2.032957615734823, 1.3216878741392315, [1]
-7.2484307468612466, -1.6090226344426006, 3.0031134146762133, [0]
-7.026628431887391, 5.121233037481195, 2.046165573750886, [0]
-7.22556484603555, -4.0074689338973, 1.9409588735827046, [1]
-7.193416162105044, 0.14060180565757707, 2.230999807193776, [1]
-7.028987369260609, 3.9621727584302158, 2.7219802920383844, [1]
-7.66085915424999, 4.781593444514882, 2.965728579367841, [1]
-6.967272553386565, 2.00749850990548, 2.8665208504569013, [1]
-7.0299585775601034, -0.5157755274906931, 2.986855317246432, [0]
-7.487421006328837, 3.105034213200238, 2.4283946384951265, [1]
-7.092680396534827, 0.35324452829999187, 2.1616715171755496, [0]
-7.140095029018671, -0.4749313971293134, 2.4641804684566706, [1]
-7.026620691168536, -2.1032242366648566, 1.275876355744371, [1]
-7.041396419584106, 3.740124061602663, -0.12207338041391447, [1]
-7.685516035973311, 1.3172691192361274, -1.9849052479748934, [0]
-7.624655679930874, -2.7607234056450554, 3.000935917758871, [1]
-6.98566918631844, 2.5829947783139913, 1.9528850050994728, [0]
-7.694342961746051, -2.3523762975535156, 2.606498658148232, [0]
-6.948954112757472, 0.393684668290497, 2.306092761908042, [0]
-6.975780084319251, -1.0456982488388935, 2.4850798290680203, [0]
-7.249952600824139, 4.756330016493128, -0.024655517905228352, [1]
-7.048856953021161, 1.161028095866553, 1.1376805242512613, [1]
-7.109194189144536, 2.5169567879005554, 2.3611516906663725, [0]
-7.10512648410724, -2.2065132516245236, 2.378376732200945, [1]
-7.070476247958967, 0.6778950454531544, 1.3997046378198466, [1]
-6.970668479217579, 0.7406588065245996, 2.201460017170617, [1]
-7.355149715175917, 2.3027646139758122, 2.736205280785767, [1]
-7.10243218380039, -3.4696676982180197, 1.2536524074084896, [1]
-7.4603855683912865, 0.5673140728580309, 3.382997962603381, [0]
-7.053352688611742, 1.7070946817512251, 1.8128434574459544, [0]
-7.155432841653807, 1.5827442533903988, 2.6808943735024666, [1]
-7.128577659730562, -0.5643476152236278, 2.332214920418077, [1]
-7.362128710437923, 1.7693066924768275, 0.8494926117577681, [0]
-7.082066953809437, 3.4470442644192, 1.771600962369171, [1]
-7.09316408594597, 0.49865339624906835, 2.859263455219093, [1]
-7.371234387204366, -3.5763062803206522, 1.7403818519457213, [0]
-7.329441468113713, -6.435659942334075, 1.3998857854489763, [1]
-7.2536035896704, 3.4940843637388035, 1.3074422845747864, [0]
-7.0659288301672065, 3.1683138559500312, 2.121474588466353, [0]
-6.9831797726293905, 0.8570540558795479, 2.774947956333534, [1]
-7.054366848016709, 1.041768468496948, 2.397097770501273, [1]
-7.180135470908935, 2.658188153486957, -0.2428097956893951, [1]
-7.3110926082203775, -4.7549713454273554, 1.2347964357341539, [1]
-7.124757601358556, -0.5150071938946978, -0.7628050940919818, [1]
-7.126738278192782, 1.69637831899198, 0.4639466364745155, [0]
-7.044757294925353, 1.0194317069204148, 3.2293876599030815, [0]
-7.29010123874115, -5.140909803389416, 1.6594499793994963, [1]
-7.192281314364058, 0.2420606482550226, 2.447935214384536, [1]
-7.168818075207661, 5.6168415753321534, 1.4709966330213744, [1]
-7.3682722759279144, -0.7007152354145179, 2.4894394952283747, [1]
-7.036872569124861, 0.5018599996149729, 1.0212557011655718, [0]
-7.0619346264865195, 3.4682514599264187, 2.539449253352621, [0]
-7.079689687180863, 1.0086429835331407, 3.1290133378837095, [1]
-7.1641877348376095, 7.768346538165969, 1.918207746879226, [0]
-7.735068853939292, -2.567566442012269, 3.2356312809637915, [1]
-7.314263858196292, 4.161835581958772, 1.9523677116980225, [0]
-7.1939402051907, -0.042128462009028755, 1.0227172710491175, [0]
-7.164256081074753, -1.462055668551724, 2.894854495765679, [0]
-7.056322079791772, 3.752002518540629, 1.2048879764748357, [1]
-6.957555556940476, -0.3141513375535696, 1.6503383826954583, [0]
-7.22651210752074, -2.1915719882109452, 2.5460198482736573, [1]
-6.990554474957078, -1.0000843599405749, 1.9111842514393078, [0]
-7.143986133800228, -1.8566245814842541, 0.4411500815508611, [1]
-7.075677218574007, -2.1437423727276252, 1.100683143796689, [0]
-7.26665775380509, 2.0292495269611726, 1.514639120017558, [0]
-7.242007913153842, -2.9516601542728322, 2.714616298257367, [0]
-7.232370140160493, -2.6238763444468605, 1.9347386374590139, [0]
-8.12260484468059, -3.1085703188771374, 0.4578635684633714, [0]
-7.074777623090427, 2.2759338539629748, 1.9922068340965602, [1]
-7.120485028440513, -0.7040707539170814, 1.198219389287679, [1]
-7.019953098943435, 0.11093780250922003, 2.4360016033437875, [0]
-7.0469908786203215, -0.35998211350679704, 2.1604210709647083, [0]
-7.3425030276310785, 3.4865411902378995, 2.859866545274549, [0]
-7.477513726017728, -0.14121954626101196, 0.14958294001155847, [0]
-7.48870459412932, 4.096112122920312, 2.1665808867986773, [0]
-7.230271903340633, -1.621115930499514, 0.46644690340851414, [1]
-7.267439356176337, 3.2124731218000107, 2.4478503269305394, [0]
-7.045737034496854, -0.4637678604011102, 2.073595705992565, [0]
-7.196017273821252, 1.1735001120260984, 3.1595275078516494, [0]
-7.078471961321946, 1.032599608933089, 2.354788382676917, [1]
-7.272190859308572, 2.733398997477689, 1.9056523765184084, [0]
-7.157825577766652, -2.6443068285611115, 2.1727528174152226, [0]
-7.057578761164862, 2.231506140414311, 2.6232528393665993, [0]
-7.46657877079798, 5.8509937545533734, 1.4625458846580914, [1]
-7.0406699701517015, 1.0312950388878244, 1.7206564644732332, [0]
-7.158315242943071, 2.3018939789503716, 0.9934193667724234, [1]
-7.240342945787222, 0.1120322486208647, 2.354455962576666, [1]
-7.268697625850578, -1.5716866993687988, 2.8528515675481563, [1]
-7.290539120952867, 3.1435528848211227, 1.3496263383007565, [0]
-7.007141940654325, 4.795524800156772, 2.449543548342129, [0]
-6.989668196098767, 1.7232785040731198, 1.9449648426493786, [0]
-7.1248035738825735, 2.887992622828458, 2.3485525336735646, [0]
-7.214506557936203, -1.0483317739776004, 1.7132409522131906, [0]
-7.135475464927814, 2.2763278824988626, 2.529554657076517, [1]
-7.238207744484843, 2.1600564911356206, 1.4862207466880042, [0]
-7.075420566535547, -1.4498555828035826, 2.498273384187784, [1]
-7.078375778253043, -0.1789959518214408, 2.2660165856249384, [0]
-7.509750161467813, 2.8626508207303196, 2.6208955379047345, [0]
-7.390365443350695, 1.833790713656045, 2.8444981592682956, [1]
-7.043728343247894, 2.4652552427895396, 1.9001047590808553, [1]
-6.997479798067543, 2.3612328995600613, 1.8766247172449066, [1]
