t=0.8370731153257718
logZ_t=-200.29411284609085
-157.53010274811143, 0.7715795668342752, 0.9092843831377612, [0]
-157.43218040444503, 0.5924134472270417, 0.9434488114421024, [0]
-157.5417764371474, 0.6005002271865618, 0.9239465194661584, [1]
-158.14464865198246, 0.5469016319588247, 0.8505488848404696, [1]
-157.46317564918328, 0.5980628155981571, 0.8958126902923597, [1]
-157.47013632101692, 0.6160682740383657, 0.9969118992872449, [0]
-158.10107135297145, 0.5624360957542628, 0.9712285199468617, [1]
-158.39237616737253, 0.5337642294827135, 0.7632467340303686, [0]
-158.55855987257053, 0.6371483812298229, 0.9750769733514136, [1]
-157.63511645349715, 0.5978937063575795, 1.0261292611366681, [1]
-157.35757925892335, 0.6728817944741169, 0.9919852113993226, [1]
-157.5863238770282, 0.6506169730783675, 1.1242955841124191, [1]
-157.20616188748616, 0.7102378075352725, 0.8733253955608622, [0]
-158.52155656030197, 0.6774039147640096, 0.9763710453599846, [1]
-157.3386026202559, 0.6001942257464022, 0.9387795416046257, [1]
-157.66131206709701, 0.6168983565802054, 1.0260026173535637, [0]
-157.00191884107696, 0.6390034861319841, 0.9191256494446135, [0]
-157.14793808983757, 0.5988210314213765, 1.1128627667430335, [0]
-157.49292579465606, 0.6253596034607118, 1.0322247784093879, [1]
-158.19261940888043, 0.5667074181396489, 0.9832811940974948, [1]
-157.2051637322707, 0.6498092463643098, 1.007795957481069, [1]
-157.20994762566207, 0.6194066542323706, 1.1395930834222492, [0]
-157.53550642709834, 0.629886636753862, 0.9903304737443943, [0]
-157.30156029973267, 0.6731009993092433, 0.9597744135875432, [1]
-157.7648772116991, 0.5524835031275809, 0.8343495270835516, [1]
-157.30770567597287, 0.6012150104516869, 0.8547800250464094, [0]
-157.61220365154082, 0.6340408680155197, 0.8313513780662427, [1]
-158.0487261806167, 0.5171092401239286, 0.9987840048148431, [0]
-158.12671846398322, 0.6880784907819055, 0.8211700141038367, [0]
-157.8902493848756, 0.5784194416455075, 0.875123414115897, [0]
-157.52170276186158, 0.7024460099528379, 1.006057351347715, [0]
-157.64038628879007, 0.6606015355987623, 0.8856937200005952, [0]
-157.50795811500345, 0.6160082235569818, 1.044396330869552, [0]
-158.29435550940218, 0.585992812201378, 0.959008739354144, [0]
-157.71785960783257, 0.6916062590580431, 0.97047141576081, [0]
-157.2043826230782, 0.6579450545953958, 1.0561243067760469, [1]
-157.53851870111586, 0.6425502884537106, 1.089220322835581, [0]
-157.7870274285321, 0.6827311556590757, 1.124475306125792, [0]
-157.4729329228514, 0.6695957596172806, 0.9633353773464435, [0]
-157.8445621534328, 0.6527992586125226, 1.1539280607206894, [1]
-157.43984557829978, 0.6082354415657794, 1.0632339423063033, [0]
-157.32922336968437, 0.5879799157763049, 0.9535314889687322, [0]
-157.95299958496736, 0.6866360937246732, 0.9840164068478161, [1]
-157.53042298539583, 0.6081787279495569, 0.8569763469642393, [0]
-157.18846149738977, 0.5659654518668782, 1.054819148700438, [0]
-160.1032055798299, 0.5963515589152679, 0.8715339044124355, [1]
-157.35741098996226, 0.6554428682537842, 0.8571379268342139, [1]
-157.7174541354824, 0.6166164860262043, 0.9982186274172632, [1]
-157.23579861458043, 0.6882023688823293, 1.0437036141054374, [1]
-157.591662311557, 0.5831955664880935, 0.9014258599446306, [1]
-158.3880269816155, 0.651857071362641, 1.0312507550775596, [1]
-158.31093595664566, 0.5884350461487733, 0.98900242460132, [1]
-157.06408547365336, 0.5922911401056912, 0.9613321194893248, [1]
-157.57336590934005, 0.6441911294752276, 0.8099433309289665, [1]
-157.1767111625511, 0.6188095158304705, 0.9017038270421445, [1]
-158.006324415595, 0.5584683777638764, 1.014019158650118, [1]
-158.2734088788469, 0.6473883231048032, 1.1279445508299224, [0]
-158.8366187869414, 0.6045341131537029, 1.0979994537495317, [1]
-160.4031206508849, 0.6009347265743505, 1.005975550373855, [1]
-158.12699870587292, 0.6755961913766844, 0.992699330203638, [1]
-158.1543382651598, 0.6249654264200254, 0.6817617402860665, [1]
-158.00269832333615, 0.5541845665276134, 0.8979737715024213, [1]
-158.36958080068825, 0.5895440501374432, 1.0452094355921915, [1]
-156.8572765005567, 0.5972925392327106, 0.9222020575923667, [1]
-159.39110097541493, 0.5788316354108684, 0.9580587217347465, [0]
-157.38326615847748, 0.6238362651040075, 0.948012620778764, [1]
-158.50296158380274, 0.6553942620447937, 0.9546109280401579, [1]
-158.9470337888808, 0.5616322034063146, 1.013730239890587, [0]
-158.0503979217056, 0.6427740482621049, 0.923958426028867, [0]
-158.03396330631375, 0.5887312377087409, 0.804481625378323, [0]
-158.80831477937494, 0.6127589455066165, 0.8007376239353357, [1]
-157.91996184567276, 0.6424286484359102, 1.0593788981269399, [1]
-157.55912607248436, 0.6429946272900264, 0.9540029865275285, [1]
-157.52911634881903, 0.5698642199466023, 0.935797357951291, [0]
-157.23807379481977, 0.6326524935562545, 1.0469753475540173, [0]
-157.7249869430141, 0.5529179169549219, 1.1941017393921547, [1]
-158.66570088771994, 0.5651130804654156, 1.02918687074424, [1]
-157.86011686605133, 0.6569348714103584, 0.8338514887505168, [1]
-158.2345532757489, 0.6783103210179263, 1.0893003154429233, [1]
-159.05760584007143, 0.6214886927167387, 1.028334576819256, [1]
-157.4972850435129, 0.6469103115515459, 0.9763127888694523, [1]
-157.84317322026513, 0.5999958322922463, 0.9960506316312171, [1]
-158.32878519876962, 0.6495175481370732, 0.8780408321386702, [0]
-157.92006986514113, 0.6253322661111737, 0.9903161540036612, [1]
-157.56233899977173, 0.6713481232316247, 1.0673994022432836, [1]
-157.66098809647505, 0.5707452925296072, 0.996397074455272, [1]
-157.89940281845512, 0.629661160654234, 1.1433208511419704, [0]
-157.6433153452655, 0.6421095313690262, 1.0311708655437954, [0]
-157.79406874978085, 0.627194086737793, 0.7648577150924245, [0]
-157.22817204889995, 0.608348182427834, 0.8667310502516042, [1]
-157.3773445890708, 0.6618274866541776, 1.0077630315576749, [1]
-158.184382191556, 0.6314008219447841, 1.154190272038118, [1]
-158.28176901787572, 0.6589778992079383, 0.9139691169858372, [1]
-157.36183313633734, 0.6524860102950268, 1.0201859600486902, [1]
-156.96477743506418, 0.598816029758541, 0.9570869985150878, [0]
-157.7906767636846, 0.564994262339489, 0.8408027323228007, [0]
-157.3170753570926, 0.527457693314659, 1.0794271280283976, [0]
-157.78174709812023, 0.656545914253274, 1.132357594416595, [1]
-157.77666864704173, 0.5823063956688511, 1.0778989320008119, [1]
-159.20498849267577, 0.5139594103492744, 1.0168533660709798, [0]
-159.0028266711144, 0.619283193521629, 1.0205645203345102, [0]
-158.70758503896076, 0.6121678155310415, 1.03455157820904, [1]
-158.18228861176212, 0.7378267203329901, 0.8404445579891626, [1]
-157.44683766013821, 0.647096239227133, 0.8972721483578876, [1]
-158.44504421217914, 0.6131836815357445, 1.0377990700014443, [1]
-158.48077616964088, 0.6913855256032756, 0.9759623805928198, [0]
-158.15825494529588, 0.5912282614087386, 0.9002383381768524, [1]
-157.8307629995465, 0.5636380835506412, 1.143174748342673, [0]
-157.55792445280792, 0.6221341692967028, 1.1336141157975623, [0]
-157.20669088745538, 0.5531347030313571, 0.9728134839108936, [1]
-158.99122767195271, 0.7011547553896303, 0.9680169104454488, [0]
-157.83043109408757, 0.6852510690979065, 0.932513600848727, [0]
-157.63947963655795, 0.6795779703437915, 0.7654547786210968, [0]
-157.17346737524338, 0.6604522114376085, 0.8537884224537176, [1]
-157.4326296902334, 0.6398352032200284, 0.9350844543524598, [1]
-157.99092883053387, 0.6337868640447994, 0.8602074793261404, [0]
-158.60594211445576, 0.6283087126794427, 1.1089446093828728, [0]
-158.29859181909117, 0.5632118661528587, 0.9986841992746174, [0]
-157.80706858284066, 0.5983759151927198, 0.6963365624534266, [1]
-157.3963933538742, 0.6458414564200075, 1.0468822778893234, [1]
-157.6007131470898, 0.6128234721926483, 1.0553111202003655, [0]
-157.93728536651057, 0.6306696411574191, 1.084422146011821, [0]
-157.50323845339113, 0.5461987092775563, 0.7853926992422408, [0]
-158.36177970037502, 0.5211832476891024, 1.2061062880558353, [0]
-158.3998898087301, 0.6353078801990729, 1.1724348628352137, [0]
-158.32766545266958, 0.6457319895141181, 1.05989146710027, [0]
-158.08067562828043, 0.6477548615316295, 0.8202572341519504, [0]
-157.38274346680402, 0.5816320781084832, 0.8641095470826264, [0]
-157.40659103644052, 0.5901280457380202, 0.8885559393688309, [1]
-157.7394734697709, 0.6095133920634684, 0.7526383991429494, [0]
-158.10661420099154, 0.5395833567393531, 0.9086466785921073, [1]
-157.54744885200935, 0.6347436359700365, 0.9853756450925049, [1]
-157.77436549689705, 0.6280486701667376, 0.8840434155144574, [1]
-158.124568241566, 0.61553490225191, 1.0090517142279014, [0]
-157.06753152653923, 0.6160759741303636, 1.0562214702364756, [0]
-157.8368865661015, 0.6612137561919167, 1.0348058388995192, [1]
-158.16034452200358, 0.5714669365610183, 0.8027714983632749, [0]
-158.1185109000067, 0.6892156112829435, 1.0424521349852913, [1]
-157.20367912085766, 0.6098017841353117, 1.0824098777741264, [1]
-158.22572655971274, 0.5874371276874889, 0.9397890675101518, [1]
-157.38741504721887, 0.63689613362143, 1.03178095814561, [1]
-157.093234909102, 0.6484954976774295, 1.01035221323847, [1]
-157.87489124236586, 0.6397646162139249, 1.0299885101663253, [0]
-157.51690426565463, 0.6497069323810161, 0.8636223180831861, [1]
-157.40298529557688, 0.5967896850081381, 0.8613251121171476, [1]
-158.70757482720464, 0.612578480956425, 0.9423542342674123, [1]
-159.36704205218254, 0.6874323449015258, 0.9095879640818036, [1]
-158.0766935655259, 0.5385273752026676, 0.8715116286916952, [0]
-158.44361199414203, 0.6270878340892677, 1.0275016909251666, [1]
-157.63374856806814, 0.637042577077755, 0.9168049342729225, [1]
-158.09266244398103, 0.5887406366573793, 0.907257636056169, [0]
-158.46177827935864, 0.5997385997976452, 0.9508821472122169, [0]
-157.41884765502658, 0.6030696253278559, 1.1406631019548503, [0]
-158.67910286894949, 0.6680921376165718, 0.9782734122883056, [0]
-157.7460904056771, 0.6607629302651257, 0.8907192900140497, [0]
-158.1989224387517, 0.6654122296714076, 1.1164271699588832, [0]
-157.39888956362898, 0.6397084515830899, 0.9920909220014937, [0]
-158.18479903248237, 0.6723095358572084, 0.9876035739958167, [0]
-157.45881071252597, 0.6776960397196806, 0.8171890810800733, [1]
-158.58504497994556, 0.6949311153502451, 0.8499244554319695, [0]
-158.6536264477495, 0.6074832970986873, 1.0800427016565513, [1]
-158.17961526902724, 0.5583785321588626, 0.9663355879080278, [0]
-157.6751668208921, 0.6123541689082047, 0.9662625017348242, [1]
-157.82829119669523, 0.5890516471790755, 1.0482297877886042, [0]
-157.70085214707186, 0.6201727384315052, 0.9860434896174957, [0]
-157.71809947490263, 0.6144781727033198, 0.9325198200090968, [0]
-157.7995782854251, 0.659614001748147, 0.8686919227624764, [0]
-158.05398731890674, 0.6992842020236307, 0.9639036556049128, [0]
-158.40630193514633, 0.6709255120354048, 0.9977634249327724, [0]
-157.78817233152165, 0.5933702547496426, 1.060702444184447, [1]
-157.82331310042713, 0.6831537674504754, 1.044511317682619, [1]
-157.52622155330687, 0.6694430370656588, 0.8909530816559559, [1]
-157.78151106769735, 0.5747826589302523, 0.8949883673839698, [0]
-157.03590354292075, 0.6499805725179288, 0.9712128232844248, [0]
-159.2197631268714, 0.6072549899630593, 0.9684551358334265, [1]
-157.53248714402866, 0.6619889228904314, 0.9667278111321783, [0]
-157.32288597486553, 0.5755308127585894, 1.028129922320776, [0]
-157.5911094699759, 0.5751925481551271, 0.901372501402585, [0]
-157.86879933988337, 0.6428202655127448, 0.9860202184586047, [0]
-158.03536078296463, 0.5733290234919586, 1.0104864076497782, [0]
-157.28927592771416, 0.6193308730882466, 0.9567442800091607, [1]
-158.07691978326469, 0.7005558542136056, 0.9844823725554853, [1]
-157.37175221227253, 0.6217676147011375, 0.9522345606991176, [0]
-157.74293631387556, 0.6245307613844077, 1.042838456761966, [0]
-157.34095802934388, 0.6522584932713099, 0.8955489276557352, [0]
-157.57414555801316, 0.632798324830399, 0.9777825439343345, [1]
-157.92855561893487, 0.6532782210023942, 0.8778741491021421, [1]
-158.51761950743105, 0.5260665699364091, 1.0070780148585916, [0]
-157.9399004701262, 0.6175451620102865, 0.8623700829163637, [1]
-157.90261144170438, 0.5453696816703082, 1.0369249422469435, [1]
-158.87311136049885, 0.5305170574008851, 0.8826364655403922, [1]
-157.7483860510662, 0.7030089872920495, 0.887952099401419, [1]
-158.7933864489595, 0.6519173005243751, 0.9349578014469011, [1]
-157.85354144489838, 0.6148603721635779, 0.9103293872646011, [0]
-157.5439142336216, 0.5791903493705394, 0.9669284107733985, [1]
-157.36723438010208, 0.641643185983665, 1.0131865464267185, [1]
-158.61673564040856, 0.6376603130840279, 1.1183524900487978, [0]
-158.0516256639862, 0.6310964031975858, 0.9638180152797886, [1]
-157.49294539647238, 0.6158027535384755, 0.9969852609491349, [1]
-157.44984033243355, 0.5883418941927178, 0.8741599465529658, [1]
-157.52296380408654, 0.6078143913768574, 1.0392597007956543, [1]
-157.6361862899369, 0.5845604436248014, 0.8356237698865282, [1]
-157.8231514112522, 0.7038259577702204, 0.9423874946640418, [1]
-158.98143083940712, 0.6765365010107908, 0.7499667061487605, [1]
-157.88314708545184, 0.6662470427804172, 1.1404787813727564, [1]
-158.69625345239442, 0.5743383151764635, 1.0032649555715747, [1]
-158.23226671817426, 0.5853356447193593, 0.9756560796088829, [1]
-157.4421967516588, 0.6028577026937701, 0.9994697288040576, [1]
-157.65643210929233, 0.5579347283358679, 0.9102297412438457, [1]
-157.73339511091262, 0.6820600659183861, 1.1074394563450356, [0]
-157.9571405973262, 0.6733967967846383, 0.8083845582116355, [0]
-157.69315788279675, 0.6541837215529709, 0.8333752591714938, [0]
-157.88747599683367, 0.6067386274711727, 0.8634669539155332, [0]
-157.88023195306357, 0.5928313723638906, 0.983586728277802, [0]
-158.6190375591567, 0.5514028051409638, 0.957955896304967, [0]
-158.91973670359417, 0.6232168001715436, 1.078990526767304, [0]
-157.75226618347116, 0.6911912218615537, 1.1004464635778899, [0]
-158.4461781901824, 0.6451525803605755, 1.1220204685771715, [0]
-157.88699222145692, 0.609990075533802, 0.8785359874549127, [0]
-158.58334813214879, 0.6569375361751544, 1.0332121090095001, [0]
-158.13895368894322, 0.6020465323642084, 1.0002585495820018, [0]
-157.32044258505178, 0.6084610780605696, 0.9785104849076772, [0]
-157.54987253279378, 0.6102895821879873, 1.0036459564729099, [1]
-157.9942402474971, 0.6516251253282603, 0.998662438264759, [0]
-157.90255069351042, 0.5598887088521134, 0.9136248403250289, [0]
-157.5650613461737, 0.538061332611356, 1.1651796471044513, [0]
-158.22328776141265, 0.6808668336404458, 0.9248854384180992, [0]
-157.42542312753463, 0.6538562802395715, 0.9360338840219805, [1]
-158.2756955657529, 0.6037680267290814, 1.0570044684890636, [1]
-158.15987547082855, 0.7253194865320147, 0.8356260680356151, [1]
-157.69103657689274, 0.650432831406205, 1.0063113417265876, [1]
-157.79660756650028, 0.6463670417388458, 0.9390116190518183, [1]
-157.64656123726374, 0.5904725108403779, 0.935766377307201, [1]
-157.36025006719706, 0.5773309996819552, 1.0513046896769087, [1]
-158.0153296451562, 0.5650996866730739, 0.897928497370295, [1]
-157.75349670855022, 0.5800810371866675, 0.9244439940725792, [1]
-157.56499672479205, 0.677919645301192, 0.943260642485374, [0]
-157.35740378519262, 0.587050126855813, 0.9733793282039644, [0]
-158.6077245021651, 0.637128736306961, 0.9111826640171863, [1]
-157.82326355491983, 0.62768767244466, 1.0289321248950731, [1]
-158.47337250136775, 0.5239649653652, 0.9546196502507637, [1]
-157.55870675807594, 0.6355506070729304, 0.8799211474724653, [1]
-157.2818359549112, 0.6571646082899949, 0.9673948537766515, [1]
-158.5475513528325, 0.6899937311311739, 0.8719347116935636, [1]
-157.41390198820025, 0.5917307256302572, 1.0184166914957928, [1]
-158.56830499860072, 0.6477047654347511, 0.794491803596015, [1]
-157.75513142739385, 0.6956462470880429, 0.8436878781819175, [0]
-157.4469938424811, 0.6739425656201526, 0.8670074513883408, [0]
-157.43494864266972, 0.6034904669176919, 0.9754980643593547, [1]
-157.59972349587244, 0.6353858578201107, 0.9201133594067455, [0]
-157.60398294501118, 0.6487425695981374, 0.8352565345161979, [0]
-157.8481029074752, 0.5848565535296472, 0.9087824109561993, [0]
-157.9004631617981, 0.6077549437295476, 0.8257376133313263, [0]
-157.64174031453985, 0.644517690732633, 0.980887015372075, [0]
-158.43723373369443, 0.6768814336304436, 1.1041561031498996, [1]
-157.65213304491527, 0.6239555964788028, 0.9706663339746407, [1]
-157.33753151410716, 0.7535026571690175, 0.8977780003450032, [1]
-157.73106283334604, 0.609814854226789, 0.7838854867481041, [0]
-158.52407838644132, 0.5945162536098282, 1.0968802952255803, [0]
-157.7371918792479, 0.6050921347349488, 0.9401548928937165, [0]
-158.14889674130842, 0.6087223274169897, 0.8094517017838048, [0]
-157.6635762583069, 0.5636346419634217, 0.9541360784161877, [1]
-157.62870732830365, 0.6648586116407471, 0.9270920376400265, [1]
-157.0938330925436, 0.6468240812595969, 0.7244443584878021, [1]
-157.42497613823295, 0.59162263174798, 1.031623252763811, [1]
-158.38250860756517, 0.6964560098852035, 1.001272627315691, [0]
-157.80663792351146, 0.6315612116592458, 1.048053542514633, [1]
-156.94018813629708, 0.6634617877590571, 0.954918289652018, [1]
-157.92423549058452, 0.6634012063440266, 1.0520140300635306, [0]
-157.43649861969547, 0.6456898171787607, 0.9782814853927922, [1]
-158.48073674167858, 0.6078768025128114, 0.9276274592591672, [0]
-157.96033154069602, 0.6246659286992953, 0.7780994204285658, [0]
-158.03000779016216, 0.672824043079215, 1.0007742686223646, [0]
-157.88539377914387, 0.6948724048409582, 0.9676066108620065, [0]
-158.37346064883326, 0.6441235847114158, 1.0138239479420075, [0]
-157.99181124903114, 0.5825874758542806, 1.139637579684919, [0]
-158.29830725662612, 0.6484009418136822, 0.8266925462810777, [0]
-157.74430619924942, 0.6775095249791486, 1.1709776455412781, [0]
-157.908901269863, 0.5761347177116518, 1.146386149049633, [0]
-157.67864946273795, 0.5146454445378865, 0.8428846164977488, [1]
-157.46698392927357, 0.645612467115371, 0.9291421164737169, [1]
-157.8356782913249, 0.7144232587711723, 1.0483426166043666, [1]
-157.38638180864945, 0.5388418267829433, 0.863909027282223, [1]
-158.17240293256887, 0.6490771625109433, 0.7432558485953358, [0]
-158.84769977349046, 0.6111907226314369, 1.0241664606281506, [0]
-158.52085434487304, 0.6158542214526254, 0.8382878036291503, [0]
-158.2228446456012, 0.5523599799564953, 1.0720869037698824, [0]
-157.40998063171156, 0.6203565542954966, 1.03473645730067, [1]
-157.89407717787816, 0.6432570458152038, 1.0141485231466214, [1]
-157.69958600097203, 0.5455429383764485, 0.8665841964117973, [1]
-157.59445588207473, 0.6563752024009549, 0.9495954951219836, [1]
-158.1207915118218, 0.6404437961236245, 0.9622388661595853, [1]
-157.88947457449385, 0.6178818954262034, 0.9861807529842807, [1]
-157.7974829408365, 0.6273845094774799, 1.0684888605265248, [1]
-157.73389779528972, 0.6293080622055981, 1.0309032438694525, [1]
-157.53377265482004, 0.5991824358675781, 1.0099255779296081, [1]
-158.67307354379477, 0.6687736848828794, 0.8767343402416272, [1]
-157.30510170200816, 0.575849084461038, 1.0390469641078646, [1]
-157.82865409831126, 0.5625367329900416, 0.9305543008713867, [1]
-157.6948966344545, 0.5860412204964859, 0.9139843439039051, [1]
-158.62671023491123, 0.5988974282047546, 0.8926336977384424, [1]
-157.88403335446438, 0.5885179011944406, 0.9069953797157836, [1]
-157.79378111850156, 0.6035534676410216, 1.0007390486069525, [1]
-157.47414654450472, 0.6315410760135223, 1.0038233111427832, [1]
-157.99459859380772, 0.6595753425218317, 1.124214865291476, [1]
-158.26742629171457, 0.6519856984965919, 0.9490066254919849, [0]
-157.60951970669169, 0.668205066589301, 0.9354234193247022, [1]
-157.33608923910012, 0.6525700440576563, 0.9440647218071031, [0]
-158.87636823316052, 0.7515491140950876, 0.9254809811904761, [1]
-158.58264058973177, 0.561999062261302, 0.9155440588039732, [0]
-158.48516295388993, 0.6002706634756388, 1.0021903543554735, [0]
-157.68499065616862, 0.596373511413891, 0.8275652717530062, [0]
-158.92701438143763, 0.678964666832296, 1.0544803508985137, [0]
-157.77118475828095, 0.5648236130473295, 0.998279465755062, [0]
-158.21208251445387, 0.6308545561257055, 1.0536586693585306, [0]
-157.7519264825393, 0.5805344115247004, 1.017460110411706, [1]
-157.3789569093447, 0.6936930203608918, 0.966835339616425, [1]
-157.65776606267042, 0.7064745033363202, 1.030750270182303, [1]
-157.37801049137062, 0.60350026519038, 1.0062082639929197, [1]
-158.01577343912123, 0.6414620318070956, 1.1902605030134235, [0]
-157.90369388799576, 0.5593189878789746, 0.9423872012205617, [0]
-159.6213659012814, 0.5293650559978818, 1.0690258962357657, [0]
-157.40351656829284, 0.6315488168033918, 1.0645589644186397, [0]
-157.73535605788265, 0.5639579311431986, 0.8929401085583232, [1]
-157.173438373392, 0.5213391390859698, 0.8657950019220524, [1]
-157.4972672517365, 0.6014950895630973, 1.0902727115211837, [1]
-157.75074799744658, 0.644314435088335, 0.8501664527358784, [1]
-157.3166990698762, 0.6461378529195648, 0.7648281534768241, [0]
-157.14175937777398, 0.6059648320918545, 0.9033689639221176, [0]
-157.54774532901996, 0.649273633441166, 1.0493852644164645, [1]
-157.99387186356728, 0.6352342147239665, 0.8912812138788292, [1]
-157.44961397248653, 0.6681037727461289, 0.8762699030071571, [0]
-157.5274343952624, 0.699441755451198, 0.9366655582544514, [0]
-157.8943376682927, 0.6265147269861999, 1.1881335169155356, [0]
-157.515289844312, 0.6353994110137597, 0.9441077411102947, [1]
-157.32017265422797, 0.6110457718934916, 1.1288903491746738, [1]
-158.63846209656657, 0.5731238786758142, 1.0884019076733402, [0]
-157.08397372097437, 0.6112197532764564, 0.8938259328347342, [0]
-157.8850983397619, 0.6095153261452966, 0.8870763630245638, [1]
-158.47721855074167, 0.610560765007721, 0.9573814862207686, [0]
-157.5235745023979, 0.616810249278397, 0.8755775362157039, [0]
-158.19827135780733, 0.6043420243836244, 1.0469788328557954, [0]
-158.09647228400263, 0.6180284372926556, 0.8706632789501582, [1]
-158.08324661283206, 0.5887420727485518, 1.012996180768282, [1]
-158.3582570903368, 0.5731658789283214, 0.9166973658689704, [0]
-158.27219139765262, 0.7033897654851141, 0.9807276987211764, [0]
-157.45219465107382, 0.6525682204615616, 1.0142997154888773, [1]
-157.420663071467, 0.6743119941055629, 0.8411650840678875, [1]
-157.60324449445298, 0.7218567991133665, 0.8473566962950272, [1]
-157.92438418307572, 0.5409365481425674, 1.0466713791102205, [1]
-157.39273403586475, 0.6180263011583482, 0.9840886420162583, [1]
-157.02396072084238, 0.6654504069036278, 0.9421952474437979, [1]
-157.64935038288954, 0.6121947591485206, 0.9614223801852235, [0]
-157.58323493126392, 0.5441523500050255, 0.8573229143759383, [0]
-158.05451007899325, 0.6114927729487994, 0.9993596238512006, [1]
-157.58703590336376, 0.5805912069767032, 0.917516699991397, [1]
-158.17666392868682, 0.5732588914980082, 0.8081101843264006, [0]
-158.1637751016311, 0.5939844687935918, 0.8575515000233898, [0]
-158.74896689236016, 0.6134704594700652, 0.8720583233333112, [0]
-158.06297604261923, 0.5650567102725745, 0.9740217755367014, [0]
-157.72545626755974, 0.6374959436822003, 1.0007303566675092, [1]
-158.6004000885506, 0.5465026762708479, 1.0103991152552043, [1]
-157.5205449590169, 0.6331769337177287, 0.9208172552827639, [0]
-158.593755638279, 0.7106901598671674, 1.1316672962536805, [0]
-158.10694686586663, 0.610213185921545, 0.9225365758442701, [0]
-157.73806599092538, 0.5477285802241815, 0.8936807889073873, [0]
-157.8564691191267, 0.6091251229659168, 0.7442799843963825, [0]
-157.100363875596, 0.5558277815112548, 0.8784567713882341, [0]
-157.28974741315125, 0.6312453791663717, 0.889978685543868, [1]
-158.3390601679759, 0.6631521706076579, 0.9357367422539625, [1]
-157.16875077560215, 0.6357769976947341, 0.9333039414511868, [0]
-158.24620084886516, 0.6016322835409642, 1.039509329461661, [0]
-158.10318546183433, 0.5504904420154256, 1.0418094996462373, [0]
-157.4594477076448, 0.6145954307768691, 0.9272995407690616, [0]
-159.14042718989413, 0.6186846235122235, 1.0450396978867391, [0]
-158.48919948092654, 0.6575479616839377, 0.7287168673041949, [0]
-158.0255787518334, 0.6886097417246974, 0.9793650401145485, [0]
-158.85795939874782, 0.6747755974770204, 1.1350619911658815, [0]
-158.2825629722078, 0.6002880878734781, 0.9797182974862356, [0]
-158.79649844283696, 0.6510187452697681, 1.0136825381729684, [1]
-157.9678329213484, 0.6200840632503329, 0.748114188390064, [0]
-157.5340592284859, 0.652205597145557, 0.9198577700060551, [0]
-157.92542280920645, 0.5696475250052039, 0.8789918020100369, [0]
-157.54907095500323, 0.5828247677218564, 0.9931378457701396, [0]
-157.6216876376669, 0.5514834843150915, 1.0049053327235045, [0]
-157.6375229061777, 0.6215521136726135, 0.9279064352902273, [0]
-158.92993071065067, 0.6774824880847717, 0.9914459034698246, [0]
-158.54619802452365, 0.626996694306564, 1.1625152513956691, [1]
-157.45219026191467, 0.6019834647732917, 0.935230328927655, [0]
-157.4537036462579, 0.6542128065661693, 0.9059940035151491, [0]
-157.93876496316955, 0.6156182850064635, 0.8525945167416987, [0]
-157.45076335967616, 0.635174541950557, 0.8131298954739311, [0]
-157.91601201355545, 0.5942691781454454, 0.8220062575801171, [1]
-157.81561192454134, 0.6343730683980415, 0.9992745713954825, [0]
-157.2182301196648, 0.6127646600498864, 1.0126644158461624, [0]
-158.2903065609545, 0.656127803482841, 0.8806117640308534, [0]
-158.2018927896142, 0.5554594518244453, 0.8766370943144186, [0]
-157.48419633112877, 0.6482395854757733, 1.0050120105815412, [0]
-158.05795948134895, 0.6399099837998314, 1.0278876568884292, [0]
-158.08139285561586, 0.6752420267833227, 1.0119194028711036, [0]
-158.76433058091493, 0.5902135048740228, 0.937761327668152, [1]
-157.84726729123915, 0.6678455377083012, 0.8240637639658283, [1]
-157.6574229873177, 0.6717351973053659, 0.6851105312589839, [0]
-157.94919291009003, 0.6202530847189816, 1.098635114405037, [0]
-157.4627446744166, 0.6159294355481002, 0.912897461409909, [1]
-157.6803297597565, 0.5892013772030118, 1.0055818233828724, [1]
-158.33912005725892, 0.6770332749510988, 0.9678055677164261, [1]
-157.34517322987836, 0.6208230256332381, 0.6918612657105468, [1]
-157.3314655440038, 0.7188664074693906, 1.0394065972111046, [0]
-158.0923917642126, 0.6380381980967902, 0.9078537278231851, [1]
-157.43338306766344, 0.6416766217901043, 0.8423798896814261, [1]
-157.56376813729702, 0.6445368095475429, 0.8886276009553659, [1]
-157.32773710142655, 0.614558691509657, 1.1385324638844283, [1]
-158.80788259702135, 0.4989504804886078, 0.9300286844443109, [1]
-157.80858289567027, 0.6168352031328286, 1.036189919828223, [0]
-158.0730570627305, 0.6169217801418813, 1.0555649547231059, [0]
-158.59278430003778, 0.6418948229088249, 1.0273796391060357, [0]
-158.1983427318865, 0.6105743306705422, 0.8844381442047207, [0]
-157.94450684097902, 0.6478268378614098, 1.0630705616632228, [0]
-157.59122088823233, 0.5777282396215244, 0.8828791515677805, [0]
-158.34239247117733, 0.6307535025709754, 0.7569281498875486, [0]
-157.41576851276034, 0.61434564526039, 1.0199088865123422, [0]
-158.16247656571397, 0.6121495475111216, 0.687599090887663, [0]
-157.63906338304744, 0.6852805993679564, 0.996610984889145, [0]
-157.02762918970674, 0.6268266750370713, 0.9082217525845689, [0]
-158.41336182270229, 0.6489046178415024, 1.0792524793274123, [0]
-157.18346988677345, 0.6197426852841215, 0.8766415336216129, [0]
-157.81334263543786, 0.6440310106883199, 0.9971695407547744, [0]
-157.83742774682509, 0.6203636701160469, 1.096661189082045, [1]
-157.49251109646372, 0.5997132852629816, 0.9413665776916159, [1]
-157.0414944800883, 0.5737693878626924, 0.8658252752800167, [1]
-157.25374880339166, 0.6458226554718222, 1.021501397499966, [1]
-157.74515146570636, 0.5978546050488294, 1.0619325242719246, [1]
-157.9109128715661, 0.530074671962513, 1.1046077120131386, [0]
-157.10438099228833, 0.6461452340537003, 1.0138101977062883, [1]
-157.86915841933816, 0.6924196428777223, 0.8608755662508829, [1]
-158.45663160054124, 0.6411293248455296, 0.9165687261132227, [1]
-157.7853290810658, 0.6570777197429912, 1.0259434458273309, [1]
-157.04137473175481, 0.6388704428740949, 0.9882361945464242, [0]
-157.72664848518139, 0.5935761675523805, 0.9076830352242105, [0]
-157.87232261241593, 0.6056790442098303, 1.1513839420468799, [0]
-158.41730387027346, 0.6082351895746035, 0.8963277249239026, [0]
-157.89809100809933, 0.6579880254451055, 0.975609489630617, [1]
-157.8759918373394, 0.6127349622854756, 0.9949756795287181, [1]
-157.68537520600688, 0.6436986743122668, 1.0235812969867348, [1]
-157.48446554309723, 0.605236617294084, 0.8207183927102817, [1]
-157.66457207875698, 0.6062173059179682, 1.0888865934383196, [1]
-157.15504529159895, 0.5787388724771011, 0.9970560030281728, [1]
-158.70101038089496, 0.5879090645435875, 0.9550531133387314, [0]
-157.56687018280107, 0.681214889386722, 0.8937322736016895, [1]
-158.37666027854635, 0.6704565264461219, 0.9158353946004527, [0]
-157.82954621420865, 0.6187082149419931, 0.8391190242512765, [0]
-157.6115156115613, 0.6324802220585758, 0.9241819441468215, [0]
-158.0643818223684, 0.6518325844346712, 0.9549860635429943, [0]
-158.604356405689, 0.5993763475579155, 0.8637642135238497, [0]
-158.56998783771797, 0.5698498068959401, 1.0133770432384774, [0]
-156.99568295754042, 0.658800525374232, 0.9983728905112613, [0]
-157.16419462467482, 0.6528601190365332, 0.9481515581373039, [0]
-157.50114020621774, 0.6854296620172727, 1.0721016575211908, [0]
-157.78609807552922, 0.6738317450931304, 1.1636553860105912, [1]
-157.46284677333082, 0.5825795971665576, 1.0723668235820936, [0]
-158.12674562148646, 0.6654448759520205, 1.0047585926563383, [1]
-158.89236012148362, 0.5722056529729682, 0.7102210370067197, [0]
-157.68427220575697, 0.5869562937890404, 0.8245355570191316, [0]
-157.8244173961274, 0.5807238672004047, 1.0064983747826608, [0]
-158.0140542991991, 0.693072216457093, 0.9608402640185271, [1]
-157.605487977251, 0.628631394874014, 1.081095430170342, [1]
-157.18088532902007, 0.5732387896388728, 0.93206657087232, [1]
-157.5259945731091, 0.5753513951629524, 0.8456765469664027, [0]
-157.9613270720545, 0.5740797779048171, 0.8821300297497674, [0]
-157.45348139715048, 0.6043717282964092, 0.9857289853848255, [1]
-157.537774911566, 0.5626477463088055, 0.8920150080812562, [0]
-157.76575591392873, 0.5997346681723172, 0.9247632981932098, [0]
-157.83127491702092, 0.6246522517733799, 0.8591287550884287, [0]
-157.6492771558561, 0.6183317304461113, 0.9071183301670505, [0]
-157.95664328388975, 0.5424404347057307, 1.0693573378219394, [0]
-157.77569060406626, 0.6153814383380687, 0.8927067245828434, [0]
-157.4795301799278, 0.6716992774637154, 0.9169922948135008, [0]
-157.2722248828691, 0.6585438455562612, 1.0073748337618598, [1]
-158.12868002167377, 0.6348248317136944, 1.0730126511784965, [0]
-157.43521709070257, 0.5853746458731047, 0.8253141319444894, [0]
-157.54585016958984, 0.6554797205207482, 0.958230503693112, [0]
-158.5358249424554, 0.6218576348987385, 0.7017732223707992, [0]
-158.0881274428555, 0.6029219558848219, 1.0442831449922918, [1]
-157.68237883479878, 0.6333963166964591, 1.0108331224184182, [1]
-158.83305680941032, 0.6142304257881774, 0.8008435725596565, [1]
-158.11403449558202, 0.5448818650285019, 0.9472997735779615, [1]
-157.44805611618608, 0.6444297221517032, 0.8331318354088827, [1]
-158.24622849392688, 0.62403601463251, 0.9320952788344968, [0]
-157.0468591699554, 0.700662993025757, 0.9300879618238094, [0]
-157.69582274068742, 0.6974706245334816, 0.9126686876454437, [0]
-158.33449027942603, 0.602541988760115, 1.060634576392993, [1]
-157.53889125456718, 0.6577344518865079, 0.9205284264644872, [1]
-157.22689750191418, 0.6535897516949978, 0.9966393674722299, [1]
-157.00907015877743, 0.6190965015306776, 0.8093706202367588, [0]
-157.94665654823828, 0.6548071953688143, 0.9024831614414225, [0]
-158.18183857264995, 0.6347496690225847, 0.9592294924355819, [1]
-157.72142438618243, 0.6323953684707164, 1.065742080602541, [0]
-158.25401409396773, 0.6013573236167912, 1.1692322602560066, [0]
-158.22796153508233, 0.6947875294617013, 1.0033793097180654, [1]
-158.2113064572823, 0.7383801129933172, 0.9313291630744601, [1]
-157.4940401757492, 0.5635089598632383, 1.011622716314472, [1]
-158.24025954536035, 0.6356340275407453, 0.86028250327527, [1]
-158.1719615491629, 0.6073168923912254, 0.8712591930509306, [1]
-158.30781459031064, 0.7016029081593054, 0.8297489583911357, [1]
-158.34034672300885, 0.5951225499495922, 0.9258807577172978, [1]
-158.17753395668734, 0.6648573646884661, 0.9189963585098502, [1]
-157.591896749633, 0.6103850100330133, 0.9167482983096789, [1]
-157.59204455952064, 0.6346732582638784, 0.9072397636154119, [0]
-157.60631488887825, 0.616105181771794, 0.9044811501595353, [1]
-157.23249754806056, 0.650112041481493, 0.961274381452014, [1]
-157.43646552238206, 0.6626695337942283, 1.1069703504819794, [1]
-157.09049737014422, 0.5308647911038831, 0.9481040640797018, [1]
-157.35079157364234, 0.6360426719894172, 0.9108831288105812, [0]
-157.88363117508734, 0.6677040040639499, 0.9377670689644209, [1]
-158.37675712868668, 0.6544791947553144, 1.0762722987904247, [1]
-157.64765828400976, 0.642911089859354, 1.0789400102892484, [1]
-157.5485630323437, 0.5522714924678844, 1.0801493615370064, [0]
-158.22549806008368, 0.7067847511019665, 0.9067979472872768, [0]
-158.58739991698707, 0.6244412440149757, 0.6622513523191602, [0]
-157.6308099527852, 0.6116267456054284, 0.9427156116441889, [0]
-158.00220004702544, 0.6686778985522948, 1.011075593842726, [1]
-158.4633776804071, 0.627195032089693, 0.8795017503211421, [0]
-158.9328026978995, 0.560473936932372, 0.7684841272369147, [1]
-157.23166331890198, 0.6691966411373778, 1.0820545088981772, [0]
-158.18475740815182, 0.6171830924606347, 0.8567986389446385, [0]
-157.28459739694594, 0.5457268586827677, 0.8972552728643068, [1]
-157.4141970308592, 0.6481896752521052, 0.8777271620448245, [1]
-157.34104471196795, 0.5725036705282285, 1.0150691817845763, [1]
-157.7146270983553, 0.640526367378641, 1.0533977884318702, [1]
-157.43238829391967, 0.6888454067501407, 0.9062583282801233, [0]
-157.3121141705411, 0.6353602095562965, 0.8853416736074627, [0]
-156.97771122512015, 0.6873298847011899, 0.9696960492530089, [1]
-158.23224360004406, 0.6899647656455142, 0.9462266085099467, [0]
-157.42007231623666, 0.6833702220176182, 1.0039947534381262, [1]
-158.6386526043939, 0.6831467043407582, 1.0428102682450622, [1]
-157.84580152143076, 0.6055813259049264, 1.038444109881544, [1]
-157.61511489797275, 0.6340501863844107, 0.9024789157795092, [1]
-158.9971809091771, 0.6595645716117717, 0.857991453740425, [1]
-158.65493418715934, 0.6094949653835255, 0.9596351462290356, [1]
-159.11832319997632, 0.5544172143906658, 0.9182135771018808, [1]
-158.11027405617048, 0.6379431700894489, 1.1643990188457352, [1]
-157.89850047767712, 0.6470126324060829, 1.0280803187746388, [1]
-157.3932750736037, 0.6037235670250892, 0.9391828023129605, [1]
-157.12559669647854, 0.6658489949163098, 0.815398768132391, [1]
-157.76199943243475, 0.594680555447339, 1.0433653610184626, [1]
-157.10255188589258, 0.5842722168334703, 0.9588286205963469, [1]
-157.49731350749443, 0.6196507291558165, 0.8916834040432396, [0]
-157.73181634653275, 0.5867136496233943, 1.0534467400881584, [0]
-158.23003614785617, 0.6470581667950301, 0.9191826641919778, [1]
-157.79361590408146, 0.618391503827036, 0.9629885933620294, [0]
-157.8415756186906, 0.6121385421664458, 0.8747648764213449, [0]
-157.1755172383333, 0.6770112446661886, 0.8747688616201754, [0]
-158.45878733984878, 0.6270973421022126, 0.9140814952241834, [0]
-157.48838417215143, 0.6492140337218394, 0.8612199572009647, [0]
-157.4926962749757, 0.6145607527646145, 0.9368079270888292, [1]
-157.97956453227755, 0.6502987535633906, 0.8386149419651696, [1]
-157.9911689144567, 0.6439001232433975, 0.9282797971265996, [1]
-157.75986994903388, 0.6805766937009339, 0.9444885070116887, [0]
-158.22809058618515, 0.5841068770047488, 0.846686553405068, [0]
-157.49823734851725, 0.5952700297558609, 0.9732603399327565, [0]
-157.5881680491334, 0.532906271206417, 0.7940033744697734, [0]
-157.3865893267398, 0.6197059956845861, 0.8863403839486024, [0]
-157.74601930059444, 0.6765471076663269, 0.9946324157948745, [1]
-157.3104651326819, 0.6654192323225667, 0.9041198554545119, [1]
-157.06380258848228, 0.6245232882522271, 0.8900065923690111, [0]
-157.9236088238451, 0.5916280164225245, 0.8311511814433566, [0]
-157.55235912680388, 0.5925858570401945, 0.9512630611031894, [0]
-157.71687559493043, 0.6234984077784123, 0.9966917496165213, [0]
-157.98656703399374, 0.6017337941240887, 0.8767124557835838, [0]
-157.6758933400122, 0.5690488794928715, 0.968467936167438, [0]
-157.4005283313883, 0.6643889715486422, 1.0429869067536421, [0]
-158.2216742239882, 0.6180445315702298, 1.1384654701472448, [0]
-157.76710461148522, 0.6353112229625434, 0.8695075088229045, [0]
-157.64581738842418, 0.5976382298972605, 0.9518266030775444, [0]
-157.5022449427307, 0.5887868622927835, 1.0605452644087048, [0]
-157.27139079564466, 0.6225993128683753, 1.1217129169084836, [0]
-157.89856750669094, 0.6875828510715508, 0.8644797202594738, [0]
-158.12640448345016, 0.7082020431491949, 1.0452204414593522, [0]
-158.50855664350516, 0.5505876423852091, 0.9412604061007499, [1]
-157.6127467517699, 0.6039726769162718, 0.93098314799411, [1]
-158.2255251802974, 0.5949060346586174, 0.935100843392955, [1]
-157.38665279648723, 0.6258887381135576, 0.8292997225318626, [1]
-157.93164654628396, 0.6770778716214083, 0.870389905944391, [1]
-157.95642265717044, 0.567195430475369, 0.8345155925686445, [1]
-158.30266855987628, 0.5880436218325551, 0.8592433028266071, [1]
-158.29039525932313, 0.6594126772847422, 1.1018180326593061, [1]
-158.32941147252012, 0.6221872042188807, 0.9703756660012428, [1]
-157.80153561150527, 0.5967137559562844, 1.0303112172800188, [0]
-157.75893071690797, 0.6408846062545256, 0.8490604057532422, [0]
-157.57322122584017, 0.6590772182190346, 1.0421770401695207, [1]
-158.45426656088128, 0.5979050974219113, 1.0051914996623, [0]
-157.3108240444845, 0.6677051908778797, 0.8898595034320615, [0]
-158.44298412047377, 0.6396660433891881, 1.0310162536660277, [0]
-157.0908574059355, 0.6244700716268279, 0.9516878775199685, [1]
-159.10742699949827, 0.6325910732659374, 1.1037151734438122, [1]
-157.5776362328152, 0.6553853128621716, 1.1830268660347523, [1]
-158.50042758494467, 0.5338394803278314, 1.004006420170677, [0]
-158.33058549487487, 0.5805941225796963, 0.948334795394795, [0]
-157.78452417722002, 0.5821090241605289, 0.8559986741971419, [1]
-157.40934461483172, 0.5606428983231397, 1.049313992756986, [1]
-157.86447313248826, 0.587969022984733, 1.0885691538098268, [1]
-158.10773025939002, 0.6004358821169437, 1.080916839964754, [1]
-157.44888228016111, 0.6622897094602269, 1.1263737914707932, [1]
-157.61835613014884, 0.617318664076751, 1.1022658630560904, [1]
-157.6922890942511, 0.6663941961225335, 0.9595501730883251, [0]
-157.8138323269808, 0.6175022865278671, 0.8970196165033146, [0]
-158.22370437039635, 0.6113645377054038, 0.9315391345850372, [1]
-158.6256576252923, 0.6816318502706414, 0.9539012248014043, [1]
-157.41580798706113, 0.6063984616529079, 0.8066025343580046, [1]
-158.01840481442218, 0.6798905056189345, 0.9655713976240474, [1]
-157.5062085602642, 0.663008525600387, 1.0889106660034436, [0]
-158.72602290621802, 0.6450997037729057, 0.9754480276413913, [0]
-157.73776735928345, 0.6951893798430822, 1.073267672116528, [0]
-157.95719363439704, 0.6045440752091593, 0.8435552307051895, [0]
-157.18595931097852, 0.6788154200814148, 0.9228137216424797, [1]
-159.1335811149148, 0.612672844581439, 0.9864694288011593, [0]
-157.6565532574424, 0.6189185477792434, 0.887716271101618, [0]
-158.1393658997478, 0.7599835775025678, 0.9783566512925396, [1]
-158.4960387380694, 0.6182154234588672, 0.8396187193750337, [0]
-157.8199936577255, 0.66949157443419, 0.9887533500963164, [0]
-157.19560157446287, 0.6657524654554283, 0.9773303833453912, [1]
-159.3626986613046, 0.5711585451985095, 0.9440432500808491, [1]
-158.07774819602494, 0.6133471178621626, 0.9263423216871264, [1]
-157.36972845133175, 0.6020987740709325, 1.0091804012902834, [1]
-158.46734667092878, 0.5662808829710826, 0.9521569567333662, [1]
-157.48797918916546, 0.6141764835021798, 0.8901745268521258, [1]
-158.25054050498687, 0.6499022555664872, 1.2383463356009605, [1]
-159.3607634230417, 0.5898171870791945, 0.8645088066103032, [1]
-158.412581151391, 0.5899920303305193, 1.018344409228421, [1]
-157.8968384557633, 0.5416168113654372, 1.0623295652017268, [1]
-157.75769435011, 0.6598016300012317, 0.9814091173302956, [0]
-157.65734831573488, 0.6578634122574788, 1.0407894382239684, [1]
-157.82500601012921, 0.6615489810414044, 0.8362105442665568, [0]
-158.47410434859353, 0.6072916253484916, 0.9528768315868273, [1]
-158.2804835284027, 0.6524594159450737, 0.9702041045623303, [1]
-157.76150946019308, 0.5472947043227767, 0.9735606500164646, [1]
-157.71330034014878, 0.6180348269246853, 1.0432879832294866, [1]
-158.68821815706494, 0.5306066856157109, 0.885476175314881, [1]
-157.57582832158562, 0.6701914014895659, 0.9807769213488028, [1]
-158.13729132509215, 0.6346526639858268, 0.9742916886316705, [1]
-158.14966749082072, 0.6182738001094777, 0.9100623079366696, [1]
-158.38775197552712, 0.6003715088178292, 0.8803759630417707, [0]
-158.8868960891126, 0.6304054906951335, 1.1214623666776444, [1]
-157.7867074700377, 0.5316766764456269, 0.8910526823881552, [0]
-158.89939167204912, 0.6348791173908627, 1.0029536739604665, [0]
-158.2810359576714, 0.5697988124129046, 1.0172200266781708, [1]
-157.6167162823194, 0.5835712638301527, 1.0132667434118545, [1]
-158.5598793488159, 0.6554147994087884, 0.8382860220397552, [1]
-157.45093249791356, 0.5867229840223889, 1.142742535508224, [0]
-158.64938088833355, 0.5328635689897075, 1.0214889999928225, [1]
-157.66759689513455, 0.5960261910257597, 0.9824768896721869, [0]
-157.8684625218987, 0.6206702192256079, 1.061145222685424, [0]
-157.45360496256703, 0.6213182601617946, 1.0870838289303077, [1]
-158.33848051377865, 0.6828941841557531, 1.0225976201073599, [0]
-157.3798963388706, 0.6470675409389364, 0.9409552340689433, [1]
-157.961181021446, 0.6874059283896977, 0.9642124941121748, [1]
-157.9952023719262, 0.5031245348534396, 1.0328136883869776, [1]
-157.3100686262119, 0.6226135240484165, 0.9600469522417998, [1]
-157.83764562221867, 0.6380419566073599, 0.9618271122499122, [0]
-157.74368794923893, 0.7006331744877695, 0.7254923277482254, [1]
-158.2794136327653, 0.5824356719799596, 0.9390999281459533, [1]
-157.96576344682128, 0.641100038979284, 0.9607279813434852, [0]
-158.20037925440184, 0.621770316442646, 1.0943615673020979, [0]
-157.38193485257642, 0.5796312243830063, 0.9549146491053945, [0]
-157.5830872338417, 0.5919395855650155, 0.9637554748833417, [1]
-158.04978979959756, 0.5660030432274217, 0.8501997776105897, [1]
-158.0255939179567, 0.6673116249099592, 0.9864125231572215, [1]
-157.46578011007574, 0.6569891407441469, 1.0245878855702737, [1]
-158.42556080688067, 0.6449233466403561, 0.800850918446474, [1]
-157.58520563852176, 0.5703411836626594, 1.0267090320675443, [1]
-157.21764700931445, 0.6070738936679569, 0.9409433081945536, [0]
-157.78638179799196, 0.6505653174002518, 0.9629979083844165, [0]
-157.45452578650207, 0.660905437868373, 0.9785766916541623, [0]
-157.4679416459924, 0.6268000132290884, 1.1272886693111304, [0]
-158.14211282576133, 0.655704139923251, 0.9821993384047535, [0]
-158.34183452159056, 0.6321398025430143, 0.9540814519644183, [1]
-158.69032223610495, 0.5890809759487663, 0.9506063204245909, [1]
-157.69765342685216, 0.6420184104874463, 1.10838540697643, [0]
-157.91560354902762, 0.6272836248802073, 1.1762838709219778, [0]
-158.17677694845503, 0.6204225221957573, 1.0718654384110453, [1]
-158.1151326571258, 0.6499775761163258, 1.0800920296569698, [1]
-157.68148570158712, 0.5779008974718521, 0.8986805990986975, [1]
-158.51466936840572, 0.622703101087566, 0.8400088518895458, [1]
-157.69513147891377, 0.6042771762570236, 1.0323629965662655, [0]
-159.03999431983195, 0.5744613787500071, 1.0736450097524808, [0]
-158.29661694001933, 0.5584422976070647, 1.0147477262421094, [0]
-157.59761698095434, 0.6497635358111147, 0.9945968417310781, [0]
-158.30040515493397, 0.5986886872422182, 0.8612634736542025, [1]
-157.77089349720688, 0.5976245302325657, 0.8446101952472933, [1]
-157.62969596165084, 0.664134155304329, 1.1135114789633973, [0]
-157.68556320544934, 0.6565672275452971, 1.1259750625954683, [0]
-157.20520232661778, 0.6076253779364983, 0.9503254350192005, [0]
-157.96725395924892, 0.6652348938626891, 1.0269330757455957, [0]
-157.25817200712123, 0.5768797324611603, 0.9597580423630226, [1]
-157.29089128660084, 0.6574411209368981, 1.0561707110309904, [1]
-157.6197107628491, 0.6610136973998486, 1.1201036245418228, [1]
-157.7366226100091, 0.57017567172332, 1.0465392896613688, [1]
-157.10007740762592, 0.5813441960949991, 0.9537133674596292, [1]
-158.2565138155518, 0.5793112117281742, 0.9636297561641113, [0]
-158.12218604712322, 0.5936165725661615, 1.006725603819736, [0]
-158.04438126473545, 0.5868989450191455, 0.9224452277847345, [0]
-157.8487343860843, 0.5922616918231407, 1.0653173984293638, [1]
-157.94579620368694, 0.5495260955168475, 0.9910247328652365, [1]
-158.13634068027505, 0.6244528279274633, 1.0310974162777768, [0]
-157.39744916668374, 0.5677111639698789, 0.827579516713678, [1]
-158.19107794256198, 0.5460613044357965, 0.8781477068258001, [1]
-158.13304118889343, 0.6003745239522842, 0.8813884309446788, [1]
-158.30231080076868, 0.7050025353434568, 0.8967474100421334, [0]
-157.7538942000509, 0.6632257801049307, 0.968160422892469, [0]
-157.628127833818, 0.5540327908959686, 0.8731344919664973, [1]
-157.99362378596686, 0.6045617913297995, 1.1961890056197406, [0]
-157.32188688040767, 0.6143531032826217, 1.0069183942018154, [0]
-157.65944839900885, 0.617987427797457, 0.9112119093099874, [0]
-157.13374332117363, 0.6806607162366568, 1.019711769589386, [0]
-158.26514379487134, 0.640255790472743, 1.0613092630917962, [1]
-157.8922469335628, 0.6440571327654843, 1.0924447535164752, [1]
-158.66216071805272, 0.6731404114605205, 0.8533438631903835, [1]
-157.3052391619548, 0.6434573752551815, 0.8949554256938591, [1]
-157.31908898106437, 0.6627639679221994, 0.9841219699315931, [1]
-157.51465964952706, 0.6765075279867214, 1.0007645167941943, [1]
-158.38751334117265, 0.5964151604234889, 0.7846166158963142, [0]
-157.9602013037267, 0.5802795775117444, 0.7752756071032614, [1]
-157.51919652168428, 0.623661546194678, 1.0025996733971447, [0]
-157.22432665414578, 0.6566921306546959, 0.864855728579583, [1]
-157.65089096685685, 0.6539639090189985, 0.9383733760026518, [1]
-157.92017505698377, 0.7126486979918845, 0.742341326244401, [0]
-157.56026103271702, 0.6624456222489387, 0.8079219368488111, [0]
-157.6856789236518, 0.5758390218240617, 0.9845301557541243, [0]
-158.03459952587048, 0.5961884586750839, 0.9518075621845219, [0]
-158.04955887451263, 0.5959992154963996, 1.0246845448328417, [0]
-157.38725035040733, 0.6423811965592693, 1.0625708250980148, [0]
-157.69024467416028, 0.6003870992947256, 0.9945765755638358, [0]
-157.5757885835418, 0.6332150681094053, 0.9530180534100592, [1]
-157.63988533404344, 0.5736753476580485, 0.9171921758378262, [1]
-157.86994496536107, 0.6669109136593517, 0.8582128701512743, [0]
-158.795262319726, 0.6443591457133615, 0.9401532224594037, [1]
-157.61723002718946, 0.5830491220046062, 1.0180517623851502, [0]
-158.42795845540175, 0.6860885427354325, 0.9638942342547994, [1]
-158.11428684961808, 0.5233616012223972, 0.8081290192662074, [1]
-157.82206767527597, 0.6135357333540591, 0.8101646658660258, [1]
-159.43489372890042, 0.6064880025607441, 1.0234471502741551, [0]
-157.9917977295885, 0.6514771205500578, 1.129294560055057, [1]
-157.8389881652539, 0.6430441406814017, 1.0231556218032867, [1]
-158.01393690259786, 0.5976689902853808, 0.9478263466785921, [0]
-157.7213697515919, 0.6143564555935631, 1.0354638588129883, [1]
-157.73066674415455, 0.6495121561215504, 0.9407131205390943, [0]
-157.51624105775653, 0.6357513689720616, 0.8755354055522775, [0]
-158.3057434245043, 0.6212085411960118, 0.9457760005976393, [0]
-157.2963893017922, 0.7179304388268973, 1.0039405821979592, [1]
-158.06293590339322, 0.6149237254697217, 0.9631181334047889, [0]
-157.51288915004278, 0.6122612255675746, 1.04895201177174, [0]
-157.8363251387782, 0.6793470328038541, 0.8174412406654764, [0]
-157.83257211295702, 0.6572524428796939, 1.201396915701956, [1]
-157.6558504701239, 0.5912802076716367, 0.795052098408708, [1]
-157.11809711108856, 0.6017456316472855, 0.9396384229320183, [1]
-157.22934601601884, 0.6014626799296459, 1.0526420444936941, [1]
-158.12220243917773, 0.6796711419137044, 1.0500868964753056, [1]
-158.3427871222297, 0.6676276064391746, 0.9168698980756977, [1]
-157.76164988544087, 0.5934277681626483, 0.8910559609411248, [1]
-158.2362403385186, 0.6654541700913176, 0.9012572191237062, [1]
-158.26703426558635, 0.5982663628578909, 0.8933907288060366, [1]
-158.89582346326102, 0.6901603409776514, 1.073285197922528, [0]
-157.36050403387736, 0.6068693617898079, 0.9069583344465809, [0]
-158.05762976168188, 0.662207504450761, 1.05406320843124, [0]
-158.34557249663723, 0.7074872006720772, 0.9904795240795184, [1]
-157.05056951885987, 0.638041383168285, 1.0623976716065782, [1]
-156.98574729485455, 0.6577724202337383, 0.8758350782355384, [1]
-158.6173130564886, 0.5026364549090334, 0.8053589184714547, [1]
-157.9628971708264, 0.665785978261272, 0.9126875028491158, [1]
-158.29258183378732, 0.5956368748712858, 0.9718246839913386, [1]
-157.56501505152676, 0.6556420421337887, 1.0340803986735434, [1]
-158.1165729224951, 0.6574262650305284, 1.1414483829905713, [1]
-157.56876726325953, 0.6340944784223184, 1.1412369164846201, [1]
-157.59915359357024, 0.6373211228641411, 0.9674669301860055, [0]
-158.15130808329639, 0.6909033701569531, 1.1574265132042176, [0]
-157.60036952367605, 0.6204888843252505, 0.9613352409795918, [0]
-158.47264604831093, 0.6037353239453623, 0.8601923660876152, [1]
-157.21576972212304, 0.6967879305235348, 0.9119027916915783, [0]
-157.1599708146858, 0.6518665342662738, 0.9147301811061556, [1]
-157.84501849646023, 0.6865316324244662, 1.0083677989221111, [0]
-157.51961823411335, 0.6104344036821595, 0.9293029001133918, [1]
-157.5506600231281, 0.5936999272606177, 0.8682328834239668, [1]
-157.70468876031725, 0.5732808792060777, 0.8552792533980311, [0]
-158.50519880084636, 0.6139144065405194, 0.8741663818526175, [0]
-157.91040392971692, 0.5927170061697133, 1.0633229395963313, [1]
-157.7240280400751, 0.7497686559186427, 1.0926045715416397, [1]
-157.2725304358179, 0.6355215119460946, 1.0079034403008267, [1]
-157.30557891426815, 0.6828498283152078, 0.9283327274222997, [1]
-157.68493004178367, 0.6318373995831869, 0.9777723154961887, [1]
-157.72262486876488, 0.6664062086946403, 0.7980003640734736, [1]
-157.70034021392433, 0.5872788362425534, 0.9895819477939892, [0]
-157.8503348931241, 0.6288310302847963, 1.0932012384229277, [0]
-158.18926750025327, 0.5900346316803807, 1.0319526676987472, [0]
-158.23119192408572, 0.6118161068233876, 0.8664614070037762, [0]
-157.02245252061127, 0.6400825988191371, 0.8841045002899208, [1]
-158.0654014046447, 0.6640257066093667, 0.8774858180665179, [0]
-157.73409019645771, 0.6086152312474681, 0.9591348844776398, [0]
-158.88101617434836, 0.6485983758224231, 0.8389246733540466, [1]
-157.54559277718295, 0.6161291737958878, 0.9316426802769837, [1]
-157.5359485112341, 0.6479063136991016, 1.152497596661877, [1]
-157.49918537864966, 0.6432919057782822, 0.8494231029016404, [1]
-158.07009381691412, 0.6680617258808405, 1.185220925955915, [1]
-157.7195703674698, 0.6692026902698546, 1.0019787469855368, [1]
-157.49176118462037, 0.6149263254406689, 0.8160432432375629, [1]
-158.01276467849405, 0.6800697972185157, 0.8808971308862797, [1]
-157.75547785812444, 0.6032708663696529, 1.023288743714579, [0]
-157.6754909216988, 0.5640713520569623, 0.8643965302586144, [0]
-157.81221607255355, 0.5738235519878707, 0.9756430813112615, [1]
-158.14991362248577, 0.6260976430952536, 0.9076852913882014, [0]
-157.76789796115185, 0.6425159556716667, 0.8623584597544129, [0]
-157.87993167326766, 0.6393828275559787, 0.7803681759108242, [1]
-157.8089544105002, 0.574885081712698, 1.1783842506802216, [1]
-157.94199603993044, 0.5994065989583435, 0.9156025158438266, [1]
-157.77400672755513, 0.6268517011725174, 0.8035116029526362, [1]
-157.92759909222312, 0.5540227751843912, 1.0354749940877002, [0]
-157.52703748407657, 0.6052506369872932, 0.8762508602474669, [0]
-157.77285782686312, 0.6476386506533559, 0.9209054386261077, [0]
-157.61041415653912, 0.6124488371269685, 0.9445577937694971, [0]
-158.40066885789687, 0.6149141714913692, 0.9947474220264869, [0]
-157.85362961928104, 0.6796846077375699, 0.7086085539483825, [1]
-157.76523006242104, 0.5996492916085429, 1.0556306904581316, [0]
-157.32493489880142, 0.6480429213630254, 0.9301256786137315, [0]
-159.07120448373354, 0.6724949667585726, 0.8683003467349676, [0]
-158.1934809866595, 0.5895047533508089, 0.8280964390483109, [0]
-157.2961109340692, 0.5827202637976269, 0.9337158117180815, [0]
-157.7690174171215, 0.5795747132047816, 0.9044250051681629, [1]
-157.283407951715, 0.605407562185599, 1.1644648794183694, [1]
-156.95743466841844, 0.6476545167753069, 1.0424205099749664, [1]
-157.41082622918393, 0.6634040379635029, 1.057621639928125, [0]
-158.07840637636133, 0.6064030490473904, 1.0752577704385415, [1]
-158.0541096103831, 0.6237984547469846, 1.0510437061050713, [1]
-157.62219017692368, 0.6138591881779768, 0.9937267299910444, [1]
-157.79976310179154, 0.6410894985493896, 1.09370615197716, [0]
-157.38205283152806, 0.5747215534202308, 1.0385601067789352, [0]
-159.24089406357854, 0.6786212542601708, 1.0076318895412761, [1]
-157.418898220906, 0.595407425456683, 1.087943630406764, [0]
-157.9732319476986, 0.5776778674406826, 1.0541962914826737, [1]
-158.63080716765958, 0.4973356952016674, 0.876538574830821, [0]
-157.76067709939846, 0.5991729694429535, 0.9260139412282334, [0]
-158.62546281410417, 0.6798234777372089, 0.9565917135908909, [0]
-157.17463762003516, 0.6531491254624833, 0.9893119289829235, [1]
-157.40856136317612, 0.6823738279604487, 0.9514035829950287, [1]
-157.92746565998513, 0.6314034678281857, 0.9155164981919058, [0]
-157.8572673945813, 0.6965252339676029, 1.0140399972354286, [1]
-158.10374220426277, 0.5864558332106279, 0.7656460449001631, [1]
-158.26771981467144, 0.6611893469037974, 0.9680403432805067, [1]
-158.10941448190894, 0.6225085860526758, 0.838082638203429, [1]
-158.05133524942363, 0.6824359868737784, 0.9166438066306203, [1]
-158.5069074737381, 0.6471074451352327, 1.0074283058900095, [0]
-158.98415227224896, 0.6432818114346984, 1.0480613617957302, [0]
-158.42272655904932, 0.6270381572150474, 0.9845766857154107, [0]
-159.001039479068, 0.5873091118809097, 1.0403409166926498, [0]
-157.8337823996993, 0.6379970566567805, 1.0509750459559501, [0]
-157.2531485012021, 0.5838379346638809, 0.9733611296124147, [0]
-157.3002070247776, 0.6340374199242157, 0.7741520278197516, [1]
-157.76190737417065, 0.6102326900960399, 1.1459853694398745, [1]
-158.7447454635092, 0.6570363653198981, 0.9841171462186564, [1]
-156.80500229837392, 0.6222701927211389, 0.9824924435289676, [1]
-157.66156333986285, 0.7259033333454807, 0.7768286451687817, [0]
-158.03571385417476, 0.5968392867929083, 0.926439908087022, [0]
-157.54905210662122, 0.583296426397079, 0.9165584024980381, [0]
-157.3983067533183, 0.6304512979867615, 0.9311101251119215, [1]
-157.70235695875422, 0.6197150779599672, 0.9563771888228364, [0]
-158.52301765095487, 0.5775776380842595, 0.9775509919667974, [1]
-159.4030915504892, 0.6875434084242479, 1.0910799950936536, [1]
-158.75120335476785, 0.6689101798227761, 1.134799407315646, [1]
-157.55080528327125, 0.6812177881235313, 1.027160295991236, [1]
-157.916588742183, 0.5922639218653415, 1.1823220130424004, [1]
-157.47685613543487, 0.6484029432486619, 0.9903150234071258, [1]
-157.9716612508779, 0.6283508329558956, 1.0703142167165005, [1]
-157.62151094144969, 0.5796536704520358, 0.8967144757527019, [0]
-157.77747905909658, 0.6602861679115429, 0.7651778362348787, [1]
-157.848052148927, 0.6527943633837012, 0.9363972311228931, [1]
-157.94808762230596, 0.6324155181707275, 0.8126650492755964, [1]
-158.18134534000092, 0.5848324690553901, 1.1173797870503686, [1]
-157.8933573879723, 0.6197562036486463, 0.8858927594923618, [0]
-157.96976079206817, 0.6246516939287355, 1.0732986500588055, [1]
-157.8977972382293, 0.6109434855595979, 1.112553962608332, [1]
-158.24726970712265, 0.619928807927189, 0.9793257676411333, [0]
-158.48302559403896, 0.6397178222632033, 0.9907047715452433, [0]
-157.9067572649806, 0.6539035967011911, 0.9511717345177572, [0]
-157.6763302065105, 0.570577690274919, 0.7401481957522053, [0]
-157.74418236438686, 0.6481590322028772, 1.1320832050662881, [0]
-157.89656979625178, 0.6185016317379481, 1.0235752055354184, [0]
-157.12478826565336, 0.6109721922883883, 1.0113912144063428, [0]
-157.67844293753194, 0.5347974152009558, 0.8442335467316757, [0]
-156.88282523560628, 0.6036845634753718, 0.9560662683706472, [1]
-157.23665257563877, 0.5676756544951396, 0.9847532627055304, [1]
-157.92299166246934, 0.6207852449652906, 0.8502608902773288, [1]
-157.30461703611292, 0.6320179805294056, 0.9763887089290236, [1]
-157.69722653443569, 0.6448017825729484, 1.08805148498904, [0]
-157.77850163925638, 0.6446551184039556, 0.9132983519506706, [1]
-158.81558626312508, 0.6284114683884312, 1.0330295210923799, [1]
-157.47415565321955, 0.5677318955428874, 0.9480426335379643, [1]
-157.6826637379194, 0.6269781531429011, 1.0264152264169268, [1]
-157.3091166206311, 0.593536199858162, 1.0945428141456706, [0]
-157.7362038818554, 0.5824528485765237, 1.0979651399480457, [1]
-158.1880095256327, 0.5490601802307321, 0.984835983177832, [1]
-158.04285402998164, 0.6576206996030378, 1.0359313341014467, [1]
-157.72329245722804, 0.5365135653005753, 1.106958302603943, [1]
-157.4402105187593, 0.6750905294467915, 1.0723702197403937, [1]
-157.28444662444943, 0.5637506179962968, 0.8786917095376308, [0]
-157.73094588949402, 0.5878430026655803, 0.8917102401922888, [0]
-157.39458602030683, 0.6556226622955187, 0.9557676212222428, [0]
-157.12846878931913, 0.6156092389060983, 0.9506121230956314, [0]
-157.6935243447357, 0.6163703034792525, 1.000668756352165, [1]
-158.0729582655188, 0.6848842032856186, 0.9207262586963378, [0]
-157.26428315569925, 0.5694072477747633, 1.0251050148504568, [0]
-158.136878863571, 0.6259248751001613, 0.8152741216157129, [1]
-158.09158606859936, 0.6126916091701408, 0.9009866542424146, [1]
-157.80937812173872, 0.6403279924087081, 0.8515141531803094, [1]
-158.0778347202458, 0.6582663037394316, 0.6780104262031907, [1]
-157.54046673205463, 0.5639737064980915, 1.037780460910427, [1]
-158.99876450635264, 0.6039409803997908, 0.9502632823694025, [0]
-158.03416819699788, 0.6604678806483988, 0.9521431228897328, [1]
-157.8521882801543, 0.5916557441445583, 1.0103838219631318, [1]
-159.08074539118536, 0.5709145942438567, 0.8175943921454523, [0]
-158.08527375319716, 0.5990371907757752, 0.9070765645238776, [0]
-157.74489639559422, 0.6430247558693463, 1.1498207971447343, [0]
-157.84280387104022, 0.5334848108208197, 0.8891482438216254, [1]
-157.98443899332406, 0.6165390093377965, 1.0299430539398502, [1]
-157.9763307987068, 0.6341353574476097, 0.9135507501043225, [1]
-157.9903584129954, 0.6386652403096285, 0.9774852039055604, [0]
-158.3110369723015, 0.6013011949130397, 0.9509131974007036, [1]
-157.84488886319383, 0.5597902340900426, 0.8048154204735293, [1]
-158.05809721892618, 0.5953142714840332, 0.9738863580340303, [0]
-157.86586577524216, 0.6008810947936193, 1.0417263364833294, [0]
-157.4644301746823, 0.5908677649589825, 0.9152099848756895, [0]
-158.5716200254912, 0.6255416507251995, 1.0026894847432029, [0]
-158.1748647967371, 0.6560235631331146, 0.916444744819529, [0]
-157.53425101827494, 0.5797445636129498, 0.8165975513304045, [0]
-157.441721640582, 0.6648562880954985, 0.85749477383722, [0]
-157.91994350084659, 0.6140410140413707, 0.8412498864746294, [1]
-157.07855797468522, 0.6390458956535001, 1.0880856974591466, [1]
-157.18921728622814, 0.5542138947574311, 0.9031385790855262, [1]
-157.9942944563289, 0.6398456068084516, 1.027600978179655, [1]
-157.46259774871794, 0.6379740906401774, 1.0265585701046338, [1]
-158.4983150878289, 0.5993782297334556, 0.7214380338467555, [1]
-157.06351207259854, 0.633356017172246, 0.8503757423404862, [1]
-158.19903205702474, 0.6435547566751236, 1.0810254872533513, [1]
-158.06674683546476, 0.6023444933444024, 0.9625327684580991, [1]
-158.23030225824624, 0.6378740270356053, 0.968414580927768, [1]
-157.9043668324315, 0.6563858875845254, 0.9355076327812596, [1]
-157.52651635137946, 0.6633810058159633, 0.9202525107235862, [0]
-157.2430597960186, 0.6106534626358483, 1.0620878529601172, [0]
-157.47711545733713, 0.5899136671887825, 0.9544782885933261, [0]
-158.37753515834802, 0.5750183848650443, 0.8457861996533964, [1]
-158.0775053786835, 0.6814655106332103, 0.8703486356069664, [1]
-157.17612129009692, 0.6361514342214329, 0.9698145841744853, [1]
-157.5578066472462, 0.6184245496329966, 1.0438317496431424, [1]
-157.29853367930278, 0.6457910041143465, 1.0270780753542148, [1]
-158.1393514106993, 0.6350686217877921, 1.0108658424795012, [1]
-157.594051030474, 0.6453199485222316, 0.9371611482033588, [1]
-158.88709934878253, 0.6571620075515093, 1.1224288306666323, [0]
-157.39913088420457, 0.6500103489201009, 0.8803319662643083, [0]
-158.54574618864063, 0.6824609994630451, 0.9776427666082401, [0]
-158.10074219056312, 0.5846009390734347, 0.7981870205135131, [1]
-157.3082268070944, 0.5876337625696157, 1.1096403663310777, [1]
-157.68906021824324, 0.6110709373773299, 0.997196824317279, [0]
-158.24129830864354, 0.6272359828673909, 1.0040139703866096, [1]
-158.03438963145788, 0.6017443112935948, 1.1114268318859863, [1]
-157.88750847102983, 0.6373285143600371, 1.0862220030095222, [0]
-158.40858726287817, 0.6297232661580662, 0.9859015286484715, [0]
-158.08003326110367, 0.6508670953852079, 1.0952748773392829, [0]
-157.97316625136668, 0.5401681044179084, 0.8144205664021931, [1]
-158.1607121420643, 0.524424068658809, 0.745032313291929, [0]
-158.06056220836223, 0.5827861233789531, 1.0237866516012635, [0]
-158.04323437844786, 0.6329031294732098, 1.2257888319421504, [1]
-157.78531619050983, 0.5551069612255216, 1.0290049135733905, [0]
-157.72402108403702, 0.5984720968576055, 1.068307614324323, [0]
-157.5310378681702, 0.6713521165099027, 0.936982919727648, [1]
-157.2484837362084, 0.5436200153831426, 0.8245177810640228, [1]
-157.2806381375013, 0.6340253275727246, 0.9944588319326634, [1]
-158.09730182431474, 0.6136950656407205, 0.8864589932406469, [0]
-157.88803021207843, 0.6564253930287053, 0.95481401308759, [0]
-157.7683116384171, 0.596531043520531, 1.00407562137771, [0]
-157.1473849711615, 0.6464696035100996, 1.0410277402849635, [0]
-157.28153879679513, 0.6043780735999735, 1.0504295081141577, [0]
-157.6208982022658, 0.5785318645348507, 0.9912886106537809, [0]
-157.70112148748277, 0.6128266699942478, 1.0854998250269894, [0]
-157.48260711928418, 0.6446036014423815, 0.9951741583689004, [0]
-157.78174045746943, 0.6952394401049498, 1.1369857911780914, [1]
-158.51224909773077, 0.6493837295607903, 1.0445044927640128, [0]
-158.0933335420538, 0.7061246820990336, 0.9838055489441534, [0]
-157.81982673058326, 0.5924691030121643, 1.069569044864053, [0]
-158.73965881453043, 0.6495822314143049, 0.9355719784901606, [1]
-157.42238528419392, 0.6838590902572252, 1.0009066290481867, [0]
-158.60066732582388, 0.6641515633508883, 0.9515306737420919, [0]
-157.72490314972134, 0.6143702415740868, 1.038224112574185, [1]
-157.99322072657648, 0.5960512956400638, 0.7504302636018556, [0]
-157.1903288669302, 0.6663233230442932, 0.8896148263112602, [0]
-157.46884140249708, 0.6137243678209485, 0.941084704107438, [0]
-157.566408496572, 0.6576917128417294, 0.9632097468776744, [0]
-158.2706530488091, 0.6889412274885411, 0.9912100429977956, [1]
-157.94974640528335, 0.6718899016803397, 0.9221312489733989, [1]
-157.94250925149737, 0.6589815767225939, 0.9368433343650598, [0]
-157.94250159798725, 0.6168251743178959, 0.9109995203906305, [1]
-157.96708103889924, 0.670165272551502, 0.9208456424679048, [1]
-157.531139445483, 0.6093110449939023, 0.8067115918801864, [1]
