t=0.044535432597167336
logZ_t=-15.057821304656283
-21.897390947023297, 0.6931894212249076, 1.593386724143281, [0]
-22.298521303831087, 0.7064826738390944, 1.0984268493197067, [0]
-23.10616434626037, 0.8514578906390522, 1.313559880845903, [1]
-22.140557962109344, 0.39711627099556207, 0.7438756671842898, [1]
-22.762595226265965, 0.9889291037490957, 1.119566222365345, [1]
-22.286365896966128, 0.7266475439673248, 1.2233711575237003, [1]
-22.924412949178485, 0.501092300080101, 1.4355356119827172, [1]
-23.005562556225012, 0.07388458546495205, 0.04708579689096845, [0]
-21.742877381124952, 0.6539321435365106, 1.6548984906719029, [1]
-22.028213654241686, 0.6437057020475379, 1.0453600198579656, [0]
-21.223077392411238, 0.4836349250748793, 0.8368038360679557, [1]
-22.138865126690007, 0.8288938950847191, 0.7503138878100111, [0]
-21.71143648676869, 1.1254855780263135, 0.8352803811308666, [1]
-22.31424661908069, 0.6319492868386827, 1.8075805653564783, [0]
-22.221735389078265, 0.5532005351742536, 1.495707846823174, [0]
-22.270370456273735, 0.5505778830803694, 1.5408065555533113, [1]
-22.29393736362168, 0.7290217905048328, 0.8850072049163582, [1]
-21.009035927558454, 0.43514118692733655, 1.2022142367544912, [0]
-22.256832664072455, 0.8243963468877014, 0.795428849769797, [1]
-22.635956813151772, 0.14326581345334435, -0.09761041707733621, [1]
-21.47752639789303, 0.38057244967226656, 1.2506721146112731, [1]
-23.690228914717267, 0.41184279852933664, 1.3092304119415554, [0]
-21.69687006566671, 0.387509739297343, 0.6680816069176331, [0]
-21.484672673010298, 0.7471794911477309, 1.3416723297523858, [0]
-23.05142319829107, 0.6457233246864676, 1.2640869238493546, [0]
-20.948796967889198, 0.544026264015657, 1.4608432258682926, [1]
-23.505269060879787, 0.8274076888192948, 1.7230972905508009, [0]
-22.174430412655855, 0.5285866923721546, 1.4094392665344935, [0]
-22.190285434174616, 0.7726071778016368, 1.4040196301321934, [1]
-23.104240892313776, 0.6525835312534967, 1.4560250052317447, [1]
-21.17396808075727, 0.7009132940730245, 1.1700317636685849, [0]
-23.269732401946904, 0.6342070147886578, 0.7343738065843357, [0]
-22.495785796912646, 0.4172661257022228, 1.1383508732514818, [1]
-22.160332699952615, 0.5310199055666507, 1.6582864034421985, [0]
-22.475974075908116, 0.569241534628982, 1.5654097180054785, [1]
-22.194365305058103, 0.49107238678105297, 1.2057015571347904, [0]
-23.882111423346576, 0.48295989302676895, 1.4910346290768928, [0]
-23.308657645917144, 0.8773754215501937, 1.3125139153771117, [0]
-23.95657632831495, 0.6920910846403128, 1.1862716307604042, [0]
-22.584044653544623, 0.7388334148857509, 0.9945614474171267, [0]
-23.08292702755031, 0.8051442547488006, 0.9778549972640405, [0]
-22.109869241175574, 0.6419947567864612, 1.1198529284105887, [0]
-21.55903720912876, 0.6031757444160062, 1.643347032755023, [1]
-22.037566312558546, 0.28078310796365114, 1.7891111370149164, [0]
-21.098458822272107, 0.8157379815615575, 0.32302531520539396, [0]
-21.828665326252462, 0.7000792418788624, 1.8846526384430293, [1]
-20.475568336525463, 0.9459648279451833, 0.3269297773232848, [0]
-22.246502709306654, 0.5642907871005854, 1.3429630690540437, [1]
-21.685691946653318, 0.6598748481430459, 1.3463392219994716, [0]
-22.60550876552295, 0.6507543526039363, 1.9664966048303172, [0]
-23.683339217398018, 0.25748178073760913, 1.3114464304080564, [0]
-21.99235848048454, 0.7323935737005703, 1.6217355934942352, [1]
-21.420402739041243, 0.46646304948738415, 1.556096900068579, [0]
-22.056414736967113, 0.607683403048167, 0.7931296274171379, [0]
-21.08027639873802, 0.6140101379568454, 0.8523972645244622, [1]
-20.96012306639708, 0.5700139955940319, 1.7136090619870636, [1]
-23.762928087267127, 0.5228923015864024, 1.5642158096823693, [0]
-22.604819924690737, 0.9388569643070912, 0.7378417492474549, [1]
-24.344260591701772, 0.5784054513383556, 1.2156372120166326, [0]
-22.75740231426414, 0.19511420649853428, 3.746884190341804E-4, [1]
-22.05460595867709, 0.27081674651813537, 0.9105309722314557, [1]
-23.324071130237737, 0.3670110143132213, 1.1098333764319395, [1]
-21.522344793555224, 0.6595517155617454, 1.6834956053571517, [1]
-21.510914110241245, 0.6422244581131176, 1.2307589018280667, [1]
-22.394308782495315, 0.4470852325202204, 1.1628480415250542, [1]
-21.46708594433901, 0.4802851114871539, 0.914538267392431, [1]
-21.80205143711397, 0.5361160150835906, 0.7427669369621233, [0]
-21.939136698723654, 0.5624659294500947, 0.8652068363947543, [1]
-22.05510002415995, 0.008670816510633284, 0.5345477562481327, [1]
-22.670794740688056, 0.8475049059383633, 0.8324865315911215, [1]
-20.744956390610362, 0.38461710185368797, 1.6001337236853117, [1]
-23.2622228244569, 0.7026173007021659, 0.5232870934282753, [0]
-21.557637382750965, 0.6410862532166987, 1.0016608308711086, [1]
-23.75025816061608, 0.49317253622284285, 1.6637281940171234, [0]
-22.119795326737307, 0.580588618456768, 0.12043402463884045, [1]
-22.13581468639083, 0.7184507634147557, 1.424131119801773, [1]
-21.887225653101297, 0.5484035468041635, 1.1768096103971626, [1]
-22.94423382691728, 1.1090320209483415, 0.6016493200638147, [0]
-23.67998290591313, 0.7058749355575595, 1.4129370023867907, [1]
-22.096109126060597, 0.8231962707172662, 1.5529699057326467, [0]
-22.765862070372236, 0.7031642374019079, 0.6872870264324562, [0]
-21.44181114469669, 0.7005075161524095, 0.8694644887467863, [1]
-21.99682427586414, 0.5502450439265565, 1.7378073838184227, [1]
-24.370324274581492, 0.6945527473474837, 1.0037462282603768, [0]
-23.4512044885313, 0.6429463156025512, 1.1700061096498502, [1]
-22.640805345187758, 0.45362232885332276, 1.0249609725040552, [1]
-21.394534853252072, 0.801494684294433, 0.8128970786674601, [0]
-21.92116651093007, 0.7834695243521814, 1.3129374541238075, [1]
-23.314277758378335, 0.9253459204454093, 1.0804375951628613, [0]
-22.841955398057248, 1.1500932788110456, 0.5173833357031185, [1]
-21.71140644666895, 0.4540816311259875, 1.4964680472234457, [1]
-23.365848650598874, 0.5682315451220912, 0.6403453447921242, [1]
-22.101120270026097, 0.2583541995418811, 1.080651459911929, [1]
-21.582885756973074, 0.5827406073696872, 1.3968100762183848, [1]
-22.957041429637904, 0.6558533593701138, 0.2659619388238589, [1]
-22.386363823612047, 0.63475469339987, 0.882791993094385, [1]
-23.946109888351504, 0.7792249549068874, 1.019297044131288, [0]
-22.993674807678918, 0.7194779454915646, 0.3734363140898569, [0]
-21.31642765947056, 0.5508513263316756, 0.12213688403703817, [0]
-23.403985452057267, 0.8063550371229857, 1.3865413209864308, [0]
-21.58329307060697, 0.6723565744089881, 1.0396779796053097, [1]
-20.928881414849872, 0.7163552261017023, 1.4352465303101813, [0]
-20.58322998163028, 0.6177346734815057, 0.7504569147283308, [1]
-21.652862071675486, 0.49715630111846343, 1.6349769604615345, [0]
-21.896478418691505, 0.5406858590499107, 1.3024246545804385, [0]
-23.075432161986274, 0.6788335721523102, 1.697601117179582, [0]
-21.69109091456116, 0.8036960795054127, 1.1548180515049986, [1]
-22.235036986965714, 0.41901846784429264, 0.3980997985712824, [0]
-21.517465705200106, 1.0845266008133614, 0.4707667952711977, [0]
-22.627195943285034, 0.6171199837022651, 1.165837934623843, [0]
-22.567961224700003, 0.7757648026540749, 0.3658092377865706, [0]
-21.744007127619494, 0.45794671287229805, 1.1958781833900578, [1]
-22.1639825462781, 0.43021057617352765, 0.9854279265757818, [1]
-21.88945519050235, 0.5955868331473637, 1.5529444135823158, [0]
-23.537513246504453, 0.9573974601868547, 1.3583010549857324, [0]
-22.611308080041233, 0.5852793895118955, 1.4539704978656016, [1]
-22.19174791930034, 0.9932757208464285, 1.330872257747032, [0]
-21.90100362695988, 0.4584932610694787, 0.9241866385535304, [0]
-22.57840126545103, 0.7843346372971216, 1.6724116986944788, [1]
-21.89734974425095, 0.8722200659597812, 1.300548024229223, [0]
-21.376077073496674, 0.4874256660392555, 1.6493533395611992, [0]
-22.293330018286937, 0.399416309507154, 1.2585062472437816, [0]
-22.716157638513064, 0.6947707198135502, 1.9614075890330978, [1]
-22.537129577629198, 0.8561366348150334, 1.2070920319233123, [0]
-22.696955392559754, 0.7316955419553494, 1.048124992732002, [1]
-21.970311550491605, 0.6378972432174141, 0.7162657597800266, [1]
-21.086935013126947, 0.4956011817783923, 0.8652974035967236, [0]
-22.897738279541446, 0.6192612010656307, 0.6259632142558963, [0]
-23.182070388176697, 0.5990786778872652, 1.4330009468238787, [0]
-22.75997044521272, 0.5749216823270596, 0.9513295113592698, [1]
-21.87410582781532, 0.6244242355972291, 1.0978824076204665, [1]
-22.190270087593444, 0.6435547765402199, 1.231234485087298, [0]
-22.863349577442712, 0.7066582642936395, 1.1514662219079101, [1]
-20.602943702282214, 0.8544929037802828, 1.2324667759935988, [0]
-22.1048447166247, 0.44149657938958076, 1.26315068584883, [0]
-22.337600091737503, 0.2735390956394471, 0.8568955926283217, [0]
-22.24462657974612, 0.3822707384496984, 0.6616719075102921, [0]
-21.441568719944087, 0.6832498389826593, 1.435164735355316, [0]
-22.098444060556176, 0.7193275397599892, 1.1219523434048972, [1]
-21.59057813460962, 0.42092756887115335, 0.3666511901700633, [0]
-21.135029396223775, 0.723634000089742, 0.9223539371952939, [1]
-21.921478380854893, 0.5309080761435325, 0.9834205156483871, [0]
-21.819486517861467, 0.45463774074536556, 0.8988922063727407, [0]
-21.63605150603304, 0.43774965797975135, 0.8361494292612673, [1]
-23.819954589522897, 0.6796781587481481, 0.8031826085254176, [0]
-21.675433198196963, 0.2484911865544075, 0.714943536466103, [1]
-21.516320214053582, 0.8319342486723728, 1.4226937323809439, [1]
-22.930102844291103, 0.5682371964447362, 1.6629423190048929, [0]
-22.572849759292787, 0.377679763034038, 0.8765269348387894, [1]
-21.54060588567222, 0.6182337312908625, 1.234140140907715, [1]
-22.513876634775777, 0.6043082016094319, 1.2186658914989787, [1]
-21.529176839338334, 0.5245639217473187, 1.2134855840812233, [1]
-22.7886620785744, 0.8531376607029679, 1.4235014070200123, [0]
-21.380071625019887, 0.6378052039687483, 1.0001188617040884, [1]
-23.27737614304595, 0.8658235003084744, 0.8551050930902487, [0]
-22.224085805380177, 0.7971600139785393, 1.609505219395416, [1]
-21.180055006007315, 0.6028477693598173, 1.3077811639052328, [0]
-23.841937418142823, 0.5384085587513502, 1.1335670937884612, [1]
-21.378338509647303, 0.6453626625618527, 1.5468482740296647, [1]
-22.4451597659629, 0.4830079697902242, 0.7866655842137918, [1]
-21.517202340932677, 0.5361017461598232, 1.8324133342857603, [0]
-21.221779029522608, 0.6171256888402572, 1.0007442645891933, [0]
-22.195381481915142, -0.03246450467012901, 0.19713330156857758, [0]
-22.685212715120826, 0.6263789071728649, 1.4390706179490453, [1]
-22.33626064846706, 0.6731787428419389, 2.044792257666185, [0]
-22.579755556394964, 0.7261938394920318, 0.9674183621834918, [0]
-22.42478658426084, 0.5493165861763787, 0.8376019943607025, [1]
-21.56056818736623, 0.6933906035141753, 1.3219503532387729, [0]
-21.85397921656825, 0.655025502351293, 1.3296417663899167, [1]
-23.33938891087619, 0.5216071428798879, 0.9532501168428402, [0]
-23.428838312514152, 0.6752911088845055, 1.3357101971955212, [1]
-22.761558625611684, 0.3552811291598261, 1.0685028163304064, [1]
-22.438297909178623, 0.5056565287928029, 1.5234589839589965, [0]
-23.655148617987777, 0.15950414861256673, 0.5519374687736633, [1]
-22.320160921825416, 0.5753580033477768, 1.231734304924574, [1]
-23.27201507958275, 0.6828561830513915, 0.6660997841951939, [0]
-24.599179284215747, 0.5707232296139161, 1.0014133666640157, [1]
-22.351918016470208, 0.6070148760997299, 0.6460316435366515, [0]
-23.666440620340058, 0.39077552646746444, 1.9083221343883743, [0]
-21.460016374947887, 0.48860771527406527, 0.9174316681260182, [0]
-23.515406991518738, 0.42131369895883364, 1.2111065334926354, [1]
-21.5830725536762, 0.6830372505592617, 0.9906088143905902, [0]
-22.77745348978212, 0.6652510942327494, 1.813317379133908, [1]
-22.60780685798709, 0.6362252544578052, 0.7155649509051577, [1]
-22.846024526415317, 0.4945418316584754, 0.6682646999492875, [0]
-22.507363973969365, 0.5273202304242671, 1.8849427505067253, [0]
-24.04058953939045, 0.37009265038680617, 1.340337096308547, [1]
-22.04004019943043, 0.658271009864358, 1.1252226680927766, [1]
-23.38088675735043, 0.7962968772862851, 1.378581826585053, [1]
-22.408649054407775, 0.2450236088293371, 1.088486489831841, [1]
-22.233604426162334, 0.6470938546205129, 1.060366362930816, [1]
-21.96950649451177, 0.52738217290531, 0.8966427081498309, [1]
-21.51645952007609, 0.857791265793292, 0.2515826290275741, [0]
-23.458964216202894, 0.45454176543126357, 0.8306055928424168, [0]
-21.43549012290412, 0.6521997173375742, 1.3432953403231518, [1]
-21.374714090959305, 0.4882817652384327, 1.33681558025135, [0]
-22.975220220817377, 0.7080950315971604, 1.445648215967375, [0]
-22.854988049701966, 0.6190193575879928, 1.0682481171019438, [0]
-24.18448947676461, 0.8472446355112293, 1.4562551147312268, [0]
-23.483696214459595, 0.8758038896682084, 0.9147383077926123, [1]
-22.17190117777889, 0.5726472563042799, 0.9104208956894161, [1]
-22.70665877077522, 0.7215091260734017, 0.4706372664257552, [0]
-22.6950909011512, 0.4220648976111473, 1.3851491695402174, [0]
-22.290582430616624, 0.47149319091317304, 1.0084422086608593, [0]
-22.17296531714652, 0.5973669859204465, 0.7192993570410074, [0]
-21.500391936315378, 0.28672602620590004, 0.5884514209439715, [1]
-22.09818738381115, 0.5982765496120803, 1.1127236916411687, [1]
-21.83925058037669, 0.7438210030290905, 1.248063986034139, [0]
-21.193624880040183, 0.7058474441222347, 0.48865075012186465, [1]
-22.465063141144253, 0.9023541271311905, 1.3422861777944062, [1]
-21.72657058700035, 0.5400890793342371, 0.8278207189739275, [0]
-22.60992385373718, 0.7140999106527892, 1.0397301607216012, [1]
-22.893456260334737, 0.563708846755522, 1.5627271100174378, [1]
-21.377351542808178, 0.21384994231270094, 0.17052222984175303, [1]
-23.19867995359364, 0.5949742505201181, 1.8131904257984353, [0]
-24.85408758141422, 0.48206922081860093, 1.2272511418682326, [0]
-22.699269235126113, 0.5135664966319287, -0.12697404650868704, [0]
-21.225724838727242, 0.6562481565988013, 1.0842395827315585, [1]
-22.741570863984997, 0.45425784639969846, 0.22690559350241135, [0]
-22.197516159360262, 0.6103249624603311, 1.5936525039910214, [1]
-20.615297177252057, 0.41834172483356025, 1.1698687066357256, [1]
-20.812961059353462, 0.6040669190322133, 1.0533114038869391, [1]
-20.91631951858595, 0.8152920355177602, 0.8646216317486798, [1]
-22.148880801567945, 0.6811500120101722, 1.4601545641770945, [1]
-21.58749866655276, 0.6114626646929004, 0.9615212929211396, [0]
-21.01116996866042, 0.5864289143390671, 0.5010774182627641, [0]
-21.11563130476465, 0.31745800845710426, 0.3892819903271083, [0]
-20.626940593542873, 0.5423654493721624, 1.336474468045515, [0]
-22.914616943053026, 0.4117125659214719, 1.7050275811918985, [1]
-22.895941863605433, 0.6290647261716691, 0.5284327346478145, [1]
-22.939881761115103, 0.6908872000868066, 0.9529028995461216, [1]
-21.474740301336773, 0.5949755141121551, 0.8861515603985897, [0]
-21.904801361104738, 0.7271187298055777, 1.5564913527446038, [0]
-22.90813807556586, 0.5046824450763416, 0.633867208108337, [1]
-22.03293544565823, 0.8918190234460501, 1.1064292073776532, [0]
-22.01788574146501, 0.40675018664320206, 1.1633237722204188, [1]
-21.37530401679776, 0.748833850629114, 1.0743926127251167, [1]
-22.36987455264212, 0.8483866258655168, 0.8899349393625844, [0]
-23.495220745144902, 0.9272119732768309, 0.9972206518259299, [1]
-23.052537909886176, 0.7595178849933238, 0.5230483018496401, [0]
-21.787228886016827, 0.6815971569659692, 1.0411405262783777, [1]
-23.593321678087715, 0.7990011364956292, 1.0962191647668913, [1]
-23.308533083848424, 0.6212804422454684, 1.7317591388799782, [0]
-23.82472045703258, 0.6702757640402677, 1.6816793302028623, [0]
-21.177539236438307, 0.5658588145958992, 0.36448877367078014, [1]
-23.05762000197611, 0.648418813154565, 1.7968991096011215, [0]
-24.130542693188314, 0.3874713210803398, 1.3244971624334116, [1]
-22.910246482557795, 0.26567776564129675, 0.9428826512632539, [1]
-23.008951627791255, 0.3670840689782442, 0.6507662881439223, [1]
-22.786730278725422, 0.8565346372209405, 0.4275947085089249, [1]
-25.051009210786656, 0.5153436961608655, 1.1481423284134529, [1]
-21.917503833347507, 0.5619945226774811, 1.2949440543504744, [0]
-23.025170326953937, 0.7874868799241028, 0.8448908382084439, [0]
-23.395556871731824, 0.5519280806322554, 1.7044271059168845, [0]
-22.781113264635252, 0.4074295826389843, 1.095867381627824, [0]
-21.72857939506818, 0.607324946249604, 0.9946568353750532, [1]
-23.32646740701329, 0.6882059636629976, 1.4979810023540352, [1]
-22.588974447167967, 0.5349142282801392, 0.23188071221498907, [1]
-22.957989672513595, 0.7015435535085546, 0.6800697990221853, [1]
-20.898490588209025, 0.6090815679021945, 0.6628202217165697, [1]
-22.378307074559935, 0.6087339190506753, 0.9967595378024432, [1]
-21.990051458817746, 0.3494398269116112, 1.4927347559480562, [1]
-26.186677355463132, 0.7515941260697492, 0.8906977663493764, [1]
-21.702712759362118, 0.5086466430590799, 0.1640547211882829, [0]
-22.55748476270324, 0.48471740005531916, 2.1132380586135704, [1]
-22.105137180211944, 0.6235104054681753, 0.5033049716039094, [1]
-22.153537161162024, 1.033705964238718, 1.4404325416756576, [1]
-20.634310074082972, 0.782649211117717, 1.4348272649004485, [0]
-22.178030244356666, 0.23206071104785886, 0.7703172661664044, [0]
-22.31148416728169, 0.7423949433440207, 0.771282077273908, [0]
-22.33218126931367, 0.8161927576037868, 1.2791594152944636, [1]
-23.041227699939636, 0.5084197374613926, -0.18527328565898404, [0]
-21.075387296764838, 0.7856339815400395, 1.1841226978434785, [1]
-21.00420110710174, 0.7049166136871663, 0.6432894747301452, [0]
-21.59907719780385, 0.5460446046198585, 0.538923709958868, [0]
-21.915598165735965, 0.4601035316802431, 1.50689703342109, [0]
-21.440939377047368, 0.5449688973337842, 0.8853854100833267, [1]
-21.12984923864888, 0.7070862874363228, 1.730714611838618, [1]
-24.079975986751535, 0.5878291819813194, 0.9636362531017865, [1]
-21.636547561088427, 0.7885330398120803, 0.5083420244153236, [1]
-21.750713817656983, 0.7796512398771658, 0.5000272987330485, [0]
-21.339041028296613, 0.6083860743240707, 1.6228872881677603, [1]
-22.79635545537767, 0.3186579623155349, 0.699390719744539, [1]
-23.590252492537473, 0.8337922435463188, 1.9655398077629067, [1]
-21.386182031282527, 0.6191380629643852, 1.212691111309979, [0]
-22.786108475340896, 0.46270469527087665, 1.484208601035246, [1]
-22.973975478811134, 0.6557239224647081, 1.2791751864325507, [1]
-23.13556198199242, 0.8186842035346171, 1.098094569201303, [1]
-20.618835191796517, 0.5235952223731913, 0.725810986371576, [0]
-22.297517667166158, 0.7402312093626278, 1.6001414558133025, [0]
-23.170026143282374, 0.7763005313447949, 1.559061361749331, [1]
-22.368666322390606, 0.5514720448656573, 1.653179635972836, [0]
-21.560515650173155, 0.5634300829297371, 1.1015599403471696, [0]
-21.003781643988944, 0.8280257103103408, 1.2058359705832373, [1]
-23.341450241769756, 0.5315899479150732, 0.22059475668083672, [0]
-22.443129499314097, 0.9004962519755244, 1.1021015497576943, [1]
-21.790633215881346, 0.5615180391048916, 1.267863424671144, [0]
-22.986672764050624, 0.5291837670000628, 1.4031681414763746, [1]
-23.17093180867599, 0.804708510381328, 0.4807957807033296, [1]
-24.063116305164968, 0.6972188416424298, 1.897540701430446, [0]
-22.02401343686515, 0.664464569321487, 1.2295793849565246, [0]
-24.135714439967032, 0.5353857818731682, 1.2447721515793115, [0]
-21.780524006612627, 0.5000593163826899, 0.4581528774885865, [1]
-22.32481000448035, 0.09544012038123972, 0.5922970227627222, [0]
-20.831478538041356, 0.3998920841666677, 1.3911344190247004, [1]
-22.108733462403265, 0.9072106034219818, 0.8292553454869453, [1]
-21.681966777550432, 0.5130890254415941, 1.034802528401682, [1]
-22.256278701409684, 1.1232645224632716, 0.39394134626508953, [0]
-21.889454128968453, 1.0068193787883906, 0.9452686671643143, [1]
-20.316528121735672, 0.7433724202241896, 1.3216299892580514, [1]
-23.05657359242603, 0.7870817254891319, 0.865037671626178, [0]
-21.869177229250923, 0.8467521685395208, 0.7005379235438269, [1]
-21.619084763775838, 0.803762690161124, 1.5519185518099707, [0]
-22.91473082634911, 0.3457651437366158, 0.46018390518470376, [1]
-21.91888118822488, 0.4442411406234081, 1.3978315277433695, [0]
-22.52057720882722, 0.9329078795672918, 1.2911538262232223, [0]
-23.29044443603508, 0.9750712750185637, 1.2282837736458136, [1]
-21.529160315900796, 0.6769270894760341, 1.3928977811490602, [0]
-21.31035298639953, 0.8224251240356758, 0.8701985954576437, [0]
-21.719515937576464, 0.9463521164728182, 0.9124859351194008, [1]
-21.21789511877603, 0.6501624660242609, 0.4338053777105017, [1]
-22.294570186417648, 0.7253786053294088, 0.20255421706649926, [0]
-22.094368315042384, 0.34708349836330893, 0.3327254656341381, [0]
-21.966365048058307, 0.541005088580519, 1.1102651402648371, [0]
-21.501161952214073, 0.9181887888495235, 1.1487298591642199, [0]
-22.326072079443083, 0.23409886877489502, 0.7510409326269853, [1]
-23.597372007834664, 0.5652404413614425, 1.72155030170895, [1]
-23.41495083086243, 0.5125329184661308, 1.492170622393945, [1]
-21.836137854470444, 0.6576810000794517, 1.8279997396476577, [1]
-21.36862506651191, 0.6182417616293004, 1.131621849361645, [1]
-21.848482758748712, 0.7541744097568005, 1.4725139341768305, [0]
-22.680192712796632, 0.36959570131312347, 0.7615663123990165, [1]
-21.251364688745372, 0.4662516527211743, 0.8470122486254891, [1]
-21.079816872902352, 0.6712955699279235, 1.0922822358144577, [0]
-21.85781266748392, 0.7993913765820577, 1.1427438102597587, [1]
-22.445931418941335, 0.5722886170032618, 1.60508501449843, [1]
-21.413170991545883, 0.3501724212802792, 0.775649938067425, [0]
-22.822828584706915, 0.9534707500207305, 0.08879049581124698, [1]
-21.736569629920947, 0.400645797859523, 0.6914576778051292, [0]
-21.327648419509767, 0.4730250929811112, 1.3066679766052225, [0]
-21.15207384255257, 0.7201285551324085, 0.5003881504507556, [1]
-22.019709138460996, 0.2668085665711237, 0.8626830547245938, [0]
-23.118508078864014, 0.26638571816827117, 0.8819354896531051, [0]
-22.8035586253004, 0.5819683051840203, 1.0612534651447538, [1]
-21.92366502033058, 0.7645402811769959, 1.4521318156262653, [1]
-22.383678200093225, 0.6073212668107727, 1.0015843261165311, [0]
-21.3608315503787, 0.6712832644294644, 0.1607774996863475, [1]
-23.40044016948929, 0.857166487571198, 0.9163697455722255, [1]
-21.824995523465244, 0.830604600699848, 1.4571354972310209, [1]
-20.60982603967432, 1.0516493811816015, 0.688304257795564, [1]
-22.928508782502185, 0.5595284232148087, 1.7006486827265794, [0]
-22.13589912583302, 0.8852304311934991, 0.9434603955687891, [1]
-22.346313889571043, 0.688501443074072, 0.6724069710642269, [0]
-22.809039057253685, 0.9140900150797697, 0.9166247575850573, [1]
-23.26580061292569, 0.6406395615644516, 0.9373934540162414, [0]
-23.257907869178723, 0.33868428755325214, 0.3981531822224592, [0]
-21.755620775330655, 0.483773695033751, 0.9600351308708678, [1]
-22.500570305382674, 1.1662000693876147, 0.4026174653688276, [1]
-22.425203251252594, 0.4919653619455297, 0.9101794466679392, [0]
-22.568407705248635, 0.785472050502984, 1.2446854662841578, [0]
-23.44714245740175, 0.3152495685671089, 0.3169774639075582, [0]
-22.119803631829075, 0.8068689516178954, 1.408002811811507, [0]
-22.20022609318514, 0.6334869960061739, 1.3251936336223178, [0]
-22.119037557788296, 0.685090141227461, 1.1924570291647678, [0]
-21.333633876545946, 0.6947215705764984, 0.8719462563018289, [1]
-22.4105172262959, 0.4678144760209658, 1.453080215827348, [0]
-22.216556586171293, 0.7582405470697606, 1.146174039559354, [0]
-22.371851135829612, 0.31802482306479685, 0.934522610123363, [1]
-22.853819045694067, 0.5310178663524681, 1.3236077498613479, [0]
-21.17952045618655, 0.31347317615098114, 1.0482602717213798, [0]
-21.62862069631156, 0.6970071768845574, 0.8158195742584959, [0]
-22.74742864474853, 0.5299168895160657, 1.1764237555592516, [1]
-22.811573157717774, 0.6177174950046245, 0.6644321742985742, [1]
-22.55834656017059, 0.6355740573814874, 1.2727940978114407, [0]
-21.385475971589788, 0.6896954185049634, 1.1183893168061603, [0]
-22.112304234259863, 0.6674626753846649, 0.5939061277801794, [1]
-24.343155047490303, 0.5071266183458336, 0.8157569110489822, [0]
-23.160141225449763, 0.6058247086218826, 1.543594470733698, [1]
-22.082424399751623, 0.3555646879997959, 0.7499304031491174, [0]
-22.51033507115723, 0.6394180942425446, 1.2515036403748934, [0]
-22.399005070977758, 0.7408376696943162, 0.9763120383415649, [0]
-23.156530324973218, 0.7804348550940375, -0.11260499904684723, [1]
-22.14378462424876, 0.7131132524133305, 0.5439311468830533, [0]
-21.309542985449728, 0.5984209762616467, 0.8511517389584551, [0]
-22.94305080373074, 0.5387897819032739, 1.6694402565110384, [0]
-21.30548852762846, 0.861867945984361, 0.9006526926803629, [0]
-21.825589205370594, 0.6233718004947502, 1.4455755583128689, [1]
-21.907709707048742, 0.830495541217807, 1.455098499508153, [0]
-22.70032975360862, 0.903153714715152, 1.1532029579322947, [1]
-23.56553067395568, 0.41185895858704635, 1.6641322971038899, [0]
-22.068817033588676, 0.6848340636657579, 0.797716390754146, [1]
-22.522242892150828, 0.8324182295795853, 1.5567559301710285, [0]
-21.088552024219855, 0.7531377354205836, 1.1216145662925703, [0]
-22.158717750011387, 0.6299605488191788, 1.7700732016286578, [0]
-22.15058295693259, 0.22368837847487444, 0.5738081013242458, [0]
-22.034628853738315, 1.0235751252185405, 1.0314141493561488, [1]
-21.854645873092025, 0.8779149753478271, 0.4555616022390122, [0]
-21.61838094327519, 0.5818779828058636, 1.251263797486938, [0]
-21.33439425720238, 0.5966836589973055, 1.2185812141789705, [0]
-22.08331974837662, 0.546381832655749, 1.2921257451348447, [1]
-22.830173651813215, 0.5003150631565282, 1.3065914827813718, [0]
-21.98317234222073, 0.841616709176543, 1.2578234854991979, [0]
-22.415210178092998, 1.1667413042665, 0.7117414507491415, [0]
-20.536309365413015, 0.778497289701764, 1.1325732867047835, [0]
-21.06673732260037, 0.4734437421808557, 0.4834077518628318, [1]
-22.580257383873494, 0.7634145353628108, 1.882352073168399, [0]
-22.552039209630138, 0.7201959205912407, 1.2986621625308876, [1]
-21.937788607813616, 0.43828019532472096, 1.3016005044351933, [0]
-21.110516085745328, 0.7553171632272121, 1.2318908263311394, [1]
-21.553144818796802, 0.5147807744705312, 1.0288008316848565, [1]
-22.570566013580077, 0.7316749656595325, 1.0234203926752756, [0]
-22.129132804844538, 0.7437538286331267, 1.3022259699861523, [0]
-21.114515772404985, 0.722543733594664, 1.019145671462206, [1]
-22.574799814612227, 0.6440328942310615, 1.5612791952408793, [1]
-22.34227977980323, 0.7824281652351317, 1.2151287832160882, [0]
-22.38840323525882, 0.35672359898901895, 1.4756771738601564, [0]
-21.38720432938708, 0.4795883002505898, 1.1067034383469334, [0]
-22.645865180242584, 0.3762258632905306, 1.1712531573691671, [1]
-23.533866143337264, 0.6100864531821473, 1.3933134339719435, [0]
-23.269127133882957, 0.5611462474540849, 1.0342087590095046, [0]
-22.986137643068965, 0.6786289268513378, 1.3240996842767878, [0]
-20.647749764699157, 0.6552703923987677, 1.2155238426127566, [0]
-22.184311711395665, 0.3734311392613588, 0.9938680967837975, [1]
-21.937203283919118, 0.5580143499807042, 1.3899231485141568, [1]
-22.70287918613094, 0.48017576373467075, 0.8178939092956995, [0]
-21.512441131500022, 0.3802835945719779, 0.6817111629931996, [1]
-21.592636372888226, 0.9424960663613471, 1.5285885704826065, [0]
-22.959344307667905, 1.1556781826162483, 1.1156578070284073, [0]
-22.48133905850191, 0.526112661319668, 1.2974040810157288, [0]
-21.803032399397452, 0.5719391390397157, 0.4927041602165485, [1]
-22.876473913445867, 0.6924017757149012, 1.0277448628621388, [1]
-21.71011631096057, 0.4693676516726014, 0.9957804165397517, [0]
-21.83484538905769, 0.9748009967677755, 0.4632984669141489, [1]
-22.635386571281458, 0.9273708654338244, 0.4573972794698197, [1]
-21.371840439155267, 0.9015728850012229, 1.0004803624879233, [0]
-22.056800846784018, 0.5098812692120024, 0.8219945745318253, [0]
-22.338922785723927, 0.5846700006112483, 1.4193525108468334, [0]
-20.12619799264714, 0.45591794839954414, 0.5372320639137678, [1]
-22.852839407634637, 0.5742057640346167, 1.3150602958443232, [0]
-22.60068576356228, 0.47532192015264135, 1.416899161683743, [1]
-21.61241760173851, 0.5221853013255097, 1.0641946580527903, [1]
-22.36567810195311, 0.4252784055732142, 0.6497840292495813, [0]
-22.214640680773016, 0.8104653359583359, 1.7309425278503223, [0]
-22.79802407526269, 0.4013507577750771, 1.1395406252674647, [1]
-23.426959891443246, 0.5695974216218722, 1.2508104526458796, [0]
-21.427088405646142, 0.7351392500736728, 0.5808831286788976, [0]
-22.919623465720903, 1.0044037020835228, 0.6551353689791555, [1]
-20.491954712284816, 0.5454831208790164, 1.1647131165387163, [0]
-22.25409337440475, 0.3867866577050043, 0.896233837602354, [0]
-22.729058294667333, 0.8894118191569007, 1.5308880166525387, [1]
-22.014495305672487, 0.48183931185790185, 0.7906534533597952, [0]
-23.648412348552377, 0.8092496217725592, 0.7602036555651471, [1]
-22.13083356991094, 0.45042544332262946, 1.4128546299342255, [1]
-21.263759355387883, 0.6965545209606737, 1.4171857558538448, [0]
-22.139829127048902, 0.7494960529842687, 1.388804162024032, [1]
-22.387841578697362, 0.37736839687852036, 0.5731532910864543, [0]
-21.341723542597435, 0.8779066521020729, 0.9493031146693869, [1]
-23.18108659469037, 0.9311582676048963, 0.17380651687033266, [1]
-22.85540391306387, 0.7953412626947893, 0.5704879053440932, [1]
-21.30634904089157, 0.8686511606537208, 1.238542155266635, [0]
-23.649378076072686, 0.7929230250495133, 1.5793934316575733, [0]
-21.864123633289825, 0.702883285458094, 0.8983281330928847, [1]
-21.824347966432956, 0.8474936969143215, 1.1184020359868683, [0]
-21.37224918594969, 0.7738591151920019, 1.3693783245324829, [0]
-22.083962524443905, 0.4257637904463817, 1.4975345185789237, [0]
-24.09222947572831, 0.6566201448067258, 1.1531523665336665, [1]
-21.426353257876507, 0.9017837316263037, 1.230192991752808, [0]
-21.413522435088982, 0.7161051848691212, 0.759229896276305, [1]
-22.00363021414652, 0.8372365586267132, 0.5775504470852517, [0]
-21.076377082374602, 0.569453201158115, 1.0308385624389578, [0]
-22.070454678025424, 0.671143903537426, 0.7230986689979947, [0]
-21.030224710206525, 0.7388858460959284, 1.8209242289342973, [1]
-22.130371387181786, 0.5895227397885274, 0.4608974734700815, [1]
-22.842342806911567, 0.8574176847990789, 0.8810187118605209, [0]
-22.383397852854976, 0.5788505877375448, 0.517131040253034, [0]
-25.495091939699115, 0.5761637002179012, 1.2517466404072206, [0]
-23.205221207215725, 0.5918294437830248, 0.7268100738464589, [1]
-22.493429706916874, 0.6530028281775742, 1.6821609401040736, [0]
-22.554985411104372, 0.8065501529012935, 1.234263371063404, [1]
-23.573511263414964, 0.8190704962813611, 1.24518038533742, [1]
-21.76589570534113, 0.5135753810453088, 0.831648846086519, [0]
-20.920574095372285, 0.4498849127211042, 1.1449882552644168, [0]
-22.27915951425431, 0.15651704584534276, 1.0304530341222535, [1]
-21.806743877290188, 0.6647705068088022, 1.5323730226032362, [1]
-21.780077332261172, 1.0378155156862339, 1.3465955910622998, [1]
-22.307541309433365, 0.8426921638183846, -0.014499192986222209, [1]
-21.908938045198646, 0.14039909814551638, 0.6921986758896285, [1]
-22.26091370181561, 0.607720261668271, 1.1322010632413972, [0]
-21.893070866862264, 0.7660351775317586, 1.1720479133354378, [1]
-22.441313122626706, 0.557894901153379, 0.640982894585753, [0]
-22.626935318334194, 0.2793278608992763, 0.5988124612764469, [1]
-23.271690684156834, 0.6764709738751914, 1.8244189970895244, [1]
-22.227035886727194, 0.7332571215846457, 0.9123116364366128, [0]
-22.594120109024235, 0.5880914910112972, 0.9055732863208177, [0]
-22.674522615397326, 0.3484665534840339, 1.2131657851041864, [0]
-21.074420527082797, 0.41164505277855434, 1.6236096579321664, [1]
-20.521883709811753, 0.5691219424739876, 0.826822005772154, [1]
-21.915937372787457, 0.5610384652962113, 1.0843102231259294, [1]
-22.33218551042035, 0.37519582015408703, 1.016849344526752, [1]
-21.894740596498643, 0.6467526003406029, 1.4691270958576534, [0]
-21.88957691569194, 0.572643634479884, 0.769270205903732, [1]
-22.543418198002836, 0.6201798190519558, 1.4658965654223703, [1]
-21.35673775559214, 0.6767898677139846, 1.6848100039481175, [1]
-23.542206873535907, 0.37288994403122105, 0.665287447560008, [1]
-21.179438900681845, 0.48323925905518234, 0.7272609863641495, [1]
-22.441219785306245, 0.7206812083198822, 0.8189946121748103, [1]
-22.378073737493125, 0.481654811559401, 1.2350628578238396, [0]
-21.816573051466207, 0.4989935200458922, 1.4251219434576767, [1]
-21.740863287779664, 0.7046234789298164, 0.8296299578857094, [1]
-22.87293480744184, 0.5782773790155877, 1.3196951175462577, [0]
-22.51131043625523, 0.362274469619342, 0.5005382029511433, [1]
-22.310600646517695, 0.4501906910506305, 1.0623783150307333, [0]
-21.519531095552175, 0.6286950728444232, 1.6972465749744732, [0]
-22.22017617914855, 0.45204874620452723, 0.43037392048156303, [1]
-22.909428633934628, 0.5739926184723074, 0.7231702655694402, [0]
-21.50411819427, 0.3560162718415465, 0.7988404168202239, [0]
-24.150905807430384, 0.46703344602703717, 1.5543560979816482, [1]
-22.995107650117635, 0.5118605074623873, 1.6220940521351492, [1]
-23.055608719159842, 0.787708155039146, 0.9153195282603994, [1]
-21.13913647194939, 0.8420178663832578, 1.2248900773630262, [0]
-21.250401857563133, 0.9052981371563606, 0.9468795210480858, [0]
-22.701630439340665, 0.8022309329956868, 0.6700874894998843, [0]
-21.023497978531587, 0.651207596561514, 0.8763432200470138, [1]
-22.74018820917965, 0.5461006511020496, 1.543039887401699, [1]
-22.66450893690516, 0.5833195274910525, 0.5866508462196804, [0]
-22.04592675043181, 0.23576720652416377, 0.4332455253184372, [0]
-21.899186100937264, 0.43550821694309927, 1.1229891458057326, [1]
-21.89234676923179, 0.5305452400357817, 0.5255601729353384, [0]
-21.396646403125132, 0.4858111977359231, 0.7549840357711266, [1]
-24.45241236793618, 0.600805774399953, 1.2396596754802218, [0]
-21.8262431498153, 1.0338826302203015, 0.5957860287384773, [1]
-23.26282857591475, 0.18144729110725394, 1.0957334070560165, [1]
-23.75319377557713, 0.7758762323894179, 2.1438260245046323, [0]
-22.359150562331894, 0.6487140914501681, 0.6181776396738644, [0]
-22.23863831788505, 0.6656201268246777, 0.9885934064137534, [1]
-20.997378101244685, 0.7720714056127829, 0.7787825806616185, [1]
-22.10704454281891, 0.7212472976636731, 1.3329188083199943, [1]
-21.478306834395056, 0.6138900367668185, 0.7581525720456235, [1]
-23.081737014408255, 0.9121975878969659, 0.5738283245212803, [0]
-21.87225031681563, 0.5927853798715026, 0.8830857179733846, [1]
-21.934926809236376, 0.7543292041382155, 1.245662268906894, [1]
-22.536529700786055, 0.6674428195392424, 0.8504677718511057, [1]
-22.448894911926203, 0.4014343935933894, 1.6850220630729185, [0]
-21.404988554994315, 0.5092468692582516, 1.0986571978326003, [0]
-22.697688500262363, 0.656072310446618, 1.5756920575333238, [0]
-22.449529730039206, 0.7126658885496088, 0.01891696800082432, [1]
-23.145314730678194, 0.6426491134335699, 2.049330982459953, [1]
-21.295436068471847, 0.782204486414535, 1.1501935229433338, [0]
-22.24154670779681, 0.2591717682828248, 0.9167481211460321, [0]
-22.3706237777029, 0.5933910516605306, 0.564169407729529, [0]
-22.856147490865197, 0.5017996260247681, 1.2424311284163059, [1]
-22.650147390858894, 0.5581710078603459, 0.724249909825503, [0]
-22.520096311886913, 0.4558110889127406, 0.874615262918333, [0]
-21.725918755343937, 0.4761902690265898, 0.8480060698481298, [1]
-22.421300598588612, 0.6462294183172433, 0.9971092306555511, [1]
-21.816253619561156, 0.6134788459680883, 1.005623279800002, [0]
-23.027214565062028, 0.5145924063752818, 1.0914406143159008, [0]
-20.966890868040384, 0.7687079415848834, 1.0036191136903894, [0]
-21.554118743305168, 0.13138159365907798, 0.9644883162672522, [1]
-20.540072971392348, 1.1558871356625293, 0.5315697442801464, [0]
-24.596011694349666, 0.5146138205770037, 0.09061550139700342, [1]
-22.188420688565575, 0.712698704515162, 0.5964467970436966, [0]
-23.54894714283004, 0.8882718344961357, 1.1104879765155244, [1]
-22.35049568167894, 0.4495334391685264, 0.8882329950040195, [1]
-22.92549679304572, 0.7344265697875565, 0.9667930979811672, [0]
-21.495592670601383, 0.715997756675776, 1.7702640137571575, [0]
-22.328915026702923, 0.5600426017584572, 1.5325290847771507, [0]
-22.12662293942996, 0.5097253755440867, 1.0444737342816297, [0]
-23.722475457800122, 1.1687594420708587, 0.6389437199184271, [1]
-22.398482949019794, 0.8034477477520566, 1.4799543659509677, [0]
-21.842713293565946, 0.5880289051502577, 1.7992598125142054, [1]
-23.295400594555417, 0.67669046269693, 0.4188401928924784, [0]
-21.907527561394602, 0.5441750091152503, 1.2801838526404192, [0]
-22.18469565282541, 0.5456239331426683, 1.2390002846484311, [1]
-20.43931582364875, 0.651344351814912, 1.0980444210161324, [1]
-21.866526891754525, 0.6569023253362039, 0.47080533322646945, [1]
-23.38890816624964, 0.39945790647641455, 1.4566121137445505, [1]
-21.348384737584592, 0.902288822378726, 1.3684252898878224, [0]
-21.425454113248765, 0.37455611262098787, 1.6087915621038835, [1]
-23.64817627276522, 0.8491341753831905, 1.3087966782493297, [1]
-21.30540034020673, 0.6332167998985048, 1.6150137780001579, [0]
-23.195220593865773, 0.6914726151430279, 0.43347830106832125, [0]
-22.87837842360147, 1.0737195353838873, 0.1974685812069183, [0]
-22.3148787104713, 0.6776218388965809, 0.8650144306942738, [1]
-21.51311141246734, 0.49618828696231093, 1.331387129193874, [1]
-23.658045301875006, 0.35769168964871895, 1.2820505705993959, [0]
-21.028509154389, 0.2448323568012276, 0.8606471555772244, [0]
-21.58488598117437, 0.6907097429931339, 1.135059429882111, [1]
-22.42072667006278, 0.333042375052533, 0.7052124839756148, [0]
-21.618688602854302, 0.6824073600285769, 1.489536077387284, [1]
-24.435060237971612, 0.11438860814534188, 0.5416144469550078, [0]
-21.35779117916058, 0.6702829672260099, 1.345978556630154, [0]
-21.244423422241475, 0.6581204203713662, 0.2690957608239838, [1]
-21.456758718158568, 1.1095205826239702, 0.5360383312876885, [1]
-22.00613986764716, 0.4209952762996953, 0.6483347179350398, [0]
-22.192123467005523, 0.5593807422239019, 0.7891914812525396, [1]
-21.403483763517688, 0.5861979175739254, 1.6936249247221988, [1]
-23.154646507690593, 0.726078247180588, 1.0528008008180716, [0]
-21.397018598851695, 0.7917367112564936, 1.3928067996613023, [0]
-21.11281010172359, 1.1033745579294174, 0.1722013219455789, [0]
-21.900470107686875, 1.06485983022478, 0.922273658333145, [1]
-22.22530084747872, 0.7174982179145708, 0.7245205941692576, [0]
-22.41508413060026, 0.630852923005214, 1.3178939370435236, [0]
-23.2856368341701, 0.8318509481454126, 0.9133558540241168, [0]
-23.18227037637199, 0.9237552138465973, 0.7451563567252298, [0]
-22.294231434869722, 0.5454848951297152, 0.39082489383540175, [1]
-21.404610082884467, 0.19683986307623702, 0.546391867634427, [0]
-22.322372437208642, 0.6697528554580593, 0.8606781968513069, [1]
-23.18147843951667, 0.49748607833304176, 1.0867510875202513, [1]
-23.94970388442011, 0.7030593463936347, 1.2540360574386418, [0]
-22.634029492813355, 0.5519500250879568, 1.3177872829675952, [1]
-21.877309106582665, 0.5880231633926227, 1.6268268244455892, [0]
-21.27101777249407, 0.054557439246128214, 0.4340241641499898, [1]
-20.977460341023914, 0.7096137742217226, 1.2870265626640596, [1]
-22.821732366546467, 0.5363946738523693, 0.7917350140270395, [1]
-23.58488269874397, 0.35225497258047905, 0.8319197150567785, [1]
-21.046299962357214, 0.9055660361933422, 1.1662128438445938, [1]
-22.452751410964602, 0.6450760317864219, 1.0162805059828783, [1]
-22.267037547288492, 0.7242409791624752, 0.6262711131423319, [0]
-22.144883548134377, 0.5450999940851737, 1.4522778180510427, [1]
-22.908336570443353, 0.04384547491891311, 0.7890369249450915, [0]
-21.92664933731067, 0.7872001453448209, 0.844131723734179, [0]
-22.55301572605697, 0.5563055391352196, 1.128123874566778, [0]
-22.68459724978403, 0.8682940542491129, 1.6958580883520902, [1]
-23.65047641502079, 0.6649816981714347, 1.390253910268953, [1]
-20.666884223886, 0.4561637034240132, 1.2300758491690251, [1]
-22.182285613649135, 0.5572244114933591, 0.8824065687479109, [1]
-21.496862670667046, 0.8408649053174782, 1.130365670223338, [1]
-23.35529854256551, 0.49147056068917905, 1.388892150618143, [0]
-21.900251701839007, 0.5141961585258101, 1.0695904677803973, [0]
-22.898827631555292, 0.5395634466080266, 1.3853960195374229, [1]
-22.538860454392108, 0.4508491019444539, 1.2338394122874385, [1]
-22.902176609997696, 0.5966562616575086, 1.2077085372627894, [1]
-21.811793977683017, 0.6859373557103552, 1.1680843982711782, [0]
-22.193238631904958, 0.4738292035340895, 1.370683683470035, [0]
-21.572983599244132, 0.40763770617104383, 1.5324447943437742, [1]
-22.85233757222963, 0.36150283128690464, 0.8851056314452737, [1]
-21.707204063472037, 0.7637248486064515, 1.1786595970731681, [1]
-21.531454920405313, 0.7145860108762878, 0.7930982805472786, [0]
-21.694550345980705, 0.7248190086264086, 1.4459013377227974, [1]
-21.53204217381476, 0.771381261182659, 0.2963696711559236, [0]
-22.396223952241673, 0.6093802952104193, 0.8436827771738369, [1]
-21.82382318867988, -0.04120972267363987, 0.3537059346755357, [0]
-24.1876283934653, 0.6749558025279363, 1.5295825869584454, [0]
-21.738912870405315, 0.21265846377037348, 0.5261934852014882, [1]
-22.716034341171085, 0.6957055949544413, 1.344405505019526, [0]
-23.500212882725158, 0.3606897823316751, 0.4759297926664085, [0]
-21.998591748192776, 0.46019258414017755, 1.2692223607933375, [1]
-21.793600854718775, 0.6086319716885296, 1.7676952711714273, [1]
-23.170090998556546, 0.7626335450646393, 0.3022195982887699, [1]
-21.691154400648085, 0.5645523339845825, 0.5919116560904955, [0]
-22.413265951785647, 0.8250915911799305, 1.2814827319103772, [1]
-22.776381694387833, 0.35569141490646333, 0.7683268427153714, [1]
-21.334327444787363, 0.544641839789181, 0.8129525807425264, [1]
-21.580377255333996, 0.4210237469415889, 1.4545105123615105, [0]
-22.1174317443928, 0.8743722332578234, 0.7512972435637173, [0]
-22.184958773423105, 0.6095623603153122, 1.051147746410569, [1]
-22.353363806188913, 0.655603134423633, 1.442978073720216, [1]
-22.419264695085413, -0.13275316469662254, 0.2402315296105632, [1]
-21.781812769584544, 0.5288351801261859, 1.298133118824486, [1]
-21.883991836086786, 0.5849906081626576, 1.5419808847676126, [1]
-21.58973080734592, 0.7254466183274892, 1.3545984093653611, [1]
-21.48412965456671, 0.7177741992687829, 0.7840878915683012, [0]
-22.658655267195027, 0.5804110002446804, 1.7330322636507116, [1]
-21.76769866603427, 0.8217786201465058, 0.7784239569076402, [0]
-21.308521571497234, 0.20989716575781225, 1.2291411201766937, [0]
-21.512265322050027, -0.2204055217237194, -0.03314306380767641, [0]
-22.180910515613977, 0.6399552896818818, 1.1736572429945682, [1]
-21.651093111662682, 0.899721535799363, 0.896757234017428, [1]
-21.457721159503848, 0.9496332790714621, 0.18602964590529344, [0]
-21.396977071942448, 0.0917499147262002, 0.6102102140782688, [1]
-23.588423730422086, 0.6203493821806874, 1.589324190998925, [1]
-22.01066040560128, 0.6459791482891772, 1.4608424870387697, [1]
-22.21316715641806, 0.9252984839454015, 0.7402113395416731, [1]
-22.140593774501887, 0.6935241697969566, 1.240128399702056, [0]
-22.531448672050804, 0.9080408157666138, 1.362282389354412, [1]
-21.722866889418693, 0.4518657271767912, 0.8529134786473559, [0]
-21.821631701269396, 0.6994813461094076, 1.3763044105007356, [0]
-23.439838721447714, 1.0492840978806508, 0.8127528062141208, [0]
-21.692385400118457, 0.8771877142739644, 0.7996145140533578, [1]
-22.28083208134572, 0.6389887651962121, 1.661705082264744, [1]
-23.687456050977612, 0.41061326597657954, 0.9914215332286573, [0]
-22.11357067526592, 0.6244098848517005, 1.0412609963269064, [0]
-22.670039958015945, 0.8382843040962245, 0.6127853780779637, [0]
-22.80942850808441, 0.514872565802674, 1.5604404060442982, [0]
-21.894935813355318, 0.5381104277777277, 1.049715233894653, [0]
-21.80350789442002, 0.6849048085448799, 0.7150154361787356, [1]
-24.427422337801097, 0.2799074272092197, 1.1009338508406132, [1]
-21.865353182046203, 0.731335325275026, 0.01644899486438657, [0]
-22.031471771178076, 0.6299318187131601, 1.405549853736773, [1]
-22.520590941442485, 0.8075779406390033, 1.5136680955176494, [1]
-20.851787160518356, 0.8864812094121959, 1.0586062519808057, [1]
-20.91214625653113, 0.8218319137032303, 1.092799762984597, [0]
-23.465366930560368, 1.293457423757218, 0.0707701523542027, [0]
-21.789175416075565, 0.5969298828029574, 1.7280090843323404, [1]
-21.994160873163313, 0.9242470884665888, 0.34469387642261684, [1]
-22.140669904550055, 0.6029231931498324, 0.7680813557453463, [0]
-22.17528814577149, 0.6685679308476571, 1.6000169850539554, [1]
-21.779692094847796, 0.736932714073594, 0.839423529926963, [1]
-23.84982691808882, 0.44774371344236985, 1.571494976535923, [1]
-22.712719706534713, 0.6172200131052668, 1.333563941546294, [1]
-21.263376561223968, 0.4689425862305678, 1.319243174284146, [0]
-22.30346565716105, 0.746246827441263, 0.8773393140946331, [0]
-22.739285371594967, 0.513165735530913, 1.4718245346776748, [1]
-23.11648014057533, 0.5110557268443854, 0.8969356660611034, [1]
-21.838514486661875, 0.4928042521740569, 0.8869743906216963, [0]
-22.2816981820536, 0.7440630483983012, 1.2293628064636264, [0]
-23.633374109992374, 0.701185831259097, 1.9702588446250642, [0]
-21.45984785608927, 0.5803458967973395, 1.599293893885498, [0]
-21.454846014967067, 0.853712229211746, 0.9145312603168098, [1]
-23.76050207538504, 0.7133512813974479, 1.5036698858626132, [1]
-21.809448624343293, 0.6061572307192313, 0.9331622624775755, [1]
-22.66711782754345, 0.8469115300756985, 1.5957700941736976, [1]
-22.47014109257717, 0.893553797006134, 1.012817374270344, [1]
-21.41065962170101, 0.7029594585503564, 1.1641558014429145, [1]
-22.03006086301429, 0.9289438402102254, 1.3903240628276343, [0]
-22.108807492885223, 0.4777565412570012, 0.4022669770013243, [1]
-22.13398726071483, 0.7032941936568382, 1.1672999269997195, [0]
-21.320969903794886, 0.5584386788419637, 0.5475086115855298, [1]
-21.240921691167333, 0.3330289453389155, 1.3246272975961686, [0]
-21.081046463615913, 0.7172399393087115, 1.2639956780629782, [0]
-22.277998137870526, 0.815369202855237, 0.9138357805956857, [1]
-21.792577696938842, 0.7467272574437056, 0.906463380854164, [1]
-21.680142613247916, 0.9357381445378125, 0.6181530540649323, [0]
-21.949199188250176, 0.772364929961153, 0.9467500986261409, [1]
-22.55727690690725, 0.6508722536107512, 1.1373073399238034, [1]
-22.09830651909775, 0.380757162537132, 1.3543367313813623, [0]
-21.067423850928392, 0.5384525600218552, 0.6411396759314487, [1]
-21.635487524019872, 0.40000105745451053, 1.38145589809518, [0]
-20.704755628296656, 0.6611983983644496, 0.37343444929355235, [1]
-21.504683044285525, 0.7496586991977185, 1.6090707321394033, [0]
-22.092582690859437, 0.3157144331111794, 0.30846004555194884, [1]
-22.190175975493112, 0.5522597707646485, 1.3550580305318936, [0]
-22.00360703982399, 0.5110003957333329, 1.2199666791246901, [0]
-21.687376949596896, 0.38921490467924913, 1.0327839759569595, [0]
-21.83375333557002, 0.7903225718561978, 1.3579681170282836, [1]
-21.77424712295922, 0.8636796489974531, 0.6228010470816501, [0]
-23.543538990654994, 0.6179183817828842, 1.4017349596238138, [0]
-21.756830130819694, 0.5501731541761632, 0.8026205641162909, [0]
-20.3712296333945, 0.5961581281441647, 1.528647973554184, [1]
-22.395128093783352, 0.6667667532637571, 0.5702250653865208, [1]
-21.99843105441677, 0.6077454965202204, 0.788814487646806, [0]
-23.593439463032908, 0.4497127439016391, 1.6727891478759163, [0]
-22.02944173252827, 0.661381720010753, 0.8415865918456811, [1]
-23.772630945204074, 0.36894776941956053, 1.3644520100833666, [0]
-21.773171387913578, 0.6006249458529778, 1.3841375153982998, [1]
-22.06171792241972, 0.5356084999061954, 0.659047545377327, [1]
-21.154120861708606, 0.9659219922077353, 0.8624526954935445, [0]
-20.680032779439106, 0.6976902820096276, 1.1990383493074421, [1]
-22.115717970600596, 0.9766809494938218, 1.0220658749338363, [1]
-21.889005481399852, 0.7306480489209537, 1.3250835267154348, [1]
-22.495395827762415, 0.7558840381318768, 0.9676555178907382, [1]
-21.85181888469593, 0.40464328353933715, 1.4500135745357072, [0]
-23.342943713642484, 0.5821025758938967, 1.1450789657050078, [0]
-21.93430706774685, 0.43229604979502617, 0.6977193763976242, [0]
-22.114211283932804, 0.6060670225109533, 1.1392901795535313, [1]
-22.141024754120494, 0.500279098988553, 1.0385984232073882, [0]
-22.89069901099328, 0.6373752538154767, 0.1678442549038707, [1]
-22.289731476602284, 0.5946847683743942, 1.6798343650488219, [1]
-22.218855262557142, 1.0445367750435541, 0.3563854501354966, [0]
-20.933924256625282, 0.6157818760341337, 0.6597022121851983, [1]
-21.559131139113788, 0.7928155276513904, 1.2140292038816156, [0]
-23.186877541018823, 0.7333382105132453, 1.3071657146140958, [1]
-20.81683284607806, 0.6498327381837335, 0.07360738509416298, [1]
-22.257610801422484, 0.6259564733880032, 1.3591583048093772, [1]
-20.730424423076176, 1.0621297582530982, 1.3906505712425608, [1]
-21.927022895229566, 0.5217207677670854, 0.5315210810213661, [0]
-24.755742701508304, 0.9154351573016319, 1.972148765361991, [0]
-20.920270155509908, 0.5397337310377015, 1.6097757108387007, [0]
-22.531675979937855, 0.353347014924163, 0.7499968216354562, [1]
-23.145123861927576, 0.6971965618068596, 0.6930271517798421, [0]
-22.828737063773342, 0.5838067173104274, 1.1826070357029486, [0]
-22.09382792013592, 0.5121755151657479, 1.617184759237237, [0]
-23.15200048626866, 0.9087448383878727, 0.8876672378615247, [0]
-21.79841374463719, 0.8347826903945491, 0.96917096535283, [1]
-22.735689619673792, 0.28187900920597936, 0.5839270099663204, [1]
-21.90506098943774, 0.7457661951041128, 0.6345535047962395, [1]
-22.609212353120117, 0.8066409152890204, 1.4865811793023858, [1]
-24.403260293589994, 0.754755388473193, 0.987228225600477, [0]
-23.60436036769964, 0.2171873981680948, 0.9944373207515464, [1]
-22.24271643913909, 0.670623206398733, 1.3720673390502751, [0]
-22.32525908934713, 0.4143772853143662, 0.5158130353135507, [0]
-21.795664856294373, 0.5140164529032332, 1.2695835945167815, [1]
-22.50140600523628, 1.0211913927798983, 0.12277690403580518, [1]
-21.844477284814072, 0.6187587692324261, 1.3661173888173885, [1]
-21.660355344234233, 0.50462425756882, 1.2304043695295874, [1]
-21.948345677970803, 0.378230291613998, 1.0886264354511355, [0]
-22.92049292534558, 0.830826244358434, 1.0415263507581862, [0]
-21.200440379735255, 0.5017847319751867, 1.7400869240749475, [1]
-22.80823909104152, 0.6811701316449489, 1.5527077948569314, [0]
-21.626307535657013, 0.6505340536901165, 1.716947681501367, [0]
-20.921183766866424, 0.6530482369475239, 1.0084415807405382, [1]
-21.902786277715926, 0.7264266640687276, 1.3761683387739942, [1]
-23.28676983411256, 0.9542159220958468, 0.6927619783005428, [0]
-22.146923422550437, 0.5455859316232505, 1.3464433742403257, [0]
-21.279938265632744, 0.5841440961898241, 0.7900121829184185, [0]
-22.532132322359992, 0.48781088943846973, 1.5885582608826299, [0]
-21.865051284801314, 0.5131637638891993, 0.8261599090118887, [1]
-22.478698495216275, 0.6129239779068392, 0.7247855932646659, [0]
-22.218984887156363, 0.6536302456548221, 1.5119383946493323, [0]
-23.09318358706353, 0.665256102826826, 1.1121110099431712, [1]
-22.815932073439377, 0.5623651433100073, 1.073130678199525, [0]
-21.183283981048007, 0.7394166524985613, 1.304657932426506, [0]
-21.427308132960203, 0.655150280594667, 1.6895699096060506, [1]
-22.672822113435178, 0.5357164594183336, 0.5181103015654606, [1]
-22.284804635250598, 0.19466279312132737, 1.203878690459599, [1]
-22.69671020547739, 0.5625734647561902, 1.2246393907490654, [0]
-23.139619213505252, 0.5623592627967324, 1.0349383166181507, [1]
-21.43184338576233, 0.7123261081388328, 0.7719527901062675, [1]
-22.476769034820872, 0.44386369164141737, 1.4846749445132281, [1]
-23.167221369207493, 0.5802468046722679, 1.4552400811720785, [1]
-21.95928710792631, 0.734064213979531, 1.4324769130171187, [0]
-21.713470634903345, 0.4255968362109589, 0.8604828604759652, [0]
-22.445217466119193, 0.6276806310057043, 1.339642631320734, [0]
-21.707398686660486, 0.8171008675186008, 1.3123103952720108, [0]
-22.461281602022293, 0.7741718898868133, 0.7725178965895354, [1]
-22.86767288564236, 0.7618323804692468, 1.255467549347835, [0]
-23.00363084941651, 1.130456075620976, 0.7322567274126015, [1]
-21.91106775904563, 0.37966856197834953, 1.1875744802862087, [1]
-23.63266919904095, 0.49712067746718847, 1.657498615244772, [1]
-21.600724926967747, 1.078069559645058, 0.3515278825979078, [0]
-21.025740230904194, 0.7288989025150111, 0.2431485476193429, [0]
-21.92757007272885, 0.8087540037575698, 0.828984576953816, [1]
-21.75905100565466, 0.6187121850192014, 1.0423823202875542, [0]
-21.646002142216823, 0.5312514242388049, 0.8613900585950474, [1]
-21.42620551276269, 0.5925978649034642, 1.2026420134039213, [1]
-21.515264218951586, 0.4318757608304663, 1.2846081201176593, [1]
-21.598944670061716, 0.6280330310160243, 0.7496671089344549, [0]
-23.047279831683333, 0.5881837208658479, 1.2663448463166662, [1]
-21.18297487170355, 0.5841736218508856, 1.4777195760734103, [0]
-23.09892172707301, 0.6555870572513061, 1.910179401715252, [0]
-24.19640287796204, 0.6338633255364208, 1.4496134440397206, [0]
-22.29350309618991, 0.6713745306624554, 1.6084707310213142, [1]
-22.97828950478681, 0.3082010461467024, 1.128101669470903, [0]
-21.819214817065863, 0.8239301512610925, 0.6269505240176545, [1]
-21.540920127803716, 0.6346832408308861, 1.0184882656020808, [1]
-24.138517121857273, 0.8721245983535757, 1.778453532607579, [1]
-23.59050191716734, 0.7160933108651443, 1.2399943444178136, [0]
-22.59004665943413, 0.35700146267820787, 1.2390355532756856, [0]
-21.968108484699194, 0.77783604236752, 0.06836919559363552, [0]
-22.495398903510413, 0.5219239476578469, 0.7628868634718744, [1]
-21.354583890898503, 0.3881396408652674, 0.5020164313745386, [0]
-22.650206170048797, 0.8133804091129557, 1.2179783258660053, [0]
-21.950597819247477, 0.4133975234674198, 1.0948497088100733, [1]
-21.855385288822475, 0.5515083099215825, 1.2011538613178876, [1]
-21.685198450410798, 0.5755709071830143, 1.232188975114866, [0]
-22.260507751710232, 0.7253655613258913, 0.6111806487131421, [1]
-21.01000898158939, 0.8243326948659826, 0.9472000026591113, [1]
-22.247190315978308, 0.4573545030923587, 1.7043499565889597, [0]
-20.9392083029346, 0.6621501007229328, 0.7968998664553237, [1]
-22.49173697462194, 0.10999448944207929, 0.24693999258906885, [0]
-22.786537550449097, 0.6800596068982494, 1.4745245041142814, [0]
-24.3276054333981, 0.8217306720997568, 1.1324744948769516, [1]
-21.33192995485991, 0.7099054931226108, 1.0589408534091516, [1]
-22.837070070968082, 0.5161963835451054, 1.291725672254568, [0]
-24.014676432795472, 0.42373132475391045, 0.9930296031802845, [0]
-23.561129914057425, 0.5643060011642171, -0.029083026582697957, [1]
-22.1546886597381, 0.8840388358311778, 0.6374380480250232, [1]
-22.79492290509469, 0.6891378823089033, 1.7743235271624926, [0]
-23.302893477679355, 0.6679499369075144, 1.225298350389474, [0]
-21.77654627074719, 0.6921130789190119, 1.3282897707969985, [0]
-21.74988213663987, 0.630928343138368, 1.182021993070634, [1]
-22.624343213921236, 0.5476977862079635, 1.0018780525570328, [1]
-22.26809429162984, 0.8586861580966587, 1.0895394510079532, [1]
-22.395332291490554, 0.6074495762765998, 0.47583494682814664, [0]
-20.819600104453002, 0.6907782177615431, 1.1394926254615245, [0]
-22.457302476359843, 0.7049137713184994, 1.4345489132540448, [0]
-22.563901177109482, 0.22293264779063304, 0.8355259759663325, [0]
-22.190476815941047, 0.42735803880781864, 1.1873502781684115, [0]
-21.425097078278505, 0.7659778023921837, 1.3419181901235078, [0]
-23.731690736885376, 0.4187756082337155, 1.0471030375084869, [0]
-22.387705478467055, 0.30016155443245107, 0.784801141326807, [1]
-21.168584853769847, 0.8550270320303976, 1.0456209375435392, [1]
-22.33159162546138, 0.836661534750196, 1.403532229521019, [1]
-21.74964538214766, 0.9001035662435848, 0.382611877326394, [0]
-21.720251395084013, 0.5200090700013952, 0.8908308829228998, [0]
-21.28715149646337, 0.48664240262889, 0.8083603805373704, [1]
-21.07589423637199, 0.28921395125890137, 1.1216499316804744, [1]
-22.531888264483186, 0.7184499858719231, 1.4007781199515117, [1]
-22.12840205852778, 0.5423772546501422, 1.2679291717014662, [0]
-22.25428927516418, 0.8624825739840996, 1.4089835152381893, [1]
-21.88916330831307, 0.6336716127273295, 0.9661376846901925, [1]
-21.884610341028583, 0.5254775391762241, 1.744663232256627, [1]
-23.135078836168265, 0.5540362403364903, 0.5947518049338828, [1]
-20.95605069968404, 0.18071306735912157, 0.6455955790712679, [1]
-22.79940718770419, 0.7320154636684395, 1.0840700640659475, [0]
-21.642720332194965, 0.7813363811335211, 1.5672107688007428, [0]
-21.691363474277527, 0.67393488620377, 1.3093660541672398, [0]
-22.416406798171533, 0.958039773198988, 0.5762104137957491, [1]
-23.733846225786202, 0.8031163257058386, 0.9090355003180283, [0]
-22.044668537725837, 0.6080548617916874, 0.5844882917796714, [0]
-22.72237853265599, 0.6153937113827253, 1.467205876964608, [1]
-22.63883270872814, 0.4529235647532345, 0.8931885008754478, [0]
-22.885146819308066, 0.3946992969867604, 0.7517283305129328, [1]
-21.12174286542996, 0.33776042765145003, 0.9925751258918136, [1]
-21.514922106167663, 0.6452584756401539, 1.0116087345355433, [1]
-23.49638992845377, 0.5932098661113198, 2.2164177673547067, [0]
-22.31807920816985, 0.6937272960490863, 1.9476937141149904, [0]
-22.257877019365118, 0.48541144108735457, 1.0769726305042115, [1]
-21.769322251826072, 0.5610616639373109, 1.5823310519027005, [1]
-21.554771660922864, 0.6319316658611782, 1.0008495587294814, [0]
-21.650507893743786, 0.888907667987868, 0.9991835261827642, [0]
-24.017774996567933, 0.9247098947552429, 0.7301609092625374, [1]
-22.12965171427813, 0.462757438429074, 0.40930074665517735, [1]
-21.875539885516737, 0.7594662292740683, 0.9683115435358065, [1]
-23.38589199633276, 0.9358639934045343, 1.0819818892563469, [1]
-21.68543324833715, 0.8938129552576477, 0.5751303587906512, [1]
-21.868478793432843, 0.570182919419983, 1.607149414220284, [0]
-23.293760128487932, 0.4786266309790531, 1.2578211143595426, [1]
-23.081006861099223, 0.44471991013271184, 0.7159718866608862, [0]
-22.481566253748362, 0.6690558495668784, 1.0158970789740882, [1]
-22.063227791177923, 0.7851365640340021, 0.7926610683644414, [1]
-23.329672492391595, 0.31596830966410355, 0.7847150951259398, [1]
-21.902004874995267, 0.608457733756494, 0.5657338745202828, [0]
-22.647820656677176, 0.6277573384614497, 0.9571139498103101, [1]
-23.141662237677085, 0.5618091567075199, 0.8372593526699754, [0]
-22.922674191574334, 0.6852352445901018, 0.7762879949391185, [0]
-21.14896860539718, 0.565697455284442, 1.2094036420250116, [0]
-24.503614930331064, 0.8727829797983329, 0.5459279449205314, [0]
-21.711816282060674, 0.670293362337868, 0.6082261226717578, [1]
-21.939301913125508, 0.5625470666206495, 1.841877415905542, [1]
-23.382979563026723, 0.4544117679279632, 1.215115823303357, [0]
-23.177396336157376, 0.5237064605321586, 1.4776131433263444, [1]
-23.59900396121652, 0.7423295925174522, 1.919087160723795, [1]
-22.271052366984904, 0.3324458909264485, 0.6412835368752325, [1]
-23.64406056279405, 0.7038256516692696, 0.8114243281016675, [1]
-22.463993332118626, 0.9427555837703374, 1.0847736245805863, [1]
-23.075010137418598, 0.9406509649996043, 0.8118039294294985, [0]
-23.017050347762584, 0.3625829114752173, 1.2363856698832123, [0]
-22.261300143607585, 0.31273079537533743, 0.8076852486775359, [1]
-21.821108736341497, 0.6767044442319622, 1.4546566167062005, [1]
-23.137066285295003, 0.7634636237541819, 1.2984990376552932, [0]
-22.787665718120262, 0.6434084403751232, 0.8071934208892971, [1]
-22.514473210054014, 0.4871127484100175, 0.9429305864630922, [1]
-22.62594068353935, 0.5362468633062522, 1.3685183116392086, [0]
-24.054559981881344, 0.8148127604541463, 0.9273075208716143, [1]
-22.07659886876778, 0.5037145855532227, 1.0572565244226888, [0]
-21.731858297272634, 0.5250520517533264, 1.453654040000071, [0]
-21.933979168158775, 0.4286802512764859, 1.551753388567793, [1]
-21.958575701900557, 0.8748622114463522, 0.8516122222841102, [1]
-22.75854885019393, 0.5947363776158383, 1.6776486783250584, [1]
-20.86579893519538, 0.7193830578228114, 0.8697138546070693, [1]
-21.475270988460636, 0.2890618453042241, 0.5446028292269813, [1]
-22.881890050774352, 0.5339927823965892, 0.8329914529034358, [0]
-21.046437698128617, 0.6799541930326382, 0.7593452557219317, [0]
-22.151558913115444, 0.5928415525078456, 0.8966354202307937, [1]
-22.452058914652888, 0.6022046766817881, 1.488426837247881, [1]
-22.469523882488108, 0.5827211237130794, 0.874809013456576, [1]
-22.053307975656153, 0.8320667967614483, 0.9928667924635172, [1]
-22.472409287637074, 1.0221239572899168, 0.600732112999032, [0]
-23.256190122847062, 0.6071772686237534, 1.4824740244040098, [0]
-22.218028440999014, 0.6580820404861782, 0.5565082168280936, [1]
-22.07072589986896, 0.39481804131380993, 1.0558520577636883, [0]
-22.489195060605354, 0.6152288774050652, 1.1836353471927996, [1]
-22.219299415331168, 0.37207121278850186, 0.9204726578278022, [0]
-22.989494134470455, 1.0193844019943141, 0.8559136366590194, [0]
-23.299217943813325, 0.6834757117430879, 1.1827410871324235, [0]
-22.24879993912481, 0.7460246097240142, 0.9492935323254299, [1]
-22.375090268595198, 0.6498514171639468, 1.4239112754752195, [0]
-22.973036211924274, 1.1129670341914841, 1.1515790765617122, [1]
-21.83805851293027, 0.5042882986188433, 0.7236153536804907, [0]
-23.179107502602996, 0.8209323934742825, 0.9609746621309503, [1]
-21.731623527955787, 0.3271334293793349, 0.9367474025016037, [0]
-23.04735037895204, 0.8050188138705818, 1.2325289918909808, [0]
-21.717455219104927, 0.3556517723920841, 0.7600659351333562, [0]
-21.79798939825402, 0.5555100124577549, 1.6422510368381888, [0]
-22.96078737884398, 0.44259323778311155, 1.2256919356411087, [0]
-21.34224412622442, 0.6954600909952913, 1.6465702384566088, [1]
-23.150607864771626, 0.7665140751037975, 1.0067068538795527, [1]
-21.543494188087305, 0.6034959565147094, 1.2533325920789122, [0]
-21.590132405541954, 0.4330042372997753, 0.9868738685379155, [0]
-22.12052144112853, 0.5580029768075279, 1.1979081919804333, [0]
-22.017305783104515, 0.5482148656244231, 0.8746360932755197, [0]
-23.04314389816355, 0.7178518000920129, 0.7916776626845754, [0]
-21.799979723699142, 0.8037556004718827, 1.9850873201997064, [1]
-21.826508372461877, 0.6072066449386252, 1.1129433503818127, [0]
-22.08726845469348, 0.4730787153974493, 0.40252126343221556, [0]
-21.399321600231097, 0.8909998917085744, 1.4524735355618463, [0]
-21.97613944867069, 0.5419623543786957, 1.4549011759159112, [1]
-23.387502317598287, 0.4939898328402888, 0.1627794330546064, [0]
-22.54826379996481, 0.6803259476390856, 1.812686017629082, [0]
-22.54826861621394, 0.48406267812094117, 1.1702254425445555, [0]
-22.63820695532776, 0.7338755839368756, -0.4292123371313492, [1]
-22.829021916467212, 0.5634621108713149, 1.7234815093549796, [0]
-23.30967505414639, 0.9627725081007862, 0.7619790872200721, [1]
-21.7455361750697, 0.7118842594265244, 0.994682938911362, [1]
-23.265844784469905, 0.7052270703930708, 1.3544277439189965, [1]
-22.040166563699785, 0.6362594193423828, 1.7662286568231216, [0]
-23.323716682630796, 0.4712267634847102, 1.3679191274113904, [0]
-23.090089026467556, 0.40886568605606766, 0.6050021631882244, [0]
-21.468745185571194, 0.7850596156183776, 1.111630377390814, [0]
-22.332791965439288, 0.8895460478995799, 1.0946379191465008, [0]
-22.931313347394376, 0.7360182870070374, 1.0033440705612446, [1]
-22.574841545198456, 0.9155345296552622, 1.0251021604952961, [0]
-21.617982557593436, 1.0659757394799625, 0.9760956570659822, [1]
-21.314223179428243, 0.6912170907754351, 1.4462083672953918, [0]
-23.504067476131898, 0.02230047706729088, 0.3360583578623192, [0]
-25.22156092985921, 0.4782130943511933, 1.7338180342216722, [1]
-21.811619297710198, 0.5094783421299183, 0.6427734596516896, [1]
-22.747474984649646, 0.36890607156219446, 0.9785264820309902, [1]
