t=0.0037824487931182905
logZ_t=-3.4221796662089563
-10.532689303433267, -0.31417533543565923, 1.0388265862267039, [0]
-9.990149287746092, 0.1970737468160493, 1.4187950587828062, [0]
-10.81916245015511, 0.7428853700674172, 0.8771607927029504, [1]
-10.49534040353847, 1.0686643258260657, 0.5775602911804402, [1]
-10.15662330452081, 1.210920305439518, 0.19042001757747395, [1]
-11.101171663571705, 2.0073879967969406, 1.6439359519275554, [1]
-11.109209350146799, 1.456317880268494, -1.6920915262379972, [1]
-10.80711358922805, 1.5139517622292726, 0.7862112808697299, [0]
-10.481627774428494, 1.5649681675249612, 0.8852986061442227, [1]
-10.154219553131991, 0.4531540275886208, 2.3047731517858647, [0]
-10.12001605209034, 0.6414376630574165, 1.2976425185730456, [1]
-10.56333747742112, 0.3130019738969305, 0.06865023780499002, [0]
-9.92697396798891, 0.503643004256418, 0.9986219248221058, [1]
-10.078848509548775, 0.7552861690043159, 0.9870865156718539, [0]
-10.216960450669758, 0.6070664237393504, 2.917397796676389, [0]
-11.115820100652035, 0.9385911930009696, 2.338133770502203, [1]
-11.184655880522634, 0.6398096086793111, 1.805005980621034, [1]
-9.581144749024272, -0.5659359161966118, -1.3682679408813494, [0]
-11.211309935170274, 0.39954525802603075, 2.2472143004310174, [1]
-10.57501667491679, 1.2547824221450892, 1.472675607748319, [1]
-10.682882681719434, 0.18831932531413276, 1.331558353983184, [1]
-10.513541843124994, -0.6286519672161446, 1.6118299823686408, [0]
-9.503021137521959, 0.7052954982718316, 1.7823166399289172, [0]
-10.006075516121989, -0.09578580316293901, 1.1267796173784244, [0]
-10.485865686217805, 0.8386843290663286, 1.6471563098483624, [0]
-9.243528412601233, -0.49694337208539735, -0.5202326959526599, [1]
-10.74129414858913, 1.375733763013078, 0.6716347636062429, [0]
-11.047455411375575, 1.7382138258978783, 0.09453045017297673, [0]
-10.583422714485609, 0.14509128057091736, 0.5572240080320827, [1]
-10.892901615727403, 0.21075839803037344, 2.0773104791860084, [1]
-9.827092954569823, 0.49158372456015853, 3.2618875726985195, [0]
-11.214880785328793, 0.3523654093271724, 2.7095636899244244, [0]
-10.69271223905181, 1.1475325537007448, 2.2065146221234073, [1]
-10.747517716620742, 0.3904058940298426, 1.5141864426328069, [0]
-11.099791750794726, 0.24916806284937754, 2.1901558133484333, [1]
-10.05663660379186, 0.4325472068186548, 0.194087978492401, [0]
-10.777097019529707, 0.8678693367898667, 1.9725604111308672, [0]
-10.832581406446877, 0.9914544530193572, 2.270109415934229, [0]
-12.589905441869343, 0.017492714818016175, 2.7927399727167868, [0]
-10.712523575807296, 0.39912879502888626, 1.2822968081567658, [0]
-11.586870827899098, 0.7865485443052838, 2.5847287344937575, [0]
-11.000982058884317, 0.4576911330773721, 2.154187599200901, [0]
-10.073628537786377, -0.03628872239483075, 1.1764588778171845, [1]
-10.688008548521715, 0.03402619043311472, 1.6934808630139704, [0]
-9.7222978652882, 0.8980884924690277, 2.148473774215735, [0]
-10.776028999255574, 0.5200452418957843, 1.422810189857171, [1]
-9.708079065330207, 0.8304269905062345, 0.9879782595993879, [0]
-10.69208444558012, 0.6987335532146771, 1.1818020420729176, [1]
-10.09243375052647, 0.30259727346391674, 2.032174606005892, [0]
-10.580108915259462, 0.6803733244013057, 2.6393864002741427, [0]
-11.796907533730536, 0.620562264335508, 3.3801469025724415, [0]
-10.742408985741283, 0.5989280355263107, 1.083014959974545, [1]
-10.18665641623203, 0.6303011975348057, 2.1777488240178298, [0]
-10.178183388560319, 0.7678987955275561, 1.529377598547737, [0]
-9.669031925005827, 0.43819262352193133, 1.5876723551267773, [1]
-10.031219793603391, 0.6429045682854724, 1.857601775901054, [1]
-10.823638815098459, 0.5497480845377305, 3.0830238074377374, [0]
-10.880460975262855, 0.8050673316131414, 0.8318546961101148, [1]
-10.920965648874946, -0.5256816102202786, 1.804939023618509, [0]
-10.467652836069263, -0.17223544732990959, 0.6079790202699412, [1]
-10.458044261181753, 0.4292778955853429, 1.4534604701157012, [1]
-11.07997201895224, 0.1593598303977234, 1.0962957935440794, [1]
-10.239532943304756, -1.135931346262349, 1.1223558466616934, [1]
-9.964004676954254, 1.0071295960007416, 1.7056037391749783, [1]
-10.42211230028612, 1.2838592638144568, 1.3785520348245437, [1]
-10.23728489241804, 0.2253867536751939, 1.3193667589515075, [1]
-10.216652811360337, 0.6061841276884372, 2.1125481402799613, [0]
-10.800583487186733, 0.87296062304107, 1.5976158951687998, [1]
-9.905091292932262, 0.16758646491885565, 3.0357696883792435, [1]
-10.877865618698708, 1.2995911269488993, 2.01757265988783, [1]
-9.799412843252867, 0.6029927561069304, 1.080274240500067, [1]
-10.531688938963445, 0.8311581576476161, 1.7018612356714682, [0]
-9.597161523132774, 0.8556325341074683, 1.7422602440137958, [1]
-11.88243529989124, 1.522712674460689, 0.5575951894013034, [0]
-10.842064924633544, 0.9171659304110427, 1.811702772354039, [1]
-10.282107292093432, 0.9457096921226403, 0.7109766534193205, [1]
-10.241490754995956, 0.48132813926796403, 0.5979115942174108, [1]
-10.531278042631639, -0.2846137003964657, 1.539748298699825, [0]
-10.926690865064954, 0.3212131318063868, 1.0737243479873715, [1]
-10.417500737656425, 2.3750369346399975, 0.8035562319995595, [0]
-10.552776694329058, 0.05112063852382509, 1.901700032645474, [0]
-10.389862380913732, 1.1702525347990038, 2.1871962248710934, [1]
-9.78188475533052, 0.583834208127553, 1.5902418516522996, [1]
-12.104486828208165, 0.843515346729777, 2.428818971453806, [0]
-11.060749919612064, 0.845343187905181, 1.348351597482556, [1]
-10.109182993241742, 0.5326844642458921, -0.15593269395420262, [1]
-10.29927001296123, -0.022248102644614964, 1.9082050255858454, [0]
-10.56159494023539, 0.3314855055847327, 1.0724820500133132, [1]
-11.117547489939712, 1.1610463806316256, 2.5560663253971545, [0]
-10.80691626816827, -0.6376983712372848, 0.8816667980866997, [1]
-9.967081072766378, 0.09595272024930557, 2.1293505023722825, [1]
-11.105787904326249, -0.5283891717520277, 0.3901957076571111, [1]
-10.660615954995276, 1.292807761543486, 0.028637938939726715, [1]
-10.392840985176155, 0.9065422992448667, 1.2839814422731146, [1]
-10.742549727632579, 0.12808113442810998, 1.2134699431534006, [1]
-10.963765334259838, 0.1432556080608004, 1.9569314700047877, [1]
-11.735448015448544, 0.8634506859878246, 2.143914949165193, [0]
-10.079409836171697, 1.5848986462590509, 1.9466264712458814, [0]
-10.474960014490602, 1.0827169044026848, 1.684136913248429, [0]
-10.898810056175247, 0.57949496763928, 0.8017226586769562, [0]
-10.139223238723137, 2.0227600141263586, 0.3941812063361365, [1]
-9.77604287548516, 1.0757520082904513, 0.2703803818169338, [0]
-9.635472318017255, 1.152810534419193, 1.3751852348301754, [1]
-9.73575599119494, 1.9110742035008381, -0.39947182930447844, [0]
-10.932099223224288, 0.7781040837539144, 2.0080857110067054, [0]
-9.669173336042881, 0.852138151451083, 1.9463551395292615, [0]
-10.172280389538797, 0.8269546241686481, 1.1684529756155522, [1]
-10.222038693718911, 1.019554369666733, 2.326870717240859, [0]
-9.992887720011227, 0.2067833430126937, 1.8680878034366326, [0]
-10.490458685499643, -0.11036659255352044, 1.4887743638925899, [0]
-10.744430527053636, 0.7715476941325994, 2.503990566950845, [0]
-10.461178850901893, 0.8207788123859959, 1.6985370504787825, [1]
-10.531210196226786, 1.1367930554756882, 2.4606675423118474, [1]
-9.657622651156942, 0.5168625111183884, 2.496938800625756, [0]
-10.763531999481103, 1.1459142955169228, 2.1379244869689273, [0]
-9.894075020563848, -0.2731311197719304, 0.7667304835084571, [1]
-10.169434384091279, 0.711269871641595, 2.2196313369317475, [0]
-10.305242347955847, 0.8964506080170809, 2.0115670286883947, [0]
-9.529959251998559, -0.03653388796440171, 1.7235207538300157, [1]
-10.402689425855053, 0.7226726821472176, 1.6961225528342783, [0]
-10.181311890557428, 0.8593858359861931, 1.3695412194342433, [0]
-10.09906375219101, 1.0833774024433591, 2.316109048950447, [0]
-10.970343198345418, 0.2125146241829749, 2.3947737644123483, [1]
-10.182508453890788, 0.94699732459306, 2.3367726186200857, [0]
-11.203150680104496, 0.046618752650135487, 1.0564059167443152, [1]
-10.187834839546928, 0.5833665681669904, 1.6261152843943432, [1]
-10.179199881666243, 0.4878460003385127, 0.5896731176546913, [0]
-11.1097695290753, 1.0058715745945541, 1.480420567229819, [0]
-11.761609451762652, 0.9415637531117261, 1.9181703127267582, [0]
-10.838707007555117, 2.656287305752803, 0.39553484351455764, [1]
-10.471338561155322, 0.9700872725378312, 2.8434710252637916, [1]
-10.387289387891744, 0.27749274297628934, 2.1235390745938396, [0]
-10.746021315593737, 2.3064652928723532, 0.501006267273879, [1]
-9.74077699004926, 0.5385317834215145, 2.0071310356960357, [0]
-10.00649609329637, 0.3505089743157673, 1.6822400804085722, [0]
-10.620396751289713, 0.5105850690695432, 1.4635321525791285, [0]
-10.7446314425039, 0.6141262538582426, 1.69671552983396, [0]
-9.93607300851745, 0.8851313546130029, 2.1092445335082615, [0]
-10.281530810969535, -0.7666195175181815, -0.055634587552382986, [1]
-10.281151606014275, 0.586216246921202, 2.042556634667306, [0]
-9.89125824467142, 1.0811962794089318, 2.2412481020858035, [1]
-9.930860639817267, 0.22029782815302196, 1.462493185616914, [0]
-9.979419248042023, 0.42257982819578954, 1.7278077035770134, [0]
-10.109302759998066, 0.4275671927767102, 2.4786616149196474, [1]
-11.539049999207123, 0.561688638338193, -0.021389489140499096, [0]
-9.94521485243009, -0.1433677788757337, 1.2251830660428136, [1]
-9.854543497753463, 0.9696405427423735, -0.37729079276831157, [1]
-10.770032143330768, 1.607883001979879, 2.2954982465784113, [0]
-11.152434243740528, 0.7146639461882421, 1.7539776446369153, [1]
-10.398490266243758, 0.5599625281136799, 1.6257867963712511, [1]
-10.298013420805194, 1.04384399215753, 0.576910667856587, [1]
-10.125965306012533, 0.5649532328816066, 1.5857573142140373, [1]
-9.55769656242235, 0.09427424050778363, 1.1302502949227557, [0]
-9.769614517141667, 0.5545032360531148, 1.8188889635072505, [1]
-10.713253847187755, -0.08129318547282471, 0.33451563424282704, [0]
-10.222210341861134, 0.9230267387877009, 1.1804790842963857, [1]
-9.957094058645374, 0.9824540422838501, 1.476974150107507, [0]
-11.294745917843645, 0.8062325378484241, 1.442081045750771, [1]
-10.048285069570149, 0.46569843940608385, 2.1496051320363385, [1]
-10.692167334791332, 0.802697734709148, 2.4556380533939874, [1]
-9.954505103918596, 0.001107269774178854, 0.9330657457804035, [0]
-9.445031243547273, 0.7357433773612946, 2.0476791555048783, [0]
-10.495271205124578, 0.5503319961688233, 0.4510257936608261, [0]
-10.575506278921347, 0.7290318747580558, 1.372201832186173, [1]
-10.414375197224551, 0.07746192995218387, 1.9333031075258473, [0]
-10.555916628885186, 1.609568366969165, 1.0960351563787032, [0]
-10.35191741086665, 0.13108714966636015, 1.6358869723455074, [1]
-9.935763503298439, 0.36427180494670397, 0.9862595661392884, [0]
-10.210787634156265, 0.8617544097150954, 2.473312598641139, [1]
-10.973431661681957, 0.1971142117958088, 1.8771490626423244, [0]
-10.796690434490417, -0.37654933127547285, 1.0517419837807112, [1]
-10.75992832060283, 1.3044956923888298, 1.5844338020232769, [1]
-10.578354180134925, 0.38205983123206044, 2.272907415999672, [0]
-10.294318566908471, 2.3540654019627634, 0.5351619824922903, [1]
-10.572633729587732, 0.2937684435820342, 0.9500682364246745, [1]
-10.598103365120394, 1.3768854016466667, 1.779756238086624, [0]
-11.799040261392863, 1.4695733865310006, 1.8234316062192208, [1]
-10.419569118315708, 0.5427743205593056, 1.9169546742481227, [0]
-10.625129077109582, -0.4687715900133562, -0.4505699878094731, [0]
-10.324503032335347, 0.28572489873298684, 1.9408741507787433, [0]
-11.166342799231751, 0.831244007563827, 2.173048021036876, [1]
-10.236846451445082, 0.5075744780966311, 1.1692769234257567, [0]
-10.116660569307642, 0.45655757177699585, 1.8895503609319542, [1]
-10.616212026631503, 0.4133373125026556, 1.6583621707262917, [1]
-10.43601558423308, 0.8106663559916824, 1.196798722514178, [0]
-11.000913148429133, 0.8524469006016734, 2.534739739463877, [0]
-11.529653252555335, 0.4259148326791079, 0.7579539425690995, [1]
-10.700041834284358, 0.5006792455764395, 1.3852612817715233, [1]
-11.812812967972754, 0.03876725638667955, 0.17606724306621968, [1]
-9.670731743071094, 0.4075316018295694, 1.7350978239217811, [1]
-10.933065694840566, 0.13835500339819873, 1.914214526809154, [1]
-10.856357463852685, 0.12104296690232044, 2.3103177854309846, [1]
-10.136012800686917, 0.6880856205403822, 1.6060517320425842, [0]
-10.77704103260056, 0.6790642797176518, 2.769601535502286, [0]
-10.556876922484353, 0.4547547670523736, 2.3664550745428263, [1]
-10.387452780075366, 0.32204795650200646, 1.7233049906114069, [0]
-10.987506829299077, 0.8299833820740078, 2.401840552816871, [0]
-11.092087355375043, 0.30973539045953535, 1.8626403847116622, [0]
-11.204884090933634, 0.965822485310779, 1.904555323672717, [0]
-11.737428626012028, 0.07279470575277122, 0.8661962589202649, [1]
-10.49691029998421, 1.1678504387348476, 1.1400888938440512, [1]
-11.323979677014561, 0.8177818611809582, 1.700209776322337, [0]
-10.57730066996663, 0.2272325125720709, 1.9827524590380616, [0]
-10.504688814740097, 0.2484993378165809, 1.6272190699684672, [0]
-9.411092895575688, 0.19223595314535363, 1.8765511621958717, [0]
-10.094063762138093, 0.8371267087434202, 2.314549645926798, [1]
-10.182459296057793, 0.368544970433926, 0.3430329334354778, [1]
-10.55607111388552, 0.3932949631888602, 1.1272602971901597, [0]
-9.245358659076096, 0.8646635111016884, 1.050305334020369, [1]
-10.739529329354701, -0.12817561653628018, 2.2117534881028114, [1]
-9.987826883301656, 0.1811507613637905, 1.5824424960977892, [0]
-11.22890521167143, 0.3116424178639596, 1.6160781915916838, [1]
-10.77905564637767, 1.233432739957054, 0.14637127990019974, [1]
-10.237225500347812, 0.5616486269734116, 1.5809009830232905, [1]
-10.885159562541613, 2.0731980724178345, 1.11670376170927, [0]
-12.603667679690652, -0.2267107872584393, 0.9212176108310823, [0]
-10.285804089609185, 1.5508879728458065, 1.133922114803671, [0]
-10.253095296662185, 0.5389784060770733, 2.374747817097675, [1]
-10.525321213474566, 0.9600089767480767, 2.326557549355333, [0]
-10.39363483119355, 0.7678071162249509, 1.3883437445874924, [1]
-9.399995459575514, 1.0308461736948389, 0.9570263156600877, [1]
-10.019462636176007, -0.02391423331299919, 0.05213568816288783, [1]
-9.923519070027401, 0.5158170216697475, 1.7381898037715953, [1]
-11.34870220880255, 0.2672137380897103, 1.4544100950596066, [1]
-9.954880779000568, -2.442158770121471, -1.2497478555462873, [0]
-9.683030997185782, 0.24358291124765552, 1.6454510490736989, [0]
-10.414593291219951, -0.9767931655083388, 0.925477797047547, [0]
-9.387876215951831, -0.5683282577982265, 1.1018609647519806, [0]
-10.129565697549006, 0.8847937145530322, -0.25601281457812186, [1]
-10.242169975939124, 0.08992105982253062, 2.0876846503697672, [1]
-10.96469170765631, 0.5628681218196918, 1.7887744148654154, [1]
-10.208089665065868, 1.624955558526285, 0.534160102379176, [0]
-10.599686217709571, 0.839716767410394, 1.8944956230282761, [0]
-10.687898816387479, 0.11621225032360193, 0.9797811894740305, [1]
-9.452808077319023, 0.6562053181922498, 2.6388851180485173, [0]
-10.177819413496703, -0.4929850690808941, 0.8709881548850396, [1]
-9.90384064223482, -0.28983164345467693, 1.6099558031279466, [1]
-10.969966110470022, 0.5373463179539321, 2.4734658562881506, [0]
-11.240849497848433, 1.2182008051742756, 1.6676207498039244, [1]
-11.14133313233819, 0.40569765831431004, 0.8521482783449421, [0]
-9.65755816687952, 0.49391509470779504, 1.4355924997183638, [1]
-11.9036959810562, 1.024334049895546, 0.5766404202069402, [1]
-10.78184937078959, 1.0941710634703146, 1.8801061469587996, [0]
-11.48413571878283, -0.1422669640990537, 1.9660634697318697, [0]
-9.857270222081798, 0.5250798243573664, 1.7100766199538944, [1]
-10.932107298218272, -0.02584636822546693, 1.8112077150912547, [0]
-10.58272044247134, 0.7382890465740772, 2.0626417162155697, [1]
-10.547574285253782, 0.022996448691882776, -1.027756252465342, [1]
-11.110523420447493, 0.03260972082625413, 1.2840477837807365, [1]
-10.638985906930133, 1.2693278584910805, 1.6322808390339898, [1]
-11.490726344296935, 1.5442563698791218, 1.1739386073243645, [1]
-10.603341330525868, 1.0025550471168532, 2.1323134096273666, [0]
-10.693287849650591, 0.6462628864051723, 2.450673965056385, [0]
-11.047167378389318, -0.2866678370626534, 0.5011439049477209, [0]
-11.028065805464754, 0.546167181686082, 2.5826272519059637, [0]
-10.733085540791325, 1.4382110288266083, 0.06756667777698638, [1]
-11.042839435314262, 0.4115914958755249, 1.706142174833874, [1]
-10.44120956672918, 0.04253650005235099, 1.1778759460418384, [1]
-10.559448351876288, 0.09584876825810434, 2.3888209457233325, [1]
-9.772041790199845, 0.9292088086765934, 1.8610621009159851, [1]
-10.304533707422953, -1.2023593460445712, 0.6817672604484402, [1]
-10.438564078785696, 0.6733096707604669, 2.2387782037830517, [1]
-14.053784417540353, -0.715053529569943, 1.0211178368811697, [1]
-10.534591383853648, 0.4456792000580773, 0.9024790236039166, [0]
-10.568261702040315, 0.2836120339842761, 0.688587738025736, [1]
-10.215334920631562, 0.7391257285467072, 1.4120405513575771, [1]
-10.457274335344454, 0.7405941421959243, 2.759296670428129, [1]
-9.447322346788269, 0.5164203281440344, 1.607928837565229, [0]
-10.761559524281186, 0.4989639987986022, 2.785007680571243, [0]
-10.5331580354925, 1.654984928993762, 0.8885427791348373, [0]
-11.159929804093924, -1.3766573563810542, -2.8640177317091364, [1]
-10.67475111262344, 0.9947297882668623, 1.4654706235388442, [0]
-9.682720016660785, 0.5544488000550102, 2.9895320238638856, [1]
-9.731558635153942, 0.6403244798561839, 1.3045038703600549, [0]
-9.895236276410168, 0.9139023567022916, 1.6699539259968155, [0]
-10.100932476661525, 0.29835169856568067, 0.5423333968392909, [0]
-9.881195479126815, 1.5156240169784114, 1.8587681609819897, [1]
-9.307099348653741, 0.8122841875675445, 1.8909745167680596, [1]
-11.925968514559901, 0.28829152622202603, 1.4853897160113088, [1]
-10.597568487282977, 0.7421748665285367, 1.8765424263273653, [1]
-10.105276777562326, 1.2196428423231822, 2.0930826540289478, [0]
-9.819198195407242, 0.48035612756515045, 1.7686375301921298, [1]
-10.773383911705427, 0.2454555223089966, 0.9791563708372262, [1]
-11.10920816414648, 0.31241959581309475, 1.5321016722261893, [1]
-9.571151504844014, 0.5017419742215208, 1.3208134134571914, [0]
-10.59469848364493, 0.7066438010134296, 2.2223206653973726, [1]
-10.743782041486696, 0.7896911751715797, 1.8680424944082947, [1]
-10.481790741968842, 1.0497876112253168, 2.0233552253388716, [1]
-9.736269742336935, 0.29651628043270206, 2.4105559876474425, [0]
-10.941750048049244, 1.3685206670773509, 1.3416151568117174, [0]
-12.284401059667402, 0.037666933112060264, -0.6373589234360879, [1]
-10.656140957770942, 1.4085710501769217, 0.7348585098139874, [0]
-9.7899540273405, 1.0831026925294935, 2.1218163501542553, [0]
-9.541600113775832, 1.0348075856275707, 1.608470218292013, [1]
-10.812038520836571, -0.5405771435275608, 1.6289040242185608, [0]
-10.771326140142639, 0.9036820674029465, 1.3051028159457116, [1]
-10.816543997514716, 1.1943853061432317, 1.2992220909704786, [0]
-11.416514552888005, 0.6198423033562493, 1.707517343593116, [1]
-11.16405634771785, 0.14366400925853162, 1.2572853776248631, [1]
-11.85021571541706, 0.5846788047355002, 0.6689235971992951, [0]
-10.50576714793522, 0.7004745038553482, 1.9191626397518737, [0]
-12.015998885782265, 1.1498755962984333, 1.9509811083572373, [0]
-10.70195696352007, -0.1631124894554392, 2.1183469087534843, [1]
-10.64685957725184, 1.265130543034204, 2.1743365209714685, [0]
-10.09267735532103, 0.2831334268839856, 1.2242125669145094, [1]
-10.03980601861677, -0.09636024146797365, 1.7905619933675743, [1]
-10.334164502400753, 0.8257268533661537, 2.0296361925152135, [1]
-10.668148425499595, 0.07004958728562571, 2.5126768181871566, [0]
-10.102893424618104, -0.9668811320236999, 0.2730625534096587, [1]
-9.307621347822202, 0.4247829603962022, -0.2079379005551637, [1]
-10.281652378998395, 0.44617049724507296, 1.5193958288408338, [0]
-10.526550643102265, 0.42019080879862664, 2.2691001192118825, [1]
-10.092799046955973, 0.12928149394881427, 2.2305717034081223, [0]
-11.35044441423247, 0.7253548300898852, 1.759390800864709, [1]
-10.551093167158541, 0.3239050434347536, 2.1059998802000943, [0]
-10.370820925119384, -0.32533364805105025, 0.46637706072736185, [0]
-11.142287371808814, 0.5584796064537975, 2.6146326276968272, [1]
-9.513200561606343, 0.5005597503203738, 0.5802027585638578, [0]
-10.059740900441591, 0.7049767526546883, 2.212636294714211, [0]
-10.170547018514801, 0.730174654566363, 1.5788537519884434, [1]
-9.680206511046805, 1.181848935063067, -0.029524843477666485, [1]
-11.083923333717346, 0.7526769208398091, 1.921624254670561, [0]
-10.516308093039033, -0.4637011481047599, 1.9724745656347118, [0]
-10.049780163930665, 0.2203467519306479, 0.9023961861047362, [0]
-10.191830174492548, 0.45448219091017095, 2.4498420801666403, [0]
-11.001912159124581, 0.4011600996370638, 2.0059255120048807, [1]
-11.537181732723488, 1.0517525953102527, 1.7249985828037593, [1]
-11.197781759163762, 1.1855009839236061, 1.5475099986330174, [1]
-11.053913184959484, 0.23114224202129519, 1.9110257798532013, [1]
-9.953860459258713, 0.8836727321158584, 2.0531969031524318, [1]
-10.364986368499832, 0.7063935724497569, 2.172662695784682, [0]
-10.575223710103376, 0.09945620338575165, 1.345589097540212, [1]
-10.09233868901005, 0.9223220546129851, 1.897014478549724, [1]
-9.408740772571273, 0.5657524256663271, 2.2197621935486884, [0]
-10.663082188299182, 0.8707927740540721, 1.5014696125143754, [1]
-10.403199527052172, 0.7342587832289291, 2.15742422669762, [1]
-10.364317619563451, 0.693533798140249, 1.7214141627942734, [0]
-11.071204105602963, 1.2106993574482556, 1.8514761412144831, [1]
-9.719319505787064, 0.2707551679178598, 0.2838583607430678, [0]
-9.594663979992434, 0.22029702871798812, 0.8028003932846746, [0]
-9.9030160703473, 0.8931904292359221, 0.6388092773999802, [1]
-9.913762809270807, 0.8298932081876469, 1.5196394031898852, [0]
-11.70324752211449, 1.347881379080801, -0.2045112371940122, [0]
-10.555765750819367, 0.5285373353330757, 1.364013141808623, [1]
-9.587175431852405, 0.6430486416961501, 2.0654146384580674, [1]
-10.406682297120852, 1.2229334539598815, 1.464170821494996, [0]
-9.49892972014764, 0.9566981416863601, 2.303412598448269, [1]
-11.549144065876709, 0.53880560924341, 2.58701099379843, [1]
-10.19527878513688, 1.4056306233776434, 1.1534716869318036, [1]
-9.637787164487905, 0.5721653467858283, 0.9977485065632989, [1]
-10.429795075399772, -0.20231002730757475, 1.056273691114255, [0]
-10.289498643354497, 0.4914460770359757, 1.0582044268231896, [1]
-10.9507448010261, 0.17918092502222094, 1.2984502540844807, [0]
-11.192612479732116, 0.32561189049137085, 1.8228488693450458, [1]
-11.57203087356731, 0.8089367306513674, 2.2269524135321603, [0]
-10.812340319252106, 1.2180186934664197, 1.6255178601299043, [0]
-9.941160105274262, 0.7926146010737032, 1.335593359578906, [1]
-10.560481020530984, 0.09720333126679337, 2.2192249070063785, [1]
-10.658970733752936, 0.041799151402262424, 2.846548027733453, [0]
-10.873987662588474, 0.24620049036251407, 1.542194326021729, [0]
-10.350603646976676, 1.1786803503677556, 1.9418082613585583, [0]
-10.123534029216747, 0.2705543468139564, 1.4264345248559631, [0]
-9.794660559068996, 1.1168164389878532, 1.3267503446874067, [0]
-10.021187997005388, 1.3125108618718584, -0.8839508456189231, [0]
-10.054326997625132, 1.4347593617460843, 0.8920856550405294, [1]
-11.194366428178427, -0.17404235246672006, 1.5274558191906185, [0]
-10.735043567221759, -0.12132457791328799, 0.7307650159833309, [0]
-10.462553401212816, 0.45051663132943826, 2.3815842152055993, [1]
-10.684982816220135, 0.7204242000296848, 1.4343700929605891, [0]
-10.159475771392373, 0.6647654595453624, 2.084718980158017, [0]
-10.20893985244172, 1.0731274302377234, 1.3852032008961568, [0]
-10.738627494360948, 0.6542391638990823, 2.751451921434123, [1]
-10.750551288571279, 1.220280380951298, 2.0104761841262526, [1]
-10.652608508287619, 0.9011416231346423, 1.69995253360222, [0]
-10.45376083191765, 0.6985327404403125, 2.085011698120403, [0]
-10.625439762884659, 0.3052985470511662, 1.788782142387585, [1]
-11.74960296097977, -1.7770894331439733, -0.6641518230532331, [0]
-10.923015724654412, 0.5368729372181704, 1.872228869159763, [1]
-10.234001115224373, -0.08643205416741218, 1.5953597478104973, [0]
-10.773289508814452, 1.9635509910272833, 1.7622079674415845, [0]
-10.69724456298528, 0.7616716686582953, 1.0421970007621923, [0]
-11.139658259448275, 1.2280893607747876, 0.7880357854281286, [1]
-10.165318110704769, 0.10722972703835054, 1.8443309102852457, [0]
-10.337001716191553, 0.9556195890231158, 1.5823876119846414, [0]
-10.731009095085717, 1.2693802902411178, 1.600555042546884, [0]
-9.6650878881005, 0.21801536237651947, 0.45366070405119296, [0]
-9.79443745779977, 0.9327352436748002, 2.232276318779831, [1]
-10.352393270191602, 1.6144097263241952, 1.5211991567332057, [0]
-11.24248829197139, 0.8627965689083248, 2.128402333072205, [1]
-11.42746516211519, 1.0656004805945938, 2.9923255339298116, [0]
-10.413086977360024, 0.5100895585928289, 1.5797357928935312, [1]
-9.810762856118183, 1.4128497906326047, 0.7345188551387714, [0]
-10.029241156710343, 0.21774101283071667, 1.036854166018871, [0]
-10.399506990177796, 0.5181962443884218, 1.9011966662458155, [0]
-10.583102672444866, 0.6312582457430088, 1.8620424394821153, [0]
-11.210142109903517, 0.8465049870058329, 2.2676638060514405, [1]
-10.098730633504477, -1.0373224784562318, 0.11125369848418731, [0]
-9.823839210461927, 1.2059491344956228, -0.13170820789704651, [0]
-9.86906255314216, 0.4798244751062496, 1.6897178937838735, [0]
-10.262660740266224, 0.8403707281131095, 1.6661803988582624, [1]
-10.766440861206894, 0.8637914433306495, 1.244164065979814, [0]
-11.06502724510665, 1.1505552397106305, 1.988305689963756, [0]
-10.300299562656479, 0.9537071543088906, 2.2267086573774257, [0]
-9.956717663883703, -0.2574064167620919, 0.5576972762311647, [0]
-9.716210643437636, -0.1600234945723789, 1.6939529444732573, [1]
-10.411752717834267, 0.581258350784616, 1.7991332148090822, [0]
-10.520945615632252, 0.8723971297641989, 1.8950639150830506, [1]
-10.467780479245075, 0.6577609217626992, 2.7833718477724156, [0]
-9.647948819259566, 0.21685948367145524, 2.052219107867081, [1]
-10.120246290563589, 1.2573175406629666, 0.5984844705911703, [1]
-10.765582560071776, 0.3864211085122512, 1.7082250448949636, [0]
-10.312405889906424, 0.0763580992680637, 1.380117643149974, [0]
-9.442779941944307, 0.6882477995599598, 2.393950274211692, [1]
-10.92415963519601, 1.4249523707656313, 1.5111599351775526, [1]
-10.29929776235112, 0.5356957334972945, 2.142556619326112, [0]
-10.99888663581173, 1.332597051788496, 2.063069965133119, [0]
-9.928945920752117, 1.2937446830289927, 1.1901673009314797, [0]
-11.464044515109217, 0.9170978801169896, 1.7509112998587, [1]
-11.108019226553253, 0.581705232953054, 1.939821460798459, [0]
-11.835389895306713, 0.5548663003351954, 0.3096190758055464, [0]
-10.91592405335061, 0.4860500454291137, 2.2906211187158245, [0]
-9.676519736946805, 0.7764614215270027, 0.816874395465137, [0]
-10.10485787832838, 1.3433062490891634, 2.3112817622330866, [1]
-10.980771969017319, 1.2367537217178046, 0.33276063978008985, [1]
-10.410302429582165, -0.585578481308008, 0.82365377597418, [0]
-10.450291191415749, 0.12780693105918936, 1.9053460117439025, [1]
-9.65918146679219, 0.6415087943872321, 2.6154398531957868, [0]
-11.164963812782359, 0.9314664331353641, 0.5324010526734653, [0]
-10.920602416483943, 0.5215626838326414, 2.6897127052052117, [0]
-10.551944891030187, 0.9159441493856002, -0.29697578519347595, [1]
-10.479338920340037, 0.7198308921872016, 2.192882833476366, [1]
-10.472709005285074, -0.00853060326690458, -0.29858842500864724, [0]
-9.878778092136494, 0.18014220187605856, 1.1379411482067983, [1]
-10.903306734674972, 0.5906479081188797, 1.5456490681196307, [1]
-10.344049733945615, 0.3192294527618834, 1.364687446099809, [0]
-9.5459913703349, 0.5186936530243311, 1.6577317690202746, [0]
-11.162010099054323, 0.657260797998446, 2.851626905536387, [0]
-9.373806093625252, -0.7401200425962716, 0.8665038125220885, [1]
-10.873012433155894, 1.5410626865544068, 1.5425651755656626, [0]
-11.0684743820346, 0.8702652073980606, 1.9659906872280086, [1]
-10.852836177402592, 0.5973229805586919, 1.7729907820068072, [1]
-10.3096122639701, 0.44485656908784443, 2.4036050607685358, [0]
-9.937444821562481, 0.9957285353829158, 0.49288329716350593, [0]
-11.037254601636057, 0.5478261471405943, 1.2081666936266682, [1]
-10.987758863426206, 1.1140671873327075, 0.44244482316946065, [0]
-10.295497434864325, 0.8875849549616692, 2.366939303675789, [0]
-10.601778285912587, -0.03976664899815807, 0.34613946406639867, [1]
-9.508428336510969, 0.21152512489935726, 2.278364441038291, [0]
-10.39437300293083, -0.5179278666520633, 0.7708261560043502, [0]
-10.54037531422237, 0.7280712599450081, 1.6279515920341636, [1]
-10.809806944483798, 1.0718955845197229, 1.560863198727636, [0]
-11.741235652885548, 0.9526501605891955, 2.469491723992498, [1]
-10.190799295049448, 0.8511079280859664, 1.722221843689808, [1]
-9.99189987878094, 0.4293426568046892, 0.775063842767348, [0]
-10.406008097418427, 0.8324922527133589, 2.036164747038888, [1]
-10.529491600431646, 0.9345607531971561, 1.0903845822538198, [0]
-10.052559811110896, 1.2889058630257904, 1.1097291093073243, [1]
-10.791353714447972, 0.8144791985170481, 3.0446772017906287, [1]
-11.107233193199814, 1.2815305651401159, 0.3052804976158796, [1]
-9.735405942337527, 1.6355297449795625, 1.239164747275682, [0]
-11.824354365718651, -0.21385933543716584, 1.3047307058053699, [0]
-10.909766692561885, 0.26568671256664744, 1.1094485573743786, [1]
-10.163257427470873, -0.08416149129620798, 1.3874316330047987, [0]
-10.017258883782398, 1.1104138566891457, 1.5650325081087688, [0]
-9.998289323656973, 0.5957120023296418, 2.02344933339457, [0]
-11.496538104315103, 0.4775269475826003, 1.7227835993284775, [1]
-9.942994109266516, 0.3924846300943321, 1.9999308462973406, [0]
-10.441555167475082, 0.1530111448988728, 2.0744133220847623, [1]
-10.90871551115675, 0.02012861337122618, 1.2315479739335715, [0]
-10.168445725165249, 1.045967867334849, 1.7048732970935947, [0]
-10.435975861299237, 0.44999685636340697, 1.5653756319494374, [0]
-9.887097086914492, 0.25429756738097786, 2.1643495955391274, [1]
-10.199281123928401, 0.38604804214682387, 1.704405441047146, [1]
-10.814239679991058, 0.6101372164560839, 1.2101029148486488, [0]
-10.364851875448228, 0.17767961853562153, 2.7487395512153023, [0]
-11.800356612451838, 0.703396271491474, 0.019270415273404506, [0]
-10.960434851620327, -0.04064392954506868, 1.8525064786786052, [1]
-10.320626438592663, 0.7673103303518167, 1.5719598776512607, [0]
-10.845265731633601, 1.0636978380028477, 1.7539720956756957, [1]
-11.349805500679636, 0.49621925451877624, 1.9875895699704813, [1]
-10.197822058355403, 0.05753534771915292, 0.6893025247912674, [0]
-9.824577398622267, 0.9883319008512861, 1.5111535279668131, [0]
-9.877096420432316, 0.5892043550994437, 1.0356898956647216, [1]
-10.361981369378508, 0.7948148881423875, 1.8968489440484797, [1]
-9.559388375164108, -0.030611792022123163, 2.001011286838951, [1]
-10.318277849715553, 0.7773554251126679, 1.4076373953040697, [1]
-10.218831391825455, 0.23745089038855094, 1.7505219370787333, [1]
-9.771893065268925, 0.9711993263116917, 2.2795115613941057, [0]
-10.256888441205295, -0.6683002980672281, 0.5305212665386185, [1]
-10.847141169737908, 1.032179535000649, 1.2285516321531684, [0]
-11.223913468169208, 0.5896425000479808, 1.359917530043799, [1]
-11.173480043230418, 1.9455113633755299, 1.2723239829601025, [1]
-10.917455104208912, 0.47687267565867286, 2.043225268317779, [0]
-10.844773693066111, 1.3300494705729018, 1.6987203580438435, [0]
-10.629475764977352, 0.8701405577196482, 3.1277623117673907, [0]
-9.599056482006418, 0.8792253161273491, 1.0531419540545035, [1]
-9.353478150856892, 0.7365272543093124, 2.3205304171012724, [1]
-10.664988697401258, 1.1653838769870926, 0.2230448848039637, [1]
-10.319683045911967, 0.7922930834979338, 0.8704976152400181, [1]
-9.924052958566733, 0.7211174894213557, 1.7783440565991349, [0]
-9.440889549802572, 1.1493699130899682, 0.9554521026030025, [1]
-10.119784844882833, 0.6576119865112995, 2.2260974052972426, [1]
-9.858719025104888, 0.6789765763348483, 1.1456699545055842, [1]
-11.889815201329222, 1.9235808741754679, 1.4733680811532759, [1]
-9.789853876636638, 0.7393582846519264, 1.0656867812520767, [1]
-11.090538800000338, 0.6365605895033237, 1.3045249110359731, [1]
-10.50696071844812, 0.34889861227704255, 1.1584792182414279, [0]
-9.76335409392888, 0.2650940941814659, 1.6281687502114477, [1]
-10.694876256185172, 1.9659913782909464, 1.3334497856815497, [1]
-11.104336966100727, 1.080768016293465, 0.9223269853008693, [0]
-10.745318811674066, -0.03272562042237985, 1.5173979426780204, [1]
-10.535591011948732, 0.4927919019689453, 2.638707068389829, [0]
-9.873069896726921, 0.11537952214212299, 2.216584494405934, [0]
-10.534603981318526, 1.405534942666662, 1.2850290159870787, [1]
-11.052386762822787, 0.9653043204802971, 1.9561383904036698, [0]
-9.624472274975483, 0.6670912679016558, 2.6349098202275556, [0]
-11.195764239498118, 0.5290386284993642, 1.2586739819760906, [1]
-11.182375475031893, 0.3762411635085417, 1.6301198527606904, [1]
-10.144979415002961, 0.5880319389368713, 1.172709687169482, [1]
-9.488933293761885, 0.6833486441490096, 1.9262530521615515, [0]
-9.721947470833769, 0.43657676233460707, 1.9706163256417204, [0]
-9.642744456038983, 1.5187522822741912, -0.4111611618594652, [0]
-9.909037259408839, 0.9509008942440089, 1.1189891549252982, [1]
-10.786376985826658, 0.07488583060682452, 2.062053832504456, [1]
-10.481301646633288, 0.975362230986915, 2.2280767825773786, [0]
-10.06290760084406, 0.5530548210234586, 1.27546160285517, [0]
-9.677234102493077, -0.47317002395495245, 0.1361740771888429, [1]
-10.467306522629325, 0.5388437349986449, 2.5096658776587066, [0]
-10.380779448336808, 0.9297035746139424, 1.590009404707834, [1]
-12.122628560006223, 0.557080097943139, 2.9588610603393146, [0]
-10.05413838861182, 0.9250265443166416, 1.5687798314331756, [1]
-11.131204761268787, 0.49659990004064186, 1.1260770946475, [1]
-10.280634747213089, 0.8422917456801897, 2.4137292126459293, [0]
-10.909390924512486, -0.027534748001023235, 1.0748652414653679, [0]
-9.77342385935942, -0.13411744332271877, 1.721896453752743, [1]
-9.637296658791758, 0.33915854291640357, 1.8914438753256775, [1]
-10.478124823490228, 1.1699839589238605, 0.9763028390926278, [1]
-10.222155941715311, 0.6916437688569949, 2.237869645804669, [1]
-10.282956593653424, 0.46772366468913446, 2.0432258645378383, [0]
-10.158088806496131, 1.2833660743168438, -0.22909704191205274, [1]
-11.244527327791271, 1.3339533179822596, 1.6311022537585735, [1]
-10.496262635248458, 1.2443884956159097, -0.5396843922069001, [1]
-10.380750464112218, 0.6498117453838049, 3.055264652070939, [0]
-10.592045959632143, 1.4749253943180078, 0.7147529141459459, [0]
-10.593191972637197, 0.3628021499459092, 1.4828773649763014, [0]
-10.297257760999683, 1.6553765149125583, 0.7565821525403884, [1]
-11.811904350511801, 0.6930779132470256, 2.9392533391943227, [1]
-9.47414747485611, 0.5283573982384495, 2.305111902609641, [0]
-10.243113058948731, 0.1849985044887199, 1.055915671514502, [0]
-10.391240577580641, 0.7918947931792087, 0.927335520344685, [0]
-10.965401620129494, 0.9159917514704022, 1.842926532413116, [1]
-11.046776490939768, 0.19429969397377522, 2.5547327893729723, [0]
-11.086936997139926, 1.7205069850191586, 0.6240384923552709, [0]
-10.365048086596003, 0.7528474490527943, 1.4982210037226715, [1]
-11.322229437416444, 1.7757792025510675, 1.6161358734512805, [1]
-10.478315830189535, 1.3263435776746684, 0.7791445030268133, [0]
-10.912321935407318, 1.4656794808241196, 1.802061065775407, [0]
-9.683480554621319, 0.3175075509750581, 1.356447739856186, [0]
-10.613497791424352, 1.4523871772664285, 0.7809795422105235, [1]
-9.461630107973102, -0.0018154712787725735, 1.0698588430399445, [0]
-11.349431768772257, 0.7461635708256968, 1.9871301026422499, [1]
-10.396883480969944, 1.7975793033087712, 0.7693571633773505, [0]
-10.925090813639365, 1.8209734755145344, 0.5390184966633178, [1]
-10.637437464022625, 0.5135349027054144, 2.098560760261489, [1]
-10.173669845296303, 1.0394564103940884, 2.026567915269931, [0]
-10.250865750608842, 0.5057398764316208, 2.322011385642646, [0]
-10.297871022176103, 0.5608567097939317, 2.508602548157042, [0]
-10.36854655684339, 0.9732626443155941, 0.686856796745194, [0]
-12.128297638983263, 0.40637955788585844, 3.036577016306965, [1]
-10.501494517379399, 0.9259310746488769, 0.9527073076428306, [0]
-10.721038409127546, 1.804532553004587, 1.1686544344674332, [1]
-11.177403494212653, 0.6792889601467741, 2.460409647468961, [0]
-10.272374315507356, -0.05211042080364281, 1.3866865319299282, [0]
-10.670181147053325, -0.03529107890533956, 1.6123452736426995, [1]
-10.035096444404488, 0.9400519681773918, 1.954779692122675, [1]
-10.411313836857628, 0.5097587207976082, 2.2750465637376744, [1]
-11.432208793346977, 1.2453597544586592, 1.8041845702197903, [1]
-9.737411680807849, 0.7463706508281694, 0.808728479871311, [0]
-10.00560694219318, 0.20344919335189338, 2.3850187939283822, [1]
-10.984364268701801, 0.34762724609161727, 1.9371270303486114, [1]
-9.890113138323125, 0.2024334776578935, 1.5461519351401511, [0]
-10.62099654064543, 1.6406722334588693, 1.6766857592062787, [0]
-10.868887382825145, 0.26014466835913796, 0.9793304859106615, [0]
-10.01776230689877, 1.0085761001735114, 1.5496185585676046, [1]
-9.85490786325825, 1.4278793063388704, 1.2526825745627108, [1]
-10.371309950850836, -0.6805128080491384, 0.04433395792628869, [0]
-10.176109172313126, 0.5334075168164516, 2.2447637686005617, [0]
-10.528090152950885, 0.6369821224093304, 2.6100297526359344, [1]
-10.955253732142971, 0.6493856290262279, 1.1300903890915235, [0]
-10.238257177917085, 0.6626133357582004, 1.7013579491144624, [1]
-10.546452031444971, 0.8585459649196325, -1.0517335255384173, [0]
-9.660003552062772, 0.7626118662915693, 1.1273296437061158, [0]
-9.472802753997733, 0.5550552337720955, 3.2505661225911706, [1]
-10.294471751376824, 0.1491238886134263, 1.514417565423361, [1]
-10.422823227724898, -0.19640043887349135, 1.365145680079241, [0]
-10.837549210491295, 0.5807735308172522, 1.7499401548218088, [1]
-10.587279648469536, 0.7959527904125648, 1.9197926496569908, [1]
-11.700497438785622, 1.4595546528790666, 1.7000427470044048, [0]
-10.518709257244106, 0.498025165062543, 2.6088802547125898, [0]
-10.453954038753796, 0.1590512099833119, 1.6435776606217845, [0]
-10.476894070135009, 0.7486650204463975, 1.6913310481893478, [1]
-10.774744529540051, 0.6968686550952036, 2.31531914068486, [0]
-11.047050307984462, 0.5374012355021839, 1.9829026287050953, [0]
-11.414913124674332, 0.40215413391830235, 3.2108717440909227, [0]
-11.501307183496804, 0.9171677075194774, 1.713079869760558, [0]
-10.73742662662722, 0.8577087285776734, 1.3302560035282058, [1]
-9.973275211071199, 0.8706461430855813, 1.7048856371536294, [0]
-10.928295164464435, 0.051687794547505495, 1.6732836316433455, [1]
-10.958150140235785, 1.2461516053617765, 1.2963083268844398, [1]
-11.483595250922802, 0.38254499561766986, 2.312665045606124, [0]
-10.727622158042866, 0.765515467627341, 1.769635963208117, [1]
-10.385609446397963, 0.8593988704020715, 1.5729223468526776, [0]
-10.161575994981172, 0.8275976030186957, 1.9357190524683558, [1]
-10.047188151242784, 0.6496504041376637, 2.1601425310553597, [1]
-10.391594102482076, 2.0710183261004254, -0.46238363911060687, [1]
-11.424400833035037, 1.4972741295144123, 1.8690090435625195, [1]
-9.68135003548415, 0.548052648665504, 1.8960558368278324, [1]
-10.03205678597473, 0.5734235348600911, 1.4454336000779602, [1]
-10.53246097229089, 0.6765801458814938, 1.7211876908668315, [0]
-11.311833904347896, 1.0057110678255805, 1.3700323616731693, [1]
-11.156940090853361, 0.7154571494935831, 3.5905931234981106, [0]
-10.603658090959271, 0.3703231489456731, 1.9784902869635799, [0]
-10.45592429304037, -0.6026002288193328, 1.0274024848058971, [0]
-10.174580209373042, 0.9851712219004851, 0.9097648033329723, [1]
-11.489177959594684, 0.6090737919228179, 0.7656227724995616, [1]
-9.077802242538672, 0.33510752076932293, 0.5778879887647657, [1]
-10.317372377401675, 0.6817887740476902, 1.793420963182627, [1]
-9.721724729742206, -0.3852836492479672, 0.8417333572579773, [1]
-10.513013211481548, 0.9481354839280762, 1.4429536031911707, [0]
-10.102232530606985, 0.3448999962558362, 2.3784845690235046, [0]
-10.743684534905569, 0.6560543493708169, 1.321508872455524, [1]
-10.094133172561927, 0.957656439343592, 1.8167652462055257, [1]
-10.71513605774839, 0.9343494910011618, 1.7447327998315374, [1]
-10.488769515516436, -0.5146497452136348, 1.1109796767405338, [0]
-10.709501920561403, 0.605736970015162, 0.5743767134910313, [0]
-9.798440492631677, 0.06427101743698446, 0.9026368333801356, [1]
-10.503957658942337, 1.1110188378327157, 1.5720344788729521, [1]
-10.066212148012882, 0.34646152195350743, 1.5649471033160216, [1]
-10.501128200547218, 0.8908811429664167, 1.5410083898547766, [0]
-10.529907594621797, 1.1892528450745594, 0.05059034490259395, [1]
-10.534042494415383, 0.12406863370734365, 0.5433987025825747, [0]
-10.534365195668117, -0.19005200696009922, 1.2701571735351695, [1]
-10.628661982257357, 0.9661125337530794, 2.1705138639124684, [0]
-11.751667406326554, 0.17413498973073027, 2.244521188788717, [0]
-10.741046124047243, 0.38277809175383004, 1.2405887567827771, [1]
-10.22723837245229, 0.9850772089922218, 1.4053783799325519, [0]
-11.108189527991945, 1.4048584853455641, 1.2788736645121401, [0]
-11.225447991403808, 0.9332429425440597, 2.4540366769223207, [1]
-10.023269590803197, 0.08209885232237268, 2.423536242799314, [1]
-11.817227831163983, -0.21905802731963886, 1.7039527894139816, [1]
-10.327365793281286, 0.32774344709129155, 1.1571761321530478, [0]
-11.166581338066802, 0.8502345065149959, 0.6747338923730879, [1]
-11.34027058346332, 0.13953965332717022, 2.1706327041027613, [1]
-10.008238309259967, 0.6413570882811485, 2.0331629035267684, [1]
-9.743434098770694, 1.006242375799008, 1.7812689920374423, [0]
-10.467766711256651, 0.5343869516156516, 2.52147618137257, [0]
-10.348934744847734, 0.9183699345980174, 2.798294385967602, [1]
-10.482566100857364, 1.2972689634228107, 0.7165588501801594, [1]
-10.173520404849816, 1.1464905559544512, 0.07248981845928246, [1]
-9.857742274466199, 1.376901686393642, 1.5610159436799755, [1]
-10.1962179043798, -0.339509945136783, 1.4418872251002708, [1]
-9.783155153773984, 0.5249456785727662, 1.8670460593025777, [1]
-9.958382646970312, 0.3598380179684255, 1.702878594373104, [0]
-10.443716792826281, 1.0995471475603888, 1.9208587964373605, [1]
-10.065390755656175, 0.9692722045876425, -0.6611873369068288, [0]
-9.711506150140465, 1.4336277868702059, 0.5592988225934163, [0]
-10.298588792129731, 0.5826152942191307, 0.9654712865623625, [0]
-10.294455897234549, 0.3379976535581436, 1.9322328227840055, [1]
-10.728267299805367, 1.8587815563638916, 0.06484426371677854, [1]
-10.21994972781259, 0.5349774449017111, 1.5033926516586418, [0]
-10.007990924640083, 0.5046872532234772, 1.1191823822446207, [1]
-11.346566426291565, -0.135430666715197, 0.8718003646661432, [1]
-10.32724867582359, 0.21328316962974506, 1.2593170391836521, [1]
-10.34223826804851, 1.2080266325673683, 2.224725762908027, [1]
-9.700541346776586, 1.523081118337987, 0.3683128517302441, [0]
-9.963035759605823, 0.5648933142517346, 1.4023017829286586, [1]
-9.753819386642434, 0.4711699758875101, 0.9521031056719123, [0]
-10.845482302573018, 0.6295404688725241, 1.1511328795809774, [0]
-11.454184354713883, 1.3577268300955114, 0.09222158449826412, [0]
-10.448651217831383, 0.7122919164800634, 2.214998704224052, [1]
-10.158148183396785, 0.9299761601885843, 2.263004745694296, [1]
-10.444974430904365, 1.613830818670821, -0.9467102591267783, [0]
-10.314806170826214, 1.5413850860071139, 0.6987105509481438, [0]
-11.237825335246834, 0.8604820232675495, 0.9675704312060657, [0]
-10.648734341210412, -0.7666759300059268, 1.1830846994734585, [0]
-10.761025025181933, 0.8536028623608736, 2.2947115845013664, [0]
-10.448348999121869, 0.5993741992642087, 2.251242879799268, [1]
-12.529661964434334, -0.5065900090956524, 0.9692714717586535, [1]
-10.036670349703648, 1.205183802531423, 0.5056692219046702, [0]
-10.861557012390053, 1.207318151794609, 2.454958919705911, [1]
-10.446459853893955, 0.7477447282630285, 1.3238580909254287, [1]
-9.419463764578708, 0.6648471701421663, 1.4703559070041483, [1]
-10.218177319115714, -0.10152507998397253, 0.8648998458935441, [0]
-11.255173138680561, 0.48273172898439803, 2.927257713254823, [0]
-10.256054295442016, 1.132702874371992, 0.297166955898579, [1]
-9.62457539374947, 1.2219162011467577, 1.651596182074782, [1]
-11.005161294225179, 0.38999023421665346, 1.7287462461727763, [0]
-10.072411441669326, 0.7648230723613888, 2.3683487649290065, [1]
-10.600771899870814, 0.34190950718385626, 0.39337771034721314, [1]
-11.47020923390724, 0.11003519179511523, 1.6578584788913728, [1]
-11.085965998363172, -0.004036093213221237, 0.84441107701068, [1]
-9.88948577435773, 0.8060016899433449, 2.2115663753017674, [0]
-10.525395989127153, 0.8028263809268548, 1.166135541860763, [0]
-10.28797995397745, 0.07224010957177177, 1.4833429357006929, [1]
-10.326468435383498, 0.5854432557424823, 2.255786807461034, [1]
-9.889526209598063, -0.0018977914040889665, 1.67006666203916, [0]
-10.171963450890381, 0.6874751157619289, 2.1609757452342184, [0]
-10.442234564849151, 0.23777914904074593, 2.1388274412227277, [0]
-9.929159364354026, 0.2224888688790525, 1.9040827940359717, [0]
-9.602632588545736, 0.3105085826085582, 1.5123005325332703, [1]
-10.767072589520877, 0.672034214180824, 0.6484019832261895, [1]
-9.858767229743444, 1.1282166153067106, -0.5952122081449667, [1]
-11.031651771637126, -0.04960016591004173, 1.1348550327533307, [1]
-10.070293882789398, 1.0738898780770643, 1.354516101065184, [1]
-10.34873731849353, 1.6584251818043216, 0.9331745927540048, [1]
-10.420450879826037, 0.9440466367947283, 2.476072707516966, [0]
-10.158977504581529, -0.22709571397986067, 0.3314864110293654, [1]
-11.132774543885574, 0.2537452121302625, 2.2670951396597165, [0]
-9.857774876704884, 0.5349569400738183, 2.15910311492319, [1]
-9.757077419856273, 0.7394390509724713, 1.378386269973852, [0]
-10.099593347358955, 0.7586565331474665, 1.859677085538157, [0]
-11.433508097048854, -0.2304878550278091, -0.03368159378823021, [1]
-10.524985189411677, 0.12605525745779134, 1.9813574455550413, [1]
-10.931762568743713, 0.4498570369760654, 0.8048610504849045, [0]
-10.162264857702676, 0.8077754210202743, 2.093260258980483, [1]
-10.851788618058553, 0.36309112769149066, 1.800523695135265, [1]
-10.925079423792027, 1.0182020101626548, 1.816396715922112, [0]
-9.926662233067983, 1.8813650225094543, 0.24107741240475067, [1]
-10.330553582220716, 0.1186049651685559, 1.1836085905634515, [0]
-9.552911809778193, 0.760185178993596, 2.233993933210357, [1]
-10.103472225313112, 0.0706242905102486, 2.133541789938054, [0]
-10.495625013735207, 0.6931183346819177, 2.066457963451058, [1]
-10.260257485990342, 0.30244008778117176, 1.9618121012612808, [0]
-9.647407111915287, 0.6215785657603314, 2.1235511646257734, [0]
-10.643246587116888, 1.5586559635534436, 0.1339652871310002, [0]
-9.840878566606735, 1.3703238852344575, 1.6030771891633977, [1]
-10.425749151224982, 0.9856738138498002, 0.7107890068892406, [0]
-10.624673513338239, 0.10775957339256903, 2.74966097379979, [0]
-10.233203667341808, 1.3539317949169487, 1.842342601736302, [0]
-9.248683882740803, 0.1697627354821093, 1.9419323391794991, [1]
-10.352696875911482, 0.29965962691723214, 2.0558841413476587, [1]
-10.426858752622788, 1.0211010254697976, 2.5191981853613097, [0]
-11.227314594451443, 1.0218823264928343, -1.0623372626244498, [0]
-9.831034719414282, 1.1828972482201805, 0.025749285287106405, [1]
-10.933603995638991, 0.46080108288917443, 3.0466633520164152, [0]
-10.1628644284906, 0.6790226466288338, 1.954128928503144, [1]
-9.93956512444024, 0.6017136680062363, 1.509756747972107, [1]
-10.40898069411857, 0.6900100112258486, 1.1641488179900714, [0]
-9.714237640393634, 0.5330858688875988, 2.077579434024935, [1]
-10.109419836330447, 1.0431697021579545, 1.6199238291178117, [1]
-10.226426304666902, 1.0058820619925748, 2.2275711930843562, [1]
-10.091576254672187, 1.9927209283832443, 0.7830649056161136, [1]
-11.02976379411023, 0.9732087989037688, 1.1727242783061103, [0]
-10.570265428740615, 0.5897568387032642, 1.64376099633389, [0]
-10.142752173029844, 0.6866375751328362, 0.32893131101759765, [0]
-10.651753842756657, 0.7467778139652336, 1.3014436019246394, [1]
-10.383230936633622, 0.4608680806153541, 2.7009006309047083, [0]
-10.564031715548682, 0.17127993989777646, -0.9583033307768916, [1]
-11.023362152092522, 0.58789617513111, 1.3424444655039274, [1]
-10.792083663544812, 1.2761499792970232, 1.4103516775360347, [0]
-9.848571882809276, 0.846825728329066, 2.5107364487882116, [1]
-9.849821498086005, 0.7408088718688458, 2.3700168702190747, [0]
-11.277800772949952, 0.5902692678182191, 1.5338533527006888, [1]
-10.191984143690181, 0.6132855095320257, 2.317289106843127, [1]
-10.03607172608031, 0.2898595866328669, 3.023102235395591, [1]
-9.535638320700992, 0.6841160684282475, 2.231618459708703, [1]
-10.464464596440962, 0.2763501626092466, 0.3953871099016687, [0]
-11.482248299995398, 1.3518810481536834, 0.8331932666156594, [0]
-9.136060793887118, 0.7826294333276735, 1.3825501308055272, [0]
-11.455784944715708, 0.7493025412335109, 1.583487303037014, [1]
-10.45737553057609, 0.5760865949560314, 2.639503055591535, [0]
-9.708799114732715, 0.37437255386692764, 2.0799036148402292, [0]
-10.173540413655912, -0.6507486549718435, 0.1759132203748266, [0]
-11.23585931253076, 0.3814787308609787, 1.8274342652262838, [0]
-10.996605670023493, 1.3070662924360454, 1.2701845486774133, [1]
-10.517583424129414, 1.0319861443868392, 1.9248324755044788, [1]
-9.751378727124488, 0.15475450777945965, 1.3587333143153848, [1]
-10.53485252541099, 0.6507912653109954, 3.0833563111083366, [1]
-12.050551788315325, 1.224753647215777, 1.8338286977966263, [0]
-10.790284325359522, 0.895801159589032, 2.3285513132130524, [1]
-10.482051598572996, 0.22473124240143794, 1.0855154253707093, [0]
-10.122593681625093, 0.6457551941525159, 2.049487627677057, [0]
-10.189298755177523, 2.2879383046906163, 0.340375266464086, [1]
-10.99658759253011, 0.9957395652354226, 0.3604579909606338, [1]
-10.69456413716888, 0.47444979121909575, 1.5151558167744426, [1]
-10.44424907480696, 1.48386767003759, 1.829616282898433, [1]
-9.452653089769019, 1.8347535026498016, 0.6283614558094249, [0]
-10.883631183893158, 1.1379563265419341, 2.287296732602733, [0]
-9.71170162226892, 0.6052127590842232, 2.173655627902612, [1]
-10.424908123876923, 0.15872633109693662, 2.08236233278186, [0]
-10.15377771719768, 0.3597556255379858, 1.580260859495415, [0]
-10.05716718201916, 0.9629113578738282, 1.5218898488989114, [1]
-9.859724131139746, 0.18090970381123728, 1.6643152746525827, [1]
-10.836560384755229, 0.03337560102271475, 1.5350455334530417, [0]
-10.347803075389761, 0.6556760647712949, 2.8666972463262113, [0]
-9.76167796894924, -1.8529053825369455, -0.9020596638991843, [0]
-10.529695539279263, 0.3813197936490682, 0.5529478730091124, [0]
-10.005079039463139, 1.1169629260957277, 1.0665099846763926, [1]
-10.507388805245682, 1.3201232081044685, -1.272379934367982, [0]
-10.25431474150124, 0.761885655132728, 0.7399518919247116, [0]
-10.726436668023648, 1.5786120936594739, 2.1081770899425436, [1]
-11.36726318537337, 0.7850712014803195, 1.5570933597660028, [0]
-9.414286677154132, 0.37593771492327743, 1.7143753744446943, [0]
-10.25620265452826, 0.08436556231498943, 2.0170907161648444, [1]
-11.085941476825433, 1.1676051850455698, 2.0267799301603415, [1]
-10.810529329406165, 0.8435415812535025, 1.6220407904014058, [1]
-11.277844064379337, 1.9279186794048424, 0.5955028932999942, [0]
-10.62826883435146, 0.19651760810245628, 1.4924410438609685, [1]
-10.117252296520316, 0.6213818972013136, 1.9384416757155714, [1]
-10.16729545673837, 0.4895945338174225, 2.6139091509923755, [1]
-10.760833863080206, -0.9345974577952798, 0.7258750185848434, [1]
-10.881375681699724, 1.3490308173376238, 1.9687533581600802, [0]
-9.964314424318436, 0.5756647864017824, 1.9278223551361295, [0]
-10.62783288362188, 0.7260616989646637, 1.0594753679878963, [0]
-10.585568300682072, 0.5451612280765332, 2.195180631787042, [0]
-10.427847581266867, 0.3332952455624256, 1.2422470460344681, [1]
-10.816964455424392, 0.9184536532991545, 2.0865455812519222, [0]
-10.589724595046258, 0.21627702716068464, 1.327978109570854, [1]
-10.112394907850646, 0.982558749649788, 0.5701672670524013, [1]
-12.079510030578467, 1.5008880021906048, 1.6899676726911101, [1]
-10.337652356675415, 0.7484594309812447, 0.7479324758309619, [0]
-9.303518236686724, 0.336966351534431, 1.6787884341518546, [0]
-10.359369150044317, -0.06120925090929852, 0.554382651054912, [1]
-10.090208133064836, 0.49605935040369914, 0.17376460292254836, [0]
-10.167069661878747, 0.28270607597951125, 2.2957303157204847, [1]
-10.258553276513153, 0.3597865643462779, -0.0845926881913065, [1]
-10.239606478783182, 0.6245210221908197, 1.0670698417191216, [1]
-9.18561568919991, 0.9963070716014306, 1.7963374667201482, [0]
-11.070187864926371, 1.9270457233738907, 1.2772008938999557, [1]
-9.907476546482448, 0.4685605850217393, 0.2587374715280083, [0]
-11.062464403533497, 0.8069307046227717, 0.3095820775954121, [0]
-12.332637717075878, 0.4841018905452539, 2.136255370426928, [0]
-11.09624368880111, 0.6027685771173166, 1.746525972157029, [1]
-10.664882466036605, 0.11745094689250868, 2.384163942017974, [0]
-10.133308312094401, 1.0168581371261558, 0.9742005934806542, [1]
-10.256124743397146, 1.2991504663038904, 1.2895335223036475, [1]
-11.34706316260804, 1.0729611345519097, 1.0456186982506952, [1]
-10.987084833255294, 1.55911931348294, 2.009340742152166, [0]
-10.637404035177884, 0.6548949975169178, 2.1379358744865113, [0]
-10.30661134415271, 1.3821304816782027, 1.6534461705721912, [0]
-10.3379571453269, 1.479112303488806, 0.38783806615165306, [1]
-9.447937258988842, 0.08690105414099913, 2.2641637563199146, [0]
-10.257737360833458, 0.7500957369036926, 1.2505254614453167, [0]
-10.45322664487525, 0.4432969714297036, 0.7836559105929293, [1]
-10.046506888963606, 0.6211710310860539, 2.546118353650231, [1]
-10.871177439279295, 0.6456395017602634, 0.36443253907041145, [0]
-10.009994673450242, 0.5656880216783745, 2.7322359981936115, [1]
-10.075572369501794, 0.5485627786973412, 2.782787426652086, [1]
-9.711966189116204, 0.4590609918126388, 1.9217742690880515, [0]
-10.005057645512279, 0.2209069895311716, 0.9067206877738863, [1]
-10.362474679063254, 1.2437511654396274, 1.9706895875701576, [0]
-10.27757082137455, 0.8344831109068541, 1.599230135770638, [0]
-11.92965391970822, 0.22915535534171527, 1.986241324624845, [1]
-9.484164731850354, 0.8999224549991505, 2.2222764598913898, [1]
-11.254277460253974, 0.6091888347480336, 2.1597340155212597, [0]
-12.767001288144167, 0.5370852496406454, 2.47554912403711, [0]
-10.840154700021086, 0.17847729403531543, 2.7774738289773437, [1]
-9.806538233490166, 0.08323015095634607, 1.139085615943836, [1]
-10.003394823219702, 0.7695723016932059, 0.5064621863262635, [0]
-11.619592234145331, 1.3129827391225015, 2.2521588844746114, [0]
-10.17071352731978, 0.9981203123276816, 2.26851494856088, [0]
-10.226439897127841, 0.5667995922550326, 1.6460210954869932, [1]
-10.965189477503552, 0.3791296205094422, 2.172380463713088, [1]
-10.411228967154935, 0.5801143323654951, 1.3932707501396897, [1]
-11.234762093620027, -1.372953786863, 0.3053992265695735, [0]
-9.341694863342395, 0.4611010791286522, 2.271392702184354, [0]
-10.913267048640217, 1.8288082915581956, 1.5269657355298887, [0]
-10.539227822029446, 0.40453214236252066, 1.0807807491163994, [0]
-9.795724859222842, -0.566471175924035, 0.9529339059802105, [0]
-10.510366681013377, 1.5933951079665007, 0.7515696106652807, [0]
-11.863351723822433, -0.38115728292754913, 1.227663141976282, [0]
-10.547616102283184, 0.7891426419188049, 1.768368725024387, [1]
-9.718257815649073, 0.4468242542360692, 2.225306413002585, [1]
-10.774487701401096, 0.240208676316237, 1.6798271487337773, [1]
-9.54438633711593, -0.3553236011701753, 0.8148586202939285, [0]
-10.708546469212274, 1.275783230301379, 1.766765184532641, [0]
-10.054403903792679, -0.26667657443851245, 1.800877335520632, [1]
-10.020073071513078, 1.442229924951087, 2.080075605116701, [1]
-10.518293601026715, 0.46789072414261557, 1.7765427445159727, [1]
-11.152852890988838, 0.38020076969123895, 0.589980841510364, [0]
-10.291335330610963, 1.0795180316930595, 1.1998014730883282, [1]
-10.611576370128136, 0.28564982853266574, 1.5129286538776108, [1]
-9.480810527402747, 0.7094903641581486, 1.2824775539975142, [1]
-10.03054623592186, 0.7740658192880452, 2.452159154802824, [1]
-9.667431683387242, -0.10195511617704489, 1.621669053709419, [1]
-10.176917079592787, 0.2785200076467469, 1.769688588170896, [0]
-9.77395876508253, 0.645246317112456, 1.8449478853138286, [0]
-9.678210733569202, 0.004796705052332484, 0.8664043577695311, [0]
-10.507885332130739, 0.5552089739508291, 1.8600390838053196, [1]
-10.418735307560077, 0.2306572047743708, 2.08750159790182, [0]
-10.216673049639471, 0.6663243290597057, 1.8406646874604724, [0]
-11.035566952729145, 0.9915895311829859, 0.8968184486646651, [1]
-11.139091815820155, 1.780026577472551, 1.3100220367821036, [0]
-10.399610362597528, 0.9941076069309001, 2.3538398055420107, [1]
-10.143778638175847, 0.5943661865378648, 1.6416603769570224, [1]
-9.98820674601251, 1.2629599195389025, 1.7099589373496598, [1]
-10.400501487931342, 1.1585115833453823, 1.145147759372175, [0]
-10.090888241483723, 0.8376381690157321, 2.17133533549578, [0]
-10.388449266588948, 0.3857726203328085, 2.096137754082725, [1]
-10.437173908455692, 0.7762989065030448, 1.8022001489224644, [1]
-10.314788291073013, 0.46734198072099786, 0.2095631597974086, [0]
-10.222946940301497, 0.8302992953138353, 2.178092649420134, [0]
-11.33873520310366, 1.287358925065337, 0.9272362238949333, [1]
-10.451692526481262, 0.060045097084402976, 1.5240956818298907, [1]
-10.874424802051216, 0.3423478937994902, 2.9213925552027593, [1]
-11.385683797112693, 0.8112395059587701, 2.6631097602182727, [1]
-9.79592727643733, 0.3383253337803145, 2.4785552652319245, [1]
-9.749941583101187, 0.6263458291118402, 3.0517664902815955, [0]
-11.912344276014505, 0.781802835799291, 2.5137216197721264, [1]
-11.102659212406031, 0.235455374544163, 1.224570665039008, [0]
-11.080884053114728, 0.4888341182406153, 2.051450035163805, [1]
-10.06355527939001, -0.024940918781040544, -0.8970470144176024, [1]
-11.75079135248409, 0.44806917662366735, 1.262816134027274, [1]
-10.69859074965377, 1.2761172151382674, 1.6639968443202682, [0]
-11.064264508860393, 0.7294106130701159, 2.702215726353404, [1]
-10.680528014175174, -0.26676453729537286, 0.41791650811341685, [0]
-11.348537005502736, 0.8786962443445456, 1.835828087867719, [0]
-10.192845519991009, -0.16569602587561427, 1.1771228015546327, [0]
-11.072758830025688, 0.6551415925188705, 1.9994438927650497, [0]
-9.939988128952962, 1.6466114200264512, 1.823676819878576, [1]
-10.51977061123791, 0.9414037023189585, 1.8964934509006528, [1]
-10.945365613560284, 0.3289832980603199, 1.056545601242341, [0]
-10.86089721827943, 0.3007397414083773, 1.9543121299371748, [1]
-10.86049380001712, -0.24460596501428641, 1.6554175866980216, [1]
-11.09692879856521, 1.1693828992640056, 2.2664439793902043, [1]
-12.18306521653321, 0.9717227065099414, 2.229861374948433, [1]
-10.298143933366092, 0.5233797408412701, 2.3830983500056684, [1]
-10.968579581212719, 1.922422834282037, -0.7811304314103908, [0]
-10.978221534350622, 0.23519874759579434, 2.372291771719553, [0]
-10.572194510211476, 0.6085429018929823, 2.7193154514079954, [1]
-10.694325949510091, 1.0890116828988647, 1.7693151944075454, [1]
-11.069954423389914, 1.3301414123710635, 1.409221359202652, [0]
-11.117215417704225, 1.0143588003187314, 1.795515347247218, [1]
-10.28426598761119, 0.22427848425358432, 1.4878484832026582, [1]
-10.120957826347004, 0.611802091561179, 2.718203278039292, [0]
-12.410397193734212, 0.9641460715160187, 2.338442017150718, [1]
-10.610024900318543, 0.25500746054129975, 1.0213445215196293, [0]
-10.170352309229033, 1.0736247615447578, 1.5229423414631378, [0]
-10.321350171678306, 0.9824209612623073, 2.8542930672540328, [1]
-10.129739609379781, 1.236685705851887, 0.326874973656295, [1]
-10.585077712678574, -0.4039572934727309, 1.2517450677038042, [1]
-9.684409714666998, -0.00993237654264606, 0.8580102530496616, [1]
-9.698328972751428, -0.017825977767041756, 1.8872680355387024, [1]
-10.176572555273074, 1.178635044338916, 2.44349913314362, [0]
-9.811658701215112, 0.5396233027661334, 1.8191250443324725, [0]
-11.108504914163772, 1.0653211291480158, 1.8282469728701451, [1]
-10.471013120773245, 0.7330287925680022, 1.8920496199833552, [1]
-10.482520134074237, 0.4115257884690806, 1.6454404359245791, [1]
-10.100496483575622, 0.012930110642295767, 2.0117639421950115, [1]
-10.939020843943803, 0.7122432396210909, 2.253681852414787, [0]
-10.550125221602148, 0.43237198514548236, 2.6585485050187256, [0]
-10.469291506721833, 1.0535436355599406, 1.931436499730438, [1]
-10.572671074046434, 0.5708133103975839, 1.5308900488204313, [0]
-11.022556472647608, 2.5842575830937804, -0.22132741565733371, [1]
-10.711713616873327, 0.2626086037032155, 2.4915211632036245, [0]
-10.876031569768704, 0.976295439777103, 1.684551218435147, [0]
-10.149868136927042, 0.5492501682004873, 1.2457883795371778, [0]
-10.511861784786047, 1.7222755716013436, -0.5787507994053309, [1]
-10.385328334053478, 0.17624669329791692, 1.0398915860151534, [0]
-10.152769934732593, 0.9781985322827856, 2.0701645500071546, [1]
-10.034011980930881, 0.6850546991195466, 1.77225568986113, [0]
-9.789213015760291, 0.930118348137537, 1.612608849449583, [1]
-9.992753789047798, 0.34414977750789294, 1.400113750592658, [0]
-10.962985253888613, -0.07329020370073058, 1.6699463175793934, [0]
-10.52597865381381, 0.9886543257973984, 1.8658438914737367, [0]
-9.959409810125845, 0.3965656389251244, 1.7096536220467997, [0]
-11.62857328623353, 0.856456500752618, 2.473965334604031, [0]
-9.93876374280207, 1.266201715681563, -1.249653179646241, [1]
-10.475462998553303, 0.5728361866781518, 0.8066675337245008, [1]
-10.337791378223976, 0.5200755557413395, 1.8531828146600855, [0]
-9.50872000679489, 0.5059346434013284, 0.8499925091201603, [0]
-10.20164073059531, 0.5885442302170059, 1.4511757391607076, [0]
-10.149089576508864, 1.37226438915825, 2.493485278766808, [0]
-11.379494535540164, -0.2376843478322818, 0.0864762297621402, [0]
-10.190899450394395, 1.0669141602492882E-4, 0.6072130492287301, [1]
-10.135386356720701, 1.5442838088082307, 1.4858922279731375, [0]
-10.296341186408071, 0.7680264768879609, 0.7647990995241343, [0]
-9.945950824110856, 0.47938147115720303, 0.8086148564380706, [0]
-10.153241274263827, 1.115418822722946, 2.4006142611608623, [1]
-10.959207259290917, 0.2666709614494603, 1.0889714707938776, [0]
-10.663244711590513, 0.7070629845121705, 2.741497246247847, [0]
-10.46715131441339, 0.45076926477014023, 0.21409482782740574, [0]
-10.2971272649745, 1.888269280002907, 1.4146320334970506, [1]
-10.155835895256022, 0.7863497326785867, 2.2847877410862747, [0]
-10.667447655774332, 1.018389550710343, 1.803409527829082, [1]
-10.195750325824807, 0.52464562952484, 2.6715111661673108, [1]
-11.181143706583761, -0.630416147904435, 0.772925577027321, [1]
-10.57482169010665, 1.3128463151011185, 2.0589403124364702, [0]
-11.123833553552055, -2.9790540370538414, -1.3762118524407234, [0]
-10.257264846231202, 1.0135796712256748, 2.1379696871226215, [0]
-10.080430443490119, 0.3871399764697989, 1.349317748765638, [0]
-10.458630451036473, 0.6437686644500674, 1.4308172984806475, [0]
-10.170793541413863, 0.3231484213258409, 1.9993578547865791, [1]
-11.157090086249417, 1.2036812037057594, 1.5609486637645857, [0]
-10.123423333876413, 0.8213791175077431, 1.822972266540258, [1]
-10.069382170672695, 0.9448340628332667, 1.4383239942502528, [0]
-11.104963299594102, -0.6211366908001102, 1.8395203781092173, [0]
-12.105726351169858, 1.2859220585316176, 0.8740343807174968, [1]
-10.573525073547925, 0.931791495010317, 1.4155142309724709, [1]
-10.531001686463055, 0.31200147736131945, 1.5953009844719939, [1]
