t=0.30549760758348904
logZ_t=-76.98053562142782
-34.33297047894379, 0.4656419587160375, 0.8273496468567296, [0]
-34.484875731896544, 0.621432094600497, 1.1692886071375175, [0]
-34.36998056759929, 0.6409266468952601, 0.9891407915580357, [1]
-34.42124489722359, 0.5717771313909076, 1.1707379845675843, [1]
-34.15727809813606, 0.6932289274187334, 0.9680781645543292, [1]
-34.217579249726754, 0.6392489874335183, 1.1426450057377142, [0]
-34.31915190329001, 0.5697181373207788, 0.48078462943029177, [1]
-34.555599752869846, 0.5757820175424568, 1.1427515328603526, [0]
-35.556138255850676, 0.7177700173647157, 1.1747326552055934, [1]
-34.63001508507253, 0.5477748399748432, 0.963462790082866, [1]
-34.19170378223437, 0.6747400236549901, 1.0757243002907908, [1]
-34.22182748721021, 0.49466749571043545, 1.0003901232899837, [1]
-34.35474981221595, 0.5991671709705891, 1.1788454522761056, [0]
-34.7281565140799, 0.7166787543136773, 0.5774440736037614, [1]
-34.416261804870345, 0.6259633748538971, 0.6905080063378095, [1]
-34.64028854979936, 0.6283806329763972, 1.0385238816209006, [0]
-34.29532657583238, 0.6675561814423849, 0.9472377307788049, [0]
-34.34415163127052, 0.6024999261923687, 1.1785322056409977, [0]
-34.31222715523074, 0.7590432452371922, 0.9882467403842385, [1]
-34.32053413033451, 0.5351146375350474, 1.1002410403590375, [1]
-34.40653920633952, 0.606534764140138, 1.058175734585237, [1]
-34.15093977384173, 0.5835560225311922, 1.0114496425435902, [0]
-34.571857809717, 0.6581041433450563, 0.6775715506802024, [0]
-34.496458296489166, 0.5892657318831079, 0.9335723744468125, [1]
-34.52861124200607, 0.6532935868879428, 0.9170826506308143, [1]
-34.060300385285686, 0.6097269721625818, 0.9345827034064855, [0]
-34.50273394751846, 0.629101220750967, 0.8871765167765, [1]
-34.45975172910011, 0.672024654613725, 1.0127594980304713, [0]
-34.841592944191966, 0.4819093698102347, 0.9283059699818778, [0]
-34.54626987386392, 0.6259832230927165, 0.6923189093131918, [0]
-34.3586172428658, 0.6162950115421311, 0.8647742887752259, [0]
-34.54421575809518, 0.5192243872986919, 0.8188066283454125, [0]
-34.47793905451743, 0.5874442744825311, 1.0665672138877929, [0]
-35.06278181902887, 0.587905591661746, 1.1289369484505756, [0]
-34.546405085896225, 0.6323909148195942, 1.1367073642555372, [0]
-34.28013071848236, 0.5798403861073925, 1.1930574198390675, [1]
-34.124922171952285, 0.5417092605476299, 1.0394682041536933, [0]
-34.286784188489754, 0.7647865651675647, 0.8673087185878424, [0]
-34.400306764260094, 0.5201677807665854, 0.9737379775295273, [0]
-34.24430267260762, 0.6706084044572476, 0.9792257886804651, [1]
-34.40977833695362, 0.6226595498828159, 0.8881764198872956, [0]
-34.206842314801115, 0.5222738956564736, 0.9503463439149544, [0]
-34.526640538560216, 0.5649586155902163, 1.0735345091977482, [1]
-34.34088841964271, 0.5950096293535257, 1.1351305709846569, [0]
-34.14495385192927, 0.5969929894589979, 0.930729647256925, [0]
-35.21210216349514, 0.6550823737139249, 1.360646926169562, [1]
-34.36742546697605, 0.6642950294654448, 0.9085477717042991, [1]
-34.43523896711389, 0.6129179147237943, 0.9874396696873781, [1]
-34.34994550089852, 0.7052092554825565, 0.991971325562173, [1]
-34.36236694234441, 0.6359141744027319, 0.8350612842269451, [1]
-35.09503465637223, 0.5800979084186232, 1.0471079699485228, [1]
-34.57133223850397, 0.7938692117085842, 0.9829825144213715, [1]
-34.33718041087579, 0.5224204230861811, 1.0042629431398873, [1]
-34.32530660471583, 0.6145932353806153, 1.07767306197001, [1]
-34.25570732003878, 0.5658079191039795, 1.0432475075262562, [1]
-34.72860464336068, 0.6533310226070589, 0.9154317665525293, [1]
-34.40978942086115, 0.5896822966305619, 1.191530813551045, [0]
-34.85422845397296, 0.7977218211017363, 0.49381903846991015, [1]
-36.03429006953045, 0.743171896358942, 1.018084959652785, [1]
-35.156316018655225, 0.70234024703045, 0.8109907905756102, [1]
-34.50307936655943, 0.6170790864528359, 1.0279489227293794, [1]
-34.37847402993971, 0.7820749484517443, 0.9031748788333475, [1]
-34.892139746801064, 0.5091784687541098, 1.0420376438464114, [1]
-34.109359503596366, 0.5912048372415613, 1.0086196507732714, [1]
-35.18305803085817, 0.6352093186866723, 1.3042283478464287, [0]
-34.31013075709168, 0.5423833914866635, 0.9612995531190376, [1]
-34.69705767630606, 0.558244178773457, 1.1872152233251207, [1]
-34.30088128205796, 0.6694190053565005, 1.1951114958828306, [0]
-34.55531978669354, 0.6443200860648401, 0.8629073096885023, [0]
-34.43755484952573, 0.5144322151432302, 0.9846903219206381, [0]
-34.46102711313482, 0.6664997692759035, 0.7735151089213528, [1]
-34.87305868067059, 0.5805961150802775, 1.059289026711261, [1]
-34.20800451194122, 0.7121046129628934, 1.1546024423303765, [1]
-34.2533637624213, 0.5487835369230434, 0.7968033057306068, [0]
-34.224672762913706, 0.6087169543661985, 0.9616867112780634, [0]
-34.553149436656156, 0.6685853031965262, 1.1058252058413058, [1]
-34.75868315852926, 0.6951518529333715, 0.8365699873671462, [1]
-34.61514043334549, 0.6030726345881785, 1.1262118978480977, [1]
-34.351997700015744, 0.5940336605325904, 1.1520915105911742, [1]
-34.88088604904821, 0.6379538389007451, 1.2798398597252516, [1]
-34.368368908774606, 0.6340323341768198, 0.54197735319856, [1]
-34.565601673721005, 0.6350975244674071, 1.0361542919163051, [1]
-34.348229500943674, 0.596497708610273, 0.9480982268282936, [0]
-34.26952419077205, 0.5903669152655319, 0.8209307359494485, [1]
-34.30949580958863, 0.5890533589879957, 1.04133827688773, [1]
-34.55606753095657, 0.549020981847119, 1.2289545702831235, [1]
-34.60618021664107, 0.570168113940721, 0.7115138794600128, [0]
-34.33927050824205, 0.6416055021421971, 0.9910353154478448, [0]
-34.25149539198529, 0.6688914461086654, 1.1809465752786692, [0]
-34.33340291274206, 0.6343690334792637, 0.9111298008599876, [1]
-34.38647508966543, 0.6801377981792182, 0.7888012614590452, [1]
-34.34509768376444, 0.4955080639652458, 1.0113358002077786, [1]
-34.352757948258116, 0.5535323136507961, 0.9870000547235429, [1]
-34.41580629366084, 0.548376393258922, 0.8672715853475473, [1]
-34.156654017008094, 0.6335703358718144, 1.0427769047590945, [0]
-34.060186797672046, 0.6113573636976051, 1.0050334346243914, [0]
-34.326816230289204, 0.5707003909169192, 1.0305363979993396, [0]
-34.339787384120946, 0.7758051793904139, 0.8637725530855982, [1]
-34.66627633479127, 0.6603273049859032, 0.8555709567195866, [1]
-34.81708249453162, 0.5363721223044969, 0.6567321638125238, [0]
-34.803128668335766, 0.569991420464288, 0.5789646891806814, [0]
-34.61367616790344, 0.6888177095154165, 1.0126550061113673, [1]
-34.33663301949609, 0.694468632370278, 0.5250093300713049, [1]
-34.55092064816386, 0.7004932291914421, 0.774498390732725, [1]
-34.41164703161439, 0.6971965320312923, 0.703526881550883, [1]
-34.694557499340604, 0.6678098565910027, 1.2789131291748828, [0]
-34.56630091787423, 0.5579375143391284, 1.0538598468416136, [1]
-34.465211015593475, 0.7364626161884689, 1.2661710178788166, [0]
-34.288712062936526, 0.6967275357892725, 0.7572048598961112, [0]
-34.16300119258614, 0.6439611181382864, 1.0454728465482286, [1]
-34.65049427896397, 0.7427645545925933, 1.1496574732092883, [0]
-34.501488076437774, 0.6334979323610063, 0.731647356628363, [0]
-34.449121610253876, 0.6268607689810648, 0.7927216830578558, [0]
-34.248412809824075, 0.6263063935703327, 0.8574971690923117, [1]
-34.519588163242055, 0.654870187436827, 1.0477522939369108, [1]
-34.52116084047904, 0.5651442740979125, 1.1074660969913783, [0]
-34.55700233768939, 0.77685331269161, 1.0026066015824917, [0]
-34.788717951158404, 0.7348834612019398, 0.6518670544322581, [0]
-34.39747649862924, 0.6212051971065721, 1.277084733012666, [1]
-34.50501900692944, 0.6801393642020149, 0.7335006674118884, [1]
-34.54451563219717, 0.5842017581435316, 1.1924864649729885, [0]
-34.478680384204715, 0.682866310014672, 0.819790602217928, [0]
-34.396066675643816, 0.7123981469489763, 1.007951020306582, [0]
-34.6738225645639, 0.6900018951305399, 0.9616116739513052, [0]
-34.38750602766774, 0.7280288538213178, 0.9535639767276595, [0]
-34.48752410144853, 0.7262872066828858, 0.8426982677083845, [0]
-34.45682202461235, 0.4939925164543058, 0.8741366066276348, [0]
-34.36056148265798, 0.7023580406876082, 0.9375012868342201, [0]
-34.37555775581531, 0.5717238085381459, 0.915322903292156, [1]
-34.36549430253923, 0.5638059555716176, 0.8682510393608708, [0]
-34.39048462293167, 0.5432325683698204, 0.8756647610504206, [1]
-34.6636530969659, 0.6021507425378815, 1.2028578404249097, [1]
-34.6076826999735, 0.6504775417921912, 1.1554263791784722, [1]
-34.54093098648758, 0.5564504062444376, 1.2354742393675555, [0]
-34.21925724368175, 0.6993259084192306, 0.890701334770782, [0]
-34.1812537760724, 0.7628959931711768, 0.9366786238425906, [1]
-34.978788941875386, 0.6116047309576721, 0.7037812565173875, [0]
-34.802873711795904, 0.6703824236989393, 0.8212486636891578, [1]
-34.32348056202925, 0.6605434198237363, 0.9805939983370411, [1]
-34.157206351679356, 0.6940726759076032, 0.794221396814744, [1]
-34.25002519249315, 0.6824645947268887, 0.8378116178203764, [1]
-34.156250895162664, 0.6806054936693487, 1.0047215725183118, [1]
-34.39437686857707, 0.6919346458512163, 0.9835389405472632, [0]
-34.11131522512775, 0.5537431460914235, 0.984109723966479, [1]
-34.44544398182981, 0.5529998936071888, 0.860093570602719, [1]
-34.55808035215681, 0.7160604874020455, 0.9286923787730587, [1]
-34.91298161699072, 0.43841471315649455, 1.0648735649163217, [1]
-34.20749817726285, 0.6494153269881731, 1.1032121147764835, [0]
-34.48674923243216, 0.737281807672757, 1.194069977791997, [1]
-34.285597222045034, 0.6156089316782549, 0.9758370876849781, [1]
-34.3455720891081, 0.5292939611075869, 1.1874308105006497, [0]
-34.73327793912794, 0.6954718601065155, 0.7351000779044012, [0]
-34.61353968223383, 0.6118521849599117, 1.121427159608011, [0]
-34.41878339843022, 0.6598558451732168, 0.870204908539521, [0]
-34.26330337760332, 0.6453676379084287, 1.086884090308704, [0]
-34.76879248221205, 0.7349716273020582, 1.1135351737548815, [0]
-34.3966463007014, 0.6478854889293758, 1.0654235943417785, [0]
-34.75089270649418, 0.5613567367942547, 1.0271423615701862, [0]
-34.40691332134098, 0.7489919998843124, 0.7302295373416692, [1]
-34.67795462547422, 0.5318259198235072, 1.0187912838350872, [0]
-34.846855383788125, 0.5465872739977401, 0.6927895339585389, [1]
-34.27375253646598, 0.682941160550535, 0.6673084731553536, [0]
-34.59697944172146, 0.5438372759096057, 0.9088881849364283, [1]
-34.44500678616329, 0.5347138506349546, 1.035887902007319, [0]
-34.238836773313224, 0.6554295489269251, 1.168299492360378, [0]
-34.70025608396797, 0.5457788963270953, 0.5813459236869012, [0]
-34.272260914123535, 0.5825249660201633, 0.654140253822354, [0]
-34.35817730454637, 0.5634962064617245, 1.1442668647886136, [0]
-34.79909448522611, 0.6579472567121116, 1.1372900643674708, [0]
-34.57425181704832, 0.6064797622269612, 0.9560372460840254, [1]
-34.36812662836851, 0.6354139169178061, 1.081135191877191, [1]
-34.206868617287746, 0.546240300423754, 0.9218919139283888, [1]
-34.2110432528816, 0.661572660169761, 1.1481649592800813, [0]
-34.19031859293571, 0.6442261301868153, 1.0767005130346838, [0]
-34.41346084979427, 0.6881017127321739, 1.0841024324043387, [1]
-34.39259319721102, 0.7547268360360071, 0.8176297448671801, [0]
-34.19522894097087, 0.7460761669039564, 0.8521858114712655, [0]
-34.363870179660914, 0.5362999378143833, 0.8343535796572299, [0]
-34.49493943153203, 0.571930699414327, 1.1307694889137307, [0]
-34.26735416882544, 0.5800853192238883, 0.7370050564426953, [0]
-34.33268636166326, 0.6197937948489263, 1.0902443040655938, [1]
-34.62690157170583, 0.6562177665020106, 0.7828915964342148, [1]
-34.37292919876802, 0.5421984423891234, 1.0291691026518341, [0]
-34.134012140929016, 0.6156143981353958, 1.0526801041918206, [0]
-34.22640894940427, 0.594756228170761, 0.80528492412167, [0]
-34.323153679933405, 0.7441694113060235, 1.0021104340279898, [1]
-34.4301315679452, 0.6530240238719383, 0.9301970942305983, [1]
-34.61617437030797, 0.7165117847460896, 0.7085029599533195, [0]
-34.76160789164127, 0.6409450520050738, 1.073179961930641, [1]
-34.42187053233481, 0.6060554480621758, 0.691755248479187, [1]
-35.57734162076179, 0.44215225829937604, 0.8007561718419647, [1]
-34.25450187780903, 0.664159935676293, 1.1287593799485063, [1]
-34.70952423764688, 0.6266692794109123, 1.0530524290229684, [1]
-34.567208385899065, 0.6346156491863092, 0.949267642977933, [0]
-34.231248631912095, 0.7010474755659507, 0.658659524594253, [1]
-34.49900915693475, 0.5535788046321655, 0.6577371958552127, [1]
-35.180274064380896, 0.45607721596589484, 0.7101140549361677, [0]
-34.725779884841074, 0.6419688642250584, 0.8721327949074895, [1]
-34.56582272592971, 0.567887423460272, 1.099798173001004, [1]
-34.1873447792385, 0.5067046277031051, 0.8370314095089763, [1]
-34.4994112279311, 0.681946602981595, 0.7345252025659427, [1]
-34.32427059760905, 0.656206526753421, 1.1148626697352486, [1]
-34.24632354971242, 0.5128299309945593, 1.0926554637662027, [1]
-34.667817686825046, 0.6166262323939428, 1.2125061186191348, [1]
-34.35584337558593, 0.572619767064269, 0.7648133342442863, [1]
-34.7719832635076, 0.7486723068009709, 0.8827479177559547, [1]
-34.34794994684692, 0.6638941840271322, 0.7031848638512571, [1]
-34.4287630396702, 0.579717831096481, 0.7456433391840849, [1]
-34.34718362347596, 0.7302274162498092, 0.7891061414685909, [1]
-34.28332807876675, 0.742363001099161, 0.8230598361414536, [0]
-34.23965677598555, 0.5062042418300126, 0.865828346747183, [0]
-34.879983310865555, 0.6297226724201318, 0.9364627439458386, [0]
-34.29046337838915, 0.6635791968180347, 0.8167309990700992, [0]
-34.51359298398824, 0.5200475053894567, 0.903965441737029, [0]
-34.115334441514804, 0.6493775498260131, 0.8303993156850301, [0]
-34.79156147143574, 0.44442338278820803, 0.7592572571247859, [0]
-34.48361326432021, 0.7213020497018569, 0.8427495273264074, [0]
-34.75847480234484, 0.46409073941102813, 0.8596072783368539, [0]
-34.632366437448596, 0.6002789216553117, 0.5394312859248729, [0]
-34.269957862999604, 0.6911056798463027, 0.8560141702922852, [0]
-34.78378147249846, 0.5800404806243153, 0.8807531998495473, [0]
-34.31603486384103, 0.6613609157591928, 1.1307971915459327, [0]
-34.443353948783574, 0.6892082216811796, 0.8704249783756149, [1]
-34.23022307090932, 0.5882555534478456, 1.049824635565632, [0]
-34.68631082380548, 0.43532322965939274, 0.726122952290247, [0]
-34.28444248559042, 0.5124172685993961, 1.051383185060118, [0]
-34.84259331187193, 0.5832615083895393, 1.1336822803965452, [0]
-34.50714521410591, 0.6439494528565551, 1.1827112527043937, [1]
-34.938831548679914, 0.717701659468278, 1.211574212501086, [1]
-34.626512030840296, 0.7297515953682843, 0.9759754789030198, [1]
-34.54676406849004, 0.7071095146758262, 0.6632311124852509, [1]
-34.41617658673429, 0.6599412153124161, 0.8526077657342808, [1]
-34.383977404287705, 0.6973987736903251, 1.1597329927895703, [1]
-34.315869006783856, 0.6042235869306719, 1.1178557598213086, [1]
-34.68720993632039, 0.6351408878596155, 0.9684453550982912, [1]
-34.61270236699055, 0.7395849491276825, 1.100516861501597, [1]
-34.22709066438307, 0.6566991267398763, 1.1027469039378441, [0]
-34.24730130729448, 0.7092698970762421, 0.826823913482988, [0]
-35.12519498655619, 0.6284015332580803, 1.1220711768187914, [1]
-34.46821606916182, 0.5295789731520646, 0.9225936710706454, [1]
-34.59001740703141, 0.6293884641521799, 1.2497099140685015, [1]
-34.821713969600125, 0.5232604528849782, 1.1989924283930975, [1]
-34.38845860253318, 0.7410192347114206, 0.8133904522131079, [1]
-34.774678965119385, 0.7226529886364824, 1.2969477560127882, [1]
-34.226170942914514, 0.631755549139289, 1.0074605999816528, [1]
-34.56381336415116, 0.546867193033269, 0.817655893336376, [1]
-34.42295082383079, 0.7524110342604956, 1.0232014547253574, [0]
-34.093177001548774, 0.634951412528134, 0.8723269946546762, [0]
-34.41047670203247, 0.7488882031556602, 1.043272292374001, [1]
-34.69314230056563, 0.6083699566894007, 1.0466436475269785, [0]
-34.32608442733167, 0.5907474122917724, 0.6626492144268048, [0]
-34.32135988785425, 0.6626704837831847, 0.85788560071531, [0]
-34.723683078073584, 0.7433329106896819, 1.236369647113849, [0]
-34.256274773022334, 0.6313674384243686, 1.1697950933490755, [0]
-34.31445247592232, 0.5019252664187569, 0.9024377775768802, [1]
-34.54480693287302, 0.543095859005368, 0.7223547260160331, [1]
-34.230856112610624, 0.5400888761669514, 0.9687364673523253, [1]
-34.48137182024009, 0.7269153794462071, 0.9379492488730993, [0]
-34.26945324975517, 0.7770322761192574, 1.0032157362659966, [0]
-34.279718797377676, 0.7307514566522719, 1.0270822364815955, [0]
-34.26682055641906, 0.6051616704156945, 1.003538553712085, [0]
-34.37315699177229, 0.5777375401356848, 0.6391392547395236, [1]
-34.36096394290555, 0.6112709703617161, 1.126574154481288, [1]
-34.23323000943668, 0.5831728675793075, 0.9406387027545837, [1]
-34.11400902318984, 0.6151552503835216, 1.058369806693844, [1]
-34.81689434306443, 0.6393533615799308, 1.0526272345443006, [0]
-34.40673661312415, 0.5999019657585092, 0.7186778203882526, [1]
-34.2992730773606, 0.5161916923834526, 1.2004661816069215, [1]
-34.358874576035035, 0.6405421830250875, 1.0084603468662336, [0]
-34.26522095401166, 0.5954376562777488, 1.071155024370474, [1]
-34.552894473884905, 0.6078040881930104, 1.1909737252842574, [0]
-34.78714463663888, 0.6343448474817999, 0.9733695456762567, [0]
-34.106476861156985, 0.6377622969831855, 0.7791038101543963, [0]
-34.16244999668699, 0.5780417136667336, 0.8923603930894348, [0]
-34.45594140997156, 0.49452262813480463, 1.293246333448849, [0]
-34.22128723984251, 0.5839561994321414, 1.0764562757530325, [0]
-34.48744746278656, 0.6425940311497107, 1.1102159915583656, [0]
-34.010280483183536, 0.6925234499463825, 0.9639780944633586, [0]
-34.49401997661889, 0.5322228047740242, 1.0212125020717266, [0]
-34.18504024511423, 0.5822657465330187, 1.1104871243045757, [1]
-34.31251738289481, 0.6131306631904383, 0.993223314594644, [1]
-34.612281785763734, 0.6790511637143679, 1.1410860639733198, [1]
-34.17991894937499, 0.6963508043653379, 0.9750409309002948, [1]
-34.26805566462961, 0.6415453914237331, 0.9529649312773341, [0]
-35.246198176710735, 0.6775194584938667, 1.4089454842779752, [0]
-34.749678123590186, 0.3825594405982128, 0.7259734502078008, [0]
-34.46174505097764, 0.6939121484706743, 1.2977817304138495, [0]
-34.499613543110286, 0.6845483491983999, 0.7517550085211693, [1]
-34.3566714100524, 0.7208410637536153, 1.0753974240920012, [1]
-34.26688482823637, 0.6587013592294653, 0.9171599635404417, [1]
-34.75199320789365, 0.532819797117129, 1.2758470362684542, [1]
-34.40112749878321, 0.6357616006372862, 0.8182068618940497, [1]
-34.83673964878537, 0.4652397244806505, 0.89873429639911, [1]
-34.30225372150406, 0.5594709161390984, 0.908350751652116, [1]
-34.230819839847044, 0.6349562749950752, 0.7647611764360785, [1]
-34.72619665146566, 0.5653675768512576, 0.8740169885288824, [1]
-34.98629773546332, 0.38565451501548886, 0.6599497644163084, [1]
-34.23274128173823, 0.5946233915608335, 0.8705887790192819, [1]
-34.72729802404677, 0.6173085882836886, 0.8794093146582594, [1]
-34.50979348418037, 0.8461737956134562, 0.8577901859899989, [1]
-34.509316856584114, 0.6503576444654761, 1.1808023254305782, [1]
-34.47387237598232, 0.6409663075505329, 1.0191920128809822, [1]
-34.75378739283865, 0.5848716118166889, 0.8669186877447893, [1]
-34.60027121864324, 0.6195321334287343, 0.8492094497654324, [1]
-34.58380048857948, 0.5951137176317104, 0.8432946469589804, [1]
-34.91224932282132, 0.6629441965065375, 1.1702908504322451, [0]
-34.37296193385375, 0.5647715745870293, 1.0991144247132845, [1]
-34.37633526032641, 0.7887659429775118, 0.9621383691097283, [0]
-34.60688928139513, 0.5699223508717397, 1.0994699948822457, [1]
-34.55674841160142, 0.4759526998364833, 0.8668231037856463, [0]
-35.39648557909637, 0.5937022682046358, 1.1484713364077432, [0]
-34.37737350847948, 0.6024090956404948, 1.1112938978902729, [0]
-34.3811462648013, 0.6259721585500831, 1.088372622719156, [0]
-34.48860014160607, 0.6039217971510102, 1.1154698780556023, [0]
-34.61278501834682, 0.6509570383081948, 1.1871864342384515, [0]
-34.394539472061716, 0.7208533011636968, 0.8162718903181952, [1]
-34.609147979627494, 0.7216302670915749, 1.1126100120767433, [1]
-34.33960240754211, 0.7016167371789617, 1.0631886839440805, [1]
-34.50867329049884, 0.5952963350666767, 1.1582324179337344, [1]
-34.25700675244668, 0.625188068254493, 1.0808575102217288, [0]
-34.23795779379981, 0.5892594210924574, 1.2407649190329013, [0]
-35.30410651507838, 0.44288330481079513, 1.3632481807564083, [0]
-34.193009482503065, 0.6701478448040888, 0.9698351700071477, [0]
-34.68772257895148, 0.6870380986591291, 0.9995365627304038, [1]
-34.06661279955724, 0.6653460712028119, 0.887911214693648, [1]
-34.25179351338191, 0.6655820782852606, 1.0433045925398376, [1]
-34.20345789851202, 0.654014282988688, 0.8373322281524269, [1]
-34.31031270429046, 0.513937157534492, 0.9524700583202776, [0]
-34.112324508193154, 0.5513926867928344, 1.2455007731427776, [0]
-34.1614207193999, 0.668418364088781, 0.8671524470253255, [1]
-34.4687179502608, 0.6710937231459253, 0.9379171139741961, [1]
-34.509434420736916, 0.5356160035516322, 0.9997371949865612, [0]
-34.35235319988941, 0.697622868797593, 0.7121086313517808, [0]
-34.442543998046474, 0.5178653230424826, 0.892104997303586, [0]
-34.648662785796915, 0.640025399639896, 0.9635627052657163, [1]
-34.231832508387065, 0.6486438926872868, 0.9581006165093762, [1]
-34.62450983075346, 0.6625203239356164, 1.5623301511578087, [0]
-34.17590069300593, 0.63307931451406, 0.727040035837927, [0]
-34.3429832334175, 0.6374172350733828, 1.1333331450343453, [1]
-34.52803585425805, 0.5991495591675948, 0.7399084549206656, [0]
-34.666843503667266, 0.7172461673606133, 0.7202877986498144, [0]
-34.525448980208225, 0.612217166624087, 1.3020484927089806, [0]
-34.728243669945854, 0.6354056349400867, 0.9023852618854947, [1]
-34.232540013496475, 0.6151509422755883, 1.3937776865989486, [1]
-34.76386287719726, 0.5218368038756268, 0.8360285337539651, [0]
-34.08688875915135, 0.633683206056277, 0.9843067238526475, [0]
-34.57751027292634, 0.6128978006495468, 0.9893562330143431, [1]
-34.30595869365148, 0.5895520703449154, 0.8068084492076038, [1]
-34.51337507250593, 0.5622379044097257, 1.1823614222067438, [1]
-34.572346695661466, 0.543780715507179, 0.7946905967235167, [1]
-34.37364691273512, 0.5606621590207589, 0.9789789108927485, [1]
-34.29466275026022, 0.5824687123093415, 1.0683505451552446, [1]
-34.19956197372938, 0.7739966915678861, 0.9102901967818812, [0]
-34.415225709232665, 0.6376561801976356, 1.1620117016519946, [0]
-34.6244324978446, 0.7190361314633221, 0.9837100369387086, [1]
-34.526250067589004, 0.498417400789794, 1.0156097383384561, [1]
-34.52816507007442, 0.6020536580445985, 1.0451124000026024, [0]
-34.34255914547477, 0.5231090544658121, 0.5353182771860454, [0]
-34.63742274006263, 0.7239421432620999, 0.8431425575827224, [0]
-34.87043903916171, 0.7513541310100703, 1.0016306967773738, [0]
-34.13178741724721, 0.5478922632274665, 1.1249948023201588, [1]
-34.3293661203531, 0.5639044973993133, 0.9489368197384678, [1]
-34.54845454089187, 0.5954640247577886, 1.023338110052207, [0]
-34.86724119859873, 0.47248731365861135, 0.9547062100722058, [0]
-34.17908185868201, 0.5955509819539794, 1.0644088793073803, [0]
-34.230933509408956, 0.6888123002869704, 0.9521954890728522, [0]
-34.498242618738686, 0.6511455014004444, 0.9214172355952104, [0]
-34.284861081724394, 0.5820597028367729, 0.8900013996493858, [0]
-34.30847437433316, 0.5538100405951866, 1.0632552557150445, [1]
-34.27286594867561, 0.568159367867402, 0.7361821533599637, [1]
-34.24375884842973, 0.6065730288887138, 1.0388036054238448, [0]
-34.60924641944753, 0.5911010424225948, 1.2051301822684695, [0]
-34.87896023004267, 0.5954733050898344, 0.951530443206754, [0]
-34.25717252213691, 0.5529570531018166, 0.9141247571767863, [0]
-34.277691985902415, 0.5426495223803457, 0.8284223516997632, [0]
-34.636250360433884, 0.5683822448832987, 0.9684456236990034, [0]
-34.86101020336376, 0.5815165146540459, 0.784320391547062, [0]
-34.62477536589042, 0.5475464855339172, 0.8191658549892834, [0]
-34.48346119245852, 0.5267567336566732, 1.1710210810331823, [0]
-34.55823512581291, 0.6271953259831546, 1.257965980593159, [1]
-34.27205407386098, 0.6083486210176475, 1.1441312886798116, [0]
-34.434786355061945, 0.7197149579458887, 0.8861237531382049, [0]
-34.482266410133896, 0.6558487693105672, 0.8608540340425154, [0]
-34.239342673394454, 0.7202185882409886, 0.8471638344608174, [0]
-34.36505876338487, 0.7325306865690259, 0.8708080054948754, [0]
-34.4191967990823, 0.7446465173709519, 1.0085807933488407, [0]
-35.187461846231116, 0.7096001475836222, 0.7454981362264685, [0]
-34.79924184811313, 0.6274606538809684, 1.222008100092986, [1]
-34.1676771620808, 0.6674769764039107, 1.111658985421642, [0]
-34.4941401425528, 0.6186556853866183, 1.1459878099446903, [0]
-34.3298578355905, 0.7172332553568599, 1.0149095259633285, [0]
-34.038369206636105, 0.572348784699214, 0.9700058363594738, [0]
-34.620133435324746, 0.6212116963842943, 0.812954389111433, [1]
-34.5121160663705, 0.5590512848383784, 0.950924263867245, [0]
-34.485188059914, 0.687906120282659, 0.8709631164564923, [0]
-34.77681808055586, 0.6512779229894365, 1.186942432510965, [0]
-34.25793752711405, 0.7261811248576048, 0.8951711143233938, [0]
-34.599124501663795, 0.7684144421477542, 0.865534261606246, [0]
-34.42514622279995, 0.5273739417399437, 0.9175091885743333, [0]
-34.478593083974246, 0.7245952941341178, 1.1461616508047425, [0]
-34.9564715438918, 0.7200042036523119, 0.6448432194668174, [1]
-34.31741132166466, 0.529560781103727, 1.1829551210202243, [1]
-34.285243544964615, 0.7456464954894609, 0.6485243750095081, [0]
-34.45687586407837, 0.5572260688378259, 0.8823223155324688, [0]
-34.26977576425827, 0.5860385245181653, 1.110314978680555, [1]
-34.4237145345914, 0.7024715691102931, 1.0026552685658467, [1]
-34.8654199631988, 0.7465900629326541, 1.0126592805667738, [1]
-34.53428746718387, 0.5852303890147992, 1.096846413008162, [1]
-34.2219054376334, 0.5862380574927865, 0.8732532671862981, [0]
-34.333318541267275, 0.6789434881100688, 0.8509829974902914, [1]
-34.49921214693772, 0.6114422293072532, 0.791289217019868, [1]
-34.27312490306202, 0.650305998215194, 0.8645099258738568, [1]
-34.446886171056654, 0.6184600841356214, 0.738254667452613, [1]
-34.775194634289186, 0.5124239628787679, 1.1062400455862766, [1]
-34.67392352133325, 0.6476456192025604, 0.8203523265430988, [0]
-34.24735793294128, 0.6675299380007788, 1.0564177395755185, [0]
-34.691038149788106, 0.6530598694290102, 1.1469237536339374, [0]
-34.73364483970275, 0.5595984238831959, 1.0176197373431894, [0]
-34.68532305359731, 0.6026659822755381, 1.046938971618548, [0]
-34.25030727903455, 0.5630572660942036, 1.268212017373278, [0]
-34.41414671479406, 0.6613595449525561, 1.196874099796428, [0]
-34.21161018726534, 0.5526200553105917, 1.054895341699516, [0]
-34.09933998598487, 0.6865151315529454, 0.8336063483245597, [0]
-34.87989177905703, 0.5963227217000666, 0.9036527005686836, [0]
-34.188261183911834, 0.569937713787392, 0.8643999271054611, [0]
-34.68616809670429, 0.582367603165397, 0.8265276358529955, [0]
-34.21371269362028, 0.6810381667598094, 1.1366247385432913, [0]
-34.77578002206904, 0.5732211364686577, 0.7607825877951295, [0]
-34.52493555055748, 0.6714484940143507, 0.7973080185108012, [1]
-34.490033160393985, 0.537097729567056, 1.0831594938280857, [1]
-34.30880671423182, 0.6576685509437259, 0.8298039402510934, [1]
-34.381603207217836, 0.662986574531, 0.715848796392003, [1]
-34.600827166663784, 0.7029023611484437, 0.9126894829382519, [1]
-34.80225391580773, 0.6460617700894928, 1.1280976881940723, [0]
-34.41377818235438, 0.5468082213783996, 1.0584749168818834, [1]
-34.215678440129686, 0.5476070329837008, 0.9579426458810345, [1]
-34.26821557136455, 0.45338846010516415, 0.834186817885711, [1]
-34.229684675404386, 0.5945059748912215, 1.1518452002803425, [1]
-34.29985340223747, 0.6818382382016354, 1.0188753740065004, [0]
-34.612959447465485, 0.6130071609051538, 1.1361378342186337, [0]
-34.460674026825984, 0.530212835179809, 1.2918497427465303, [0]
-34.59558976339556, 0.6993998760419379, 1.0422291992239516, [0]
-34.78608319756136, 0.6589810060341518, 0.6875184199084666, [1]
-34.825394998864105, 0.4273046051599114, 1.1251241892526411, [1]
-34.79466065554139, 0.7901609959099868, 1.0617923092983133, [1]
-34.47048443706031, 0.6598695805052822, 0.9876542961608844, [1]
-34.3569133253155, 0.6266877349016404, 0.9988469119021601, [1]
-34.315814724908726, 0.6763695388084661, 1.075882631903113, [1]
-34.41045964087582, 0.6356463259551207, 1.0237056901297625, [0]
-34.15938303053264, 0.6722269095165628, 1.0339628111920467, [1]
-34.65642877870165, 0.6944235772045197, 0.9744771092056354, [0]
-34.625960686699564, 0.5937561046465325, 1.144557469634585, [0]
-34.38407267035857, 0.686421898909729, 1.0084507423243818, [0]
-34.625426636240874, 0.6363009871353315, 1.1657592093914135, [0]
-35.23231237499455, 0.4463113841877975, 0.8276107851482881, [0]
-34.519946564759536, 0.6986151041362922, 1.1714078565228034, [0]
-34.038787092039335, 0.6128735052700919, 0.9374526098113283, [0]
-34.50250839974521, 0.6402217653162283, 0.7802471656293222, [0]
-34.399800254698526, 0.5121378432552925, 0.8067298322975156, [0]
-34.33365159782719, 0.5250740622337028, 0.6953161306360143, [1]
-34.177255515505266, 0.5521310469670475, 0.9009807498361615, [0]
-34.56192387964592, 0.5249073230797722, 1.076157215840389, [1]
-34.34363722401578, 0.5710258158548746, 0.7765128694504709, [0]
-34.44580538626834, 0.48265502645487474, 1.049628140144237, [0]
-34.272945890415635, 0.6663815216706475, 1.0260934804057673, [0]
-34.780668859172025, 0.5695204694775893, 1.3373078627862003, [1]
-34.68090129946818, 0.589157098806772, 1.2976379764318733, [1]
-34.22662258662159, 0.6182685860255529, 1.0022386551845153, [1]
-34.45615907635278, 0.6006550795705792, 0.9921730536779414, [0]
-34.82784670088551, 0.7371411909917565, 0.965119364903178, [0]
-34.645118154429426, 0.6725169317378911, 0.9588412498850645, [1]
-34.46612024258118, 0.6411574401878392, 1.0578092483648276, [0]
-34.67614020846943, 0.6389322381206665, 1.1185481146125016, [0]
-34.37578295609035, 0.6564809838521323, 1.0454838169368683, [0]
-34.49070180092089, 0.6927742648219903, 0.9394996384984665, [0]
-34.789060663502916, 0.6036790198075814, 0.784264672335899, [0]
-34.316067352125856, 0.6909654524687969, 1.0640644730737159, [0]
-34.309229139874375, 0.5608797516066143, 0.9375900038032451, [0]
-34.32206706024714, 0.664543473697368, 0.9462642450712171, [1]
-34.23236658747096, 0.725115216484745, 0.9173129627448512, [0]
-34.18515668394844, 0.5624920036013639, 0.9313627093191347, [0]
-34.47795152352363, 0.6611546849933236, 0.9061902735842551, [0]
-34.41849567711203, 0.7020890752265653, 1.250791109770971, [0]
-34.60661843860881, 0.5979058212267903, 0.7641295558517248, [1]
-34.7857955759236, 0.5819607237416525, 1.1340998961387294, [1]
-35.00024237801681, 0.6395928517964724, 1.1973051970045314, [1]
-34.23278463648074, 0.5048532112934758, 0.998936031576467, [1]
-34.43815047412325, 0.5498400073425929, 0.9579233047427829, [1]
-34.302487238737534, 0.7041470753790301, 1.0399028992673867, [0]
-34.24156762178973, 0.5945955249328497, 1.1884197272725079, [0]
-34.319060503231334, 0.6412283139873454, 0.8349475819633803, [0]
-34.847127738146675, 0.6628819714790157, 0.7162802109389972, [1]
-34.236717220153785, 0.5988493280548435, 1.0152646790327862, [1]
-34.53679329775005, 0.5705145661973111, 1.0561287743299304, [1]
-34.105028387022614, 0.6694449587814693, 1.1996905911146878, [0]
-34.45147099916711, 0.5161210246387222, 0.6798103415945062, [0]
-34.78500862042705, 0.624227397269608, 1.008532175635251, [1]
-34.34418964142604, 0.5415764031735871, 0.8548396974091858, [0]
-34.6614154541375, 0.6261523791863913, 1.2896784940849453, [0]
-34.40809371583033, 0.610603813619458, 1.089056143253027, [1]
-34.250337126973776, 0.5473291028403291, 1.0146960852348683, [1]
-34.41169687898016, 0.6693904950873509, 0.8802055182891306, [1]
-34.824536862077025, 0.606708397527445, 0.8438079558455971, [1]
-34.509499238377906, 0.6207238087968339, 0.7403861152298533, [1]
-34.965807068988376, 0.6488428408118797, 0.8302613638952947, [1]
-34.52784517496395, 0.7431809763990623, 0.9718178262917163, [1]
-34.56137613392705, 0.7807479576710449, 1.0209911132189522, [1]
-34.17613064334019, 0.5463632491677594, 0.7958028762324892, [1]
-34.29139893597567, 0.7652067662942743, 1.0810242902541107, [0]
-34.19548604085068, 0.663013355359949, 1.1087220288078363, [1]
-34.197177338772555, 0.5716898196965631, 0.7529456061912022, [1]
-34.29092220644537, 0.607428716194047, 1.0933138773848468, [1]
-34.304342716878836, 0.6137829059362745, 0.9288115876077205, [1]
-34.26920637454763, 0.5933060557363025, 0.8445546962613543, [0]
-34.27307920023691, 0.5119310391785672, 1.0196396544275732, [1]
-34.709424365010285, 0.5834515312569482, 0.822755003038877, [1]
-34.58318199022047, 0.7721115592736205, 0.9863320245404121, [1]
-34.60650162626193, 0.6406706237998543, 1.2831315030482702, [0]
-34.9863646356692, 0.6471152348298749, 1.0942502764869328, [0]
-34.66821243966882, 0.6429211214486328, 1.2195120010548357, [0]
-34.52993829558716, 0.4279003480210488, 0.7848027168342286, [0]
-34.50057851302494, 0.6716816800262132, 1.0485613154167654, [1]
-34.98553412315896, 0.5368666541743978, 0.7196560951495242, [0]
-34.610880261636765, 0.6135137688619589, 0.6208195429396501, [1]
-34.13050681694348, 0.6525032765576898, 1.0373947257199876, [0]
-34.64828275034358, 0.7118294139393369, 1.1726249234603394, [0]
-34.257356778282514, 0.5964392017538992, 1.0381075445724575, [1]
-34.21678953043573, 0.6738584148796671, 0.8972589894617705, [1]
-34.372514488280125, 0.5300755657141542, 1.1676857441892978, [1]
-34.434503517243584, 0.6901388960364201, 0.9681107695406447, [1]
-34.41434765789948, 0.5377778704094854, 0.9567868386322212, [0]
-34.29960781919074, 0.6475032957605831, 1.089081379847507, [0]
-34.058097265130094, 0.6414551825658186, 1.0601041548131525, [1]
-34.52255933596185, 0.6526843391850737, 0.9526707046018338, [0]
-34.32025932162102, 0.5970875066393553, 1.0272042482146857, [1]
-34.7021500873475, 0.5530695499432544, 0.9393304427054321, [1]
-34.23147445934792, 0.5282174907046703, 0.910171507527732, [1]
-34.24104370646082, 0.636615188326775, 0.7670281486726598, [1]
-34.30400510833052, 0.6011148801553555, 0.9830368588135071, [1]
-34.57738657086202, 0.641519423626025, 0.8324949075111102, [1]
-34.6880710388269, 0.6858227808891889, 0.9801041726039171, [1]
-34.38833913840168, 0.7301497008794803, 0.9366407577180441, [1]
-34.641773330923215, 0.6227109675456701, 0.8925199897662411, [1]
-34.67594856531479, 0.6725422972406035, 0.9183345354093593, [1]
-34.212815810066274, 0.4954490641770142, 1.1153264264921678, [1]
-34.2744215173777, 0.6351634426022901, 0.8639321967511797, [1]
-34.137653598188436, 0.6794546347626161, 0.47422682384269527, [1]
-34.31038506957262, 0.5889922297794297, 0.8099363757560746, [0]
-34.61766794153592, 0.67656204596002, 0.9812436578779995, [0]
-34.53406856818379, 0.5881081045958582, 0.9407837142157769, [1]
-34.42465519517345, 0.5262344610986207, 1.0885672264833313, [0]
-34.395429814544954, 0.7143460499481511, 1.0146837934852555, [0]
-34.51613837975159, 0.6015713206160148, 1.081547552222765, [0]
-34.79503101083365, 0.7426449288950918, 0.7801161523049479, [0]
-34.452077044201054, 0.5789979046738671, 0.8064552388402523, [0]
-34.35657568628787, 0.575168430698461, 0.9701310728545722, [1]
-34.49567106916745, 0.5624772482099556, 0.8542660539163778, [1]
-34.34420941056908, 0.6292636573882973, 1.1937769233339324, [1]
-34.452159030406605, 0.7040349481895523, 0.992074763214731, [0]
-34.658777666954805, 0.5113391576944438, 1.1817513484374569, [0]
-34.35856790803271, 0.532597894015512, 1.248724230079255, [0]
-34.2062042310159, 0.5536037580469754, 0.8461903182489586, [0]
-34.41194827488726, 0.6968747580138915, 1.0093269520292834, [0]
-34.7378873845588, 0.6519496063427992, 0.9620963574620847, [1]
-34.285865492511654, 0.6679819665956757, 1.0527520925764522, [1]
-34.31270525695464, 0.43300278360614003, 0.8478488847707881, [0]
-34.28712199009944, 0.5638417886703215, 0.8683970908252928, [0]
-34.24631649057003, 0.6949662616960819, 0.9012121012580427, [0]
-34.68522688708346, 0.6085960578989196, 0.7591000440106446, [0]
-34.577926711254506, 0.5855032876862752, 1.1530307695754347, [0]
-34.22697603965577, 0.6180437240898953, 0.8154169642119706, [0]
-34.28685947132302, 0.6773511321314039, 1.0110491093253804, [0]
-34.7955008056826, 0.6675329005258572, 0.8448235935608215, [0]
-34.50515981365141, 0.5470533075198564, 1.0286248803039857, [0]
-34.45094070842501, 0.6921076108453257, 0.7266466483809231, [0]
-34.471473681931066, 0.7046457891546898, 1.0037499721215126, [0]
-34.13298172816543, 0.585068520589154, 1.095810963177061, [0]
-34.570212979515205, 0.46822587189871095, 0.8899376710497545, [0]
-34.83665432195201, 0.5329580562748655, 0.9157837838772886, [0]
-34.58396571703258, 0.4309337689366941, 0.8314852819638443, [1]
-34.54067823079287, 0.6979503662604426, 0.9846665091184967, [1]
-34.33105152112115, 0.6329361765508528, 1.0066366968298814, [1]
-34.308418591520926, 0.5992438104590926, 0.882662656167977, [1]
-34.20395334777912, 0.6863846544355705, 0.8849529692016197, [1]
-34.25975633083033, 0.5294446888169152, 0.948278492772269, [1]
-34.272262397161924, 0.591581564704538, 1.0579901151825473, [1]
-34.22155093034288, 0.6833682034042596, 0.6836612900727225, [1]
-34.652401998853264, 0.5367987444057206, 0.943979501864547, [1]
-34.23975463981849, 0.6424579250853948, 1.2187009371429158, [0]
-34.921208131763215, 0.5824703267005467, 0.8152210420824616, [0]
-34.53909765356976, 0.7011889529023191, 0.9515944621517681, [1]
-34.52610905266775, 0.7127820052484296, 1.1068318771701398, [0]
-34.341119493826874, 0.6119728891194531, 1.225175697628054, [0]
-34.997500052889386, 0.5284822087260261, 1.2401888219689474, [0]
-34.22430779296845, 0.6867321519815037, 1.2015510094607524, [1]
-35.26620205544259, 0.3699775796111496, 0.7580199179108229, [1]
-34.32483581945759, 0.6220820042583681, 1.0145561762769373, [1]
-34.323856760859684, 0.6837631111503413, 0.5904787984182268, [0]
-34.68836568117493, 0.5030168296282578, 0.5817994350435597, [0]
-34.32766812213075, 0.7200954805956179, 1.2245601920053406, [1]
-34.08577160694955, 0.6592880868163663, 0.9883666121096231, [1]
-34.41536114651603, 0.6001925196320327, 1.141337064077652, [1]
-34.54103165778284, 0.5960139794964106, 0.7451185796155944, [1]
-34.38944890977198, 0.6063517789826738, 1.1928489642082378, [1]
-34.06565293565121, 0.5587243579968167, 1.0140479210969546, [1]
-34.369416266635895, 0.5991081808277913, 0.8586248741551944, [0]
-34.376290839172235, 0.5574079802420013, 0.9207924151433016, [0]
-34.55306057040558, 0.6695463186424896, 0.7225920876165558, [1]
-34.31838560272086, 0.4991784800028342, 0.9397966383353851, [1]
-34.303086011395294, 0.5666363932967909, 0.9719393247091489, [1]
-34.468203121275714, 0.6930231226956327, 0.9562989587320593, [1]
-34.48148812995462, 0.5027238410170921, 1.042527193064734, [0]
-35.6693559347643, 0.7613209025128154, 0.6664342785480627, [0]
-34.17810974881104, 0.5480455051741255, 1.0197549174155738, [0]
-34.5271967801956, 0.5922575554973708, 1.1941115768753983, [0]
-34.31473455905169, 0.5405640894769703, 0.8219330488646532, [1]
-34.70488679555085, 0.6218075937296721, 1.0645580207628216, [0]
-34.26983720432119, 0.6282623558545306, 0.9854725560314925, [0]
-34.44683718375053, 0.7328409713072607, 1.0051589926263862, [1]
-34.67280580455408, 0.6300604398819101, 0.5475336990746449, [0]
-34.19272826620529, 0.688789726703751, 1.082814895423869, [0]
-34.28391329996954, 0.5305189217254498, 0.7507248121810953, [1]
-34.67739821045712, 0.4894532027310596, 1.0719172277352522, [1]
-34.50420162848014, 0.6908043291142302, 0.9420166089709711, [1]
-34.23393328058781, 0.6698374757190085, 1.171472796171259, [1]
-34.424842837093365, 0.5343585115978059, 0.7866150735111163, [1]
-34.32306364329943, 0.5067402325306618, 1.0458934852131416, [1]
-34.8770841871036, 0.5924069763983026, 0.8999167620906308, [1]
-34.45803899822337, 0.7072686459770631, 0.5905422629819629, [1]
-34.764112339402814, 0.6722773414166853, 1.283838914246844, [1]
-34.555772210612176, 0.5646157752479746, 0.77370883946954, [1]
-34.61706591954295, 0.5406022156427106, 0.8942481515823425, [0]
-34.455660029182376, 0.6020124467412091, 1.0521626076974755, [1]
-34.436409399515725, 0.7558670167555681, 0.7653931660135807, [0]
-34.84591210071903, 0.5834606071443198, 0.8019668399164148, [1]
-34.70778996341638, 0.6481929645960461, 0.9197121299259654, [1]
-34.75918837318664, 0.6730858443768886, 1.1975325857876402, [1]
-34.416614606282515, 0.5529672193480029, 1.083254591258172, [1]
-35.0195534557198, 0.8641207674806188, 0.9964952553674702, [1]
-34.26684886830187, 0.5978859906499406, 0.9284276892759682, [1]
-34.410805141082456, 0.6421153031476763, 1.0856751153243385, [1]
-34.088561994659706, 0.621338508764379, 0.9784986427850714, [1]
-34.38255113042438, 0.6753671081081818, 1.106247165970912, [0]
-34.553272403968, 0.5660715231253708, 0.7944290594128404, [1]
-34.29910633633944, 0.6857789936930896, 0.9477503824849232, [0]
-34.423328952852515, 0.6811054564443304, 1.4786542400581077, [0]
-34.71586006771975, 0.636608002094224, 0.9426500348560435, [1]
-34.621704279557235, 0.4788135105878303, 0.929475526781028, [1]
-35.04859883938289, 0.6303732967866863, 1.020969088806905, [1]
-34.21026227889454, 0.5375148142406749, 0.9942071431211678, [0]
-35.191473453601446, 0.47509888954411944, 0.744990514537506, [1]
-34.18222361103697, 0.5382274006116313, 0.8182300858474686, [0]
-34.26786925464481, 0.6250678984657709, 1.1569098390630916, [0]
-34.31351780726779, 0.6482920007380394, 1.180238246989318, [1]
-34.76528349339235, 0.5985490089658292, 1.2373903108065885, [0]
-34.19796857123271, 0.5647547288032472, 1.003263419310191, [1]
-34.85621548212305, 0.501546071834327, 0.6880000988899149, [1]
-34.280687505935575, 0.6814393085765346, 1.1329025678247566, [1]
-34.173518038376656, 0.600941264062053, 0.8352858887469365, [1]
-34.564251746500865, 0.6561670179171302, 1.081342136437093, [0]
-34.442239024656885, 0.6726189116610487, 0.7040853364496569, [1]
-34.927497613685965, 0.5337753972377208, 0.9550169047640631, [1]
-34.82059201529275, 0.5713842178569809, 1.035975294466224, [0]
-34.9817364857494, 0.5416534132933977, 1.0979112648792169, [0]
-34.23530443280604, 0.6303716998885107, 1.0143680674599762, [0]
-34.19762141911363, 0.4486977501055821, 0.9193319926596675, [1]
-34.46954325341327, 0.7168511643401403, 1.2818064451164228, [1]
-34.40546674855251, 0.4844077156451162, 0.7925829759420261, [1]
-34.443440606176104, 0.5792904377328427, 1.0187316792264247, [1]
-34.95114832192445, 0.6071993192993006, 1.239668277052446, [1]
-34.35695952319464, 0.659851797946211, 0.9839089711488316, [1]
-34.09941963466932, 0.6799336224840974, 1.006193584504778, [0]
-34.373453407324675, 0.5603218474541668, 1.180622314958863, [0]
-34.24156376639862, 0.664139489317153, 0.8618940604073012, [0]
-34.39857420065594, 0.6344355999496321, 1.2014681305150319, [0]
-34.78886476742019, 0.6751870905711651, 0.7219901308169226, [0]
-35.19383452336084, 0.5536582215766491, 1.0938924598716606, [1]
-35.251672396903835, 0.5608127623270303, 1.1027164411819026, [1]
-34.477432742427915, 0.5698748486822166, 1.0650892944305352, [0]
-34.47356524356715, 0.6904452484658055, 0.8959897583885966, [0]
-34.990173980560584, 0.5481412112986547, 0.9477443924532438, [1]
-34.89542247783934, 0.6610052074075379, 1.1929531559455373, [1]
-34.49843978753731, 0.6674693971153722, 0.6488121227977693, [1]
-35.159340442240804, 0.5515990982379833, 0.987466658620715, [1]
-34.395420336640335, 0.5404814630663421, 0.8579755260191241, [0]
-34.392732579532996, 0.5903241287973826, 1.034265914929815, [0]
-34.99372878012929, 0.5541039488206858, 0.8769442942447252, [0]
-34.5636630633705, 0.7154906362216841, 0.9095193737678994, [0]
-34.31461565248989, 0.5377113152008787, 0.7174759649120235, [1]
-34.53172276689922, 0.6320332984882209, 1.2743771657982788, [1]
-34.50797301964804, 0.6347820053193287, 1.0818963159178066, [0]
-34.449383298620305, 0.6168041342911619, 1.1613386185959247, [0]
-34.1433151879478, 0.5739501969951538, 1.2989194685074776, [0]
-34.35986861771786, 0.5145317201960217, 1.1216961805029642, [0]
-34.3905131569899, 0.607143366059047, 1.0734750735812333, [1]
-34.54931624267229, 0.6227402213111017, 0.8974338747999423, [1]
-34.43771502555968, 0.6037609057287195, 0.8461169070951422, [1]
-34.61957106797774, 0.8044492109094707, 0.8621393027063357, [1]
-34.1720595174643, 0.5421098903157413, 1.0626884948188458, [1]
-34.70918444229556, 0.48468487208586986, 1.07420260017036, [0]
-34.435195662044286, 0.6847806248333067, 1.0560621672687187, [0]
-34.59692065566821, 0.476829401969155, 0.9625932709794591, [0]
-34.89523217109058, 0.5741909666019132, 0.6415989307937724, [1]
-34.329584183413225, 0.5369270389448716, 0.952684902138635, [1]
-34.57746188211192, 0.7483875755679658, 1.1304093037523992, [0]
-34.45150690530725, 0.6585610878111564, 0.7874827197022658, [1]
-34.78745040959008, 0.6915941481650081, 0.8375642536628759, [1]
-34.354760990078596, 0.6994186072401439, 1.1247989807548218, [1]
-34.93840684458613, 0.587058998428307, 0.6468633077676931, [0]
-34.84287391482557, 0.5497385784458507, 0.8616475050849816, [0]
-34.32535204095148, 0.6087591913340474, 0.9270060681440357, [1]
-34.78880430790847, 0.6301521060583022, 0.9280321145835451, [0]
-34.26588894877432, 0.6577703788864371, 0.9879289147693158, [0]
-34.413448425830104, 0.5409706892146215, 0.8485241060777948, [0]
-34.166486675994726, 0.5946847815911303, 0.9117263246153787, [0]
-34.43010335315858, 0.6659592443488321, 1.2886395000796906, [1]
-34.31240897317532, 0.6748756083131191, 0.801616299998224, [1]
-34.646548858947995, 0.5442462248604883, 1.0292876753301454, [1]
-34.51225620127969, 0.5896159092183422, 1.1926947480117496, [1]
-34.392886020216544, 0.4790670084864485, 1.024362813281018, [1]
-34.25361689124848, 0.512327933528658, 1.252686482204756, [1]
-34.44891264894821, 0.772827685031316, 0.9738400494683773, [0]
-34.413919752723864, 0.7608055403797247, 0.9083567876122205, [1]
-34.30698944932639, 0.582380386436973, 1.06023041629923, [0]
-34.33613517475344, 0.6015577996624263, 1.2296812840165436, [1]
-34.41545395884509, 0.5386776698089697, 1.0825814707042185, [1]
-34.28932738925261, 0.6229056924219873, 1.1012622492376574, [0]
-34.25600131885082, 0.6875837226248933, 0.9879267507635292, [0]
-34.578903795180715, 0.6688264879616235, 1.098202753123687, [0]
-34.567921645827, 0.5461531574256675, 0.9479375955230559, [0]
-34.42646644151738, 0.7434745060435239, 0.8970920517822689, [0]
-34.18192961423957, 0.7628482558723144, 1.0050189653481896, [0]
-34.51557820722633, 0.6023823493529722, 0.9320415355211762, [0]
-34.41082349168191, 0.6266725533627092, 0.9556894404298935, [1]
-34.401572637517226, 0.44333044287367174, 0.805017482786843, [1]
-34.68257594847547, 0.6362908629988683, 1.0481543649015725, [0]
-34.971610339347436, 0.6738190098228802, 1.0315862168969798, [1]
-34.3543280957773, 0.5053160089262366, 0.9479042322273957, [0]
-34.73496287223702, 0.5335571731863539, 0.9121329076827607, [1]
-34.36095755111071, 0.5783429750521232, 0.8447409093457681, [1]
-34.81936119264481, 0.5633862507704327, 1.0071538918140368, [1]
-34.56427229796391, 0.5758138843435785, 1.0792164312904444, [0]
-34.53559156953162, 0.5778273838973222, 1.0972217332901224, [1]
-34.524736234328465, 0.7145945089654561, 1.0545010581400054, [1]
-34.35335136636606, 0.5783696115720693, 0.8751112905961258, [0]
-34.64766953998799, 0.7241856312582962, 0.6496921504925213, [1]
-34.384808750250976, 0.6873312479790427, 1.116072197773802, [0]
-34.31755830875512, 0.6569461071075767, 0.9334946330464082, [0]
-34.21556886784017, 0.581446517207059, 1.0573486690268712, [0]
-34.50970097613998, 0.5209658389909698, 1.100234365810347, [1]
-34.76952630039759, 0.6025422922604257, 1.0321501184044086, [0]
-34.17446901885056, 0.6916033632724707, 1.1164192331833773, [0]
-34.510653464521255, 0.6300683819514401, 1.2200398586327066, [0]
-34.32264294755117, 0.6015678697778286, 0.9651048254342799, [1]
-34.207179913483145, 0.6417100777080844, 0.7917544649529866, [1]
-34.24461607244092, 0.5830560357087288, 0.950326086563783, [1]
-34.275087145725976, 0.654473985878559, 1.1170098662853194, [1]
-35.05581224620815, 0.6363600925211401, 0.9072692156255211, [1]
-34.5564281631956, 0.6044320841288551, 0.9493273404460844, [1]
-34.530641712931136, 0.46363723429573955, 1.0723202476996472, [1]
-34.39248098386909, 0.5290485403466181, 0.9799104456772063, [1]
-34.931854999646085, 0.6804830758962033, 1.1318814860339992, [1]
-34.90159749155279, 0.3975077398481253, 0.8861594871906529, [0]
-34.16010106363803, 0.6406004731165934, 1.1425365135503573, [0]
-34.73161632814511, 0.7422553043185756, 1.0158077452857137, [0]
-34.615947957222865, 0.6755053210750038, 0.8573577065051847, [1]
-34.32872415049988, 0.6600928263288216, 0.9720083211826757, [1]
-34.24664583212711, 0.6295130761525569, 1.0834872287809787, [1]
-34.81654504467462, 0.7217227314506883, 0.9986853111576124, [1]
-34.602258268140844, 0.7246086089991619, 0.8909727798444828, [1]
-34.78260393192637, 0.5656468155184815, 0.7977522837872555, [1]
-34.23609827268618, 0.5796774294271755, 0.8167131029099302, [1]
-34.64763160855046, 0.5633722647019708, 0.851979529519797, [1]
-34.439137192487465, 0.5004415755455013, 1.012209471593748, [1]
-34.67610621219584, 0.6965273582894504, 1.0267117888055577, [0]
-34.24026521981708, 0.6919604997842697, 1.1010493791679181, [0]
-34.60283347292912, 0.5434208080099513, 0.7347155591116769, [0]
-34.320515729821416, 0.616043952016687, 0.7494924752472829, [1]
-34.391413236414095, 0.5358123613981354, 1.1935098454220074, [0]
-34.28821534272136, 0.6229215968374531, 0.7507167926522977, [1]
-34.293115349189456, 0.5971551092936135, 1.0552188949810855, [0]
-34.60509756102722, 0.6048283438858366, 0.8061007862499884, [1]
-34.38322515602539, 0.6988013147097203, 0.7551271591168034, [1]
-34.34499372144241, 0.6631915374511341, 1.1835093971829465, [0]
-34.69815418771363, 0.7649195925014384, 1.0230978521054879, [0]
-34.560614296551314, 0.5907572247607368, 1.049571461635695, [1]
-34.94186130726332, 0.7094708683106725, 1.2196532491253644, [1]
-34.50439162955239, 0.6633352574098291, 1.1166350726249588, [1]
-34.171505318395866, 0.6167969151047704, 1.160465396698531, [1]
-34.39942874729497, 0.526675607404526, 1.0918544797338061, [1]
-34.595786488122044, 0.6213902402653629, 0.9623085644856543, [1]
-34.420029990819174, 0.5750879320916751, 1.011896301678945, [0]
-34.2677513113122, 0.5918995729726773, 1.1278868630259615, [0]
-34.83445080140183, 0.6474506477879082, 0.9724764600246998, [0]
-34.822872188992555, 0.42196285712300463, 0.5106344692525967, [0]
-34.10730017491897, 0.5946673376930266, 0.8845176004243858, [1]
-34.266946633791726, 0.5640176728823545, 0.9501665866366927, [0]
-34.363380267870106, 0.5537995389860532, 0.8307617176593023, [0]
-34.370110619661986, 0.6942191043895005, 0.8785300367425587, [1]
-34.34978678380105, 0.6694767016854152, 0.7978026907558037, [1]
-34.20112545897981, 0.6812103429088401, 0.7819850856135871, [1]
-34.129727485991765, 0.6948173038276281, 0.8913381088099507, [1]
-34.509732947982236, 0.6592767129941937, 1.2168533197220257, [1]
-34.377631433350906, 0.4744143221401841, 1.1263529112120487, [1]
-34.63506503283754, 0.5947306507341383, 0.8471239267739986, [1]
-34.12233843673, 0.5929891032283251, 1.0790329904608167, [1]
-34.383497392111536, 0.5139735687647374, 1.0567975785894557, [0]
-34.4402031064358, 0.617001154411181, 0.7667511974388592, [0]
-34.579950235506175, 0.47241023755856987, 0.9952570246360489, [1]
-34.48201959589148, 0.6975331167342331, 0.9326196454009094, [0]
-34.40582691985847, 0.6267036419877017, 0.5816419133137689, [0]
-34.43070867392241, 0.6688299099692714, 1.171892024994206, [1]
-34.34330841245024, 0.4329095130591256, 0.681163744635258, [1]
-34.89232121529165, 0.5138108042992526, 0.9924581293333472, [1]
-34.38946216978741, 0.6397910062421043, 0.9262342677207156, [1]
-34.51779214862762, 0.6529455130646284, 0.9385742130327553, [0]
-34.278215319767526, 0.6682295027517869, 1.0900854433869573, [0]
-34.44923322691665, 0.6732645387586268, 0.9566495553402667, [0]
-34.51312074243219, 0.76018595183245, 0.7258100351555636, [0]
-34.63978521736273, 0.70485376199539, 0.8615234930973519, [0]
-34.173956418001566, 0.6414527842344262, 0.8480774856549241, [1]
-34.20577229620392, 0.5589278123761932, 0.8150277541838302, [0]
-34.41525773856032, 0.7320270053778793, 1.0546936933932611, [0]
-35.006799766421665, 0.6404706374764656, 0.5328790741173375, [0]
-34.56694671463499, 0.49359840312009834, 0.8707914554892401, [0]
-34.413861962178494, 0.5170703942733794, 0.8628349148259065, [0]
-34.57470438915909, 0.6671421815190768, 0.924293541764363, [1]
-34.2662856186999, 0.5575023192824985, 1.0700995238921382, [1]
-34.19935417839417, 0.6440789207782068, 1.106274012189108, [1]
-34.57480769812255, 0.6092882726810501, 0.9122419167366916, [0]
-34.26860431982727, 0.7090719956740829, 0.8216674227230784, [1]
-34.75046705455854, 0.6264858240845319, 0.9137466298602975, [1]
-34.660181183416874, 0.6710261040022787, 0.8983327578965555, [1]
-34.20995855122725, 0.691034539972198, 1.0510938535714154, [0]
-34.22851282836303, 0.6000520553776533, 1.1556601003146016, [0]
-34.87023054418229, 0.6627926217738287, 0.8856899357240736, [1]
-34.293114532807955, 0.6398317082239124, 0.9921563069853447, [0]
-34.62899896855394, 0.6515038147973439, 0.6515910088835174, [1]
-34.77775758600814, 0.692024453842473, 1.051665033543101, [0]
-34.544619547749576, 0.655049576756519, 1.0897784882513064, [0]
-34.620410176892634, 0.6343277493787276, 1.047906320170823, [0]
-34.19362962229638, 0.5729956795533496, 0.9122540140598145, [1]
-34.17148915978317, 0.6086856197118329, 1.0450915550573863, [1]
-34.623356617045395, 0.5527372791561271, 1.022510803162725, [0]
-34.56136908090583, 0.6007245562484202, 1.1855600233621582, [1]
-34.388384179115135, 0.5675935973180704, 0.6700556713605454, [1]
-34.66759885120451, 0.5600866834270636, 0.8455961580311557, [1]
-34.34630726496558, 0.6417684204593643, 0.9294528947003783, [1]
-34.37720125835941, 0.536155829561252, 1.061070285561533, [1]
-34.75718899160284, 0.6025415916073047, 0.5294480247861285, [0]
-34.354651143351745, 0.5808035489541084, 0.818016543935393, [0]
-34.79146559743388, 0.5653018344655509, 1.1539959828564827, [0]
-34.92299624325158, 0.524195786971728, 1.2170164419475178, [0]
-34.36093993597747, 0.5545729797030037, 0.9109438253940638, [0]
-34.34329722753047, 0.5781163727523603, 0.9735177114553104, [0]
-34.1722930560067, 0.651023529434092, 1.0767947470887986, [1]
-34.33537678444723, 0.5419903979772513, 0.8101583489303693, [1]
-35.048006710281975, 0.5654124083935085, 1.1132046949191494, [1]
-34.11866664821967, 0.6497762057957619, 0.8220571588179021, [1]
-34.87719315614258, 0.5439206767050017, 0.8543214524840224, [0]
-34.49093153349766, 0.4017018690808021, 1.1541732036706156, [0]
-34.373055437848514, 0.6387979680492635, 1.1657824771304002, [0]
-34.43894353189686, 0.4960487383405248, 0.8534737971207236, [1]
-34.68136337008691, 0.7673997833022708, 0.9402963472781529, [0]
-34.82656327103855, 0.7327235264954788, 0.9018556883689179, [1]
-35.56695513178866, 0.6410075723210158, 1.2146040826652182, [1]
-34.702004853929786, 0.5910590279440748, 1.357860022917763, [1]
-34.53016989602948, 0.5685223322512433, 1.143170833402054, [1]
-34.51155932656116, 0.5567764171985095, 1.1564639993474797, [1]
-34.40931384264561, 0.603869012805728, 0.9528379357110015, [1]
-34.159234521475504, 0.5930670861809596, 0.7871662175304717, [1]
-34.349201780952036, 0.7111590442761307, 0.9628322919160199, [0]
-34.747583170952446, 0.589009446717501, 0.9951810779860382, [1]
-34.70582965263388, 0.7002233623390584, 1.0552137684058642, [1]
-34.18463844036992, 0.5807468344540143, 1.1953209502413744, [1]
-34.20859570656771, 0.7264917878185322, 0.872080827876117, [1]
-34.239402052915864, 0.6196158997048474, 0.8914527983510805, [0]
-34.35505064736204, 0.6086645513960988, 0.8746931794253325, [1]
-34.49219491171162, 0.5226362209040087, 0.8940399212158231, [1]
-34.38624055786509, 0.6993183796466975, 1.012970954941526, [0]
-34.44243089119432, 0.7041678722592218, 1.0040430578521322, [0]
-34.69655437788225, 0.5663271445267132, 0.8901770632179228, [0]
-34.2908438857375, 0.5188789345801648, 0.8351317572410197, [0]
-34.22332754083432, 0.6521408801388547, 0.8913248578298528, [0]
-34.39874989002498, 0.5523161369959132, 1.1275202079331437, [0]
-34.09299684475682, 0.6473530890502157, 0.9648047598439833, [0]
-34.31745295573981, 0.6491716105130351, 0.847926546454727, [0]
-34.15346798587238, 0.6620160069623585, 0.9406981150682919, [1]
-34.18843811427825, 0.6369845717319064, 0.9903637648710872, [1]
-34.71585653509033, 0.6067124534230113, 1.2006401548392036, [1]
-34.280528838636485, 0.5637404343210386, 0.8856413288685108, [1]
-34.47281542200272, 0.5473837958549885, 0.8344066325458593, [0]
-34.58036703939235, 0.574603968342539, 1.1544206859399144, [1]
-34.43314833126398, 0.6662900420651124, 0.8588559382442171, [1]
-34.40156198112057, 0.6057530010112091, 0.9952671594623541, [1]
-34.68292865034396, 0.6386548708884395, 0.7828564908280735, [1]
-34.22678730865818, 0.6249813425537611, 0.8351769719466513, [0]
-34.19774443988669, 0.708880073140154, 0.9362357493815717, [1]
-35.11729457430654, 0.7183897215905306, 0.6746631910912929, [1]
-34.21555909079274, 0.5006012181687041, 0.9348704888167332, [1]
-34.34348794857315, 0.5958930739017799, 1.0323692914076457, [1]
-34.27746479314902, 0.5300832732394795, 0.8983004304030018, [1]
-34.09572407742008, 0.6672749841462249, 0.8882761031474234, [0]
-34.24915088367784, 0.7286756104844679, 1.119324883381788, [0]
-34.47034993995019, 0.5409278166650004, 0.9212317874985578, [0]
-34.31482623933416, 0.6993249835965356, 1.087408767013846, [0]
-34.861900308715015, 0.5974920677045429, 1.060422220376022, [1]
-34.89339867874158, 0.545771675696422, 1.1751050762038504, [0]
-34.18217247879199, 0.5584076189211757, 1.016987065163351, [0]
-34.35880147107409, 0.7234424421622704, 1.0606354058623326, [1]
-34.81809061608293, 0.6405123226916253, 0.9096749557310657, [1]
-34.81816966877804, 0.5115544801015824, 1.0895169240229514, [1]
-34.365131779750136, 0.665206083150125, 0.9738487670120037, [1]
-34.14635281292215, 0.6182627377031531, 0.8228371942003703, [1]
-34.26638410622091, 0.5083672829974025, 0.8519360625487948, [0]
-34.19684470477167, 0.6225518420065448, 0.8558983448825748, [1]
-34.35636089064281, 0.6287656539142781, 1.195550062432679, [1]
-34.8331276290483, 0.46355091476181903, 0.48946637560939965, [0]
-34.516463936177665, 0.647153808129792, 1.0783514418923767, [0]
-34.24736925151098, 0.7506895419299531, 0.8874938627453405, [0]
-34.404284314055054, 0.7543399490154632, 0.8035795812892188, [1]
-34.71031359116916, 0.6062680304699203, 1.1603390091598436, [1]
-34.741628736881744, 0.6751228789183376, 0.86689625504049, [1]
-34.971167146146726, 0.5681320806449107, 0.9121066567651231, [0]
-34.41148625745559, 0.5794477135294663, 0.8527368565082465, [1]
-34.859766999914214, 0.6972035305878181, 0.985856545194759, [1]
-34.20946530050793, 0.6207844794999713, 0.6611695188902542, [0]
-34.49841994331639, 0.5876326007291923, 0.8492660292632713, [0]
-34.30403843745332, 0.7142071007766811, 1.1622783156862981, [0]
-34.641124358987895, 0.4463998360157095, 1.228661063708964, [0]
-34.31462752034382, 0.6023544087211767, 1.2746162980186202, [0]
-34.4754098650408, 0.5940172314037054, 0.9660469488638395, [0]
-34.532001456496836, 0.6789326273304681, 0.7799682913542522, [0]
-34.63991308319551, 0.6263891096597157, 0.6374206566128958, [1]
-34.3659530569265, 0.4431976854755669, 0.9736950263545319, [1]
-34.392362835066834, 0.6809080863379494, 0.7570514989253635, [1]
-34.70003865126851, 0.46426310516971897, 0.8551576107158096, [1]
-34.28426731856637, 0.5715817743563033, 0.9232846870596793, [1]
-34.15633415744232, 0.6455690448277339, 1.0300641992371335, [1]
-34.16334549921418, 0.6291489773242178, 0.90848525218412, [1]
-34.17485963880378, 0.7102951827066664, 1.206392411904671, [1]
-34.85163644921789, 0.6884008536440098, 0.7954325838786913, [1]
-34.565344451945755, 0.5779846243975884, 1.1725123858033515, [1]
-34.61951191264546, 0.6063832300583059, 0.8097708600396414, [1]
-34.67458315236479, 0.6171480525320652, 0.9256789281691197, [0]
-34.353624220516586, 0.6063867530706429, 0.8533602225387662, [0]
-34.54268869260092, 0.603401194526817, 1.2916654061018296, [0]
-34.47776316433378, 0.7395600036776062, 0.5860858981262486, [1]
-34.30205201345462, 0.6217832734201891, 1.0474671931208044, [1]
-34.347001662466106, 0.5072740884972067, 1.0428704065653036, [1]
-34.56439685556692, 0.7064162391615502, 0.7774359796038299, [1]
-34.30317688566282, 0.6004485086105219, 1.0475635860689947, [1]
-34.1448366607389, 0.7591381407925764, 0.9441871913795146, [1]
-34.296151310469845, 0.6599730960054068, 1.0067243105708639, [1]
-34.61251161037472, 0.5431018325378411, 0.9029605304792722, [0]
-34.49275405142493, 0.5947184277641095, 0.9996120612733732, [0]
-34.735706681065686, 0.7528543271471487, 0.6611007968206701, [0]
-34.85749880326423, 0.5229775722495672, 0.8307503774330519, [1]
-34.36628869712387, 0.6918809737838966, 1.0657174659304118, [1]
-34.42609629268119, 0.7091092575982163, 0.985066577594454, [0]
-34.35828648109771, 0.6359891732672651, 1.174635096149009, [1]
-34.484073804030324, 0.5061981218300857, 0.695846620212516, [1]
-34.86791314312031, 0.4443667022674824, 0.8011747816898327, [0]
-35.10446960223954, 0.6032857150636814, 1.403891305211154, [0]
-34.5294938244897, 0.49187786350996615, 1.067136994556024, [0]
-34.71682738117361, 0.6037058641448226, 0.9212506603057853, [1]
-34.61104618037431, 0.6473787032168979, 0.8208637199213024, [0]
-34.62221154200402, 0.5899219677329565, 0.8772589724960846, [0]
-34.281666074793954, 0.7154888869323489, 0.8940434717542415, [1]
-34.72696392299661, 0.656973269570806, 1.1006902747945628, [0]
-34.355757726220254, 0.6309714717356391, 0.7464528847748789, [0]
-34.272747909110684, 0.5568464687676475, 0.8238782734627196, [1]
-34.47261692258139, 0.6705933112857638, 0.9440472622635926, [1]
-34.26125981806895, 0.6131039269140511, 1.1577156671613544, [1]
-34.531605227655305, 0.5695315024864154, 1.0803899267494048, [0]
-34.71576658419503, 0.5641011237995207, 1.1911541862794803, [0]
-34.415701982615836, 0.5681318421701945, 1.1707773874980787, [0]
-34.137825114216994, 0.5587444197294908, 0.8848461371991485, [0]
-34.19294426285834, 0.553730368438139, 0.7504666964665713, [0]
-34.353185010277656, 0.6840917863289648, 1.1069741263043045, [0]
-34.22694745426804, 0.623407519556212, 0.8339052941369851, [0]
-34.35686830180077, 0.6954092649999642, 0.9949529716084314, [0]
-34.46547506706434, 0.6874965267997584, 0.9847850031654023, [1]
-34.61676010076793, 0.5411495683154929, 1.1810822114463724, [0]
-34.32331873250982, 0.6306254106829507, 0.8364313698865317, [0]
-34.302787446101426, 0.6781242610166696, 0.8501016253678819, [0]
-34.91440168911654, 0.40490741943275166, 0.9292708170107566, [1]
-34.336627631686696, 0.6928743081071284, 1.037031685379072, [0]
-34.4988658147757, 0.6680022965323504, 0.985164953575407, [0]
-34.26321750290091, 0.5638251832813782, 1.0301647640438987, [1]
-34.55453809207663, 0.703391368632491, 0.9066585355515517, [0]
-34.34279287240292, 0.6110100710119163, 0.7918180405428015, [0]
-34.48363482965826, 0.5514280809882879, 1.138860009893995, [0]
-34.512486727598315, 0.6321275160072557, 0.6938527028934578, [0]
-34.619840896807766, 0.6907485006471465, 1.0096549416643632, [1]
-34.70401804730482, 0.5303849731601957, 0.7197493984665813, [1]
-34.46784643011602, 0.6752685108860932, 1.131285859605858, [0]
-34.24811389820061, 0.6305408712578258, 1.0616527288311504, [1]
-34.65837803187436, 0.4954774452308864, 1.0249571109510498, [1]
-34.22591568604848, 0.5477783085303033, 0.9208733315018008, [1]
