t=0.0016798443888850314
logZ_t=-2.3383585628828225
-9.318501275013721, 1.265415910734422, 1.1741322995899803, [0]
-8.675623904218025, -1.031990926772134, 1.598146045012323, [0]
-9.943678498766193, -0.0629680807971652, 1.5996518177715895, [1]
-9.383494399953893, 0.3402021571507795, 2.201153606571874, [1]
-9.354583884422482, 0.6505488737032746, 1.6672314877758565, [1]
-9.424811718324989, -0.06048255890908025, 1.1885052364497386, [1]
-9.933106997670746, 0.6233911920939779, 2.9055062401234, [1]
-9.721947347738915, 1.1964614117374452, 0.7322298316277669, [0]
-9.501444428934775, 1.1464892069593415, 1.9126451590481077, [1]
-9.301598821798276, -0.29194165779556247, 0.8923965225740241, [0]
-9.236456263037416, 0.8019703767144701, 2.0628935344693473, [1]
-9.594864293399054, 0.6256645287611994, 0.7689065380842142, [0]
-8.93172720868236, 0.574957685986188, 2.5989685196585093, [1]
-9.270010870710527, 0.26829142933402245, 1.3697895173470718, [0]
-9.315644783512347, 1.1194538147095408, 2.0998097032683285, [0]
-9.988334239865823, 1.2001432825790146, 1.7630756261063085, [1]
-9.708062588925328, 0.9938682379181413, 0.7625055293287493, [1]
-8.553751973104767, 0.402592598112196, 1.815045438884931, [0]
-10.41407568155339, 0.38266904150989123, 1.5644919016094276, [1]
-9.45487451111575, 0.2357271477681827, 0.16802685792426056, [1]
-9.689556781826644, 0.3652292926760148, 1.8515524746196035, [1]
-9.671799487027833, 1.0713135123954591, 0.8122503098968367, [0]
-8.609752835848491, -0.5925532032433644, 1.3108954920359657, [0]
-8.850478949004623, 1.060280204839341, 2.197507462140365, [0]
-9.51834477551974, 0.873098805825929, 2.3629575064265547, [0]
-8.42509496880509, 1.1053948437760683, 1.6993970650095538, [1]
-9.648968024049394, 1.3099900677582685, 1.5155275112468378, [0]
-10.156764911821641, 0.013105858155557537, 1.970023833865927, [0]
-9.441372548504576, 0.21056019913985868, 1.693452578339463, [1]
-9.759512070090032, 0.9068022573556924, 2.6832639764707817, [1]
-8.402972444003018, -0.5865538906389949, 1.8864716131197883, [0]
-9.746955561145345, 0.42724527807153806, 1.8315119562703448, [0]
-9.618195298893143, 0.4166902771626131, 0.62955582607583, [1]
-9.652407745887796, -0.3112619627682749, 1.2734651195997664, [0]
-9.989830341821875, 1.649881894432408, -1.017956882920624, [1]
-9.310002101732232, 1.135545084736174, 2.121506246811268, [0]
-9.691308701250376, -1.7423299727297514, -0.5406409821205079, [0]
-9.972919549941734, 0.17839157819392532, 1.4191117149965584, [0]
-10.99706712297641, 1.4706683027353096, 0.6137189100705207, [0]
-9.621721443733518, 2.4689916745166904, 1.213640037536905, [0]
-10.431327947880693, 0.9945150622697372, 2.62267197735206, [0]
-9.443771950525653, 1.1225765170752857, 1.873030121269143, [0]
-9.029280211365487, 0.29934140427979916, 2.7721593575380776, [1]
-9.58551802530885, 0.6753455902356529, 2.373778889166974, [0]
-8.650787824241268, 0.6951702534348598, 1.9958569121932705, [0]
-9.71305188538259, 0.7211801840196402, 1.9183502506500476, [1]
-8.651331412311137, 0.866049560618488, 2.7104025311518645, [0]
-9.893812507946462, 0.3459130324261062, 2.5293357900620617, [1]
-9.064165176181653, 0.9143159186435497, 2.130794792761112, [0]
-9.424826465197699, 1.2080350502773256, 1.6861140111417579, [0]
-10.078484372159853, 2.2952402826828346, 1.5822441421113855, [0]
-9.22936751886658, 0.8568891276186849, 1.4100805402336465, [1]
-9.491477020778252, 1.216845514241566, 1.040836805099644, [0]
-8.844293221937019, 0.9262327862211996, 0.7624070906347333, [0]
-8.983907497229922, -0.1903439463917007, 0.3325213866361765, [1]
-8.98737635427569, 0.4381036485729424, 2.524810121046909, [1]
-9.529678098448112, 1.8313919300050006, 1.527959331066316, [0]
-9.590120892314765, 0.7815876441471734, 3.0776666613388297, [1]
-9.55808169175951, 1.3471412299331336, 2.6926313574564276, [0]
-9.727927918193197, 1.0516141206521794, 2.603492626748805, [1]
-9.494447019582555, 0.4484318049479443, 2.123214363143206, [1]
-9.892784289882943, 1.1741816276248445, 2.0046327584051182, [1]
-8.83333738215397, -0.36942842295464207, 1.2567426745420476, [1]
-9.002501080390239, -0.23958948104906694, 2.027331853087849, [1]
-9.414142072720523, 0.8179081633653933, 0.15794991015641296, [1]
-9.265092374514065, 1.03747921008855, 0.9542034349524953, [1]
-9.511255203782074, 1.2806537646831773, 1.8209682499862732, [0]
-9.553398585706375, 0.6711310454043841, 2.1009741467478897, [1]
-9.07308732814512, -0.5413239347239351, -0.517751213424132, [1]
-9.479314789188983, -0.12151725163328075, 1.692704974902401, [1]
-8.739657716488782, 0.3801051003080344, 2.310879680780693, [1]
-9.777112967127966, 0.9505765323660573, 1.448109493702316, [0]
-8.642264625492409, 1.1881085181288014, 2.2358793622445425, [1]
-10.955189843295438, -0.42726511935373246, 1.5398967130379275, [0]
-10.00422332053034, 1.5108819634582886, 2.2509554520186192, [1]
-9.497416473373072, 0.7149735148033399, 1.1927205553710136, [1]
-8.895201675462593, 0.1771486428300144, 1.8163355187614916, [1]
-9.40486335373331, 2.163896125188367, 1.0117108777816144, [0]
-10.068928819480016, -0.21303120715662005, 2.6618407194710842, [1]
-9.24345746279928, 0.7265320183991422, 2.624888273287774, [0]
-9.413646103383318, 0.26189397435293726, 1.5364032205891658, [0]
-8.818656378943723, 0.12680919351943687, 1.9845508762524737, [1]
-8.92086377599549, 0.431364487756835, 2.0701895634047998, [1]
-10.49908680074556, 1.4688500784729652, 1.639745481413494, [0]
-9.889500038701751, 0.38009546696312824, 3.0866607343966974, [1]
-9.028224578867798, -0.8449258547464872, 1.3340268004837312, [1]
-9.363424571869677, -0.4969981484346848, 1.4681389663974556, [0]
-9.468661488133801, 1.1797949994109482, 0.9482769658955892, [1]
-9.7070995078972, 0.30814499409605933, 1.6356167619215707, [0]
-9.411065284089677, 0.30079287975668945, 1.1303249318330257, [1]
-8.80852888675879, 0.22683381694801186, 1.8568571614779237, [1]
-9.862091792707393, 2.962907161712576, 0.6715190001498366, [1]
-9.130381942575166, -0.09045342204050932, 2.2493107537929085, [1]
-9.209765607447375, 0.7347199114379125, 2.267341026797002, [1]
-9.927473837653947, 0.7392331226649838, 2.911646095638754, [1]
-9.243824800974686, 1.024498783308236, 2.982536900597136, [1]
-10.246206942372678, -1.1998798598387592, 1.360226532639182, [0]
-8.958382469570648, 1.1191029664066499, 1.4641649567348909, [0]
-9.506158706004143, 0.8230769377251406, 1.9178871472435608, [0]
-9.035829285666155, -0.7373109783651743, 0.30501882478999054, [0]
-8.971966019565109, 0.3219690916101421, 2.1222385153255083, [1]
-8.968922813554121, 2.461204125923228, 0.21926693887267446, [0]
-8.727490744863452, -0.23869631890125675, 2.0161399700362557, [1]
-8.6738000357864, 1.3903608867793742, 2.1742540234568275, [0]
-10.107047092259215, 0.18459884706112142, 1.7353419205225529, [0]
-8.948779805952878, 0.4585984872773373, 2.089150260269299, [0]
-9.23390245698678, 0.988412843474128, 1.098519181175905, [1]
-9.514655579717948, 0.9267873608499132, 2.17463861267691, [0]
-8.751445990531224, 0.8101977434787492, 1.026779995597535, [0]
-9.504804307870026, 0.931949235789924, 1.8894998631040856, [0]
-9.899683226580883, 0.31915164277513675, 1.4613720172175286, [0]
-9.095441232127975, 0.6667635688195053, 2.3674285414738185, [1]
-8.889312482429329, 2.1517078520846415, 1.782055860045746, [1]
-8.794703184848084, 0.2535333638395635, 1.7733563584553003, [0]
-9.684734684717936, 1.1649556692961236, 2.3763383607815305, [0]
-8.604527853124829, -0.7118059626651339, 1.7827175453925967, [1]
-9.091256758672698, 1.5596732691372395, 2.1619874476591923, [0]
-9.099572630640289, 1.504028487895162, 0.28213984699609895, [0]
-8.594790282786352, 0.11596690915301144, 1.141635981632903, [1]
-8.815024459322943, 2.304941433682241, 0.7577591989555302, [0]
-8.94027483062027, 1.373085810623339, 2.232462494021759, [0]
-9.140638816540905, 0.4930480721038639, 3.1521127577419668, [0]
-9.384287390831851, 2.0974522773067656, 1.6569688776442462, [1]
-9.008913187517514, 0.5007998751560121, 1.2919890147113486, [0]
-9.66740759684533, -1.0567044071646337, 1.5449323767372374, [1]
-8.79579089942709, 1.0504092314770899, 1.8903524239997003, [1]
-9.00215576082935, 0.10564137131912799, 2.4621492900209696, [0]
-10.049920803171362, 0.5233997106513728, 2.2714652106284796, [0]
-10.544630895575018, 1.410372284096286, 2.1175175095144176, [0]
-9.543731709099156, 0.8711575410889644, 2.0542549452172625, [1]
-9.173085386531863, 1.557292148003786, 2.0626723631518984, [1]
-9.144080032448429, 0.02335883640395564, 0.9358272060259183, [0]
-9.27957926644659, 3.5658755113336533, -0.7575801870972985, [1]
-8.810947804758651, 0.31294518448583175, 2.4647814832547175, [0]
-9.037067988207532, -0.5310496413566161, 1.0692398214596128, [0]
-9.669692314906928, 1.4185278449490002, 1.4337020458027538, [0]
-9.967568493733646, 1.0927539491363856, 2.333460624409439, [0]
-9.155070873459385, 0.7503070907715694, 2.2455428561239463, [0]
-9.201682082622373, 0.03287751645606979, 1.883125848341165, [1]
-9.35121782594144, 0.5605277035336945, 1.575616016576369, [0]
-8.550528291599196, 0.7894970350167376, 2.473047593130593, [1]
-9.195512671340161, 0.5127374071116867, 1.9866215806284013, [0]
-9.119093069787835, 1.0205095913584676, 2.221083108499241, [0]
-8.98440119116469, 0.3574186101301646, 3.34184782256731, [1]
-10.102813419838844, -0.49381356346122285, 2.1150720625334953, [0]
-8.594587609689913, 0.3652423562744435, 2.0311149789903467, [1]
-8.88939341657192, 0.7044221989714062, 2.3196355977403798, [1]
-9.818293655178836, 1.5269897792395275, 1.3517906284135568, [0]
-9.887627741949666, 1.3674828750455332, 0.452154487097735, [1]
-9.693987386626565, 1.2334950494176882, 1.507201746898048, [1]
-9.069042841752117, 0.4228347172995601, 1.0526469667489726, [1]
-9.094499430447028, -1.4059284375567587, -0.6930338525224121, [1]
-8.504002939295836, 0.41385261367668325, 1.0021092772452767, [0]
-8.726249798681156, 0.35304374393292715, 2.158759261413647, [1]
-9.40269378431853, 1.6904385759803509, 0.6453591162469831, [0]
-9.222877585477274, 0.5640733472898607, 1.5500637188986475, [1]
-9.004113743822577, 3.399654964065009, -0.3439009740614286, [0]
-9.709033067434724, 0.6911457697307689, 0.9913509561130429, [1]
-8.81750117127667, 0.012971665198373228, 2.5550802380372906, [1]
-9.904853594106601, 1.521311620138131, 0.5658362212845772, [1]
-9.191416090134936, 0.2558130458698481, 1.4551492317718469, [0]
-8.623453917371164, 0.7201270089725333, 2.0471537503750894, [0]
-9.505536355908172, -1.3207220339331136, 0.014765123754473253, [0]
-9.236685840206437, -0.5502959501463789, 1.7113634132626485, [1]
-9.4815681127626, 0.4003325312751182, 1.9648767450398337, [0]
-9.475693904778673, 0.7161244495117216, 2.0747006710025095, [0]
-9.387676387986778, 0.5438397747616159, 1.157516750148914, [1]
-9.00096567831914, -1.485874568684399, 0.645295326478928, [0]
-8.938154009474019, 0.20048854002429944, 1.5824545800515906, [1]
-10.009764495110042, -0.8024164811514067, 0.6257326249980668, [0]
-9.773143196529555, -0.1740480724088992, 1.8110086662056752, [1]
-9.615806893869609, 0.16625160889422785, 2.0382104980830853, [1]
-9.604997263248368, 0.1405174732922409, 1.8378461871568026, [0]
-9.173270589781465, 0.2311494212040127, 2.8700311418363835, [1]
-9.43306900587793, -0.515114948119352, 0.9196016665123194, [1]
-9.475232230618984, 0.6161629700277559, 2.2557147282507204, [0]
-10.984591468803696, 1.4396358900673334, 0.5296233318103035, [1]
-9.505717438233534, 0.18981197510432313, 2.1231314906229812, [0]
-9.66750215050649, 1.2096555573096368, 0.709259770074129, [0]
-9.514112389618823, 0.9930303835248562, 0.7797913173296396, [0]
-10.1347774507068, 2.8226667273585435, 0.6092901678462873, [1]
-9.194306482087905, 0.5646746341208532, 2.943992030590164, [0]
-8.792715122569353, 0.5445229041281395, 2.136275260757066, [1]
-9.773190378334608, 1.3164492074055878, 1.8612706326043114, [1]
-9.280189276089727, -1.973177423235325, -0.8534183149776174, [0]
-9.879434767827554, -0.25028205042989526, 1.4275166483077733, [0]
-10.509639983199447, 0.8127835090926661, 3.297911995191369, [1]
-9.707495396248198, 0.11981120272619838, 2.1567803989597287, [1]
-10.003126467860877, 0.3004754832343153, 1.3284123285423197, [1]
-8.649011855422621, 0.7402379378061209, 1.235691522011137, [1]
-9.449794149081077, -1.1995505672737563, 0.4956024930302201, [1]
-9.778362699572035, 0.7650504175492064, 2.780292325426678, [1]
-9.131869280982936, -1.3406844644030982, 0.2991616785459106, [0]
-9.489881942297368, 0.5087597175237599, 2.815971821573263, [0]
-9.327646511861975, 0.34823203583972573, 1.831283323922448, [1]
-9.275223579544678, -0.3282241084130756, 2.0592382386950265, [0]
-9.68310451633276, 0.2398276765478028, 1.0449621578520654, [0]
-9.781194442017652, 0.9949125894177815, 1.140530170011652, [0]
-10.111905716067279, 1.8718907935584104, 0.1717893076026198, [0]
-10.472264667854361, -0.4222179349985078, 0.6940418907286224, [1]
-9.594317817361276, 0.3029268034600082, 2.88258057856573, [1]
-9.992449167834582, 0.5758258798083332, 2.3035614678413543, [0]
-9.526479287840694, 1.5253121577676336, 1.6250632445545765, [0]
-9.651188519985942, 0.4300418751159246, 0.5808534727203796, [0]
-8.556105484168203, 1.2554260507149009, 2.9071185423919634, [0]
-8.93638767025572, 0.7949991406906853, 1.5597161225844494, [1]
-9.21992460853563, 0.5322944786103346, 2.221897221258606, [1]
-9.230350554954406, -0.3026949443890496, 0.6773543819802019, [0]
-8.499580253399557, 2.416196681280942, 0.8483224449736273, [1]
-9.947488802202963, 0.7009954634995966, 1.1348767812704859, [1]
-8.99509292833829, 1.0590065286387431, 2.0357897451263436, [0]
-10.504528826154365, 0.3692893914117046, 0.2795103349238828, [1]
-9.748559770926539, -0.9070410750218487, 1.0212262595463106, [1]
-9.329642580848063, 0.012295988769281577, 1.1114773523662884, [1]
-9.54423631456929, -0.19739956284031202, 0.4722344703087763, [0]
-10.589440310752963, 1.407656495468576, 0.692195068195268, [0]
-9.206105219789139, 1.0673106766186544, 1.1812928017708222, [0]
-8.632706724506848, 0.9825326791154307, 0.473978967853684, [1]
-9.235196400418877, 0.10962406776004374, 2.7485148516002553, [0]
-9.495539711089139, -0.05238312550266522, 1.0577525733951165, [1]
-8.230296065073023, 1.2078058803915561, 1.7277925324179324, [1]
-8.832593792821141, 0.8345052279857876, 2.5450351187300404, [1]
-9.206910175830437, 0.5197843270001022, 1.838728273685545, [1]
-10.189452752691198, 0.5966030483512901, 0.664314501505058, [1]
-8.84963487138428, 0.7635142846044343, 1.8362617772364178, [0]
-8.294057704973737, 0.3241291913414771, 1.5652704213021555, [0]
-9.32692237771781, 0.48005768692985495, 1.6018972864591805, [0]
-8.224935788495982, 0.07391258269904566, 2.415998658359834, [0]
-9.058120036092529, 1.8352801344229484, -0.8490892069664786, [1]
-8.930114344150217, 0.7181667433074093, 2.8923195095158407, [1]
-10.118492341300076, 0.12571013916759433, 2.2932620974694338, [1]
-9.15184695613731, 0.2682354298868212, 2.4685182332753546, [0]
-9.227917333191776, 1.550055806171828, 2.559856548635114, [0]
-9.422964779203754, 0.6077582386340246, 3.0371566074122684, [1]
-8.38751789297432, 0.017651650078206987, 2.170696679227367, [0]
-9.422125239131153, 0.6007205464999172, 2.178790000799319, [1]
-8.784880338006417, 0.718610210571573, 2.626844463394788, [1]
-9.310861801443219, 0.8816433653906892, 0.7987206222218526, [0]
-9.85230990773371, 0.3867444502077342, 0.30324807122625186, [1]
-10.18788035352868, -0.25572796450319657, 1.9829110764430877, [0]
-8.732746601827841, 0.557713593995415, 1.5193574467567452, [1]
-10.428268806481274, 1.3613113042622498, 2.5387133127041372, [1]
-9.684312465622474, 0.09321224781707127, 1.3124220088440346, [0]
-9.783071543052252, 1.7185498440844618, 2.8925988844405226, [0]
-8.891640586259518, 1.0190193612613632, 2.3772904444667686, [1]
-10.084460186149343, -0.326582117846582, 1.197459572597449, [0]
-9.697283823874187, 0.957671361362975, 2.1080392430489714, [1]
-9.198554020822758, 0.20444966032424955, 0.8417850682899692, [1]
-9.608029084582316, 2.0116526525784595, 1.4436427133676832, [1]
-9.59556543886475, 0.9303658202408678, 2.196190840837544, [1]
-10.286922784855463, 0.6821527950212647, 2.309574014512811, [1]
-9.536912864188253, 0.478326425789412, 2.349749379365596, [0]
-9.648766405246732, 0.9785362360875633, 1.632109476030663, [0]
-10.144734747197448, 1.587419589497462, 2.4000216639219354, [0]
-9.900673280231583, -0.07258923986873078, 2.500182462148073, [0]
-9.624278414719058, 0.11083009307143027, 0.880566944455073, [1]
-9.785948618372082, 0.2124845848196939, 1.7328540208336252, [1]
-9.169298126611555, 1.3820366178738555, 1.9708668138135175, [1]
-9.455825522656557, 0.4771537584375547, 2.8521657828507694, [1]
-8.861838512555495, 1.114573388419322, 1.8573568988347018, [1]
-9.027778001935701, -0.21589210657063607, 0.026375695371504915, [1]
-9.200901190679925, 0.9258586654170707, 2.8260254290080598, [1]
-11.892697149281004, -1.2277881275270155, 2.545795798527477, [1]
-9.47377051499879, -0.5225980310183567, 0.8057827571304619, [0]
-9.29189689504351, 0.2515264202109758, 3.186652546888489, [1]
-9.112955114398, -0.5253503161728031, 0.9484552229009948, [1]
-9.30614852829682, -0.016273124015803386, 1.6029074348852586, [1]
-8.569978584084625, 0.6761730311268289, 2.050522348911779, [0]
-9.601265961580745, 0.23484184696119492, 2.868519270865735, [0]
-9.548537162569776, 1.2388972522916295, 2.816632350257808, [0]
-9.893531484372955, 0.9501265550015553, 1.5428967531018287, [1]
-9.27763845456694, 0.23769842548248288, 2.0794515637247923, [0]
-8.758734416145293, 1.7732743425241697, 1.7758716519378208, [1]
-8.964299221512206, 1.0660969550097952, 2.753231441517064, [0]
-8.839018806180047, 0.5791531555321668, 1.3191303473383567, [0]
-8.768677993488371, 0.8407819793856375, 3.114275600906594, [0]
-8.849359046404388, 0.5845953717865358, 1.0241025471439542, [1]
-8.437583728129026, 1.3033604253107978, 1.905267247786668, [1]
-10.620706384681428, 0.0018476731488993037, 1.050893269223939, [1]
-9.676840352067586, -0.10105743358196795, 2.1380485481453975, [1]
-8.937461444710273, 0.6436141304420772, 2.364726517865855, [0]
-9.102070818585275, 0.7377359442118574, 1.7877796071153778, [1]
-9.597417494995879, 0.7574808096691836, 3.0033779032002297, [1]
-9.778312061173924, 0.988732602649605, -0.034870155442070394, [1]
-8.676188431897351, 0.20941176729348088, 2.23361386559865, [0]
-9.144477873481575, 0.6501693690651245, 3.426619627389499, [1]
-9.638195743621619, -0.4840865213379316, 2.0367706310325215, [1]
-9.126720336233891, 1.4656440103207364, 0.9405493175883579, [1]
-8.824313532473585, 0.7432460182787751, 2.481613711241927, [0]
-9.344227883822992, -0.21961497082882536, 2.2876208343930653, [0]
-11.219488195791008, 2.310270047861345, 0.9923767403123487, [1]
-9.451169124442009, 0.20983613751794716, 1.5789138651015773, [0]
-8.853576927731446, 0.39213309489698156, 1.1086571375391956, [0]
-8.588950390633988, 1.468927416480697, 2.2626811580826853, [1]
-9.501727091016308, 1.0046359559547635, 1.7959243400736247, [0]
-9.392571864495148, 1.5169495087498617, 2.309836381445043, [1]
-9.755579812493737, 0.10294341014869457, 2.867664463007449, [0]
-10.081010343079399, 1.6707261006340095, 0.5500312181666933, [1]
-9.866945796778499, 0.9961135829420682, 2.0085701394882527, [1]
-10.520313872316459, 0.1090712086336465, 1.9281836576271754, [0]
-9.314407764739713, 1.6688480990807586, 0.47736917262437983, [0]
-10.806966078336053, 0.8512554259611076, 2.447068405360711, [0]
-8.99151786834981, 0.18694532948013404, 1.3721359309461616, [1]
-9.53610167116429, 0.6409455186315588, 0.44929083132972086, [0]
-8.363337324337692, -0.28141900062350406, 2.5407836406557034, [1]
-8.823315323807448, 2.3425858242999302, 0.9343463064249953, [1]
-9.585544166631594, 0.5083181103296677, 1.8997035741531212, [1]
-9.729561711003702, 0.6927106325405787, 2.5698439175756835, [0]
-8.898722929609187, -0.36265032212951676, 1.3839477311866109, [1]
-8.40857944221638, 0.6348826221322251, 1.7291253974643026, [1]
-8.833955825936131, 1.5079300774129298, 2.104458147146116, [0]
-9.263937063887731, 0.5860877429993114, 2.5010405997568634, [1]
-9.223361100792928, 1.0357994217822173, 2.1386150283150753, [0]
-10.107335869583098, -0.4640566089502403, -1.190135304795072, [1]
-9.58876556043691, 0.47015049672846654, 1.4419455900112732, [0]
-9.235609830831216, 0.4384935493639232, 2.9672029801404953, [0]
-9.850089938797638, 0.5801293182572735, 1.86536560732825, [1]
-8.799138815588961, 0.7740769961004579, 2.6917262751479, [0]
-9.203752627144306, 3.800275606512398, -1.0397834393874736, [0]
-9.018987553923692, 0.5114577315880089, 1.9317091904006922, [1]
-8.621918487413662, 0.7139741245071964, 2.3082596479290443, [1]
-10.205806259370474, 0.2647275240622141, 2.005772756389136, [0]
-9.182318301673728, 0.658990667297971, 2.9478394432315067, [0]
-8.52146245339526, 0.1344756237693303, 1.1821287000432115, [0]
-9.123807995679337, 0.6809594614810625, 1.9488097252469123, [0]
-9.480758389325203, -0.8235235870351917, 0.3618972873092192, [1]
-10.259683848319762, 0.2712592622798737, 2.4086604895022536, [1]
-10.302995126925447, 2.04015143496549, -0.3328847202710048, [1]
-9.685319714394748, 0.23348408358341388, 2.5103599647344397, [1]
-8.6131848668252, 0.23218793977479524, 2.3129165193309955, [1]
-9.486124411506271, -1.0919987617067246, 0.6518668880426112, [0]
-9.432513538011552, 0.3670018700278973, 1.8717512711529996, [1]
-9.183827333455337, -1.2543543864622295, 0.3881957143474133, [1]
-8.64466649189915, 0.8431301744559618, 1.2034062071057372, [0]
-9.537526876821213, 0.8172621892332375, 2.156607153217012, [1]
-9.379712791561946, 0.8536712921242957, 2.807929286252926, [1]
-9.153645771377018, 1.9276731986607538, 1.4855079609483004, [0]
-9.537676995065468, 0.49777524083982233, 1.0454086470595758, [1]
-8.853097159073371, 0.7715753120750444, 1.3662950871316333, [0]
-8.711170023611094, 0.7960218886048496, 0.7191995595971123, [0]
-8.966800109551121, 0.5490181098108107, 0.6952126359791325, [1]
-8.955567782962188, 0.29391815922517994, 1.8615834944281286, [0]
-10.476850955632148, 0.15395779807133048, 1.6436473441999482, [0]
-9.455534880435126, 0.3889784632209079, 2.676776617825399, [1]
-8.744574368627859, 1.4036317921966042, 0.4704081183421669, [1]
-8.759077708097443, 0.5825525582779767, 2.8809585868760994, [0]
-8.508953922678943, -0.3209335794947449, 0.3376003074195616, [1]
-10.179903718399613, 0.5573337033007, 1.0444180618133045, [1]
-9.124112466157069, -0.26712847651750793, 2.0015110994541043, [1]
-8.736058718876365, 0.9638533402465406, 2.511761792937966, [1]
-9.474162693761729, 1.1298786750953995, 2.070434381731076, [0]
-9.340046205105745, 0.9020067336368089, 1.8310345450699619, [1]
-10.020656393888789, 0.6563011300419382, 0.8669903376000342, [0]
-10.006020262995959, -2.4479068738351053, 0.7807245793714144, [1]
-10.710440861493412, 1.4055565779495773, 1.9223076325281867, [0]
-9.623110472026292, 0.6976416174838616, 1.7218574474765291, [0]
-8.887912274881643, 0.7726773755570119, 2.5866255451638427, [1]
-9.126424724361526, 1.5688812582772287, 2.047383830633711, [1]
-9.496759065845053, 0.05044539955124261, 0.6430118929373143, [0]
-9.365496411993362, 0.6659902731645073, 1.5424608349069358, [0]
-9.33253618698186, 0.9462396398480624, 1.759588135766835, [0]
-8.810456738733171, 0.6529183576060311, 1.7367371480448823, [0]
-8.743736533776344, -0.4321936476959968, 1.4145113161935297, [0]
-9.199223808523245, 0.7334733431773932, 1.427125955675845, [0]
-9.220633064738688, 1.0106329021612337, 0.5880696965774741, [1]
-9.659734410454345, 1.5907059949815263, 1.8481639040097635, [0]
-9.76270833404904, 0.38761814978061515, 1.4948464302942277, [0]
-9.237322480992066, -0.8649209155942976, 0.7446573756424019, [1]
-9.265441504285546, 0.14498629821016462, 1.810407502443879, [0]
-9.228290922883133, 0.09252901002567415, 2.543298993434555, [0]
-9.414536021750578, 2.1058437075372636, 2.081713081307473, [0]
-9.526645730787266, 0.7942900548940852, 2.950206107652026, [1]
-9.090191683607488, -0.06020244793955998, 1.7878627589038096, [1]
-9.237181185833329, 4.882002974052773, -0.8393681467266225, [0]
-9.351552341883705, 1.9762483939927658, 0.08108087650265494, [0]
-9.610652076769137, -1.7060257221344877, -0.6002969923075634, [1]
-10.751713399175141, 1.0742990984088676, 1.4465981567013033, [0]
-9.85352200885331, 0.8323836879611723, 1.8622601507981753, [1]
-8.702074804645445, 1.1509827141428226, 1.1627264859998068, [0]
-9.802463100888156, 1.4033886920277991, 1.4879250669049071, [0]
-9.364047741359665, 0.11155488335840591, 2.3392575832815297, [0]
-10.203026361853937, 2.4902377951058954, 0.21682955969394335, [1]
-9.21966539987405, 1.2723454816427433, 1.933849600732947, [0]
-9.420959984844698, 1.1477270488556848, 2.2836678438919185, [0]
-9.624559225767648, 0.5243721824725949, 2.674670345011414, [0]
-8.547267314806684, 0.5231661346871531, -0.15395519744542915, [0]
-8.878097460536429, 0.12234425650319032, 1.9669869026387348, [1]
-9.280113177611845, -0.7111115635120189, 1.0793296140508732, [0]
-10.32435534369629, -0.36355588540799744, 2.14165633956143, [1]
-9.93251818567589, 0.5523359074133742, 3.0796094925074406, [0]
-9.30951381229153, 0.7178072323204576, 3.260063925477509, [1]
-8.74010930143077, 0.43222374065051095, 1.9335986397941363, [0]
-9.185137989520273, 0.952435555545128, 1.4148657986992927, [0]
-9.010361215875168, 0.8202998877343531, 2.9704991273833237, [0]
-9.534666963897179, 0.4134216861947202, 2.258024191283956, [0]
-10.020486366797725, -0.3803455544064503, 1.152800670757127, [1]
-8.895391133309989, 0.24133922159625987, 2.090691695454452, [0]
-9.037363700527983, 1.8438298437200995, 1.6601336958473294, [0]
-8.841897362072196, 1.0730506383188723, 1.994714779846324, [0]
-9.209523403889706, 0.14714471856839706, 1.949404876033338, [1]
-9.628547049226789, 1.1737006789038813, 0.8998381982444972, [0]
-9.676887049952054, 0.923181880042289, 0.8175538476192248, [0]
-9.456806250998499, 0.6273561890815812, 2.539887837829321, [0]
-8.727605190167585, 0.016668711144597004, 2.1710004911026313, [0]
-8.705329710722514, 0.7280376479284294, 1.6769380000880436, [1]
-9.454343048865729, 1.8882950439665804, 1.8041540007632317, [0]
-9.56888774022322, 0.8719110820569659, 0.5569894622831149, [1]
-9.033901285573801, 1.1165495690500638, 1.6130941306392421, [0]
-8.780423553588465, 1.2249777899568022, 2.3437512843580723, [1]
-8.94429259841466, 0.9856856734976318, 1.8314507357680307, [1]
-9.654733840504147, 1.4822773984664352, 1.5962305377759543, [0]
-9.05946927531913, 1.5687596619102342, 1.437979711143996, [0]
-8.532939165132323, 0.5463779556196172, 2.7261730197289227, [1]
-9.47976675027085, -0.9282285695151082, 1.205978084197625, [1]
-9.143885161096895, 0.18284093055255307, 2.645473663917411, [0]
-9.278896747823767, 0.7146150996573875, 0.7905773988699978, [0]
-8.958176721549519, 0.49697812659920326, 0.023122056766640697, [0]
-10.163690353149784, 4.276719055537503, 0.011481905252504698, [1]
-9.960956529014334, 1.5615139111201288, 2.2079122639119415, [0]
-10.475581027222018, -0.7093934418781332, 1.649953657933973, [0]
-9.765351938295815, 0.6421508049674943, 2.6055626143216983, [0]
-8.675082649283107, 1.659860026177423, 1.7236122071269688, [0]
-8.754917699606892, 0.5276190435376367, 1.5426641628631772, [1]
-9.79282225510568, 0.3367660726636199, 1.3818568611243698, [1]
-9.217153135047695, 0.6293576728706411, 1.1805090686429907, [0]
-9.513846647606, 0.7415806741984444, 2.7386757877668435, [1]
-8.715514685567204, 0.18519426178704096, 2.194819574124232, [0]
-9.953643055229103, 0.081582966679566, 2.21944378749338, [0]
-8.836443043463225, 0.9729480885567047, 3.394425287066875, [0]
-8.984655259994716, 1.4815933144988165, 1.47644547978122, [1]
-9.498597684140766, 1.1386918382296232, 2.0604055922384914, [1]
-9.09031830329824, 1.2425249122140216, 2.898822858213276, [0]
-9.141827942919589, 1.1265196146429572, 1.1133919187385688, [1]
-9.855962456728847, 1.4156193946115783, 1.79507689059282, [1]
-9.436048819525363, 0.9400747819355909, 1.8898976034212664, [0]
-8.655887648307742, 2.2002718728453434, 0.8914185725004092, [0]
-9.474431045108147, -0.5596747172553664, 2.1681869923099963, [0]
-8.547643912939545, 0.658253183244571, 1.4872804787399767, [1]
-10.053182506896842, 0.9605419764132782, 0.4442396321107127, [0]
-10.28512628979932, 0.8064150578426802, 0.56570144643542, [1]
-10.046421323815185, 0.6755808068926304, 1.7760532867121803, [1]
-9.25879342579214, 1.2458477817217573, 2.904014690598345, [0]
-8.628049034642869, 0.6971366355832787, 2.335274059130585, [0]
-9.764447397691088, 0.44851602064679563, 2.3862584932937274, [1]
-9.34937330131648, -0.27212460486929324, 1.276856823648541, [0]
-9.158392591408969, 0.5891949520006796, 3.022437773409182, [0]
-9.30098515680598, 0.2975463473911204, 2.5480258531190083, [1]
-8.48448380814284, 0.7558479664986013, 2.5197623812176464, [0]
-9.512721745243791, 0.9336736253755569, 1.785975776959931, [0]
-9.47245214178842, -1.160151687145461, 1.9483581184690482, [1]
-9.590989385538984, 0.6442732833471575, 1.0066897513323982, [0]
-10.480068103550341, 0.40704007212834264, 2.4142570460261528, [1]
-9.358223599443294, 0.47089440037093, 2.261968220000642, [1]
-9.122225935981026, 0.9396118544394566, 1.3347873779327344, [0]
-9.484764868346218, -0.30256228197267165, -1.3326880028172412, [1]
-9.569780206061957, -0.04206248341609081, 0.4522966851996433, [0]
-8.742727313694223, 1.5801899511169384, 2.34642155196133, [1]
-9.742525171843836, 0.9668542286543186, 1.7794675991004054, [1]
-9.862668279344266, 1.3410070031001973, 1.8105281508450997, [1]
-8.708199253793438, 1.3757398310599345, 0.6250287371891767, [0]
-10.694992882864216, 0.10766821825572223, 2.8266572752114056, [0]
-9.709869326164894, 0.8437972889813494, 2.677232820733514, [1]
-9.149561758364701, 0.4988587772690828, 1.1129508043540675, [0]
-8.55722594973986, 0.11232887924251012, 1.4646932007890994, [0]
-9.003954937247855, 0.4547415726966545, 1.7980126018601157, [0]
-9.861493939219518, 0.31432776664564666, 1.725882099678076, [1]
-9.006911728818476, -0.9918048722344869, 0.6943176713286858, [0]
-9.13224908384385, 0.4718290166157769, 1.7145782272179444, [1]
-9.846893404012057, 1.4513493461238258, -0.946220942624372, [0]
-9.271979447135768, -0.23324544011885762, 0.8724812487146335, [0]
-9.20104245358239, -2.2500969027676985, -1.016687338387864, [0]
-9.05425486642326, 0.0612860347945115, 0.6017468321805679, [1]
-9.256066639243038, 0.12861634102585118, 2.2803414491185032, [1]
-9.508900698945775, 1.5905573129667052, 2.800552182601974, [0]
-9.112581507640405, 1.0446481630420799, 2.329852267862532, [0]
-10.606990040565616, 0.3102640879143833, 0.3649254731301491, [0]
-9.955706288751854, -0.37945001235036, 1.4401136950002158, [1]
-8.678427079172852, 1.3877592847315903, 2.7526459343910044, [0]
-10.069907778930807, 0.40779381868695475, 3.0718259371811527, [1]
-9.801015945420525, 0.999455283852193, 2.938149007102975, [1]
-9.422780570483349, 0.2985210366119451, 3.022519317272622, [0]
-9.010740469098465, 0.6182501024263933, 0.9107079692529889, [0]
-8.839219727796333, 3.980186418294056, -0.34084183605221413, [1]
-9.320683887602062, 0.6822476411290241, 2.3059857200731653, [1]
-8.54856297554466, 2.672556060273277, 1.622073751341263, [1]
-9.273147476483915, 1.0165317038330286, 2.8377349803829466, [1]
-9.255723467003131, 0.0035223526857999232, 2.4276475728218574, [1]
-8.86512717855726, 1.7261966767632202, 0.5574351465158743, [0]
-8.654923626741166, 0.06454144250703722, 1.288255051344243, [1]
-9.81737995015995, 1.239806989177275, 2.991894646563499, [0]
-10.294009585317774, -0.09635023124583375, 2.43438222279413, [1]
-9.80743314824638, 2.439421017340252, 1.6174672760205553, [1]
-9.614849990613283, -2.972269627490063, 0.2310540724282526, [0]
-9.79471748670346, 0.21434209117657832, 1.4042824473899869, [0]
-9.491138314713039, 1.819254207777686, 1.7725022205261476, [0]
-8.615645792431982, -0.6168105481374976, 1.1378875326141649, [1]
-8.466565401029717, 0.9897275140034507, 2.403530890328148, [1]
-9.791791081248535, 0.6873516096359369, 2.119976018445157, [1]
-9.552324979845828, 0.2248800803871931, 2.1675856413855175, [1]
-9.178889552999351, -0.6402598538403422, 0.9749787567200825, [0]
-8.799732895706226, 0.5862216957116926, 1.9363060348653427, [1]
-9.451728103633132, 0.4183197068500494, 1.9374310522236136, [1]
-8.636520565932958, 0.3053654638764264, 2.3357441059932724, [1]
-10.631214642319339, 1.9880651921130263, -0.22239226644810972, [1]
-8.279294914998369, 0.4438148181496467, 3.263707841538752, [1]
-9.621487297605176, -1.3776432876585676, -0.04988978129168986, [1]
-9.473173408811283, 0.5844308540052054, 3.250602097120822, [0]
-8.776132731215036, 0.5384035464831302, 2.3403545798542638, [1]
-9.709399714358574, 0.5430019611578771, 1.7910730271360937, [1]
-9.828722609401263, 2.132554282438668, -0.17751753915002189, [0]
-9.525197264251462, 0.889806458599146, 1.2677109303718161, [1]
-9.691374772216143, 0.21759777991248427, 1.2398273744023482, [0]
-8.993181197591207, 0.6486477877044505, 0.9645740057672478, [0]
-9.008125232576559, 0.5656655961612919, 1.804069621077848, [1]
-9.86317058068279, 0.8456380896332156, 1.4680636916102698, [0]
-8.28532228665524, -0.11861279122070573, 2.916190846281168, [0]
-9.98969562226236, 2.740972198364594, -0.11693589669689586, [1]
-9.788919938176251, 1.5960941865951133, 0.9315698555468703, [1]
-9.472334259471166, 0.8289898139654557, 2.330701401156045, [1]
-8.683254112361961, 0.8993073772132334, 2.5644450052735746, [0]
-8.93992460716726, -0.30374035493319174, 1.6944872522473449, [0]
-8.967981205307996, 0.2864989856296971, 0.4832063782341396, [0]
-8.987824021786555, 0.22317615759447082, 2.466718675235374, [1]
-9.523956140524232, 0.1071768622302921, 3.0891477024025926, [1]
-9.235517376030666, 1.9217384056307067, 1.3243964076178554, [0]
-9.223026680094357, 1.5086168609151767, 2.13287919026087, [0]
-8.820755346908598, 1.32865525759251, 1.324454392824686, [1]
-9.47789908408293, 0.567685671490847, 2.1323272063934113, [0]
-9.299562897044167, -1.2643981951205405, 1.38755159329628, [1]
-11.416157301294605, 0.7980467434341253, 1.6793696446707902, [0]
-9.110706758709462, 0.8202430303352712, 2.2223422601443996, [1]
-9.888679046873342, -1.3107857086824937, -0.4344382783934724, [1]
-9.275617850329407, 0.2438155753343767, 1.8996557593970163, [0]
-10.023783955777228, 0.3662056511248326, 2.4565069187895032, [0]
-9.06337202621931, 0.33946614844640344, 1.7500900826485806, [1]
-8.591902691923302, 0.3463648682453379, 2.3786306643082464, [1]
-9.296870519162537, 0.4843198238314834, 2.2171605264880614, [1]
-9.190058863986039, -0.4715914645838849, -0.15734517465448075, [1]
-8.914099947549499, 1.1095235554835368, 2.7656168113179183, [0]
-9.48693657879059, -0.004652943597615922, 1.323340913159071, [1]
-10.027062371663877, 0.05327532960749104, 2.926428567902521, [1]
-9.134976742220761, 1.39583601783979, 2.5813401945754983, [1]
-9.259785490122582, 0.3441581631005435, 2.572352362075042, [0]
-9.35542392000381, 0.2576850692211322, 1.9071664319044332, [0]
-9.738238353949184, 1.336276642779791, -0.7196419484067729, [0]
-9.390136028014773, 0.9726384583828909, -0.2108752570732888, [1]
-10.161810902652787, -0.8921375284551145, 2.035738637488561, [1]
-8.391596114258396, 0.529796334199436, 1.3201712296919608, [0]
-9.569699474505512, -0.7532337099435766, -1.2142941153219933, [0]
-8.979768442538598, -1.705705824305474, 0.048280908262993805, [0]
-10.123563875358792, 1.1585202254552054, 2.170474692316261, [1]
-9.1962235213571, 5.023468791237022, 0.49135702274821624, [0]
-9.32116897232835, 0.21770765432471173, 1.841527414892623, [0]
-9.221109176753634, 0.11837336366831724, 2.401780291393133, [1]
-9.790667454177733, 0.08562384681602975, 2.097493279473249, [1]
-9.392827560176386, 0.6901258380942612, 1.0877065106146535, [0]
-9.277792560556309, 1.2797489514510096, 2.1977181390514833, [0]
-8.6736717156123, 0.4763708652320723, 2.7171071954626105, [0]
-9.779378750620886, 1.0486992967617927, 1.1594142934938398, [1]
-8.527433486659632, -0.09763387177202576, 0.5907169011957245, [0]
-9.749352908038366, 0.15735273651794346, 2.1892212143282617, [1]
-9.40298682307176, 1.9034715383473924, 1.9363391388334845, [0]
-9.240751326977817, -1.1293596329577282, 0.797380215099891, [1]
-9.48230543037335, -1.2345968360862536, 1.0699552099163394, [1]
-9.082704050215584, 1.1604347016374694, 1.2219754237652105, [0]
-9.20632741013617, -0.7437576883186507, 0.9878922529718477, [0]
-9.180013278797146, 0.7014495425590654, 2.87765469345727, [0]
-8.842665551330667, 0.4886084801195943, 2.63317530296656, [0]
-10.504577681688449, 0.5971241815157337, 2.3676067763195943, [1]
-9.62817827150221, 0.9706774199677599, 3.0120955402691054, [0]
-9.74983289919147, 0.1214133224180054, 1.5858015110916388, [1]
-9.94769892043549, 0.8003497961795157, 2.195713221998565, [0]
-9.144807535888228, 0.07779198999029768, 1.3475512344877134, [0]
-9.354027848487139, 1.4053533003811147, 1.0021869839098883, [1]
-9.105758633915825, 0.23957697982843196, 0.9069300136268355, [1]
-9.521525849596916, 1.3935149754720317, 2.812737294942575, [1]
-9.958009486504398, 1.103428841474512, 2.828135195505274, [1]
-8.62508176064926, 0.4200470081686819, 2.040330867277518, [0]
-9.019343697497662, 0.547959574573432, 1.749678874183161, [1]
-10.0647787655276, 0.6713884268709287, 2.547458745278739, [1]
-8.971788837214392, 0.2749493766010782, 2.381644928834881, [0]
-9.581151521095999, -1.6329529688606321, 0.7274435146027644, [0]
-9.770717886466851, 0.10369979615041913, 2.036386863831165, [0]
-8.924268830597207, 1.2543925414739658, -0.5909362630747481, [1]
-8.94755686458931, -0.1267243474255204, 0.12892932403291246, [1]
-9.45532222652025, 0.733618185588686, 1.282763739176329, [0]
-9.382713286287508, 0.6294174834076617, 1.6202556718870198, [0]
-9.241420741733068, 0.6035203092176618, 2.5443142179146583, [1]
-9.90858449229835, 0.8611537772503973, 2.1963366365980255, [0]
-8.958778616806342, 1.9250580719288417, 1.3891707593702496, [1]
-9.150302837886565, 1.0388282801425759, 1.3859516331592867, [0]
-8.774860452689449, 0.6398279028952709, 1.7466554539941028, [0]
-8.537559522496549, 0.9834033535800509, 1.1957632148094486, [1]
-9.354043385064076, 0.815186819222864, 1.1159569886348177, [1]
-9.543553744768978, 0.8495403270660566, 2.305723161091438, [0]
-9.922179502149335, -1.0274879412914357, 1.5705722147281282, [1]
-9.625359270069294, 0.2857733561365336, 1.5089847167381327, [1]
-9.848637918776692, 0.2062167987295408, 2.1301811529778805, [0]
-9.285765798160803, -0.11343886991626773, 2.448096689026042, [0]
-9.334003307544426, 1.4184273731570456, 0.40361628597192434, [0]
-9.196452382852005, 0.8672806593842137, 2.0581043727863353, [1]
-9.819899990736209, 0.9896152379030286, 2.3266902700860177, [0]
-10.116532723350138, 0.30961747670211376, 2.401338572624077, [0]
-10.132448357805012, 1.7137868540141832, 0.6227087378770548, [0]
-10.215835754811758, 1.6831764412799972, 1.438510782982688, [0]
-9.888039760437, 1.7362176842988695, 2.1650213043323387, [1]
-8.984650854942597, -0.2071115709105129, 2.072340419839161, [0]
-9.413146104401628, -0.5305549238463861, 1.4272575693026317, [1]
-9.139081903558841, 0.5770415592291236, 0.5228649181022378, [1]
-9.736495134006697, 4.054702046200502, 0.08310421234088405, [0]
-9.803798321392183, 0.9721493661243235, 2.122447993110574, [1]
-9.403153675367625, 0.31520320671993995, 0.3250124053388924, [0]
-9.186506612753691, 1.4002467844298454, 1.3648371233830348, [1]
-8.634723645762039, 0.9943053160368055, 2.1577808253834876, [1]
-9.468828005056752, 1.056114986751337, 2.016702239994098, [1]
-9.743925026986131, -2.245406899683628, -1.2294229750753969, [1]
-8.748793432861815, 2.302057264386564, 0.8978052085038173, [1]
-9.225575106082509, 0.819218900919364, 2.234657466243453, [1]
-9.412272710361611, 1.2928488313593411, 1.770633781930806, [0]
-10.421347934117254, 0.3481644661320476, 1.777414643803377, [1]
-9.523456713272942, 0.09557328898824391, 1.7649375202468502, [0]
-9.513024132975614, 1.220582874946724, 2.6508465720922954, [0]
-9.120483654215892, 0.8576184092343144, 2.176147556694405, [0]
-9.5008338054453, 0.7281978432912488, 1.9990643215524633, [1]
-10.358091361440968, 0.5367047713705502, 3.35934550192848, [1]
-8.387785227449294, 0.7278419719630624, 2.034352468179363, [1]
-9.196435457453182, -0.20698819097580756, 0.7506968734710462, [1]
-8.916155391218576, -0.9117022991831721, 0.23660779033362594, [1]
-9.627186616825641, 1.00031232501884, 2.8112137000346467, [0]
-9.061936454910242, 1.1825041659027908, 1.5941690922447602, [0]
-9.823374275233412, 0.8548974393011038, 2.870498014749345, [1]
-9.049379013897795, -0.0897764887518403, 1.7771855913579948, [1]
-9.627470354548338, 1.4339539856057182, 1.7061347294192268, [1]
-9.442402093977696, 0.4492348763998309, 0.8875015349141746, [0]
-9.629094235599892, 0.8239121732510759, 2.27483144687211, [0]
-8.633468350262733, 0.24216837101565125, 1.618441520613783, [1]
-9.414038019073653, 1.490923711273713, 2.931107563159098, [1]
-8.959881565763423, 0.8473213406193586, 2.8285751127563334, [1]
-9.617062071896607, -0.23039471229034025, 2.64771242781857, [0]
-9.302168294433557, -0.23236553276052596, 1.3507273414731693, [1]
-9.399352312133514, 0.9310430162752957, 2.5324558367144228, [0]
-9.009482069440162, 0.8145567007876352, 1.7671564216289892, [1]
-9.479692503184848, 0.653399903031316, 1.8505688547180776, [0]
-10.292914616074068, 0.6331992713417329, 1.730721795600099, [0]
-9.674021996067308, 0.2251374851801562, 2.027767588870886, [1]
-8.924927805383142, 4.85345020277531, -0.6982635895918052, [0]
-10.1952300968104, 1.2516938496235759, 0.3030142106495779, [0]
-9.782283124859918, 0.6952056035561744, 2.371378179516296, [1]
-9.188693690557677, 0.5422660619375417, 2.215356380350401, [1]
-10.923736226784978, 0.3311460599357855, 2.12542060784056, [1]
-9.639988402134005, -0.20608589445348918, 1.399039316995665, [0]
-9.068093133017872, 1.1102379289119024, 1.737866000079828, [1]
-9.831090802111637, 0.4585533342975734, 2.086992609604594, [1]
-9.036528495177382, 0.8424372676406859, 2.1784002908933124, [1]
-8.875146843035933, 0.5474208315830569, 1.058680122773284, [0]
-9.396589907878417, -1.5092640720962651, 0.7119438812845349, [0]
-9.085697325133552, -2.388676912147859, 1.018807773522446, [1]
-9.713082919566972, 0.8983956999781832, 0.9164851991575235, [1]
-9.425824967677933, 0.07028121477933835, 1.1932797348612065, [1]
-8.986225619197278, 1.2264963112729412, 0.6711399731592036, [1]
-9.29479156362535, 0.9573684432693569, 1.5318601911228793, [1]
-8.96430863250354, 0.6935759470229701, 2.6086402719368027, [1]
-8.957708454895247, 0.5308488843922358, 0.7614058360580398, [0]
-9.334970406074712, 0.7874774303178949, 2.164220711258751, [1]
-8.896097158262396, 1.7358563311235664, 1.1540985349924007, [0]
-9.026850942805702, 0.11677029870307609, 0.5812542515207313, [0]
-9.05865019610905, 0.7802182822661878, 1.2754973508586156, [0]
-9.279762188891539, -0.5832938332647698, -0.6474446949134772, [1]
-9.597471001049263, -0.47760293416864075, 0.8091618353635398, [1]
-9.309073885303249, 0.7808494723948689, 1.894870412439108, [0]
-8.744952557732425, -0.33247449603549106, 0.943815446005128, [1]
-10.089825788937967, -1.161354072204777, 1.7304585042236722, [1]
-9.527333289849635, 0.6528149279675757, 1.5153303936525422, [1]
-8.915106922738763, 0.35154336347270676, 0.2545040364443002, [1]
-8.730298238165801, 0.8172689352359737, 2.028384783081461, [0]
-8.953635570270722, 0.5453107968083792, 2.9042069546533287, [1]
-8.842507526591792, 1.306335431378439, 1.7093325613287291, [0]
-9.779089618508616, 0.6565134487585476, 2.27500823281152, [0]
-10.31788278452586, 0.3612109557992622, 2.244208203170411, [0]
-8.918402515871806, 0.9552294901885854, 2.8809113500923336, [1]
-9.246894194612045, 1.033620442925942, 0.5558599371944596, [1]
-9.11436704427154, 0.5896070080364132, 2.741728884079468, [0]
-9.204811756810816, 1.4473800414929812, 0.8385624067310345, [0]
-9.477144148947744, -2.348128800138423, 0.5297340705627193, [0]
-9.560690464070497, -3.6795070637778347, 0.38923234000902207, [0]
-9.579987560142111, 0.22163306349983775, 1.7820749984231088, [0]
-9.23368716402802, 1.3373490227197067, 2.321470264044666, [1]
-10.661921764269756, -1.2325872568254905, 1.3293653471880604, [1]
-8.923412622637075, 0.43214279993978144, 2.638270132139484, [0]
-9.668016673852742, 1.4715171186670297, 1.6660999795702427, [1]
-9.413394081705981, -0.3327872310573306, 0.5278490131040016, [1]
-8.564697834272415, 0.40180361375266127, 1.5164422221543172, [1]
-9.13347432018932, -0.2368097797678257, 2.7622571387776897, [0]
-10.01555845129593, 0.520836843039481, 1.7593098951021393, [0]
-9.42113686999014, 0.24528835729657894, 1.9657192484444845, [1]
-8.703992381112588, 0.3959221189906425, 1.523300581844397, [1]
-9.905705568679767, 0.02786883171703769, 1.2225218816348962, [0]
-9.118148004775886, 1.2533198165718413, 1.7784169641607837, [1]
-9.659624677052381, 0.35422100517736044, 2.216594146018442, [1]
-9.740108566494541, 0.7961262087774338, 2.660238707622806, [1]
-9.972411605050421, 0.7726140717520611, 1.6402248339208911, [1]
-8.927624272939758, 0.36779078081992966, 1.5773538867311603, [0]
-9.02682691348029, -1.3480203081139985, 1.2368979715404393, [0]
-9.085183873021569, 0.48771892434404307, 1.5798029897436965, [1]
-9.26864492989596, 1.3928912849980661, 1.8652347574605548, [1]
-8.837743049219679, 3.122592496282753, 0.33327886556968417, [0]
-9.12033265977673, 1.0424666735992452, 2.383586846399254, [0]
-8.940830336928547, 0.8831963865980583, 2.5810611207774192, [0]
-8.996557219595584, 0.990593607082384, 2.1585422915437666, [0]
-8.629167250869273, -0.06282730573082951, -0.6756766074766217, [1]
-9.463651574145024, 0.8173106841616469, 2.556230382216601, [1]
-9.03469913470905, 0.012255910532413372, 2.175958940586418, [1]
-9.77763767893468, 0.4011876638805132, 2.394365143007759, [1]
-9.068890869631336, -0.21349135957799747, 1.3699502496696119, [1]
-9.204488953415522, 0.674153187782955, 1.0345640901421405, [1]
-9.638082746410106, 1.330911239383453, 1.5375242155377495, [0]
-9.08740579459557, 0.2821681755672626, 2.423329634396358, [1]
-9.985173875240799, 1.0239939306136976, 2.590428886338693, [0]
-8.774496615066054, 0.32325039655529564, 2.589066308387303, [1]
-8.755798406798993, -7.631460648575006E-4, 1.9708359999453955, [0]
-9.223255492795747, 0.29465321445702664, 2.0990792960471016, [0]
-9.983921498233176, 0.05851348102744325, 2.476341703500265, [1]
-9.610637642432465, 0.0472399035241402, 1.3564598061279822, [1]
-9.764409779831833, 0.6811384533071703, 3.173587083536811, [0]
-8.820606465990403, -0.2047902845936016, 0.9449146063508993, [1]
-10.006803952294188, 0.5109662895581395, 2.5515256311633636, [1]
-10.033301252552732, 0.6395758858417657, 2.1736109811458832, [0]
-8.948435396461583, -0.003939714867929378, 2.280735291713834, [1]
-9.122514689365621, 1.1011636515886836, 1.2806179617791245, [0]
-8.890825818814493, 0.800210772137298, 1.6363674070488337, [1]
-8.899226660851934, 1.068224987201668, 1.234812528281806, [0]
-9.760600753689678, 0.8905327307492481, -0.22781845186435978, [1]
-9.175397375927638, 0.7373507916111885, 2.276739940978587, [0]
-8.496066046491942, -0.5427232916138724, 1.3501699840184593, [0]
-9.55120058795649, 0.12714856873875358, 2.025771559043136, [0]
-8.704017972237873, 0.25767797153284866, 2.050063005119148, [1]
-9.369566512948586, 0.7079211763096895, 1.2425447680027282, [0]
-9.54716503580297, 0.8359939662512894, 1.2960936293259646, [0]
-9.097317674922396, 0.1164987261491841, 2.5281036170415265, [0]
-8.48751422483519, 1.3273760497767133, 2.390370128258254, [1]
-9.400639957968197, 0.03738509542725632, -0.2380004338959889, [1]
-9.23986555064253, -1.85036170626069, 0.27695686785246, [0]
-9.598268422181063, 1.4306905834345767, 2.281258018718545, [0]
-8.823267228299429, 0.5919161316304626, 1.8438248564062034, [1]
-9.549425384039703, 0.7681445789918968, 2.2760623217093885, [0]
-9.353356066667866, 0.03278895577578056, 1.045182189316366, [1]
-9.079539047280477, 1.0429225350975502, 1.4774144280586634, [1]
-9.020147314171737, 0.9979778499894244, 2.1547364282598283, [0]
-8.620977247416592, 1.517298455187388, 0.2992367992033347, [1]
-9.39200925407894, 0.8978703902329689, 1.6645958753778305, [1]
-8.734570132122215, 0.5776960654675599, 2.316904756450108, [1]
-8.627663917810175, 1.0951420971916868, 2.4387068188026233, [1]
-9.983918456961222, -1.3869761031908598, 1.626836317942199, [0]
-9.177544868716648, 1.334042051705182, 0.9458247806656008, [0]
-9.313734075769172, 1.2982741351279203, 2.317021140426033, [0]
-9.787287306763357, 0.1920522018578421, 2.0662607218875837, [1]
-9.41840359241391, 1.6018828825526363, 1.5887910698854122, [0]
-9.443443943275831, 0.7061166310982308, 2.4819256347778587, [1]
-9.370540382141456, 2.0851243931226335, 2.207313435166154, [1]
-8.87519405816828, 1.2782670806085068, 1.9381120760602635, [0]
-8.94249952459203, 1.0043359411417583, 1.970806697672027, [1]
-9.065541504026404, 0.28349096147938424, 2.7450466182323545, [0]
-10.330159691966148, 0.4772696577630974, 2.7196431102312113, [1]
-9.28079683111509, 0.31819119234211224, 2.2398299176896286, [1]
-9.046192696873392, 0.321910796142754, 2.4275620342118667, [1]
-8.660117635096054, 0.5139202489740939, 0.5121319022439951, [1]
-9.122346678738522, 1.2017237950509378, 1.670645376779797, [0]
-10.352354417568774, 1.644084378787678, 0.7407462739758568, [0]
-8.319896431936142, -0.2166272282706746, 1.1677841025681106, [0]
-10.21835071496028, -0.927561239391395, 0.358227965543928, [1]
-9.24014116513832, 0.9568897779381528, 2.973842989374052, [0]
-8.945112320688684, 0.5034162471889043, 1.4088255368325717, [0]
-8.74490689529504, 1.3071974795948802, 3.1678275481247615, [0]
-10.09452149589301, -0.44687322466778856, 1.0030973741598128, [0]
-10.10497159837531, 3.371668744110473, 0.02606163247300941, [1]
-9.537040836787058, 1.241637783537102, 0.23419554065134207, [1]
-8.702575563586803, 0.3950781207522266, 2.1473169013459774, [1]
-9.49114322415874, -0.20436250002255993, 1.2133500861877473, [1]
-10.802098515426371, 0.16189103769514104, 1.6537129136938655, [0]
-9.586187038781485, -1.297943738643717, 1.803784171499803, [1]
-9.579060130854494, 0.7074825513619674, 2.0174633838980602, [0]
-8.996880557896327, 0.222451195936338, 1.056871341534697, [0]
-9.30225907640719, 0.9215609228892243, 2.268754317767123, [1]
-9.417405702080393, -0.3372303392656011, 1.757146023966838, [1]
-9.501996015854372, -0.4866305691723316, 1.807641936103772, [1]
-9.585864088262818, 0.6936318188332133, 2.880672095131339, [1]
-8.490445479325228, 0.40154163575832347, 2.2327719708033644, [0]
-9.58258557383989, 0.5688638304669563, 2.486504750446376, [0]
-8.9696570581224, -0.09587622785713923, 1.035603019542388, [1]
-9.499848765666648, 0.4996893302401432, 2.495429380349169, [0]
-9.161711272237433, 1.0724254384545135, 1.7533259659323508, [0]
-9.222254322753107, 1.8335680349732142, 0.02006671888140052, [1]
-8.919240920356545, 0.8032393319185793, 1.5924832954890915, [1]
-9.60234928048014, 0.6693016315861541, 1.0068121656894014, [0]
-9.036852317314914, 0.0183290299732366, 2.6992140611015207, [0]
-8.370774270435971, 0.6987405486212099, 0.6727925673231251, [0]
-9.031534274553561, 0.6753385507832028, 2.6378038561112183, [0]
-8.868791817939396, 0.9031129898975122, 2.515811826735847, [1]
-9.508830551117706, 1.680892218950896, 0.1729380523722686, [0]
-9.104671835868201, 0.6900220876121741, 0.6651440926731503, [0]
-8.933112200224246, 0.9534743025120705, 1.4355188718012495, [1]
-10.429839361157827, 1.3627513550423116, 1.49335880080426, [0]
-8.5819761966392, 0.4456737246456293, 1.987954435027297, [0]
-9.149919852623402, -0.03389771542152764, 1.485258756135015, [1]
-9.455755504217548, 0.056116733658909346, 2.6743056109100163, [1]
-9.739747958046618, 1.8321903645133528, 0.4926748613688793, [1]
-10.096430647451253, 0.8904170779169611, -0.38287851566119335, [0]
-9.930709938099836, 0.3657606624363384, 1.4787558034805448, [1]
-9.319185309266958, 1.071294828195195, 1.9865100047384845, [1]
-8.98838200525165, 1.5706044557952983, 1.8726528125611823, [1]
-9.794706483727529, 0.6238484300284506, 1.0907125949624141, [1]
-9.749088158043719, -0.5295641651914638, 0.9357499377628904, [0]
-9.090492020530757, 0.824362931758816, 2.6349168976911774, [0]
-9.303629319891035, 0.8474336363828857, 2.720893177806188, [0]
-9.869060292369749, 1.0621955022048815, 2.4048787376573055, [0]
-8.614743245186947, 1.603634991529888, 1.571941581871373, [1]
-9.316651267452214, 1.1857627134162492, 1.7663245712506426, [0]
-9.541250670098172, 2.7384096078371947, 0.8538202169931906, [1]
-9.334589612105153, 0.5127850792207965, 1.5667221226171206, [1]
-11.073104904976095, 1.5810375258141356, 1.857422387910286, [1]
-9.39643566219508, 1.5277510506751475, 1.684211067561256, [0]
-8.461203673822858, 1.7693589703593053, 1.0909992665110726, [0]
-9.387896323247997, 0.7518160454413083, 1.6107232099291202, [1]
-9.442833299954817, 0.4247455075003179, 2.645743993823205, [0]
-9.047384390969691, 0.14492315133439196, 2.44706605483813, [1]
-9.247547883590657, 0.6206919839626935, 2.0021103639491953, [1]
-8.830851798135981, 0.49086346990058527, 1.592920100776565, [1]
-8.253077227021112, 0.50761935442122, 1.787092926366108, [0]
-9.57728926643303, 0.6993638480167688, 2.7723422643427336, [1]
-9.063224607761432, -0.70998943874982, 1.352773701515887, [0]
-9.858682854321849, 1.2253155471061596, 2.0675546963500944, [0]
-11.24073432398252, 1.2000427761099854, 2.2720146144740023, [0]
-10.192382118228897, 0.027089444233220128, 1.757121628833798, [1]
-9.822017245820641, 0.9411562968548254, 2.4969587108976317, [0]
-9.142919017605191, 0.6473910973704708, 2.236542256387068, [1]
-9.405656798602422, 1.2909300351066477, 2.1866814031237722, [1]
-10.296413771055242, 2.4320631768278145, 1.373567637553235, [1]
-9.52963074479684, -0.19138998845814487, 1.8804122903031841, [0]
-9.743649422215226, 0.4391335274821553, 2.744210835344985, [0]
-9.061500938329546, -0.1333577416437246, 2.8354596891633284, [0]
-8.926238263631241, 0.7789796473443256, 2.0231518287592762, [1]
-8.102139501002592, -1.9659645802806152, 1.2908159617025357, [0]
-8.855224980236276, 0.5630465821291746, 2.083702172472221, [0]
-9.412833366470029, 1.2723312620968463, 2.9056506150950137, [1]
-8.991866390738975, 2.0557052553925534, 0.04327324824789425, [1]
-9.47592841646075, -0.029053665680798924, 1.863564240689704, [0]
-9.064136501401054, 0.31056620631714976, 1.8857772708631027, [1]
-9.023850674977522, 0.608502571266328, 2.752769422313339, [1]
-8.809403393311774, 0.7492253908968501, 2.1126196204384478, [0]
-9.210160687079203, 0.7520069369418669, 2.421448061620013, [1]
-9.43021728658899, 1.5975864391870718, 1.5715539888440837, [0]
-9.115754315102803, 0.29054377125341513, 2.7593424638141415, [0]
-10.636964208298808, 1.439932276551144, 0.49676856598529073, [1]
-8.614516970873893, -0.4918057847022428, -0.25679227668813, [1]
-9.9418380030226, 0.9124474589259787, 3.0924867333968633, [0]
-11.51067181761712, -0.4450611041083903, 2.3871720119450375, [0]
-9.689449886994959, 0.72938835135272, 1.970699079915529, [1]
-8.715755530293738, 0.7327494772334866, 1.9820533416792565, [1]
-9.093901462850367, 0.08982297037860809, 1.924762637712744, [0]
-10.168366553628099, 1.2544004803895519, 2.817097648742464, [0]
-8.922431544712376, -0.04828662449073695, 2.9693919761517678, [0]
-9.394466395313863, 0.8176407416892015, 1.5777701834361186, [1]
-9.858946972553689, 0.8438412109627471, 1.2964260072227858, [1]
-9.227563628065651, 0.5991861235016233, 2.6936421808064974, [1]
-10.084911028479652, 0.7148244057437148, 3.135792576677588, [0]
-8.481935256158941, 0.6002114772862011, 1.5784953899677938, [0]
-9.604793372625158, 0.8495148360686545, 1.1190932184234765, [0]
-9.57084579984205, 0.6333987478405467, 2.4487348779640654, [0]
-8.611676695621782, 1.5469477718821545, 1.6227654371505784, [0]
-9.408564932130751, 1.0608400533772122, 1.9049161338794682, [0]
-10.474133068982733, 0.919601158743378, 0.8631908966457755, [0]
-9.44388379350134, 1.4626146814793646, 0.5314244745930634, [1]
-8.92659919684602, 0.7165355421935233, 0.8203263535597136, [1]
-9.426170322625055, 0.10489034488876492, 2.627174963890341, [1]
-8.685240803828497, 0.4054046131774228, 1.6249135135316686, [0]
-9.148044492390184, 0.33504246520015535, 1.6144332116745341, [0]
-8.711518509062042, 1.7741401912268275, 1.2499271315361011, [1]
-9.170002556528662, 0.3733936668084527, 1.9699593543685363, [1]
-9.281749370060155, 1.2002692742665386, 2.0096791522686197, [1]
-10.035028167586361, 0.5378206928172371, 2.824894065429323, [0]
-8.950442795536848, 0.5113325403156845, 2.796559339915643, [1]
-9.584323777627986, 2.5569489338804865, 1.7474719893648376, [1]
-8.812901866772963, 0.7312252108898386, 0.7915784354180286, [1]
-9.368747832594703, 0.34933322815147816, 0.8096843955988855, [1]
-9.064353108699386, 0.25689709832289204, 1.3152056124131288, [1]
-9.252192736800726, -0.8399275526753803, -0.17755885473034366, [0]
-8.860056819984472, -0.02378976181982373, 0.8813376123228114, [0]
-8.85329228468442, 1.4194916509797217, 1.5777178107940855, [0]
-9.338518760140964, -0.0747335492364396, 1.8296925463932587, [1]
-9.20822270025856, 1.0418276035540062, 2.3652455737421025, [0]
-9.302561448122018, 0.3068707979585711, -0.042397538106059784, [0]
-10.060083286017585, 0.23522149381103707, 2.8224091735797527, [1]
-9.993348703683763, 2.1469422661763584, 1.979790936046307, [0]
-9.546781218665073, 0.5772820467115722, 1.533354913576286, [1]
-9.243087240541575, 1.4865856629428222, 2.140088119745357, [1]
-8.757334716520266, 0.09720140250623821, 1.566645292286562, [1]
-9.17744989535671, 0.7105078138910532, 1.8650425145041252, [0]
-8.802511536206485, 0.640456484030385, 1.698614276158422, [0]
-9.356487518925416, 2.5839742241557992, -0.3436620079980992, [1]
-8.989078581658118, -0.15660047253482623, 0.9934111000312347, [1]
-9.30884539278263, 0.6907787525904278, 1.9932140075784233, [0]
-9.197630785366067, 1.0249467444034313, 2.8470981633375683, [0]
-10.189337077846618, 4.577479117201061, -0.8941688501731542, [1]
-9.593989705999459, 0.21348199962327885, 1.894481482439434, [1]
-9.508992906792717, 0.48351153237410915, 1.899757648364, [1]
-9.547050406462569, -0.3932215899569462, 2.6053092951863155, [1]
-8.543882024608926, 0.20203221003009703, 2.7560177045720797, [1]
-8.892015620542368, 0.5014268186343102, 2.3158830137530977, [0]
-9.794451211687397, 1.5920949356425964, 1.7190511164151092, [1]
-10.073882147493189, -0.41007666844268975, 0.14935721563834875, [0]
-9.825592079405462, 1.457944459749758, 0.7380841733957171, [1]
-8.680243167221855, 0.887992608339017, 3.492460847202187, [1]
-10.565260571223263, -0.13382279219392051, 2.382930992756171, [1]
-9.801537770551782, 0.472881055821462, 2.2645442696193445, [0]
-9.831599513407474, 1.5049308143874756, 2.2081998451411016, [1]
-9.496213304324577, 1.0678096337196692, 0.7209771921803179, [0]
-10.5768583959015, 0.3235461448563649, 2.20567134911847, [0]
-9.185814661774142, 0.7814629084594934, 1.8822085894940541, [0]
-8.957265727064998, -1.0736947863273651, 1.932299597762321, [0]
-8.829390342092594, 0.8179511587530097, 2.2301718088440587, [1]
-9.51123880571725, 0.559146350385787, 2.565611199758426, [1]
-8.895082713636603, -0.6589723586577848, 1.417163023185895, [0]
-9.922370141850646, 1.119564765523955, 2.733205173118756, [1]
-9.175768959096308, 0.7743379116046784, 1.7421704098056996, [1]
-9.983595850746024, 0.45524260174669373, 1.5834283586691398, [1]
-10.884195278544261, -0.4631282782292758, -0.8680687407075824, [1]
-9.225707126084608, 2.3969963594027797, -0.18233811022107732, [1]
-9.732793922409023, 0.8040980815275036, 2.6397656975445822, [0]
-9.334843056109884, 0.5543283824332675, 2.408209177517684, [0]
-9.495539064764346, -0.5788901514301812, 0.436561159894591, [1]
-9.370531324890685, 1.7109968720707873, 0.8039350468082194, [1]
-10.04550065271683, 0.03982925874641334, 2.2635650049451583, [0]
-10.071254436017915, 1.4157337951005782, -0.3217200358550443, [1]
-9.59056211330534, 0.5283276407019297, 2.1096410608201785, [1]
-9.288236593425427, 0.4902932506357776, 1.6030174672370614, [0]
-11.148578439192898, 1.4348933358491225, 2.0675653986465945, [1]
-9.911005206524505, 0.4978344083672761, -0.5882679146038181, [0]
-8.884550809309234, 0.7013410222848271, 2.179222886582019, [0]
-8.933158318486125, 0.7238818185398845, 3.591376662962724, [1]
-8.846526377201297, 0.10893223060011403, 2.0716142857974122, [1]
-9.804697749285669, -0.8997599379612236, 0.6360709035682672, [1]
-8.783652838894008, 0.6517710036772075, 2.442892374805469, [1]
-8.750356269526488, -0.9940496407922262, 0.805204069385681, [1]
-8.796253353516109, 0.8841604220987921, 2.476268049127265, [0]
-8.361779410862413, 0.007380438154954705, 3.0165758926014297, [0]
-9.890777848749877, 1.2918378210378885, 0.24685965822685008, [1]
-9.40311756337031, 0.06694366461832135, 1.7375630264788584, [1]
-9.522377413170732, 0.10241620682216346, 1.5347576794785445, [1]
-8.768004936266609, 0.35080918305286296, 2.2055393988820633, [1]
-9.51740269235412, 1.5181842173644637, 2.596603821202229, [0]
-9.172960650359203, 1.9608754659428629, 0.18284464424900237, [0]
-9.296388217412561, -1.0513632274037559, 1.3688212975361091, [1]
-9.489120726628991, 1.051791768244094, -0.18255047545120506, [0]
-9.700568359173428, 1.7055278199408326, 1.4281541246955498, [1]
-9.747458603166754, 0.1893116487664917, 2.2550617030317155, [0]
-9.90521186938393, 0.7452077001014348, 2.48024697885729, [0]
-9.286397953894705, -0.03236937306170118, 1.5273225419729797, [0]
-9.481904963724963, 0.5212003349269623, 2.554290202331444, [1]
-9.033973841177822, 0.7855013998840006, 1.702290284002916, [0]
-9.131563136850547, 0.27686005544583414, 1.667143020481945, [1]
-9.296248390372273, 0.12322209694387076, 1.5361997380211614, [0]
-8.789219167582791, -0.43556264004110046, 0.8353665899882834, [1]
-9.115952701020626, -0.013387282225967856, 2.1008409540069057, [0]
-9.742475592338607, 0.8524286646783725, -0.07466230524901202, [0]
-9.4351900359971, 0.787796727234443, 1.6993443429882567, [0]
-9.178229446005519, -0.06386577979860569, 1.8714920861959434, [0]
-10.390098174666647, 0.6917274240817638, 2.201179298415704, [0]
-8.918289329107818, 1.3557634767446454, 1.2235590923278186, [1]
-9.375563720714187, 1.2909606451832654, 1.989346261924407, [1]
-9.053796420988975, 0.9301377388238246, 1.8910194611335598, [0]
-8.752703570346716, 0.33146051255496745, 2.41756667698645, [0]
-9.059368374473495, 1.4478839980958491, 2.1718434623184804, [0]
-8.862108093309446, 0.765104915870765, 2.2973037202662376, [0]
-9.744048120164551, -0.2381981922140557, 1.4845404003889153, [0]
-9.44738813432917, -0.041529658925548135, 1.7036454023468632, [1]
-9.03411131423171, 0.9858668636459367, 2.2441054218679612, [0]
-9.317957516469743, 0.575289064912931, 0.8433050674882953, [0]
-8.918397693854414, 0.9257242427658102, 3.069559706520642, [0]
-9.189265490165095, 1.001999898353586, 2.1013596042310554, [1]
-9.930842436164085, 2.7698616541950014, 0.8678241568294234, [0]
-9.36870355407174, 1.4063365795563325, 1.006499834299377, [0]
-9.201517530383981, 0.39771690154643136, 1.9933190858872485, [0]
-9.22494560508761, 0.6397269220222264, 2.801339201167558, [1]
-8.927210587192741, 0.8539587132494985, 2.931459672159581, [0]
-9.190879161852685, 0.44069053489837795, 2.155106955567322, [1]
-9.10012392960352, -2.084540330951726, -1.1069367348354588, [1]
-10.011286015317815, 0.2845736793360655, 1.4338667260971758, [1]
-8.99411354510742, 1.1814449380747298, 1.7844550850496999, [0]
-9.967981647112028, 0.366182498029166, 1.4324062999644367, [0]
-9.26584604873884, 0.27412515537412174, 2.4502655034504333, [0]
-8.8337781924928, -1.6316538649286736, 0.5737852554266694, [0]
-9.25255401551009, -0.26583561555036034, 1.7443863435025524, [0]
-9.061849060501455, -0.1392868573455408, 1.4998825985234596, [1]
-9.738186828224443, 0.034645018013604756, 2.7918139669344706, [0]
-9.242509933434272, 0.2162150983823392, 1.4881609910433011, [1]
-9.308641732478385, 0.5595741341985273, 1.117463112564802, [0]
-9.846427942574872, 0.5628160018506858, 2.7550081724150197, [0]
-10.725422597735859, 2.059210706444306, -0.6750803234876743, [1]
-9.485558902370263, 0.83374537918425, 2.5085241446939848, [1]
-9.127448932013188, 1.0553118312003291, 1.7528281391167397, [1]
