t=0.873318407816759
logZ_t=-208.67385482393246
-166.13848880373007, 0.47924086044222786, 0.7338429894121328, [0]
-165.78145062075117, 0.6411030270040955, 1.0819526479953188, [0]
-165.88793261722435, 0.6005002271865618, 0.9239465194661584, [1]
-166.5513205927898, 0.6540988360379962, 1.0983925191023485, [1]
-165.8395614166729, 0.6490226614129115, 0.8687805575245748, [1]
-165.81652503162178, 0.5901633329974224, 0.9962654893317848, [0]
-166.48254791223846, 0.5624360957542628, 0.9712285199468617, [1]
-166.88179104608966, 0.5337642294827135, 0.7632467340303686, [0]
-166.9010167223778, 0.6371483812298229, 0.9750769733514136, [1]
-165.9974776498717, 0.5636924224682903, 0.9494433587640692, [1]
-165.7652455093318, 0.7013172484547772, 0.8219738462295614, [1]
-166.06078463274997, 0.5571345535157559, 1.188310842183428, [1]
-165.618957347063, 0.6027219661276283, 0.92437549816272, [0]
-166.891255407103, 0.5784901652943493, 0.9152643290982678, [1]
-165.68350904578273, 0.6001942257464022, 0.9387795416046257, [1]
-166.00857352522917, 0.6042404075039268, 0.9727867573704512, [0]
-165.35556080228994, 0.6616509266074594, 1.0022034350026834, [0]
-165.5464862850352, 0.6558242722503337, 0.9512250197362357, [0]
-165.84963022265038, 0.6227880989117098, 1.0043692599945533, [1]
-166.58838836678376, 0.5384179556413242, 1.0536512932883126, [1]
-165.55977586260127, 0.6498092463643098, 1.007795957481069, [1]
-165.6442390717498, 0.6309657709616668, 1.0666137672837166, [0]
-165.87801258929363, 0.629886636753862, 0.9903304737443943, [0]
-165.67046926775745, 0.6731009993092433, 0.9597744135875432, [1]
-166.17623377406665, 0.6867933710269146, 0.9639720067346988, [1]
-165.6723873493163, 0.6012150104516869, 0.8547800250464094, [0]
-165.98461385906748, 0.6340408680155197, 0.8313513780662427, [1]
-166.45400852697705, 0.5710492252604795, 0.8719819536063583, [0]
-166.49187850786325, 0.6023362310817748, 0.9147307372656528, [0]
-166.28636078785618, 0.5799034685530946, 1.0384395148507561, [0]
-165.93189350198813, 0.575259766057455, 1.0049629609227506, [0]
-166.00524157928623, 0.6606015355987623, 0.8856937200005952, [0]
-165.8659639871103, 0.6160082235569818, 1.044396330869552, [0]
-166.6541685706528, 0.598232320391126, 1.069168571267622, [0]
-166.1136820342188, 0.533391978087458, 1.0004825172418181, [0]
-165.58341471292624, 0.6579450545953958, 1.0561243067760469, [1]
-165.92522795497496, 0.6453319668475305, 1.0122283417157796, [0]
-166.24413593332739, 0.6827311556590757, 1.124475306125792, [0]
-165.83806238308398, 0.6695957596172806, 0.9633353773464435, [0]
-166.25775249379612, 0.6949868915641905, 0.9734099934061486, [1]
-165.85858060726466, 0.5416165368590697, 1.0360338307960648, [0]
-165.7297693464812, 0.5484468352920369, 0.8552641195567277, [0]
-166.35495783497572, 0.6190220390537714, 0.7752372514672372, [1]
-165.89164455311183, 0.6622585012801724, 0.9682004193884594, [0]
-165.5964785162487, 0.5447990149552379, 0.9711589553858315, [0]
-168.46392149057692, 0.5963515589152679, 0.8715339044124355, [1]
-165.72801920877123, 0.6554428682537842, 0.8571379268342139, [1]
-166.06951710622693, 0.5671421766443601, 0.9869345437581327, [1]
-165.66493056278006, 0.6699127751853654, 1.1341241382012153, [1]
-165.95326506136243, 0.5831955664880935, 0.9014258599446306, [1]
-166.7513576171618, 0.6081200028791991, 1.0540267846233138, [1]
-166.66618438484315, 0.5884350461487733, 0.98900242460132, [1]
-165.4529565231141, 0.631758329827964, 0.8780726564969042, [1]
-165.97761056954903, 0.5373856093386459, 0.8111040272088171, [1]
-165.52683522029167, 0.6154056210046497, 1.0377012884160561, [1]
-166.37470174999217, 0.6230984611203522, 0.9419929667989329, [1]
-166.66566441741986, 0.6264073449402328, 1.0308566898174951, [0]
-167.22790623854326, 0.6203176730039361, 0.9331400691606555, [1]
-168.75357636761456, 0.5612904164657402, 1.0284310014387665, [1]
-166.50330239602164, 0.6755961913766844, 0.992699330203638, [1]
-166.643955962915, 0.6249654264200254, 0.6817617402860665, [1]
-166.38119806363517, 0.6155329811060815, 1.049497766820632, [1]
-166.74094719941064, 0.5895440501374432, 1.0452094355921915, [1]
-165.20533332562306, 0.5972925392327106, 0.9222020575923667, [1]
-167.75181933826607, 0.5788316354108684, 0.9580587217347465, [0]
-165.72224021521185, 0.6238362651040075, 0.948012620778764, [1]
-166.854492860195, 0.6553942620447937, 0.9546109280401579, [1]
-167.33891163575234, 0.5616322034063146, 1.013730239890587, [0]
-166.39597010724114, 0.6427740482621049, 0.923958426028867, [0]
-166.42976445466365, 0.6426881493890166, 0.7724071512596382, [0]
-167.1668625798223, 0.5984035244269054, 0.9172433726246751, [1]
-166.2895223791101, 0.6424286484359102, 1.0593788981269399, [1]
-165.94020987833363, 0.6518921076681011, 0.8066005091408387, [1]
-165.8997850528983, 0.5698642199466023, 0.935797357951291, [0]
-165.59805373530767, 0.6326524935562545, 1.0469753475540173, [0]
-166.1911012599691, 0.5815559406854474, 1.1050050671578544, [1]
-167.05646027115458, 0.6879595951232776, 0.9232741410584308, [1]
-166.24213511977322, 0.6569348714103584, 0.8338514887505168, [1]
-166.65734709764996, 0.691176604795932, 1.0138006641917774, [1]
-167.41316579860106, 0.6331129392607623, 1.039395600097735, [1]
-165.84441579482368, 0.6469103115515459, 0.9763127888694523, [1]
-166.191950292534, 0.5999958322922463, 0.9960506316312171, [1]
-166.67698270106098, 0.6343655265599685, 0.9070255691561764, [0]
-166.2954118637374, 0.6794659783784733, 0.8207576860518251, [1]
-165.96884013482293, 0.6558126795163028, 1.1617555295721194, [1]
-166.03578125229868, 0.5967159972689143, 0.8778426948360021, [1]
-166.33313047703456, 0.5483524288082255, 0.9821056644320839, [0]
-166.00316398587287, 0.6277509452599811, 1.0546742811334036, [0]
-166.20256436737282, 0.7041656034491272, 1.0584036977303088, [0]
-165.6021934485333, 0.5811067542059339, 0.8256998691370533, [1]
-165.74176165647762, 0.6618274866541776, 1.0077630315576749, [1]
-166.61952473289077, 0.6314008219447841, 1.154190272038118, [1]
-166.64007420052195, 0.6317596332191, 1.045934738119412, [1]
-165.7218602442221, 0.6524860102950268, 1.0201859600486902, [1]
-165.31001094259958, 0.598816029758541, 0.9570869985150878, [0]
-166.19074447831036, 0.564994262339489, 0.8408027323228007, [0]
-165.73558269838915, 0.6264021339984683, 0.9923344559511016, [0]
-166.2017994967429, 0.5943337547925325, 1.0870674277209247, [1]
-166.17181432224655, 0.5823063956688511, 1.0778989320008119, [1]
-167.71130149625247, 0.5411628114499533, 1.0451327323559914, [0]
-167.35234290148782, 0.5865779257154148, 0.9501481528884649, [0]
-167.06247450312034, 0.6121678155310415, 1.03455157820904, [1]
-166.64937678444525, 0.6591767278941855, 0.9773885042730106, [1]
-165.79946179961314, 0.6289278133651448, 0.9068070900766861, [1]
-166.85477639127927, 0.7545174315108789, 0.8335067332619254, [1]
-166.87083915838247, 0.6764004394109804, 0.9769778705398801, [0]
-166.51396219115526, 0.5912282614087386, 0.9002383381768524, [1]
-166.23290420197358, 0.6758650563005625, 1.0022967703505972, [0]
-165.95850867308792, 0.682069999330533, 0.9963714178875701, [0]
-165.57454031326438, 0.626179964006266, 0.9621220920555908, [1]
-167.38525041416744, 0.6691336351448434, 0.9430208008367316, [0]
-166.2383447340937, 0.5957732226602094, 0.8204231030949051, [0]
-166.08398666195149, 0.6795779703437915, 0.7654547786210968, [0]
-165.56663321580703, 0.6351605752535916, 0.9158587656110201, [1]
-165.77578806201362, 0.6398352032200284, 0.9350844543524598, [1]
-166.35016732355498, 0.6779286442259516, 0.7903229199428499, [0]
-167.019807693371, 0.654929719995659, 1.133420835987883, [0]
-166.6979975039045, 0.5413278773637399, 0.944407747312615, [0]
-166.2866328600537, 0.5983759151927198, 0.6963365624534266, [1]
-165.75139883250134, 0.6278640446136174, 0.9809336802025703, [1]
-165.9642304034109, 0.5774591685602499, 1.0872499425850422, [0]
-166.31646526508203, 0.6306696411574191, 1.084422146011821, [0]
-165.96121046944475, 0.5645270437825107, 0.737328663553502, [0]
-166.9478681191389, 0.5992614212092597, 1.0453032986621733, [0]
-166.85514861397317, 0.6353078801990729, 1.1724348628352137, [0]
-166.7036483599256, 0.5936442396252225, 1.0844025321902357, [0]
-166.46415848464846, 0.6477548615316295, 0.8202572341519504, [0]
-165.75644839237057, 0.5816320781084832, 0.8641095470826264, [0]
-165.77346854722913, 0.6135171582063881, 1.0673401759273298, [1]
-166.16422522336052, 0.6095133920634684, 0.7526383991429494, [0]
-166.54251620501384, 0.5270349792984975, 0.8582147596466034, [1]
-165.89035926578114, 0.6347436359700365, 0.9853756450925049, [1]
-166.12424004076308, 0.6086455400801881, 1.0538811379442312, [1]
-166.4697245613105, 0.6061599722501547, 0.9584872241952898, [0]
-165.4555500071214, 0.5802724174568705, 1.0762667972269244, [0]
-166.20317458564375, 0.5920203619299229, 0.882739877746439, [1]
-166.54270706894417, 0.6476190076663252, 0.9145265150446656, [0]
-166.52162618898285, 0.5906624188788749, 1.0504976781320612, [1]
-165.5827273766372, 0.6098017841353117, 1.0824098777741264, [1]
-166.5788178323915, 0.5874371276874889, 0.9397890675101518, [1]
-165.74269330788275, 0.63689613362143, 1.03178095814561, [1]
-165.4362869587866, 0.6168873832015743, 0.9501095145212749, [1]
-166.32629600294547, 0.7312569322090604, 0.989476530552381, [0]
-165.88057384805148, 0.6105132910872881, 0.8495403447229384, [1]
-165.76719763278012, 0.5967896850081381, 0.8613251121171476, [1]
-167.04780995029358, 0.612578480956425, 0.9423542342674123, [1]
-167.7589516779495, 0.5741583640897647, 0.8504530979718301, [1]
-166.50470059645716, 0.5385273752026676, 0.8715116286916952, [0]
-166.7950182111296, 0.5997166656532074, 1.0917229526405234, [1]
-165.97809312391374, 0.637042577077755, 0.9168049342729225, [1]
-166.4486789292905, 0.5887406366573793, 0.907257636056169, [0]
-166.80648896753982, 0.6752552892063026, 0.9948250841981107, [0]
-165.82145351079447, 0.5814275676711234, 1.0438467183971654, [0]
-167.04408683150226, 0.6680921376165718, 0.9782734122883056, [0]
-166.11013259360246, 0.6685308026665236, 0.9203482026611195, [0]
-166.6036765311981, 0.7047458777868029, 0.8420548204493892, [0]
-165.74464301938607, 0.6397084515830899, 0.9920909220014937, [0]
-166.55604815808363, 0.5923125940807537, 0.9987302444872883, [0]
-165.8400998615359, 0.621432685953512, 0.912627298617843, [1]
-167.00717027033275, 0.6699281482835447, 0.9599792971491199, [0]
-167.03207049697335, 0.6074832970986873, 1.0800427016565513, [1]
-166.56671273298488, 0.7140522929288687, 0.8927907921506145, [0]
-166.01550183347558, 0.6123541689082047, 0.9662625017348242, [1]
-166.21460685772036, 0.5410310744957693, 1.0061269901376226, [0]
-166.0420535971723, 0.6201727384315052, 0.9860434896174957, [0]
-166.05867230663858, 0.6144781727033198, 0.9325198200090968, [0]
-166.15005894887156, 0.6009009655658484, 0.9514756452799078, [0]
-166.44782796324614, 0.6682448558028785, 1.0383448037143732, [0]
-166.7779844999427, 0.6709255120354048, 0.9977634249327724, [0]
-166.163874603381, 0.5933702547496426, 1.060702444184447, [1]
-166.22767648887722, 0.6831537674504754, 1.044511317682619, [1]
-165.90673882249902, 0.5879414570676593, 1.0744040591494721, [1]
-166.15247095871345, 0.5747826589302523, 0.8949883673839698, [0]
-165.38443463425043, 0.6499805725179288, 0.9712128232844248, [0]
-167.56171509081668, 0.6072549899630593, 0.9684551358334265, [1]
-165.8901375389114, 0.6619889228904314, 0.9667278111321783, [0]
-165.7013141106261, 0.7045775903508529, 1.1288499321105878, [0]
-165.96026046224674, 0.5751925481551271, 0.901372501402585, [0]
-166.21498048841565, 0.6428202655127448, 0.9860202184586047, [0]
-166.41241991571164, 0.6531888793559907, 1.061466554305387, [0]
-165.628252746772, 0.6193308730882466, 0.9567442800091607, [1]
-166.49949938879266, 0.7118778504029031, 0.9556051056920432, [1]
-165.710625566759, 0.6217676147011375, 0.9522345606991176, [0]
-166.09986786724951, 0.6245307613844077, 1.042838456761966, [0]
-165.69707801634763, 0.6522584932713099, 0.8955489276557352, [0]
-165.91469288653417, 0.6123059790611873, 0.8919164715829134, [1]
-166.29028335930127, 0.6532782210023942, 0.8778741491021421, [1]
-167.00310891891638, 0.5953250757937127, 1.2144188522768997, [0]
-166.31111297283314, 0.6598650853723895, 0.9297270300327909, [1]
-166.31766977138244, 0.6934170202462997, 0.8964799349215548, [1]
-167.31842235447152, 0.5520334704539396, 1.0949795774176754, [1]
-166.17503805513599, 0.6941163397134302, 1.0907068182875335, [1]
-167.15417270208758, 0.6201467497429526, 0.7917434108425461, [1]
-166.1972023676953, 0.6411741000132636, 1.040852104968599, [0]
-165.8954367044696, 0.6402703697145077, 1.00382600834945, [1]
-165.74186584329408, 0.6386425890801918, 1.1610970171146322, [1]
-167.02212223698194, 0.6376603130840279, 1.1183524900487978, [0]
-166.39160838761268, 0.6310964031975858, 0.9638180152797886, [1]
-165.83644748190676, 0.6322983264892309, 1.095465329147459, [1]
-165.81476331449605, 0.5883418941927178, 0.8741599465529658, [1]
-165.8810037325613, 0.6078143913768574, 1.0392597007956543, [1]
-166.01957218669472, 0.5845604436248014, 0.8356237698865282, [1]
-166.23211877270845, 0.5597482691316991, 1.0003779180997976, [1]
-167.39998161214695, 0.6955806293565114, 1.031240123190824, [1]
-166.33101739658093, 0.663935374651829, 1.059875482018485, [1]
-167.0709314048244, 0.5675393304299592, 1.0099240652836874, [1]
-166.58822047948087, 0.5853356447193593, 0.9756560796088829, [1]
-165.79023349532227, 0.6028577026937701, 0.9994697288040576, [1]
-166.0451510077453, 0.5579347283358679, 0.9102297412438457, [1]
-166.17156231448712, 0.6910403651786037, 1.0629498442308702, [0]
-166.3841360915321, 0.6226778806867032, 1.145587870218554, [0]
-166.07353797835663, 0.6541837215529709, 0.8333752591714938, [0]
-166.25316726132684, 0.6617035425224216, 0.8783990807677317, [0]
-166.23131937864636, 0.5594478872758967, 0.9746680170746713, [0]
-167.00365069565603, 0.5761239702129443, 0.9841823064180988, [0]
-167.27155774522413, 0.6424637237653826, 0.9386255726697916, [0]
-166.20769222854997, 0.6619031850362287, 1.1249191139609913, [0]
-166.84857334379942, 0.555086163066785, 0.9700207664272275, [0]
-166.23983068352936, 0.609990075533802, 0.8785359874549127, [0]
-166.95148287154694, 0.6569375361751544, 1.0332121090095001, [0]
-166.48754577332087, 0.6477517167150768, 1.025763369528913, [0]
-165.66288418961742, 0.6084610780605696, 0.9785104849076772, [0]
-165.89600607547086, 0.6102895821879873, 1.0036459564729099, [1]
-166.3479728649775, 0.6516251253282603, 0.998662438264759, [0]
-166.28806170856694, 0.5598887088521134, 0.9136248403250289, [0]
-166.11107702476863, 0.5050090073146324, 1.0220373705467605, [0]
-166.5884508531652, 0.6322984268696042, 0.8835741979965792, [0]
-165.77631494282707, 0.7214069438486997, 0.9775410630402076, [1]
-166.62420305227477, 0.6074025776309012, 0.9711727606624414, [1]
-166.63748730636928, 0.7253194865320147, 0.8356260680356151, [1]
-166.09660501765026, 0.521241191767224, 0.963896183366274, [1]
-166.14257722528416, 0.6463670417388458, 0.9390116190518183, [1]
-165.9975986873835, 0.5904725108403779, 0.935766377307201, [1]
-165.74641607719522, 0.5773309996819552, 1.0513046896769087, [1]
-166.42192180276297, 0.6148775415937889, 0.7317289953083388, [1]
-166.11419794401456, 0.612484025460634, 1.0006665086314557, [1]
-165.93810979807455, 0.5746486110395856, 0.9911523683929794, [0]
-165.7082159953732, 0.6325918042280271, 0.9663536367140002, [0]
-166.95306540574788, 0.637128736306961, 0.9111826640171863, [1]
-166.1752352155079, 0.62768767244466, 1.0289321248950731, [1]
-166.86774681511096, 0.6755186885355821, 0.9895088957306746, [1]
-165.9113867421441, 0.6355506070729304, 0.8799211474724653, [1]
-165.63533023832443, 0.6571646082899949, 0.9673948537766515, [1]
-166.9497318114218, 0.6899937311311739, 0.8719347116935636, [1]
-165.77359621729065, 0.5917307256302572, 1.0184166914957928, [1]
-166.96720692125317, 0.6477047654347511, 0.794491803596015, [1]
-166.17570112215816, 0.682111121040822, 0.8792665819583277, [0]
-165.81061547073816, 0.6398775912333687, 1.0429520988861847, [0]
-165.77897956520258, 0.6034904669176919, 0.9754980643593547, [1]
-165.94959709415758, 0.57844351147721, 1.01097678020108, [0]
-166.00033598860304, 0.6027265744084734, 0.9808077894904148, [0]
-166.20686753434882, 0.5848565535296472, 0.9087824109561993, [0]
-166.27652914983537, 0.6077549437295476, 0.8257376133313263, [0]
-165.9869056696021, 0.6255903722183326, 0.9193752377954048, [0]
-166.80676805378062, 0.6455744110981533, 0.9320637215103826, [1]
-165.99164119509788, 0.6239555964788028, 0.9706663339746407, [1]
-165.8632761178247, 0.7334716376304931, 0.7877289253902863, [1]
-166.13226312635712, 0.609814854226789, 0.7838854867481041, [0]
-166.91055825602626, 0.5770617987025506, 0.8690245354966224, [0]
-166.09288903230808, 0.6733530649252703, 0.9578259034104346, [0]
-166.5258579052859, 0.5985354099863436, 0.8941644849697675, [0]
-166.11011851017622, 0.6630303150708157, 0.7101020871369714, [1]
-165.9895451071384, 0.6854857908640114, 0.9478053150783813, [1]
-165.49543094050424, 0.5800462238958645, 0.8415986193852775, [1]
-165.78921396216492, 0.5964990933483327, 1.0480522201394746, [1]
-166.76815964269767, 0.5944459964348517, 1.0169695830962993, [0]
-166.1689863679801, 0.6675498527718654, 1.0021477259191123, [1]
-165.30544684748645, 0.6721991186314136, 0.9506134958832577, [1]
-166.29686426577376, 0.6121865092594645, 1.0530488693345448, [0]
-165.79501163596342, 0.6734779993834101, 1.052014672229092, [1]
-166.83556268112306, 0.6255781487777321, 0.7966275139916296, [0]
-166.36416769605057, 0.6246659286992953, 0.7780994204285658, [0]
-166.40466964278957, 0.672824043079215, 1.0007742686223646, [0]
-166.2862819189504, 0.6948724048409582, 0.9676066108620065, [0]
-166.72625089743727, 0.6441235847114158, 1.0138239479420075, [0]
-166.43387033069186, 0.5825874758542806, 1.139637579684919, [0]
-166.67867186459515, 0.6484009418136822, 0.8266925462810777, [0]
-166.19854711810376, 0.6785873816246532, 1.0702989428862812, [0]
-166.34158618559297, 0.6355171079786479, 1.1233150875979083, [0]
-166.10306776750653, 0.6664379608521298, 0.9397291576936389, [1]
-165.8340109092475, 0.5677086159826, 0.9256800254357029, [1]
-166.27455697735584, 0.6475996934982398, 0.8899618250887574, [1]
-165.7954538987694, 0.6062639961747865, 1.1213864701868168, [1]
-166.60003185570295, 0.5965173072539187, 0.7972003366887322, [0]
-167.2460866556443, 0.5418982221775533, 0.9367956870432856, [0]
-166.88880477904527, 0.6484989329609466, 0.8595295775652341, [0]
-166.67233562172865, 0.6520600472273251, 1.1621511646130285, [0]
-165.76371312556506, 0.6203565542954966, 1.03473645730067, [1]
-166.24650344790683, 0.6432570458152038, 1.0141485231466214, [1]
-166.10490323589593, 0.6713833781090184, 0.9771375581268635, [1]
-165.98861619895095, 0.6856654384769979, 1.1192874755070295, [1]
-166.4750979891258, 0.5793633631700751, 0.8253278026686391, [1]
-166.2308717749808, 0.6178818954262034, 0.9861807529842807, [1]
-166.16686557801387, 0.6273845094774799, 1.0684888605265248, [1]
-166.08681129516808, 0.6293080622055981, 1.0309032438694525, [1]
-165.88616839339485, 0.5991824358675781, 1.0099255779296081, [1]
-167.03287146992528, 0.6241364447238207, 1.0028942916306502, [1]
-165.6934798564269, 0.5906142030810266, 1.0465658271929559, [1]
-166.2201850275718, 0.6854506816034666, 0.8736879037705484, [1]
-166.05180970985643, 0.5860412204964859, 0.9139843439039051, [1]
-166.97970913657315, 0.5988974282047546, 0.8926336977384424, [1]
-166.2402647755967, 0.5885179011944406, 0.9069953797157836, [1]
-166.14176872116815, 0.6035534676410216, 1.0007390486069525, [1]
-165.81963159196525, 0.6315410760135223, 1.0038233111427832, [1]
-166.42053177188345, 0.6595753425218317, 1.124214865291476, [1]
-166.6164861325542, 0.6581501254059313, 0.8248488559672661, [0]
-165.973045092022, 0.5045631895354534, 0.9132995908753698, [1]
-165.6856652652441, 0.6525700440576563, 0.9440647218071031, [0]
-167.29371234678976, 0.678083875780148, 0.8959562325844511, [1]
-166.9918556524789, 0.5101934081269119, 0.8589235022521721, [0]
-166.89642275089085, 0.5499529507664889, 1.0571777689298507, [0]
-166.074911162355, 0.5388127502557524, 0.9053962633607648, [0]
-167.3299971414241, 0.678964666832296, 1.0544803508985137, [0]
-166.1541796083971, 0.5648236130473295, 0.998279465755062, [0]
-166.56630143737252, 0.6353389607274275, 0.9066896104652554, [0]
-166.12126384785898, 0.5805344115247004, 1.017460110411706, [1]
-165.76603197248596, 0.6019591798639428, 1.0129547585055039, [1]
-166.09828986990667, 0.7064745033363202, 1.030750270182303, [1]
-165.7272741161544, 0.60350026519038, 1.0062082639929197, [1]
-166.48431520826693, 0.5387112794045738, 1.0671660244130219, [0]
-166.28798755792874, 0.5593189878789746, 0.9423872012205617, [0]
-168.1131387941495, 0.7380202358726304, 1.0451757274721125, [0]
-165.77159546294456, 0.6315488168033918, 1.0645589644186397, [0]
-166.1300284612702, 0.7096526835388637, 0.9574497856867513, [1]
-165.63659336588782, 0.7194527251971746, 0.986046908101673, [1]
-165.8849108396204, 0.6014950895630973, 1.0902727115211837, [1]
-166.14718135241384, 0.686398789125418, 0.8798901500114393, [1]
-165.73575811524054, 0.6461378529195648, 0.7648281534768241, [0]
-165.48915113365254, 0.6059648320918545, 0.9033689639221176, [0]
-165.9650986629947, 0.5758971078714612, 0.8467545011726544, [1]
-166.35137135332934, 0.5938971902228396, 1.0193120661098514, [1]
-165.8350052609362, 0.698283944521999, 0.8602269576507546, [0]
-165.93446626030268, 0.7515734697465147, 0.9708766207843037, [0]
-166.36510743367666, 0.6265147269861999, 1.1881335169155356, [0]
-165.8739681777975, 0.7020870288064368, 0.9376014048891556, [1]
-165.70339777037208, 0.6344471419897353, 1.0631552553672947, [1]
-167.0313954964264, 0.5708873611295623, 0.9068306081343326, [0]
-165.43592947264872, 0.6202331747484444, 1.0403872383220634, [0]
-166.24365133859573, 0.683821059302796, 0.9247766157490369, [1]
-166.81768616698338, 0.610560765007721, 0.9573814862207686, [0]
-165.95211789549845, 0.49491548859341006, 0.8982000989560017, [0]
-166.56094288525995, 0.6043420243836244, 1.0469788328557954, [0]
-166.45056444133303, 0.6180284372926556, 0.8706632789501582, [1]
-166.44368996097143, 0.6653815991353712, 0.8947952423412857, [1]
-166.73366234920005, 0.6901468407159275, 0.9508552724770951, [0]
-166.68094150417667, 0.5436059608415537, 0.966354655648362, [0]
-165.8335927879433, 0.6844585257152674, 1.0143347263250304, [1]
-165.78885598464433, 0.6360577740812149, 0.9375599349531888, [1]
-166.06932135127943, 0.7218567991133665, 0.8473566962950272, [1]
-166.36648470553803, 0.5409365481425674, 1.0466713791102205, [1]
-165.77805896603226, 0.5786724988955358, 0.8852932826724438, [1]
-165.38439428882361, 0.6654504069036278, 0.9421952474437979, [1]
-166.0050183289483, 0.5794813939251475, 0.8386404283269607, [0]
-166.00607263906198, 0.5434787086751114, 1.0238753940188712, [0]
-166.3993828812899, 0.6912029012195327, 0.8855039747165052, [1]
-165.94812685038937, 0.5805912069767032, 0.917516699991397, [1]
-166.58454447735897, 0.5732588914980082, 0.8081101843264006, [0]
-166.57125277910947, 0.7451970942792843, 1.0061062260282703, [0]
-167.1019267881344, 0.6552219553053664, 0.9740415934396194, [0]
-166.45365934722003, 0.6242722956804249, 1.119944674980432, [0]
-166.07202487394176, 0.6860954620506113, 0.9561267416658429, [1]
-167.0164080852689, 0.5465026762708479, 1.0103991152552043, [1]
-165.86317295238624, 0.6331769337177287, 0.9208172552827639, [0]
-167.11461488250075, 0.7301579135830806, 0.9241319674605774, [0]
-166.44961973272515, 0.610213185921545, 0.9225365758442701, [0]
-166.12596471418647, 0.6016121662645055, 0.8084219677090072, [0]
-166.25521016855186, 0.6542111535446996, 0.8194942036142291, [0]
-165.49877942831426, 0.5558277815112548, 0.8784567713882341, [0]
-165.6495611314488, 0.6565991106859611, 1.0730249347273326, [1]
-166.719947786494, 0.6265765490881813, 1.028900285640487, [1]
-165.51063360268276, 0.6357769976947341, 0.9333039414511868, [0]
-166.60706142250856, 0.6016322835409642, 1.039509329461661, [0]
-166.52624509074937, 0.5395480416391865, 0.8637557780676993, [0]
-165.8005509996632, 0.6145954307768691, 0.9272995407690616, [0]
-167.51057001050043, 0.5749047169190566, 1.037121342280953, [0]
-166.96344194181356, 0.6684601594032129, 0.6959306737909973, [0]
-166.4179269954975, 0.6886097417246974, 0.9793650401145485, [0]
-167.31220727313467, 0.6747755974770204, 1.1350619911658815, [0]
-166.62859936953234, 0.6002880878734781, 0.9797182974862356, [0]
-167.15352126872858, 0.6510187452697681, 1.0136825381729684, [1]
-166.3985989355046, 0.560178735619892, 0.776388440577939, [0]
-165.91257944610607, 0.5579048230323375, 0.9192057292014043, [0]
-166.28749779532222, 0.6373955725745712, 1.0085889105105057, [0]
-165.90999292658321, 0.5828247677218564, 0.9931378457701396, [0]
-166.02846135399213, 0.6641400884483541, 0.9799887777127806, [0]
-165.97790310044445, 0.5904689622350104, 0.9105399237091187, [0]
-167.30842713999428, 0.6774824880847717, 0.9914459034698246, [0]
-166.99603556323746, 0.6138769606092468, 1.1249766330943833, [1]
-165.81442821985462, 0.5891974944854401, 1.1101555212714485, [0]
-165.8510382065107, 0.5930962604127332, 0.948314806900509, [0]
-166.30021249945597, 0.6156182850064635, 0.8525945167416987, [0]
-165.84245829720817, 0.5986729297375672, 0.9255367840008575, [0]
-166.30131285122837, 0.6038057259086831, 1.0950402964743728, [1]
-166.16084236017028, 0.6343730683980415, 0.9992745713954825, [0]
-165.5659538779005, 0.6127646600498864, 1.0126644158461624, [0]
-166.65316650269384, 0.656127803482841, 0.8806117640308534, [0]
-166.6181064467999, 0.5312888935586202, 0.9235330081984515, [0]
-165.85524842911522, 0.5563206555059338, 0.9640219411922886, [0]
-166.4156417319048, 0.6504948522700211, 0.9172022132409868, [0]
-166.447038645159, 0.6328139427448485, 0.8859053565575109, [0]
-167.11542594367347, 0.5902135048740228, 0.937761327668152, [1]
-166.24690381293624, 0.6414325537800544, 0.7835589754377055, [1]
-166.13711825235094, 0.5585455451255827, 1.0967649401848756, [0]
-166.31486662142166, 0.626606966347063, 0.9109335916377014, [0]
-165.80577044876958, 0.6159294355481002, 0.912897461409909, [1]
-166.04952142053233, 0.6374800825393508, 1.1148764108238178, [1]
-166.7051284898699, 0.5956338872663285, 0.8585164242699941, [1]
-165.83834399753036, 0.699379366490196, 1.009075955793025, [1]
-165.71313515726823, 0.6399401138013053, 1.0148576967170735, [0]
-166.4386761781456, 0.6380381980967902, 0.9078537278231851, [1]
-165.8274553193028, 0.6467059756669491, 1.086041145211996, [1]
-165.9173093294952, 0.6445368095475429, 0.8886276009553659, [1]
-165.74778491244606, 0.614558691509657, 1.1385324638844283, [1]
-167.31911865997006, 0.51604185273464, 1.0246932284921753, [1]
-166.16318468045398, 0.6168352031328286, 1.036189919828223, [0]
-166.4551041438142, 0.715173209620574, 0.9653308426243312, [0]
-166.94864487420278, 0.6418948229088249, 1.0273796391060357, [0]
-166.61644454515442, 0.6298424007546881, 0.6987377408380326, [0]
-166.31911448557045, 0.6478268378614098, 1.0630705616632228, [0]
-165.96236951176581, 0.6482747094282932, 0.9137869337994998, [0]
-166.76285638785887, 0.6307535025709754, 0.7569281498875486, [0]
-165.76522494518147, 0.61434564526039, 1.0199088865123422, [0]
-166.64622419315722, 0.6009543824908377, 0.7655387654563425, [0]
-166.02977509435442, 0.5947245218901551, 1.0982163711370863, [0]
-165.3983558795831, 0.5711630897334965, 0.9102966313351406, [0]
-166.7962902397948, 0.655610526732439, 1.0591651294770805, [0]
-165.53538788241002, 0.6197426852841215, 0.8766415336216129, [0]
-166.16754494693055, 0.6517986192172581, 1.0491570445925498, [0]
-166.21376547311198, 0.6239207997096116, 0.8949210328004868, [1]
-165.83751578176575, 0.5997132852629816, 0.9413665776916159, [1]
-165.3991862356788, 0.6032922948707801, 1.0030079486752346, [1]
-165.60977279760485, 0.6458226554718222, 1.021501397499966, [1]
-166.12171502729205, 0.6288677340332861, 1.0962479476317752, [1]
-166.37932367405776, 0.5982907121257418, 1.021880949266331, [0]
-165.44766993538988, 0.6199223928344625, 0.9728746124966233, [1]
-166.28639548191248, 0.7030938572092268, 0.8833512246607583, [1]
-166.8025417314617, 0.6411293248455296, 0.9165687261132227, [1]
-166.15094612505035, 0.603274411710572, 0.9446870150587717, [1]
-165.38614535315565, 0.6388704428740949, 0.9882361945464242, [0]
-166.10325388050268, 0.5289314831612709, 0.8616409024223083, [0]
-166.30740558390397, 0.6056790442098303, 1.1513839420468799, [0]
-166.7655779186464, 0.6082351895746035, 0.8963277249239026, [0]
-166.26112637062403, 0.65992912765184, 1.0685446117293882, [1]
-166.21969973846603, 0.6127349622854756, 0.9949756795287181, [1]
-166.0656800063202, 0.6945079467285498, 1.0224850609156246, [1]
-165.86405559528208, 0.605236617294084, 0.8207183927102817, [1]
-166.0490230317442, 0.6062173059179682, 1.0888865934383196, [1]
-165.52084635552484, 0.6809036998206603, 0.9776251843784889, [1]
-167.0679236404375, 0.6529361823487008, 0.8864302707302864, [0]
-166.0078499677586, 0.7076252290308842, 0.8472419807062976, [1]
-166.7445155409712, 0.614781971125756, 0.9287126406804722, [0]
-166.19680309042468, 0.5789856452266988, 0.8633649203823358, [0]
-165.95351827303688, 0.6324802220585758, 0.9241819441468215, [0]
-166.41334148826704, 0.6518325844346712, 0.9549860635429943, [0]
-166.9696228262505, 0.5833589466484324, 0.8745475549185083, [0]
-166.95663950180315, 0.6046243708454239, 0.808795356395071, [0]
-165.35505368321986, 0.608793998748701, 1.1308688121035475, [0]
-165.51387139374424, 0.6528601190365332, 0.9481515581373039, [0]
-165.89869070271826, 0.6128550565921627, 1.080887905381241, [0]
-166.26743220543753, 0.6738317450931304, 1.1636553860105912, [1]
-165.85443548147262, 0.5825795971665576, 1.0723668235820936, [0]
-166.4940222476488, 0.6654448759520205, 1.0047585926563383, [1]
-167.37579463784613, 0.5722056529729682, 0.7102210370067197, [0]
-166.08904298676885, 0.5585174849607363, 0.9835864093718812, [0]
-166.19043060346726, 0.5807238672004047, 1.0064983747826608, [0]
-166.41122487188557, 0.693072216457093, 0.9608402640185271, [1]
-165.95906425088086, 0.645707984818845, 0.9687791377464335, [1]
-165.54495467399485, 0.5866098496475758, 0.9371378230467722, [1]
-165.91279761383385, 0.5753513951629524, 0.8456765469664027, [0]
-166.336317666038, 0.6125668360100702, 0.9655003295613265, [0]
-165.79839064513922, 0.6043717282964092, 0.9857289853848255, [1]
-165.918705022902, 0.5758339161731338, 0.9839196696314101, [0]
-166.11218948512655, 0.5997346681723172, 0.9247632981932098, [0]
-166.18960931976625, 0.6246522517733799, 0.8591287550884287, [0]
-165.99313687372617, 0.6183317304461113, 0.9071183301670505, [0]
-166.40855843641134, 0.5424404347057307, 1.0693573378219394, [0]
-166.13020502375858, 0.5912746742818759, 0.950681534315858, [0]
-165.84857321352808, 0.584084294731982, 1.0033853587521848, [0]
-165.63351103006923, 0.610090275708166, 0.92521914779981, [1]
-166.50225915304614, 0.6348248317136944, 1.0730126511784965, [0]
-165.81324943841776, 0.5646526472759591, 0.9056521771834748, [0]
-165.89771192502127, 0.5905519945356243, 0.9244123851418148, [0]
-166.97340072259027, 0.7008584320830292, 0.8501884348708414, [0]
-166.45030823063738, 0.6029219558848219, 1.0442831449922918, [1]
-166.03003476864146, 0.6333963166964591, 1.0108331224184182, [1]
-167.26127365972116, 0.5366652113895457, 0.8416532267370774, [1]
-166.50312054713538, 0.6232296475514788, 0.8329962214888413, [1]
-165.82316594889195, 0.5702776697323578, 0.8190853714905354, [1]
-166.58619587103556, 0.62403601463251, 0.9320952788344968, [0]
-165.4712144167354, 0.6884884879351041, 1.0744999366535886, [0]
-166.10102116954673, 0.6974706245334816, 0.9126686876454437, [0]
-166.70444252030856, 0.602541988760115, 1.060634576392993, [1]
-165.92986535750907, 0.5570192308823364, 0.8060613643342966, [1]
-165.61024956084242, 0.5401880229475443, 0.9998220329802271, [1]
-165.39237986888602, 0.6190965015306776, 0.8093706202367588, [0]
-166.33665939282875, 0.536854508582449, 0.9016914872030508, [0]
-166.52256898741638, 0.6347496690225847, 0.9592294924355819, [1]
-166.07905361314997, 0.6031860938106665, 0.9896566447996021, [0]
-166.69083685131935, 0.5953949377465881, 1.0718611314725073, [0]
-166.61515429511343, 0.5685215799641145, 0.8760066976028168, [1]
-166.66515255539474, 0.6648596719441435, 1.138009558669166, [1]
-165.87073569759107, 0.6490041049581595, 0.8586265792320039, [1]
-166.609043342379, 0.5845317930396675, 1.0502746787780683, [1]
-166.53018333626972, 0.6669385144473585, 0.9849414987060319, [1]
-166.74373165864304, 0.6844883150746339, 1.038522512837666, [1]
-166.68979875343257, 0.5895008250269541, 0.953063430486325, [1]
-166.5446719486267, 0.6720915703187328, 0.9779735267098395, [1]
-165.97841828460736, 0.7096409328535296, 0.8881861752203031, [1]
-166.02226802091624, 0.5408206119398601, 0.7926849573278195, [0]
-165.9509724020094, 0.6199884797929269, 1.02500726429162, [1]
-165.5804857737873, 0.650112041481493, 0.961274381452014, [1]
-165.85188523428482, 0.5919054955962679, 0.8610516079297985, [1]
-165.52514312758066, 0.5308647911038831, 0.9481040640797018, [1]
-165.6958441190429, 0.6360426719894172, 0.9108831288105812, [0]
-166.2465124751109, 0.589057018767231, 0.9464274858345545, [1]
-166.7674339376457, 0.593467505631116, 0.9415296537399668, [1]
-166.0544302379633, 0.6877981883609942, 1.0522805093222238, [1]
-165.9661310598366, 0.5535369713461659, 0.9708366270184123, [0]
-166.69194491718338, 0.7262826684212578, 0.8451830120050896, [0]
-167.10920024674286, 0.48627355966417984, 0.8481519282103371, [0]
-165.97124719394307, 0.6116267456054284, 0.9427156116441889, [0]
-166.3747062066352, 0.6686778985522948, 1.011075593842726, [1]
-166.85066692337904, 0.634500190496357, 1.1419054453984183, [0]
-167.38018884627493, 0.560473936932372, 0.7684841272369147, [1]
-165.6373355880842, 0.6691966411373778, 1.0820545088981772, [0]
-166.5448738052954, 0.578198001269356, 0.929838344056092, [0]
-165.68603758769788, 0.6065045367767774, 0.7889235640267853, [1]
-165.77385492652016, 0.5891040403781199, 1.0211371421884765, [1]
-165.71865053377735, 0.6491888435386293, 1.0386154970312222, [1]
-166.08036562112565, 0.640526367378641, 1.0533977884318702, [1]
-165.82498833111254, 0.6329811827907853, 0.8138787061534595, [0]
-165.66308994990533, 0.6353602095562965, 0.8853416736074627, [0]
-165.33939873454113, 0.6091658702413724, 1.0252918028804903, [1]
-166.60862621963906, 0.6349201461114078, 1.0476065181762921, [0]
-165.80981406083163, 0.6364898582479899, 1.070309126092833, [1]
-167.03930044427986, 0.5564013494620123, 0.9540565414267983, [1]
-166.20439042860846, 0.6255178417340403, 0.9979338606051162, [1]
-165.9613203832924, 0.6340501863844107, 0.9024789157795092, [1]
-167.37049303918118, 0.6595645716117717, 0.857991453740425, [1]
-166.99575148545094, 0.6094949653835255, 0.9596351462290356, [1]
-167.4997007630809, 0.6583401083679365, 1.0674992958339544, [1]
-166.5141894512454, 0.6581844065979996, 0.9984528600720665, [1]
-166.26328517614468, 0.5809881946662616, 0.8879019550164519, [1]
-165.73441435902953, 0.6124745749295121, 0.9393992039837861, [1]
-165.5243424137247, 0.6658489949163098, 0.815398768132391, [1]
-166.12866561353025, 0.594680555447339, 1.0433653610184626, [1]
-165.45817227777692, 0.5842722168334703, 0.9588286205963469, [1]
-165.84472584856525, 0.6269998934532572, 0.9044387118395861, [0]
-166.10073306798765, 0.6263032136190932, 0.9127086296171976, [0]
-166.5780949455077, 0.6095377387451394, 0.8970471609054647, [1]
-166.14341878582098, 0.6338571026055068, 1.0683935883648974, [0]
-166.19514418852756, 0.6121385421664458, 0.8747648764213449, [0]
-165.52878934831136, 0.6146527790687881, 0.9153526506242575, [0]
-166.82362624455465, 0.6129334762144728, 0.9792956646668405, [0]
-165.85591896274505, 0.5888683675920157, 0.8471375724510217, [0]
-165.83289078464037, 0.6145607527646145, 0.9368079270888292, [1]
-166.3550143313901, 0.6502987535633906, 0.8386149419651696, [1]
-166.35550297119394, 0.5696582603661711, 0.9464596003767165, [1]
-166.13712186404004, 0.6746178544833654, 0.8995760331602208, [0]
-166.6067480055827, 0.5841068770047488, 0.846686553405068, [0]
-165.86779874824845, 0.642928843014316, 1.0571241962196765, [0]
-166.00833459970494, 0.5964602740066859, 0.8882166598504555, [0]
-165.73549348474623, 0.6197059956845861, 0.8863403839486024, [0]
-166.12550529981166, 0.6703299200124703, 0.8000208962914731, [1]
-165.68058691928388, 0.6819283896863096, 0.998774440304193, [1]
-165.41165378366196, 0.6245232882522271, 0.8900065923690111, [0]
-166.30426606204725, 0.5916280164225245, 0.8311511814433566, [0]
-165.9013573796793, 0.5925858570401945, 0.9512630611031894, [0]
-166.07163837462872, 0.6825237129301693, 0.8919968837779206, [0]
-166.34288656887574, 0.618461713093572, 0.8506287676423617, [0]
-166.04831946152748, 0.5690488794928715, 0.968467936167438, [0]
-165.76711833880498, 0.6138692291296436, 1.0532523999492207, [0]
-166.6877574567676, 0.6725553928639265, 1.1935756219802829, [0]
-166.12322733152538, 0.6353112229625434, 0.8695075088229045, [0]
-166.04212165394924, 0.6484644555484472, 0.7741125724391241, [0]
-165.87666810840201, 0.604954371442464, 1.0407542457276489, [0]
-165.66341611930696, 0.6633701601685154, 1.0444000080211615, [0]
-166.36649770728678, 0.644750325606044, 1.0986413454783344, [0]
-166.57754870078261, 0.6467405244298994, 1.1649886460465244, [0]
-166.90623570281963, 0.5505876423852091, 0.9412604061007499, [1]
-166.0055311792757, 0.6436842121364827, 1.0473045085108137, [1]
-166.57364464452093, 0.5949060346586174, 0.935100843392955, [1]
-165.7588413793299, 0.6258887381135576, 0.8292997225318626, [1]
-166.34656938408887, 0.7108415913482092, 0.9400911182528446, [1]
-166.38826054701377, 0.7251079497780067, 0.8793830562739267, [1]
-166.67316654896783, 0.5880436218325551, 0.8592433028266071, [1]
-166.69861641124953, 0.6594126772847422, 1.1018180326593061, [1]
-166.66886435505828, 0.6221872042188807, 0.9703756660012428, [1]
-166.16173512514817, 0.5967137559562844, 1.0303112172800188, [0]
-166.1250623492191, 0.6408846062545256, 0.8490604057532422, [0]
-165.94688726667954, 0.6590772182190346, 1.0421770401695207, [1]
-166.84094445125095, 0.6232676075544574, 1.113463611501379, [0]
-165.69788987934842, 0.6493773746566007, 1.0694810662094907, [0]
-166.80266551261806, 0.6719073221927111, 0.9092704730401364, [0]
-165.42978980011156, 0.6244700716268279, 0.9516878775199685, [1]
-167.50328121554793, 0.5858105191296905, 1.099433364019825, [1]
-166.03251891834586, 0.5627321558838871, 0.9542963453039452, [1]
-166.93963298713953, 0.5338394803278314, 1.004006420170677, [0]
-166.68941354120136, 0.5805941225796963, 0.948334795394795, [0]
-166.1609190294858, 0.5821090241605289, 0.8559986741971419, [1]
-165.7701576858344, 0.6227707242465231, 1.0062935627534018, [1]
-166.2644973547084, 0.5688188995407488, 1.0646801905426553, [1]
-166.49007384943368, 0.6176795762164546, 0.9292651871808029, [1]
-165.87952197718087, 0.6622897094602269, 1.1263737914707932, [1]
-166.0087677849156, 0.6116403754348061, 1.1617005062825072, [1]
-166.05380159123695, 0.6514692451222118, 1.1881750248113125, [0]
-166.1600425565237, 0.6175022865278671, 0.8970196165033146, [0]
-166.56502660517998, 0.6113645377054038, 0.9315391345850372, [1]
-167.01646676183148, 0.5649229448213994, 1.089535163546281, [1]
-165.7714559001849, 0.5992537687736531, 0.9501832578084974, [1]
-166.39629819203856, 0.6798905056189345, 0.9655713976240474, [1]
-165.94511016504774, 0.6316581346449552, 1.1695576234849054, [0]
-167.07205006952134, 0.6450997037729057, 0.9754480276413913, [0]
-166.15695757519345, 0.6557813582031538, 0.869219486553069, [0]
-166.3251327031716, 0.5714220663869529, 0.9035425958320084, [0]
-165.60417585670058, 0.5757749332180873, 1.150619980645899, [1]
-167.47588566542663, 0.612672844581439, 0.9864694288011593, [0]
-166.03366179491988, 0.5378679559856789, 0.6655364441879607, [0]
-166.69470966043016, 0.5929925869312398, 1.000136697721171, [1]
-166.86309356974792, 0.6182154234588672, 0.8396187193750337, [0]
-166.19669049470528, 0.6517075371976668, 1.1031386447633809, [0]
-165.5579955791105, 0.6657524654554283, 0.9773303833453912, [1]
-167.7315799900809, 0.5711585451985095, 0.9440432500808491, [1]
-166.41874043932822, 0.6222242782437846, 0.926643894739488, [1]
-165.72039529130694, 0.6020987740709325, 1.0091804012902834, [1]
-166.84226327370843, 0.5662808829710826, 0.9521569567333662, [1]
-165.84137138955617, 0.6153085675955677, 0.9669059336481062, [1]
-166.79873242688456, 0.6499022555664872, 1.2383463356009605, [1]
-167.72802035583592, 0.637181368631223, 0.8133585428718141, [1]
-166.773595141648, 0.6545863672372861, 1.1502752738932862, [1]
-166.34618548901915, 0.5416168113654372, 1.0623295652017268, [1]
-166.1384184008058, 0.6643337062443223, 0.9719131050334205, [0]
-166.02932287656876, 0.6578634122574788, 1.0407894382239684, [1]
-166.20937471203203, 0.6615489810414044, 0.8362105442665568, [0]
-166.8211561361761, 0.610175121744806, 0.8492984130577239, [1]
-166.63061297838547, 0.6524594159450737, 0.9702041045623303, [1]
-166.1193599332134, 0.636049551773435, 0.9924433544269311, [1]
-166.0705764583259, 0.6180348269246853, 1.0432879832294866, [1]
-167.08637707584722, 0.5849979305630919, 0.9306287912022432, [1]
-165.9434913069463, 0.6701914014895659, 0.9807769213488028, [1]
-166.47887237080138, 0.6346526639858268, 0.9742916886316705, [1]
-166.49295100720704, 0.6182738001094777, 0.9100623079366696, [1]
-166.76505812093583, 0.5306797406256637, 0.9907200627878165, [0]
-167.29707525446182, 0.671323884712742, 1.091979409265213, [1]
-166.15528738719135, 0.629956386763617, 0.9004447219910335, [0]
-167.25663231639155, 0.6713545261302232, 0.9780188823662308, [0]
-166.66271265567698, 0.5697988124129046, 1.0172200266781708, [1]
-165.9818019565199, 0.5835712638301527, 1.0132667434118545, [1]
-166.95302547901144, 0.6524155086472974, 0.7541629575934126, [1]
-165.85829039068517, 0.6417903608897136, 1.0739666216218249, [0]
-167.0970848674967, 0.5328635689897075, 1.0214889999928225, [1]
-166.01641986260915, 0.5960261910257597, 0.9824768896721869, [0]
-166.23372002042257, 0.6206702192256079, 1.061145222685424, [0]
-165.8253370505168, 0.5857764649441981, 1.0381598993763745, [1]
-166.73339347995224, 0.6828941841557531, 1.0225976201073599, [0]
-165.72614768404623, 0.6470675409389364, 0.9409552340689433, [1]
-166.32721326655306, 0.6353506124729573, 0.9248756930715497, [1]
-166.43040948132307, 0.6606191908777121, 1.0704628783778531, [1]
-165.64901113710044, 0.6152946901167075, 0.9172412063795744, [1]
-166.17953677673546, 0.6380419566073599, 0.9618271122499122, [0]
-166.2477252414221, 0.7032083891798188, 0.728138497291915, [1]
-166.62989321759366, 0.607577090183225, 0.9229270925544298, [1]
-166.30884549050214, 0.641100038979284, 0.9607279813434852, [0]
-166.58502467945033, 0.621770316442646, 1.0943615673020979, [0]
-165.79604955836237, 0.6200904076924101, 0.9830514935600758, [0]
-165.96686179452533, 0.7051290122895394, 0.9611132772168707, [1]
-166.4446921570737, 0.5660030432274217, 0.8501997776105897, [1]
-166.39084316336263, 0.5751201847879263, 0.9303089769389378, [1]
-165.8456644689125, 0.5767599146494379, 1.0251195086502813, [1]
-166.8055005735531, 0.6375287601014469, 0.8275015327716917, [1]
-165.96946067242826, 0.5703411836626594, 1.0267090320675443, [1]
-165.5595147572837, 0.6070738936679569, 0.9409433081945536, [0]
-166.13474331822954, 0.6505653174002518, 0.9629979083844165, [0]
-165.81237708616052, 0.660905437868373, 0.9785766916541623, [0]
-165.87767820825357, 0.6268000132290884, 1.1272886693111304, [0]
-166.50790423824353, 0.6239281822297938, 0.8485306876527741, [0]
-166.681824104828, 0.6321398025430143, 0.9540814519644183, [1]
-167.0418531973714, 0.6119566326000034, 1.1243272250782643, [1]
-166.0974298856565, 0.6420184104874463, 1.10838540697643, [0]
-166.3987100361304, 0.5082928187261169, 1.0986356503439698, [0]
-166.54770770390783, 0.6204225221957573, 1.0718654384110453, [1]
-166.49529667318058, 0.5846362609368735, 0.8881693595862182, [1]
-166.05036031352498, 0.6779427529231536, 0.9452297192715924, [1]
-166.88137157923705, 0.622703101087566, 0.8400088518895458, [1]
-166.05197605922226, 0.6042771762570236, 1.0323629965662655, [0]
-167.4415505128115, 0.5744613787500071, 1.0736450097524808, [0]
-166.6936822909874, 0.5584422976070647, 1.0147477262421094, [0]
-165.94925227802494, 0.6497635358111147, 0.9945968417310781, [0]
-166.66366320118283, 0.5986886872422182, 0.8612634736542025, [1]
-166.14169967406903, 0.63371943786573, 0.8925251223309224, [1]
-166.05179678082422, 0.664134155304329, 1.1135114789633973, [0]
-166.1066210874932, 0.5497589831329451, 0.9446466664595201, [0]
-165.54655429129014, 0.6076253779364983, 0.9503254350192005, [0]
-166.34108470371217, 0.6652348938626891, 1.0269330757455957, [0]
-165.62097305008658, 0.5768797324611603, 0.9597580423630226, [1]
-165.6953892403013, 0.5731752766704066, 1.1136977148269918, [1]
-166.04371491466475, 0.6610136973998486, 1.1201036245418228, [1]
-166.12890225672038, 0.5891691777611439, 0.8284293524807643, [1]
-165.45822534525269, 0.5813441960949991, 0.9537133674596292, [1]
-166.61703905187406, 0.594109957570895, 0.8695548870868399, [0]
-166.4772665156019, 0.5936165725661615, 1.006725603819736, [0]
-166.39940746193687, 0.6439121007421285, 0.9010804932430786, [0]
-166.22768434932414, 0.5765845810335423, 1.031004524317566, [1]
-166.36392245621104, 0.5634711521106742, 1.0826796358145272, [1]
-166.48876374634443, 0.6244528279274633, 1.0310974162777768, [0]
-165.8077552995601, 0.5191564007219583, 0.943154649845582, [1]
-166.6044614718504, 0.5460613044357965, 0.8781477068258001, [1]
-166.4884981169893, 0.6003745239522842, 0.8813884309446788, [1]
-166.72287929565692, 0.7050025353434568, 0.8967474100421334, [0]
-166.11282342315806, 0.6632257801049307, 0.968160422892469, [0]
-166.03064268061055, 0.5540327908959686, 0.8731344919664973, [1]
-166.46817068008139, 0.6314579994685424, 1.1379868044085233, [0]
-165.6716527228445, 0.6581271326633575, 1.0089825294688395, [0]
-166.00254101468647, 0.617987427797457, 0.9112119093099874, [0]
-165.52436402732073, 0.6806607162366568, 1.019711769589386, [0]
-166.61677724225945, 0.6038599482531883, 1.0361666624198342, [1]
-166.28191100295652, 0.6440571327654843, 1.0924447535164752, [1]
-167.04412704409984, 0.5988794899205113, 0.8322318372335071, [1]
-165.65660673185835, 0.6434573752551815, 0.8949554256938591, [1]
-165.67946591863762, 0.5349233893186087, 0.9776686001938195, [1]
-165.89398293211914, 0.6765075279867214, 1.0007645167941943, [1]
-166.79319833970513, 0.6749411712620511, 0.7984899873738517, [0]
-166.38289127009136, 0.6264555545184661, 0.9598022035634703, [1]
-165.86338701362814, 0.623661546194678, 1.0025996733971447, [0]
-165.59735936758992, 0.6242225355265486, 1.127772310370272, [1]
-166.00171239022345, 0.6539639090189985, 0.9383733760026518, [1]
-166.42815333440288, 0.7126486979918845, 0.742341326244401, [0]
-165.97844872064522, 0.6843246637462617, 0.8047848922120424, [0]
-166.06100784694408, 0.5689024976788617, 1.0217483910652854, [0]
-166.3812878012589, 0.5961884586750839, 0.9518075621845219, [0]
-166.4290336672443, 0.5891802779333967, 1.0360331967798804, [0]
-165.7584012839594, 0.6423811965592693, 1.0625708250980148, [0]
-166.03853047857424, 0.6003870992947256, 0.9945765755638358, [0]
-165.92928005952257, 0.6543032558368662, 0.7933422967047287, [1]
-165.99971735779056, 0.6214442103127261, 1.0282245965552201, [1]
-166.227689385058, 0.6381582088394403, 0.890435932427489, [0]
-167.14011135649287, 0.6443591457133615, 0.9401532224594037, [1]
-165.9665762175686, 0.6118230158708, 0.915133902960082, [0]
-166.82292911197024, 0.6627233851876807, 1.1585565861029563, [1]
-166.62934233735874, 0.7213779548926119, 0.93176046259027, [1]
-166.2055626935349, 0.6135357333540591, 0.8101646658660258, [1]
-167.80699514358767, 0.6223396221968897, 1.1501649007037331, [0]
-166.3546686054909, 0.6315199153863488, 0.917984215140313, [1]
-166.19885996471868, 0.5860460703989047, 0.8530695804618442, [1]
-166.35981093494357, 0.5976689902853808, 0.9478263466785921, [0]
-166.07610950176954, 0.6143564555935631, 1.0354638588129883, [1]
-166.08943957862977, 0.618393589322807, 0.9523033959370263, [0]
-165.8704021879747, 0.6357513689720616, 0.8755354055522775, [0]
-166.65672862894843, 0.6535821190116902, 0.9979247788314799, [0]
-165.74794783359536, 0.7045668427371324, 0.9079093383542455, [1]
-166.4026039725277, 0.6149237254697217, 0.9631181334047889, [0]
-165.87362998406823, 0.6122612255675746, 1.04895201177174, [0]
-166.22817028736486, 0.6047328341485588, 0.8808826004002068, [0]
-166.3371832192615, 0.6572524428796939, 1.201396915701956, [1]
-166.04668907773225, 0.6503987316731571, 0.8299486279913941, [1]
-165.46220151330047, 0.7024904625308503, 0.9223840892450526, [1]
-165.5998086492587, 0.569615393120332, 0.8747754308147785, [1]
-166.50899787813137, 0.630872219962929, 0.9248677416389158, [1]
-166.70481411526254, 0.6117476800292452, 1.031171559102889, [1]
-166.11815154996776, 0.5934277681626483, 0.8910559609411248, [1]
-166.61128876059297, 0.562885908616892, 1.0525753830191906, [1]
-166.6201625267723, 0.5982663628578909, 0.8933907288060366, [1]
-167.32722794944274, 0.5510743581794662, 1.062909125971615, [0]
-165.7068298276536, 0.6068693617898079, 0.9069583344465809, [0]
-166.4492202389289, 0.5409588254920672, 0.8861796872003371, [0]
-166.75465675984609, 0.6144367504588039, 0.9034296400363508, [1]
-165.41962917915245, 0.638041383168285, 1.0623976716065782, [1]
-165.35855346520384, 0.6754653298840121, 0.88296284476363, [1]
-167.04089716364632, 0.5818084990886798, 0.9720324748995619, [1]
-166.4315981283444, 0.57555394922855, 1.0797009430038633, [1]
-166.65533314953814, 0.5756451330262151, 0.9061675369314941, [1]
-165.93238068034316, 0.6556420421337887, 1.0340803986735434, [1]
-166.5556449812135, 0.6574262650305284, 1.1414483829905713, [1]
-165.9923947603097, 0.6340944784223184, 1.1412369164846201, [1]
-165.94106637801625, 0.6373211228641411, 0.9674669301860055, [0]
-166.64206131578726, 0.6152717335455922, 1.170669227198348, [0]
-165.94257494081955, 0.6027367414820719, 0.9496140847490726, [0]
-166.83409311394652, 0.6037353239453623, 0.8601923660876152, [1]
-165.61992970845145, 0.6967879305235348, 0.9119027916915783, [0]
-165.51195193780666, 0.6518665342662738, 0.9147301811061556, [1]
-166.2448946102393, 0.614906854053718, 1.1295906533891193, [0]
-165.86140750582723, 0.6104344036821595, 0.9293029001133918, [1]
-165.91406405977492, 0.5739884899905539, 0.8945951628111259, [1]
-166.08887446657815, 0.6604062128784465, 0.8131115149589396, [0]
-166.85727301266863, 0.5907580356436465, 0.9379904328774975, [0]
-166.28795058477365, 0.5927170061697133, 1.0633229395963313, [1]
-166.15635260783532, 0.643262809210124, 0.7848846078270685, [1]
-165.62007412084543, 0.6355215119460946, 1.0079034403008267, [1]
-165.66027345583845, 0.6060976531228323, 0.9118976180448991, [1]
-166.0357087002864, 0.6247372088509782, 0.8536146938859139, [1]
-166.1321113127489, 0.6664062086946403, 0.7980003640734736, [1]
-166.05663869909782, 0.6649882145141417, 0.9701736913439117, [0]
-166.23477826486598, 0.6288310302847963, 1.0932012384229277, [0]
-166.55487098142564, 0.5900346316803807, 1.0319526676987472, [0]
-166.58777493591015, 0.6444474705387957, 0.8571381026057889, [0]
-165.3753645847354, 0.5838097001988414, 0.8656676311817284, [1]
-166.42870312724614, 0.6985812532181432, 0.877980580714391, [0]
-166.07516386259422, 0.6086152312474681, 0.9591348844776398, [0]
-167.2721761990296, 0.6070485212203918, 0.92008386288155, [1]
-165.88599123728167, 0.5953585856970857, 1.0477071065661292, [1]
-165.97750697869157, 0.6479063136991016, 1.152497596661877, [1]
-165.86570946368826, 0.6690097422207293, 0.9716674050033711, [1]
-166.56769325460888, 0.6504970400903228, 0.9081086304777357, [1]
-166.1215106383354, 0.723461497368122, 1.0601829294088039, [1]
-165.8706186454812, 0.6105098135618451, 0.8246953512143778, [1]
-166.39905895912568, 0.6800697972185157, 0.8808971308862797, [1]
-166.17177795662982, 0.7130522614744911, 1.0447783309433634, [0]
-166.06750661083336, 0.572999389809661, 0.8391112650245848, [0]
-166.17974137732023, 0.5738235519878707, 0.9756430813112615, [1]
-166.49365198397032, 0.5645696086578261, 1.0018933786585646, [0]
-166.12921191368892, 0.6425159556716667, 0.8623584597544129, [0]
-166.31501540663447, 0.7104448334913636, 0.8147902496019676, [1]
-166.1976810225819, 0.5883329118898598, 0.9807420751279782, [1]
-166.28989988387013, 0.5994065989583435, 0.9156025158438266, [1]
-166.16099821109577, 0.6268517011725174, 0.8035116029526362, [1]
-166.31230340298958, 0.6099846764795877, 0.8257391946375483, [0]
-165.882100781319, 0.6052506369872932, 0.8762508602474669, [0]
-166.12132873242828, 0.6476386506533559, 0.9209054386261077, [0]
-165.95057671757795, 0.6124488371269685, 0.9445577937694971, [0]
-166.74389332230672, 0.6149141714913692, 0.9947474220264869, [0]
-166.30980603491972, 0.6179809065756652, 0.7577922447301979, [1]
-166.14315224667124, 0.6327054964919144, 1.0863787696102711, [0]
-165.6725510526736, 0.6480429213630254, 0.9301256786137315, [0]
-167.48290680096963, 0.5409021804081915, 1.1300481093173063, [0]
-166.57706423488312, 0.5895047533508089, 0.8280964390483109, [0]
-165.64961396330136, 0.6518344529553473, 0.9363989313576244, [0]
-166.1332521223691, 0.6798843973109673, 0.9262905798593086, [1]
-165.73180098239186, 0.605407562185599, 1.1644648794183694, [1]
-165.31758921843905, 0.6424498428788027, 0.8696546957607998, [1]
-165.77692464458283, 0.6313815206978379, 0.9046107670973208, [0]
-166.45447370748587, 0.6064030490473904, 1.0752577704385415, [1]
-166.4145499219895, 0.6237984547469846, 1.0510437061050713, [1]
-166.0711488618338, 0.6815291608197861, 0.9824032173287262, [1]
-166.18693646464996, 0.5795949034936919, 1.0572970549194745, [0]
-165.75811406866416, 0.6048856644745141, 1.0240320775001241, [0]
-167.62487208436224, 0.6786212542601708, 1.0076318895412761, [1]
-165.81833932632577, 0.6130099120436849, 0.7855385386315727, [0]
-166.36040756091649, 0.5746404128769715, 1.125999695972669, [1]
-167.06484889992146, 0.6387608503132999, 0.9034650076014442, [0]
-166.1222672619943, 0.6673395432566245, 0.9930854884587571, [0]
-166.98928260487986, 0.6503626299579734, 0.9829228924552172, [0]
-165.5452314978313, 0.6373915999812391, 1.0502711227998647, [1]
-165.78899573825933, 0.6823738279604487, 0.9514035829950287, [1]
-166.27052280040823, 0.6314034678281857, 0.9155164981919058, [0]
-166.2740926908864, 0.5593948524153022, 0.8073147152721456, [1]
-166.52896876567996, 0.5864558332106279, 0.7656460449001631, [1]
-166.63775884245712, 0.5634845779058442, 0.9918733097759296, [1]
-166.47704491038263, 0.6570543727427812, 0.9887356182346322, [1]
-166.44346814925555, 0.6712616781803512, 0.7852166668303744, [1]
-166.85970471448158, 0.6571393103117037, 1.1406409497299488, [0]
-167.37513179786558, 0.5474217977670179, 0.93301085728725, [0]
-166.76394226980838, 0.5918259577399415, 1.0321136586538762, [0]
-167.37050884052562, 0.6541901197909503, 1.115576521749496, [0]
-166.22050002240377, 0.6917060627761362, 0.9549734632944495, [0]
-165.60535884084473, 0.5956489915486908, 0.9831137366885914, [0]
-165.70428816305966, 0.571205687873189, 0.8210717347976738, [1]
-166.19000260403848, 0.5693097542815919, 1.1345671575657508, [1]
-167.14845135299333, 0.5350834602066827, 0.8442456706170453, [1]
-165.1456696091824, 0.6222701927211389, 0.9824924435289676, [1]
-166.16998605582205, 0.7259033333454807, 0.7768286451687817, [0]
-166.3835038852459, 0.5968392867929083, 0.926439908087022, [0]
-165.90785797471088, 0.583296426397079, 0.9165584024980381, [0]
-165.73909285101945, 0.6304512979867615, 0.9311101251119215, [1]
-166.1478848105856, 0.6509789832192007, 1.187167759829554, [0]
-166.8866634427656, 0.5775776380842595, 0.9775509919667974, [1]
-167.8164016171691, 0.5862016331038451, 0.8673954123935611, [1]
-167.1971758857702, 0.6976696927805921, 1.0639013404416542, [1]
-165.94492474067792, 0.595597190805171, 1.0442337370591843, [1]
-166.3934104604135, 0.5922639218653415, 1.1823220130424004, [1]
-165.8268368802619, 0.6484029432486619, 0.9903150234071258, [1]
-166.34217534820684, 0.6283508329558956, 1.0703142167165005, [1]
-165.98730379036775, 0.5796536704520358, 0.8967144757527019, [0]
-166.15307145078924, 0.6012901667436191, 0.9830558894444291, [1]
-166.2183509380418, 0.663080102074697, 0.825370590692258, [1]
-166.32370677441514, 0.6051394232517544, 0.842019846379513, [1]
-166.60174408134745, 0.5848324690553901, 1.1173797870503686, [1]
-166.3033118431559, 0.7303955047373811, 0.9437834837492697, [0]
-166.34152313891028, 0.6246516939287355, 1.0732986500588055, [1]
-166.32900754452353, 0.6178925234452194, 1.185291901811036, [1]
-166.58761907942647, 0.619928807927189, 0.9793257676411333, [0]
-166.8513569365058, 0.6189152596245232, 0.873476611544378, [0]
-166.26685799868565, 0.6928178552391241, 0.9714235906499786, [0]
-166.12432423019385, 0.6527357841101397, 0.9583166708029064, [0]
-166.17623635336116, 0.594335967821232, 1.1105309093553761, [0]
-166.2465692298182, 0.6185016317379481, 1.0235752055354184, [0]
-165.50433476581048, 0.6079222127742464, 1.1271054655931458, [0]
-166.10648808982032, 0.5536342559162978, 0.7758939505047063, [0]
-165.2260167956311, 0.6386790280858063, 0.9215067173310686, [1]
-165.61302726013832, 0.5676756544951396, 0.9847532627055304, [1]
-166.2755883120266, 0.6069916600995777, 0.9285879521568479, [1]
-165.64571324062737, 0.5700547082654887, 0.8469439655748733, [1]
-166.1093587914279, 0.7053690764784106, 0.8023932863165513, [0]
-166.1265674825642, 0.6446551184039556, 0.9132983519506706, [1]
-167.16911762067858, 0.6284114683884312, 1.0330295210923799, [1]
-165.8484002934526, 0.5788741837529578, 0.8983912059406144, [1]
-166.0336921474591, 0.6269781531429011, 1.0264152264169268, [1]
-165.70130729284432, 0.5657206202444034, 0.9920927686934012, [0]
-166.14437453183274, 0.5824528485765237, 1.0979651399480457, [1]
-166.5784290017712, 0.5749983167445983, 0.9234458219633828, [1]
-166.42956143389446, 0.6957895961696838, 0.9012525179058597, [1]
-166.16944118879678, 0.6684495576355924, 1.0723323998575207, [1]
-165.84760250425137, 0.5772666898556401, 1.0682021429892443, [1]
-165.67221608019383, 0.5637506179962968, 0.8786917095376308, [0]
-166.11628559741854, 0.6309545366589422, 1.0636210084811886, [0]
-165.74631288144752, 0.6556226622955187, 0.9557676212222428, [0]
-165.46786588068545, 0.6156092389060983, 0.9506121230956314, [0]
-166.03769157219313, 0.6163703034792525, 1.000668756352165, [1]
-166.45800447151098, 0.6620832224243258, 0.8524228945595393, [0]
-165.66144608163603, 0.6714069883573676, 1.0702747132049506, [0]
-166.51675928044088, 0.6259248751001613, 0.8152741216157129, [1]
-166.44732848647084, 0.6682849581444708, 1.046103553128023, [1]
-166.17423158867805, 0.6403279924087081, 0.8515141531803094, [1]
-166.59940816545756, 0.6362874444836748, 0.6760913205440288, [1]
-165.93788289672594, 0.5639737064980915, 1.037780460910427, [1]
-167.35303473148124, 0.6255102197366792, 0.8001939489380038, [0]
-166.38984165462278, 0.6671579789216302, 1.0145792005946581, [1]
-166.2096304505043, 0.5916557441445583, 1.0103838219631318, [1]
-167.47357954339526, 0.5879158428817806, 0.9931632673392494, [0]
-166.4349006956873, 0.5815507634573526, 0.9878737651222967, [0]
-166.18066430139064, 0.6430247558693463, 1.1498207971447343, [0]
-166.31221404068236, 0.6801806398466497, 1.0521176252479876, [1]
-166.33680090920436, 0.6165390093377965, 1.0299430539398502, [1]
-166.32036090619462, 0.6341353574476097, 0.9135507501043225, [1]
-166.33362160245014, 0.6386652403096285, 0.9774852039055604, [0]
-166.65496691520838, 0.6013011949130397, 0.9509131974007036, [1]
-166.2202928503531, 0.6007003834030125, 0.8707088842722771, [1]
-166.40665142629874, 0.5950708446591005, 0.982363581407394, [0]
-166.2291956721515, 0.6271452858774397, 0.8451620925459447, [0]
-165.8332709723075, 0.5729844990972145, 0.889626364590025, [0]
-166.91621570622047, 0.6735492089687642, 0.8535779821555125, [0]
-166.52950007335107, 0.6560235631331146, 0.916444744819529, [0]
-165.93139224441404, 0.6555421691848509, 0.8726950603746358, [0]
-165.84167814980609, 0.6752105193694672, 0.9897846533722224, [0]
-166.2798297097016, 0.6570120233133706, 0.9533281606330032, [1]
-165.46282239327732, 0.6390458956535001, 1.0880856974591466, [1]
-165.58446733489038, 0.5542138947574311, 0.9031385790855262, [1]
-166.34928423592686, 0.6398456068084516, 1.027600978179655, [1]
-165.81381730314726, 0.5999579133616054, 1.0394192894383432, [1]
-166.95334470506032, 0.5328542103766094, 0.862040402773406, [1]
-165.4578876490931, 0.6975777991192108, 0.9612698987203697, [1]
-166.58115066261357, 0.6435547566751236, 1.0810254872533513, [1]
-166.41037506176704, 0.6569611720346649, 0.9778152422796473, [1]
-166.62325921717758, 0.6977242663701968, 0.8902312107708933, [1]
-166.2571767876486, 0.6563858875845254, 0.9355076327812596, [1]
-165.88674703035693, 0.6633810058159633, 0.9202525107235862, [0]
-165.61048809938129, 0.6106534626358483, 1.0620878529601172, [0]
-165.82803932875967, 0.6340283946328779, 1.0123316995951082, [0]
-166.7775953730006, 0.6864775979975362, 0.830626494910018, [1]
-166.46869107367667, 0.6814655106332103, 0.8703486356069664, [1]
-165.53486963080127, 0.69127603137339, 0.8537969785190318, [1]
-165.91526924064567, 0.6184245496329966, 1.0438317496431424, [1]
-165.65637747289142, 0.6457910041143465, 1.0270780753542148, [1]
-166.48587440440687, 0.6233341011396509, 0.7973604618097906, [1]
-165.94108569674341, 0.6190887371080984, 0.9975440721715271, [1]
-167.2914081638774, 0.6317376000830213, 1.0825182654633656, [0]
-165.86456175544652, 0.7291650628850984, 0.9912197214430435, [0]
-166.96337734732884, 0.6333243281981835, 0.8237039428280787, [0]
-166.50486685279301, 0.5846009390734347, 0.7981870205135131, [1]
-165.7006817062784, 0.6041668767305973, 0.9796146494790375, [1]
-166.04012638986416, 0.6362665122087073, 1.0668346743802768, [0]
-166.58608228909344, 0.5241107020042869, 0.9973211570098895, [1]
-166.43686256331236, 0.6017443112935948, 1.1114268318859863, [1]
-166.24988661757294, 0.6189587527363558, 0.9898040762333076, [0]
-166.75038088781233, 0.6297232661580662, 0.9859015286484715, [0]
-166.47615795306336, 0.6536377994980065, 1.1351385222770336, [0]
-166.39487757483167, 0.5897164774130523, 1.0888513126608999, [1]
-166.67971465231327, 0.524424068658809, 0.745032313291929, [0]
-166.42970752967602, 0.5827861233789531, 1.0237866516012635, [0]
-166.4890772503768, 0.6186995143558839, 1.0631791300843587, [1]
-166.19296311603273, 0.5551069612255216, 1.0290049135733905, [0]
-166.09884928915906, 0.567886175485565, 0.9727120045865595, [0]
-165.8978674129982, 0.6713521165099027, 0.936982919727648, [1]
-165.68568940052336, 0.6792891343000289, 0.8591408718384199, [1]
-165.6348444704518, 0.5928824389478181, 1.034813210811776, [1]
-166.49226524512568, 0.6929635927197235, 0.8604570646946534, [0]
-166.24040093563033, 0.6324047883391897, 0.8644111869416692, [0]
-166.12209616505626, 0.6499080388069871, 0.8937667012170512, [0]
-165.514973969892, 0.5643896859330921, 0.9110496789130801, [0]
-165.6457279218678, 0.6065393251714346, 0.8681537510887698, [0]
-165.98573771633397, 0.5785318645348507, 0.9912886106537809, [0]
-166.08120815365857, 0.6128266699942478, 1.0854998250269894, [0]
-165.8312640891357, 0.6214458877766724, 0.8882132141071971, [0]
-166.2733155372724, 0.7085175064294592, 1.0727469040061768, [1]
-166.87909651865743, 0.6493837295607903, 1.0445044927640128, [0]
-166.51770963671106, 0.7061246820990336, 0.9838055489441534, [0]
-166.20093092125506, 0.6926470326857075, 1.0011565337484, [0]
-167.0877322971565, 0.6495822314143049, 0.9355719784901606, [1]
-165.8120332192205, 0.6838590902572252, 1.0009066290481867, [0]
-166.95972996505873, 0.6630983035110112, 0.9512648515191874, [0]
-166.10027037503502, 0.5800487788175748, 1.1277799059893403, [1]
-166.43432427486061, 0.7151986551812575, 0.9775108168331789, [0]
-165.55922370527222, 0.6663233230442932, 0.8896148263112602, [0]
-165.80890727382348, 0.6137243678209485, 0.941084704107438, [0]
-165.92268020583114, 0.5874116047809733, 1.0030286627064549, [0]
-166.66581468905673, 0.6889412274885411, 0.9912100429977956, [1]
-166.3183652845023, 0.6718899016803397, 0.9221312489733989, [1]
-166.29731545936403, 0.6589815767225939, 0.9368433343650598, [0]
-166.28575826902548, 0.6168251743178959, 0.9109995203906305, [1]
-166.33397185291648, 0.670165272551502, 0.9208456424679048, [1]
-165.91762058122248, 0.6093110449939023, 0.8067115918801864, [1]
