t=0.2902099822321431
logZ_t=-73.41237627335647
-30.773467194708523, 0.5669071446173318, 0.7821018480734898, [0]
-30.921049485487487, 0.621432094600497, 1.1692886071375175, [0]
-30.849877180286107, 0.6409266468952601, 0.9891407915580357, [1]
-30.841383911642257, 0.5717771313909076, 1.1707379845675843, [1]
-30.619776049780654, 0.6338243833946284, 0.9791057836711823, [1]
-30.671472417956018, 0.6294542656929124, 0.973296118203161, [0]
-30.725082107540878, 0.6345412051404933, 0.9537836800069468, [1]
-30.990217651083796, 0.5757820175424568, 1.1427515328603526, [0]
-31.88415339535593, 0.49625359411720654, 1.2055092187107919, [1]
-31.061348145020613, 0.6684665878302584, 1.1867691208533655, [1]
-30.64516293427398, 0.6640581599394789, 1.066465303319317, [1]
-30.662825183019216, 0.5491954032106133, 0.8065415556372701, [1]
-30.783280108480163, 0.5991671709705891, 1.1788454522761056, [0]
-31.052483160588636, 0.8036389298127791, 0.6318683840766328, [1]
-30.82484287601372, 0.47928815039927675, 0.8910269778751713, [1]
-31.11374878482418, 0.5742524112359543, 0.8574694844642391, [0]
-30.768186176346266, 0.6675561814423849, 0.9472377307788049, [0]
-30.78328341287559, 0.685259490153088, 1.042589792749183, [0]
-30.76291154388848, 0.6624090504954421, 0.9754212022069295, [1]
-30.73961564902685, 0.5351146375350474, 1.1002410403590375, [1]
-30.87041134908365, 0.6846530830076131, 0.9334558231997523, [1]
-30.630799335290522, 0.6259861490042199, 0.9841043631053571, [0]
-30.96506651795094, 0.7143298599378315, 0.7466093658494378, [0]
-30.973697053322102, 0.5892657318831079, 0.9335723744468125, [1]
-30.990224814260845, 0.6683510811649326, 0.8686942325529854, [1]
-30.542011938737232, 0.6097269721625818, 0.9345827034064855, [0]
-30.981231580738537, 0.629101220750967, 0.8871765167765, [1]
-30.92650994977851, 0.672024654613725, 1.0127594980304713, [0]
-31.27622468848538, 0.6395389368149307, 1.1687215526767851, [0]
-30.939734252085056, 0.5873846447936544, 0.5978448616704437, [0]
-30.78570169219357, 0.6175224489938765, 1.1715270366322952, [0]
-30.9354213776124, 0.49911246471653575, 0.8839175859564701, [0]
-30.903095944955233, 0.7139926443709141, 1.1724363441826589, [0]
-31.471792889548883, 0.7587952874360554, 1.0095728805965158, [0]
-30.995412128027777, 0.6323909148195942, 1.1367073642555372, [0]
-30.706837165233026, 0.5274535904811298, 0.9962185566056408, [1]
-30.56636343162775, 0.5417092605476299, 1.0394682041536933, [0]
-30.729084360370006, 0.6943897227903949, 0.9681228070136517, [0]
-30.82253361220078, 0.5257656437344214, 1.0659798220376222, [0]
-30.714863700755345, 0.6706084044572476, 0.9792257886804651, [1]
-30.888608853256574, 0.6226595498828159, 0.8881764198872956, [0]
-30.658022914936076, 0.5748345027701633, 1.0537698390897274, [0]
-30.97756846503515, 0.5649586155902163, 1.0735345091977482, [1]
-30.78675909649654, 0.5950096293535257, 1.1351305709846569, [0]
-30.61420291772265, 0.5428921156681635, 1.0932126172889425, [0]
-31.509010383719154, 0.6550823737139249, 1.360646926169562, [1]
-30.840113512042848, 0.6642950294654448, 0.9085477717042991, [1]
-30.916564185841526, 0.6129179147237943, 0.9874396696873781, [1]
-30.80949816314965, 0.6474600680952385, 0.9548393157080428, [1]
-30.83161516297671, 0.6359141744027319, 0.8350612842269451, [1]
-31.457950434785523, 0.6640160786576565, 1.3826382120260925, [1]
-30.96333934307959, 0.7279498217573224, 1.102166274175602, [1]
-30.792893212892327, 0.6472713080481415, 1.0326110377950561, [1]
-30.79572371358611, 0.5971649972398875, 0.8550307970975749, [1]
-30.71392144409147, 0.5658079191039795, 1.0432475075262562, [1]
-31.151870373177225, 0.7208807067506409, 1.0958169149619157, [1]
-30.85743967700275, 0.5971576638484563, 1.0663678313215188, [0]
-31.20485137066362, 0.6684221834604328, 1.1525960751197535, [1]
-32.43740007419193, 0.743171896358942, 1.018084959652785, [1]
-31.59380463240863, 0.70234024703045, 0.8109907905756102, [1]
-30.901838459918046, 0.6008397869716312, 0.6351045191687148, [1]
-30.831638939090094, 0.687168573269296, 0.8420526301451906, [1]
-31.281739077986618, 0.8100313167074475, 0.9073642891877755, [1]
-30.584391648057764, 0.5912048372415613, 1.0086196507732714, [1]
-31.524657839034784, 0.7501554870190654, 1.231617408224893, [0]
-30.771108395365374, 0.6568116082113926, 0.8480457990691183, [1]
-31.084661022089907, 0.5289346729560707, 1.2448241177013368, [1]
-30.753684098634547, 0.6467700893315043, 0.75737328644121, [0]
-30.963673164482802, 0.7686011283457501, 1.0326761207175783, [0]
-30.864498420085575, 0.5277355055635989, 1.0361379666026156, [0]
-30.869179844972578, 0.4850210879288546, 0.7179046139710417, [1]
-31.302859923956593, 0.5768896683366806, 0.8569515035606391, [1]
-30.67292060004148, 0.6094599110870407, 1.083050286520382, [1]
-30.71527431252402, 0.5914667141333865, 0.9685407278439822, [0]
-30.667071110111312, 0.7198603092444752, 1.000649840801228, [0]
-31.00113306222719, 0.6685853031965262, 1.1058252058413058, [1]
-31.125785931473, 0.5835290749250273, 0.4681445275855323, [1]
-30.99577257058065, 0.7106163119836333, 1.1856885214969974, [1]
-30.82356573372544, 0.5714931157805511, 0.9589548053806014, [1]
-31.250971289032837, 0.6379538389007451, 1.2798398597252516, [1]
-30.711458952536038, 0.6340323341768198, 0.54197735319856, [1]
-31.041067803452286, 0.6350975244674071, 1.0361542919163051, [1]
-30.82780433547785, 0.596497708610273, 0.9480982268282936, [0]
-30.732115381944098, 0.5903669152655319, 0.8209307359494485, [1]
-30.774595159983505, 0.5843550297546143, 0.8376856263805244, [1]
-30.92687779678947, 0.549020981847119, 1.2289545702831235, [1]
-31.04319046699222, 0.5939283998641066, 1.2399728267698835, [0]
-30.818903606677818, 0.6416055021421971, 0.9910353154478448, [0]
-30.684667236070773, 0.7122420864011215, 0.9344426190345119, [0]
-30.813828093016316, 0.6343690334792637, 0.9111298008599876, [1]
-30.813257224082015, 0.5888065591772118, 0.7939204430698619, [1]
-30.742077909294487, 0.4955080639652458, 1.0113358002077786, [1]
-30.81587697784957, 0.6020409066615353, 1.083906839915091, [1]
-30.877715990459524, 0.5992000730587302, 1.0894367082037297, [1]
-30.613216409186002, 0.594019323988101, 1.1027666532725948, [0]
-30.539924851702235, 0.6113573636976051, 1.0050334346243914, [0]
-30.79007187270771, 0.5707003909169192, 1.0305363979993396, [0]
-30.710442762105036, 0.7758051793904139, 0.8637725530855982, [1]
-31.11230971922151, 0.5140227090960569, 1.1878495101511237, [1]
-31.21044837618949, 0.5268670121098685, 0.7097860642453029, [0]
-31.16697570077399, 0.5632689852559238, 0.5901298077924946, [0]
-31.082925859115335, 0.6024184607710554, 1.0138835761687575, [1]
-30.723825089312644, 0.6032611152834255, 0.6189323037756451, [1]
-30.948151598526728, 0.6465598273592472, 1.2489727802180806, [1]
-30.853997872868828, 0.752431471922748, 0.987544407325369, [1]
-31.05300607961675, 0.6678098565910027, 1.2789131291748828, [0]
-31.010243659287138, 0.539920041968208, 1.0692537318515711, [1]
-30.78053421545071, 0.7140986730120144, 0.7091029083498568, [0]
-30.740460789203354, 0.6807351687849503, 0.9759570057027693, [0]
-30.63524703991237, 0.6439611181382864, 1.0454728465482286, [1]
-31.029537222962773, 0.569461827373501, 0.8539949139475091, [0]
-30.940720962851337, 0.6334979323610063, 0.731647356628363, [0]
-30.908718486964464, 0.6268607689810648, 0.7927216830578558, [0]
-30.719771769358363, 0.5601562302238609, 0.8731238419195227, [1]
-30.966946913914274, 0.7026989773084089, 1.0040815844638122, [1]
-30.962299653923978, 0.5651442740979125, 1.1074660969913783, [0]
-30.895481613161408, 0.660445531027958, 0.5699181372681088, [0]
-31.191097429865927, 0.6404664241693879, 0.6715043148446695, [0]
-30.81629560721042, 0.7570327393860865, 0.7757101444996669, [1]
-30.9323665746924, 0.6801393642020149, 0.7335006674118884, [1]
-30.95651277472222, 0.5916975078750025, 0.7415646726159134, [0]
-30.89285644561697, 0.6903137851591136, 1.2272929369456753, [0]
-30.79554545571396, 0.49357378899621784, 1.0340521145353705, [0]
-31.12657161458891, 0.5667189998518667, 0.8396683776205899, [0]
-30.74466795351141, 0.663670920255302, 1.2684083515097249, [0]
-30.930126533628744, 0.6273493314301847, 1.0465409036472049, [0]
-30.859962907182855, 0.4939925164543058, 0.8741366066276348, [0]
-30.792129662244033, 0.5302655340067733, 0.7665482970059981, [0]
-30.813100782702424, 0.5216704166421878, 1.0000159386738627, [1]
-30.840368114625075, 0.6409619336053275, 0.902327001612452, [0]
-30.824970383243986, 0.5756258760070974, 0.8535211901958155, [1]
-31.068591547783655, 0.5395230038596953, 1.2385632231660422, [1]
-30.957117188968574, 0.8024386678116658, 1.0554605870037816, [1]
-30.939324583121437, 0.5848583510778885, 1.164571672655185, [0]
-30.680642917335142, 0.5612351872300025, 0.9769663984565824, [0]
-30.581880185318134, 0.6638263773108973, 0.6619920407029429, [1]
-31.37750269600962, 0.6870882287125639, 0.6281326991236891, [0]
-31.261828969893223, 0.5985239322201216, 0.945754624482914, [1]
-30.798312823467523, 0.6605434198237363, 0.9805939983370411, [1]
-30.596829048316046, 0.623092392421052, 0.7330178519674352, [1]
-30.72367109670746, 0.6128643348375954, 1.0489707667369723, [1]
-30.591270833093347, 0.713647623878933, 0.8411104896210037, [1]
-30.862661345737024, 0.5865480319433811, 1.0064884350093695, [0]
-30.558156257617064, 0.5713151633650771, 1.1014275863354044, [1]
-30.864324514787985, 0.4919413017340695, 0.8247079792257271, [1]
-30.947279585351865, 0.5166588145514931, 0.6668371772301622, [1]
-31.143132473828146, 0.8565943982988673, 0.7632482126992739, [1]
-30.66241192758571, 0.7010499419351184, 0.9783563260485346, [0]
-30.85188225191218, 0.5199144531498623, 1.2329760712875257, [1]
-30.76774759934649, 0.6156089316782549, 0.9758370876849781, [1]
-30.77750846414063, 0.663872311034691, 0.987098200821902, [0]
-31.137114802166778, 0.7510488925906753, 0.9089391270872897, [0]
-31.053419943658984, 0.6063162929950365, 0.5666532161314315, [0]
-30.887627939335037, 0.5703913362665628, 0.9153445387602274, [0]
-30.72589053866638, 0.6453676379084287, 1.086884090308704, [0]
-31.154038427839506, 0.7349716273020582, 1.1135351737548815, [0]
-30.86607147430506, 0.5994834423517552, 0.9969960707335046, [0]
-31.133065384308846, 0.7487423800939592, 1.0598371724884263, [0]
-30.809967845552926, 0.5047144251790132, 0.7951422049084464, [1]
-31.114350946965352, 0.5318259198235072, 1.0187912838350872, [0]
-31.288108696626356, 0.6798196013831281, 1.145239364691701, [1]
-30.67296435607485, 0.682941160550535, 0.6673084731553536, [0]
-31.0590083509145, 0.675212951950079, 0.9213955922457655, [1]
-30.878432149188423, 0.5656833563520522, 0.7378284906316678, [0]
-30.67721772077929, 0.5418216004910489, 0.8464741839949247, [0]
-30.954230060758825, 0.42082691944306816, 0.6363902846586387, [0]
-30.666247565382115, 0.5272872146978728, 0.6759863127159158, [0]
-30.80736506122408, 0.5909640465642911, 1.0686322423662975, [0]
-31.187958562948154, 0.4825766526895121, 1.1911808433060553, [0]
-31.055851001956256, 0.6064797622269612, 0.9560372460840254, [1]
-30.841466208917723, 0.600226126674797, 0.8770418655272441, [1]
-30.66151799703566, 0.546240300423754, 0.9218919139283888, [1]
-30.639158948249467, 0.6724931267166601, 1.1696488500187654, [0]
-30.655815981489226, 0.6442261301868153, 1.0767005130346838, [0]
-30.858552936111156, 0.6614989180877018, 1.1225857600784686, [1]
-30.768884622411733, 0.6043258120815853, 0.6957264709082479, [0]
-30.640110592017443, 0.5660527077542524, 0.9908334543562342, [0]
-30.80190682466812, 0.5362999378143833, 0.8343535796572299, [0]
-30.932042220934925, 0.571930699414327, 1.1307694889137307, [0]
-30.708768229498727, 0.6414804433793685, 0.8348924616663157, [0]
-30.797300978853237, 0.6197937948489263, 1.0902443040655938, [1]
-31.079039297798747, 0.6562177665020106, 0.7828915964342148, [1]
-30.810647496267062, 0.585276627994169, 1.2236435907570085, [0]
-30.607187449523753, 0.6156143981353958, 1.0526801041918206, [0]
-30.686306130272815, 0.594756228170761, 0.80528492412167, [0]
-30.727951885387476, 0.7441694113060235, 1.0021104340279898, [1]
-30.907919677688678, 0.6530240238719383, 0.9301970942305983, [1]
-31.013063384123235, 0.7165117847460896, 0.7085029599533195, [0]
-31.201859002069128, 0.6044572343495799, 1.0637542591285665, [1]
-30.835568253551543, 0.7276686868021149, 0.7414094435226469, [1]
-31.903925580415397, 0.44215225829937604, 0.8007561718419647, [1]
-30.71278408127116, 0.56948208424344, 0.9608215473149972, [1]
-31.18275897447351, 0.6266692794109123, 1.0530524290229684, [1]
-31.04926156766147, 0.6346156491863092, 0.949267642977933, [0]
-30.63309528149738, 0.670158721905236, 0.8667072420394342, [1]
-30.969707875535637, 0.6814587772192505, 0.9789250163641227, [1]
-31.519943370295156, 0.53799723513499, 1.2931392266009458, [0]
-31.184361488510042, 0.6026995446247002, 0.757734319870676, [1]
-31.011138674242716, 0.567887423460272, 1.099798173001004, [1]
-30.661524703302934, 0.6544539511906057, 0.8887773047375105, [1]
-30.933800211512352, 0.6550860413365511, 0.8321274470353781, [1]
-30.774706104575785, 0.7016223571832907, 0.9940925329495658, [1]
-30.65787151698344, 0.5708584658135546, 0.9473578824281703, [1]
-31.124534097448922, 0.6812804226690757, 0.9727666562354491, [1]
-30.79721108084957, 0.572619767064269, 0.7648133342442863, [1]
-31.083167892673217, 0.6496142472263498, 1.347836572062538, [1]
-30.769881603414653, 0.6638941840271322, 0.7031848638512571, [1]
-30.846480440286822, 0.6650930951534192, 0.6097378632494527, [1]
-30.7668223577448, 0.6595994346933985, 1.0595422220853028, [1]
-30.72135872551224, 0.5513422533145834, 1.0708139552638494, [0]
-30.65543374076894, 0.5062042418300126, 0.865828346747183, [0]
-31.311913094383808, 0.5401477679951451, 0.8342413452446125, [0]
-30.7061087542372, 0.6093723264345965, 0.675112057371106, [0]
-30.945784188260735, 0.5200475053894567, 0.903965441737029, [0]
-30.58122917632403, 0.6493775498260131, 0.8303993156850301, [0]
-31.11448372189632, 0.44442338278820803, 0.7592572571247859, [0]
-30.792440444802423, 0.718704962945753, 1.2761087693387894, [0]
-31.139814739640116, 0.5048786060553373, 0.7307092729312026, [0]
-31.003643383491866, 0.6240325449584961, 0.4523148026249991, [0]
-30.723151652307738, 0.6911056798463027, 0.8560141702922852, [0]
-31.232624805631268, 0.534107727417469, 1.2155747904164937, [0]
-30.78846981479845, 0.5999641292263035, 0.93330073072105, [0]
-30.899741494553542, 0.6892082216811796, 0.8704249783756149, [1]
-30.697995888219264, 0.5882555534478456, 1.049824635565632, [0]
-31.07857668591007, 0.6837545726143427, 0.8340479024916835, [0]
-30.748396208455386, 0.6507095268277617, 0.9804436870480705, [0]
-31.286138047924943, 0.5483166216263025, 1.0499690100341816, [0]
-30.93420140709888, 0.6439494528565551, 1.1827112527043937, [1]
-31.343836818413433, 0.6490637741234077, 0.964719056016831, [1]
-31.058954127908525, 0.5172014492713566, 0.9721337368057681, [1]
-30.860966859891324, 0.42231147080294024, 0.8110592294811412, [1]
-30.875507554865663, 0.5741918063412501, 1.0641116458238629, [1]
-30.796808224494225, 0.6706934196949839, 1.131532982098256, [1]
-30.77394864689816, 0.6593140729469777, 1.063129794582804, [1]
-31.169012203587638, 0.6351408878596155, 0.9684453550982912, [1]
-30.981504527897844, 0.7164161704075863, 1.195329438067151, [1]
-30.666386798763465, 0.5276367249285063, 0.9082233999859979, [0]
-30.705937246420344, 0.5823565224889421, 0.8387636892866269, [0]
-31.576535915292297, 0.6891962171708573, 1.0958527101087958, [1]
-30.88434646952515, 0.7109167154401335, 1.1478572976702692, [1]
-30.994497587861677, 0.7282470924919626, 0.9965191940151819, [1]
-31.145322459504555, 0.4079015974051125, 0.7554860340446763, [1]
-30.783977614932212, 0.5838305176195824, 0.6257565596652487, [1]
-31.077062506468888, 0.7166681106144019, 1.266541296985102, [1]
-30.6698889728177, 0.5322109979589771, 1.0315461483540433, [1]
-30.976274084800703, 0.5317571584653927, 1.1095402382133424, [1]
-30.80500488752448, 0.586333773165334, 0.5591099715195844, [0]
-30.562598831960468, 0.6718336515221565, 0.8889743690967804, [0]
-30.834110768460558, 0.6144431407126411, 1.0324942222540547, [1]
-31.048877545193882, 0.5998131630181494, 1.3631010216326387, [0]
-30.78381864658806, 0.5586268326834893, 0.8660353703973791, [0]
-30.78856076844847, 0.6626704837831847, 0.85788560071531, [0]
-30.99860863503246, 0.4317396887187279, 1.1414456563071655, [0]
-30.687766744040527, 0.7180775921546785, 1.0169762374818494, [0]
-30.72795423936921, 0.5019252664187569, 0.9024377775768802, [1]
-30.96005492271326, 0.5568477549259915, 1.1273036067448732, [1]
-30.684373117998177, 0.561244042332696, 0.8382779390752264, [1]
-30.89256450727445, 0.7214547138793446, 1.1601041360139317, [0]
-30.695213248875348, 0.5964080930575268, 0.7289329841041388, [0]
-30.702461085315566, 0.5239506717132429, 0.8694388132354681, [0]
-30.729460619713535, 0.6106111236658269, 1.129430004304331, [0]
-30.796255366241343, 0.5867636070701152, 0.8795141756645332, [1]
-30.81356048389495, 0.6112709703617161, 1.126574154481288, [1]
-30.70854874413882, 0.5831728675793075, 0.9406387027545837, [1]
-30.575557513178655, 0.6817924955435036, 0.9799362416470674, [1]
-31.278212222674448, 0.5345271068945814, 0.7591788269107445, [0]
-30.83167286337128, 0.713010545340599, 0.7885790555273414, [1]
-30.650317487156858, 0.5161916923834526, 1.2004661816069215, [1]
-30.82355395203408, 0.7048303882833677, 0.8512823235822012, [0]
-30.730763549221493, 0.5954376562777488, 1.071155024370474, [1]
-30.929534540315046, 0.5013601424254329, 1.2434682323433621, [0]
-31.258260548410263, 0.5637524831374919, 1.1405976604931498, [0]
-30.561231673833877, 0.6377622969831855, 0.7791038101543963, [0]
-30.632830983113255, 0.5780417136667336, 0.8923603930894348, [0]
-30.77574569503036, 0.7287302322792911, 0.7988335768833773, [0]
-30.663862100510006, 0.6579782459624014, 1.1646104945622333, [0]
-30.948266348893984, 0.5931360609908185, 0.9571446510851817, [0]
-30.47502720961469, 0.6115660863409947, 0.8952638713841365, [0]
-30.936762936771135, 0.630513231453925, 0.829699413124228, [0]
-30.667576980700193, 0.6164496392200706, 0.9650530896907122, [1]
-30.747840883531733, 0.5065650904245205, 1.0045654042570413, [1]
-31.041313556009193, 0.6790511637143679, 1.1410860639733198, [1]
-30.63505986742899, 0.6963508043653379, 0.9750409309002948, [1]
-30.749061475180586, 0.6415453914237331, 0.9529649312773341, [0]
-31.488995156839817, 0.703032904565682, 1.3324711314258575, [0]
-30.982091359024146, 0.8376230823814793, 0.6601061968166022, [0]
-30.796931796954322, 0.6623534634775774, 1.2466010510820695, [0]
-30.9311320762353, 0.6845483491983999, 0.7517550085211693, [1]
-30.775540485503498, 0.6468590310072174, 1.20360283394578, [1]
-30.742211103873093, 0.6587013592294653, 0.9171599635404417, [1]
-31.10370522904466, 0.6327512844799692, 1.0326730385256266, [1]
-30.866629182739718, 0.6357616006372862, 0.8182068618940497, [1]
-31.205505015409372, 0.47649466442440663, 0.9700687204021159, [1]
-30.76482877094586, 0.5594709161390984, 0.908350751652116, [1]
-30.639335442081205, 0.6449485527603852, 0.6624862312836408, [1]
-31.1886377476974, 0.5653675768512576, 0.8740169885288824, [1]
-31.285321300044597, 0.7004961286528015, 1.105543212434537, [1]
-30.70177334487135, 0.5648138555689407, 1.0656964882390263, [1]
-31.132479508645684, 0.5326783098912646, 1.171127972623536, [1]
-30.965882944617142, 0.696581886580653, 0.9473773065350379, [1]
-30.916861640034476, 0.6428232032355606, 1.2283608222339857, [1]
-30.949097289049885, 0.6297505602751297, 0.8615346094130371, [1]
-31.196220859230287, 0.5901351196459508, 1.2576091206685134, [1]
-31.073099352854268, 0.6195321334287343, 0.8492094497654324, [1]
-31.052322802583724, 0.5951137176317104, 0.8432946469589804, [1]
-31.342080935401672, 0.6332916684471463, 0.7188912805966203, [0]
-30.809605304458213, 0.5756154276561426, 1.1373996216878806, [1]
-30.75179867786546, 0.495168370909638, 0.8030409702113603, [0]
-31.05352781970835, 0.5699223508717397, 1.0994699948822457, [1]
-30.95031225014443, 0.6565222790174347, 0.7644553375679551, [0]
-31.838115080317582, 0.669989515228053, 1.121393916654065, [0]
-30.8335539113467, 0.6024090956404948, 1.1112938978902729, [0]
-30.84622505400447, 0.6259721585500831, 1.088372622719156, [0]
-30.943750916985575, 0.6039217971510102, 1.1154698780556023, [0]
-31.04182100323724, 0.5528029246318832, 0.755685107707417, [0]
-30.820575892418248, 0.6068735974682016, 0.8306927850773401, [1]
-30.975731067258216, 0.6219950693299826, 1.3275437552014746, [1]
-30.776705991893323, 0.7016167371789617, 1.0631886839440805, [1]
-30.94534715479535, 0.5952963350666767, 1.1582324179337344, [1]
-30.73167399739931, 0.6105596923199638, 1.0440886491682955, [0]
-30.692173504222357, 0.6091905527788812, 1.0622601681224664, [0]
-31.367844762440882, 0.6911189994740164, 1.3903437770840599, [0]
-30.655048948921927, 0.6626860951184816, 1.0854910409027099, [0]
-31.147220078852584, 0.6870380986591291, 0.9995365627304038, [1]
-30.536961378647874, 0.6653460712028119, 0.887911214693648, [1]
-30.721779627867786, 0.6286912679859515, 1.0746995347833126, [1]
-30.669620415068085, 0.654014282988688, 0.8373322281524269, [1]
-30.736172327098352, 0.513937157534492, 0.9524700583202776, [0]
-30.540726463040645, 0.5820911255629706, 0.9903518125704543, [0]
-30.62785509949189, 0.668418364088781, 0.8671524470253255, [1]
-30.93987598034486, 0.6710937231459253, 0.9379171139741961, [1]
-30.95207032218201, 0.5356160035516322, 0.9997371949865612, [0]
-30.762811715250322, 0.697622868797593, 0.7121086313517808, [0]
-30.78469970214907, 0.6437719766610919, 1.234431644119484, [0]
-31.11536896208985, 0.6960352341880687, 0.8828962538818225, [1]
-30.71123231624077, 0.6486438926872868, 0.9581006165093762, [1]
-30.88760068868066, 0.6097544873915608, 1.401257515443825, [0]
-30.62945109553541, 0.690560724602944, 1.0255700834462482, [0]
-30.79250561150392, 0.6374172350733828, 1.1333331450343453, [1]
-30.98762099425342, 0.56163071589244, 0.9199037550188822, [0]
-31.06750120515853, 0.7172461673606133, 0.7202877986498144, [0]
-30.873785986510324, 0.4393420566305684, 0.8135202749781858, [0]
-31.207796425198385, 0.6354056349400867, 0.9023852618854947, [1]
-30.611645906942417, 0.6067492722798663, 1.2235152805917495, [1]
-31.190551305055518, 0.5218368038756268, 0.8360285337539651, [0]
-30.55908325726989, 0.7060402884673573, 0.8626623898632181, [0]
-31.01498988626917, 0.5333953892461991, 1.071536677999155, [1]
-30.71689733099142, 0.5982457986741644, 0.6557173449127733, [1]
-30.87613075416449, 0.4997282167465184, 0.987133545496393, [1]
-31.023289331187613, 0.5940007264817625, 0.8999177417051304, [1]
-30.797939168670858, 0.58327246618339, 1.1954087006157292, [1]
-30.76511747107335, 0.5981100331952924, 0.8635104460649002, [1]
-30.63842378577387, 0.5581810865094431, 0.9724423627471985, [0]
-30.853193659906626, 0.6376561801976356, 1.1620117016519946, [0]
-31.090499263355685, 0.6509762919888497, 1.0223712343220224, [1]
-30.920863955829343, 0.7634929386558693, 0.8577576801019083, [1]
-31.005169953146748, 0.6288570598189633, 1.0223440949712406, [0]
-30.672583198857232, 0.7179524897972239, 0.6357199889050328, [0]
-31.075173947242703, 0.5597902667055984, 0.7818950396234824, [0]
-31.246762746766414, 0.5287720297503309, 1.240922925404422, [0]
-30.558297513031548, 0.6693714417508911, 1.1057331603000244, [1]
-30.75500529838041, 0.7315166253534584, 0.92065841967988, [1]
-30.97360112328166, 0.5567176378649878, 0.6409484679007982, [0]
-31.267409101919146, 0.7496338315013982, 0.9837024846343828, [0]
-30.62649551709274, 0.6955748666608458, 1.2339269817397966, [0]
-30.689226545300265, 0.7206648927984782, 0.8807147567945056, [0]
-30.962453357370293, 0.6528279503358431, 1.0717950158019702, [0]
-30.756540240143558, 0.5820597028367729, 0.8900013996493858, [0]
-30.74547321790133, 0.7252933212492244, 1.0221610474528755, [1]
-30.728385799542497, 0.5569274725415603, 0.9343976603831761, [1]
-30.718363304181022, 0.6065730288887138, 1.0388036054238448, [0]
-31.047369748794402, 0.5544853749018624, 0.8644501551996169, [0]
-31.221073303524285, 0.41045595422341064, 1.2189204705524788, [0]
-30.699981399016263, 0.7476187876644564, 1.0887705596181176, [0]
-30.717612170355252, 0.5227855140819151, 0.8872432603512477, [0]
-31.081558984098475, 0.5499349462323279, 1.1595743293332503, [0]
-31.311485071594703, 0.5815165146540459, 0.784320391547062, [0]
-31.033806120287014, 0.41750782183833274, 0.7127227008779198, [0]
-30.880563731155288, 0.569999296236901, 0.8771436142715177, [0]
-30.970847871252683, 0.5265548655428467, 1.024734991347324, [1]
-30.7176769894701, 0.6083486210176475, 1.1441312886798116, [0]
-30.870218260300607, 0.7197149579458887, 0.8861237531382049, [0]
-30.952184731711085, 0.6558487693105672, 0.8608540340425154, [0]
-30.669886584982162, 0.7202185882409886, 0.8471638344608174, [0]
-30.7793492218613, 0.7357009187574948, 1.0336254772863795, [0]
-30.86166684872702, 0.632672438429405, 0.8338113385705435, [0]
-31.58250839658271, 0.7340438264033545, 0.7044907487800169, [0]
-31.208260062333565, 0.6274606538809684, 1.222008100092986, [1]
-30.614340381612987, 0.6674769764039107, 1.111658985421642, [0]
-30.91933736196743, 0.6107962481399475, 1.2172812240067585, [0]
-30.762527244603618, 0.7172332553568599, 1.0149095259633285, [0]
-30.508643003764867, 0.572348784699214, 0.9700058363594738, [0]
-31.08513254596948, 0.6212116963842943, 0.812954389111433, [1]
-30.97710987245069, 0.6778663826479929, 0.9669919168202564, [0]
-30.942418059985442, 0.687906120282659, 0.8709631164564923, [0]
-31.17804916645657, 0.6509518570507541, 1.3438577133680583, [0]
-30.732571471964796, 0.6208877795733077, 0.9004858099597923, [0]
-30.98553093805003, 0.7551841136309858, 0.812731806053298, [0]
-30.871702300879694, 0.5441813159156786, 0.9838380197922588, [0]
-30.877818910750246, 0.5811079212072698, 0.6950559946093711, [0]
-31.330925778726403, 0.6079570354077812, 0.6462252566292155, [1]
-30.747403474356076, 0.5612931473407432, 1.0359751617210526, [1]
-30.63434095874476, 0.7456464954894609, 0.6485243750095081, [0]
-30.91864440059717, 0.6181289464966799, 1.0536977744238971, [0]
-30.709880314437285, 0.5112010084698001, 0.8862339988391124, [1]
-30.87432062275574, 0.6918016375053706, 1.080405359613809, [1]
-31.265259980903515, 0.7465900629326541, 1.0126592805667738, [1]
-30.989398734990527, 0.5852303890147992, 1.096846413008162, [1]
-30.691986603546393, 0.6568844783361807, 1.0128709587489406, [0]
-30.783543080230164, 0.5366580162530128, 1.0427903329581827, [1]
-30.928770767087162, 0.5608959685895177, 0.7898440414661967, [1]
-30.692828147702112, 0.4353306537612649, 0.8946284579418096, [1]
-30.888990155543887, 0.6184600841356214, 0.738254667452613, [1]
-31.16691049161876, 0.5124239628787679, 1.1062400455862766, [1]
-31.015405131886997, 0.7982753856451942, 0.957987084255745, [0]
-30.71216960742367, 0.591044685009935, 0.9719010467363726, [0]
-31.11562520659328, 0.5560068430690637, 1.115703835423238, [0]
-31.192263339554504, 0.5595984238831959, 1.0176197373431894, [0]
-31.07629895152336, 0.7434121853547957, 1.0654734190262944, [0]
-30.65887954985623, 0.5553071732098189, 1.0148033820669395, [0]
-30.867445185903794, 0.6344312222817329, 1.1464453141286088, [0]
-30.65851114625603, 0.5526200553105917, 1.054895341699516, [0]
-30.568226579580504, 0.6168913630535307, 0.830189581735528, [0]
-31.357253049566214, 0.5963227217000666, 0.9036527005686836, [0]
-30.665505191859918, 0.6465573334700121, 0.898394067900866, [0]
-31.042406666602616, 0.44902174994888727, 0.6200691588321743, [0]
-30.685258521667613, 0.5774254389299504, 0.9889782629885596, [0]
-31.2161109609945, 0.5732211364686577, 0.7607825877951295, [0]
-30.980235291736367, 0.6310716776023018, 0.8069741395848113, [1]
-30.94042402036895, 0.5742829240436207, 0.9219350166714559, [1]
-30.770285056512023, 0.6898433941857369, 1.031114037011389, [1]
-30.823552228475652, 0.6449107441773423, 0.7099376413172704, [1]
-31.034742622019735, 0.725647021448909, 1.0242207047391565, [1]
-31.215689276526835, 0.6790190973772096, 1.194552420234465, [0]
-30.815553175436612, 0.468557547562253, 0.7847010756622104, [1]
-30.667419032329263, 0.668073429874837, 1.113691575207406, [1]
-30.706406983697335, 0.6311998219202085, 1.1636608156626023, [1]
-30.625698413832293, 0.5525001985367599, 1.210800860656856, [1]
-30.759557183601775, 0.5503439619488703, 0.971443406028537, [0]
-31.062280976164793, 0.6130071609051538, 1.1361378342186337, [0]
-30.840269385839036, 0.5694725877090893, 1.1426017934144606, [0]
-31.039312088041424, 0.6993998760419379, 1.0422291992239516, [0]
-31.094616654206277, 0.4220497889511208, 0.7095687364054998, [1]
-31.113076840498014, 0.811248355561838, 0.9965893891285433, [1]
-31.094633721818827, 0.6713758366974234, 0.5333978463996236, [1]
-30.945119219957597, 0.6598695805052822, 0.9876542961608844, [1]
-30.806854265020334, 0.5810501572065537, 0.9877425170192334, [1]
-30.768081256657386, 0.6763695388084661, 1.075882631903113, [1]
-30.887697792696887, 0.6356463259551207, 1.0237056901297625, [0]
-30.61458808248539, 0.7006762188847169, 0.9479481067522656, [1]
-31.053822719649375, 0.47640601260405707, 0.9208891703785118, [0]
-31.04364766703732, 0.640163293155836, 0.9618420738746047, [0]
-30.84293307992705, 0.686421898909729, 1.0084507423243818, [0]
-31.061991087236034, 0.6363009871353315, 1.1657592093914135, [0]
-31.540984159703427, 0.4150188445674976, 0.9867302691882913, [0]
-30.92907534017225, 0.6876972968507292, 1.1497469480790854, [0]
-30.508534799226943, 0.6456710394977776, 1.1967105446570925, [0]
-30.94997017080763, 0.5235211576097579, 0.9279049813674741, [0]
-30.833259210465297, 0.6843266355407263, 1.0739203740968197, [0]
-30.7655024898609, 0.5402463583909884, 0.8787916248211362, [1]
-30.63692887919077, 0.5704671537043907, 0.8264431865305552, [0]
-30.97815041037191, 0.5249073230797722, 1.076157215840389, [1]
-30.787906025318684, 0.5710258158548746, 0.7765128694504709, [0]
-30.885019695168605, 0.6652726560992066, 0.8562090169254248, [0]
-30.740615969540222, 0.6663815216706475, 1.0260934804057673, [0]
-31.11609895425363, 0.6678896327833809, 1.245470927769643, [1]
-31.031890853459227, 0.589157098806772, 1.2976379764318733, [1]
-30.68465425050782, 0.5309506373663608, 0.9634520397235179, [1]
-30.93524417168565, 0.6006550795705792, 0.9921730536779414, [0]
-31.286616519864452, 0.6050292691281146, 1.1047932113831564, [0]
-31.11556929680001, 0.6725169317378911, 0.9588412498850645, [1]
-30.837117893534565, 0.6678171057778732, 1.2962401747671817, [0]
-31.151262896117988, 0.6174421633280073, 0.8627175119313085, [0]
-30.824728018285498, 0.6274129703601368, 1.170194078724184, [0]
-30.949486795603235, 0.6927742648219903, 0.9394996384984665, [0]
-31.25584680908414, 0.6030977447544887, 0.8667617625043217, [0]
-30.75184833781344, 0.5033731792282825, 0.9942252201815328, [0]
-30.724651381958438, 0.6519074166562657, 0.9164692813641545, [0]
-30.741898916261285, 0.7133967312821248, 0.8379370176818929, [1]
-30.68177472758758, 0.6793741709994465, 0.9973358675682671, [0]
-30.654959844272824, 0.6703432578913574, 0.9744536332263588, [0]
-30.95163538409151, 0.6611546849933236, 0.9061902735842551, [0]
-30.882965186649983, 0.6416294242906286, 1.01730600224259, [0]
-31.055293685190893, 0.5979058212267903, 0.7641295558517248, [1]
-31.226922524742637, 0.5819607237416525, 1.1340998961387294, [1]
-31.385033469232653, 0.7150775750747146, 1.1711343754550043, [1]
-30.700706093226824, 0.6356225887261103, 0.819779856699508, [1]
-30.843158640283928, 0.6509653886979491, 0.7437002673113153, [1]
-30.777176264635425, 0.6021579544315397, 0.9017978317868206, [0]
-30.674519947750913, 0.5821234215582605, 0.7800548234693676, [0]
-30.787536349157563, 0.6412283139873454, 0.8349475819633803, [0]
-31.240057024906307, 0.5744341690964553, 0.5460193352500335, [1]
-30.71312713047875, 0.5988493280548435, 1.0152646790327862, [1]
-30.995110127843446, 0.5705145661973111, 1.0561287743299304, [1]
-30.51724624629235, 0.6193320566197875, 0.8434880839422126, [0]
-30.828223122882715, 0.5161210246387222, 0.6798103415945062, [0]
-31.221405048461573, 0.6447876608279488, 0.8805697593495405, [1]
-30.78941694553878, 0.5415764031735871, 0.8548396974091858, [0]
-31.080155351218476, 0.5215033397626139, 0.8898045016521646, [0]
-30.791618622835188, 0.7621586392694182, 0.986448082622804, [1]
-30.695272563746954, 0.5983856834288865, 1.1494550735203277, [1]
-30.86130135404766, 0.5395481624082015, 0.9203498006652743, [1]
-31.292018553374223, 0.5644517388929152, 0.9426652209133128, [1]
-30.952421971261447, 0.6207238087968339, 0.7403861152298533, [1]
-31.39177872450023, 0.7071161472444183, 0.4566439001355249, [1]
-30.983903444559804, 0.6634426022788074, 0.8820288441288114, [1]
-30.949518567617734, 0.6428675638615257, 1.2354355810372313, [1]
-30.610439538635998, 0.5576978294910512, 1.0699991758287608, [1]
-30.741619966791532, 0.6145212545767798, 0.8255419008066025, [0]
-30.645290624212766, 0.663013355359949, 1.1087220288078363, [1]
-30.654126873779475, 0.686348035830059, 0.9743045365974652, [1]
-30.7528661567272, 0.6057968235000463, 0.8047107277211599, [1]
-30.762921756616564, 0.7088755472463393, 0.9993367206647528, [1]
-30.737529046646777, 0.5933060557363025, 0.8445546962613543, [0]
-30.688598082344622, 0.5119310391785672, 1.0196396544275732, [1]
-31.16594844078563, 0.6434119269651903, 1.1573612914273532, [1]
-30.952243394355204, 0.7721115592736205, 0.9863320245404121, [1]
-31.013471753459342, 0.5867095339820689, 0.8626611769998391, [0]
-31.446901322329843, 0.5864832838581052, 0.8698227614142464, [0]
-31.076123104100887, 0.6429211214486328, 1.2195120010548357, [0]
-30.927097564633073, 0.5908170238588093, 0.6425736572163242, [0]
-30.96914697324128, 0.6651573400838936, 0.8884672520937518, [1]
-31.405935744175082, 0.5244784302280716, 0.9498842654944825, [0]
-31.000064725945997, 0.6135137688619589, 0.6208195429396501, [1]
-30.601807750294597, 0.6525032765576898, 1.0373947257199876, [0]
-31.034404544781275, 0.7118294139393369, 1.1726249234603394, [0]
-30.703586500918888, 0.6004185723611658, 0.7836642387347433, [1]
-30.684400477368843, 0.6738584148796671, 0.8972589894617705, [1]
-30.79527566373847, 0.6076589231359959, 0.9209351509439276, [1]
-30.847238138909354, 0.4532699853910881, 0.7764309907616077, [1]
-30.88907682307078, 0.5911668263747489, 0.8908076313084965, [0]
-30.731371563062815, 0.6752220487894024, 1.1113736590799346, [0]
-30.52801851102468, 0.6414551825658186, 1.0601041548131525, [1]
-30.892869692854113, 0.7535654738004458, 1.1499423602452563, [0]
-30.79463523223251, 0.5970875066393553, 1.0272042482146857, [1]
-31.09770708479285, 0.7227071902024136, 1.2908976529493232, [1]
-30.679492021516115, 0.6108716457806399, 0.8182329782193861, [1]
-30.67498495281247, 0.7243552465875212, 0.7563991368179669, [1]
-30.78379271273893, 0.6011148801553555, 0.9830368588135071, [1]
-31.04529728424066, 0.641519423626025, 0.8324949075111102, [1]
-31.150081357516655, 0.6858227808891889, 0.9801041726039171, [1]
-30.843589111180194, 0.659862241920138, 0.9886285796139618, [1]
-31.12110615893616, 0.6227109675456701, 0.8925199897662411, [1]
-31.127594168216127, 0.5483196223341569, 1.0722864557608338, [1]
-30.655070894252187, 0.7133471010010527, 1.019187031834321, [1]
-30.749103794661792, 0.6351634426022901, 0.8639321967511797, [1]
-30.57592989337161, 0.729229967601967, 0.9084410229650962, [1]
-30.76977272615612, 0.6687139157604464, 0.8246138033613772, [0]
-31.060142263258808, 0.6046613498598504, 0.7705529341470594, [0]
-30.961371163652416, 0.5146071286399566, 0.9240690328724053, [1]
-30.890531850900395, 0.6722962537220557, 1.018393641420864, [0]
-30.76510174415477, 0.44119988463350135, 0.7480950232639743, [0]
-30.980718395934108, 0.6015713206160148, 1.081547552222765, [0]
-31.225413416274385, 0.7356758533914683, 1.0607695055357231, [0]
-30.90759552788594, 0.5789979046738671, 0.8064552388402523, [0]
-30.827336778221554, 0.6430341133101856, 0.8480843941933712, [1]
-30.95373031861066, 0.5624772482099556, 0.8542660539163778, [1]
-30.811842812917504, 0.6447748097069639, 1.0671172944147793, [1]
-30.899828675299027, 0.7040349481895523, 0.992074763214731, [0]
-31.027557230876425, 0.6176804088758475, 1.2789326600492412, [0]
-30.798557963266177, 0.6405900987103568, 1.0793373711228214, [0]
-30.66063678483079, 0.6279070386061871, 0.777532754614843, [0]
-30.865188730494356, 0.6975321340999068, 0.970262463814521, [0]
-31.1587503754425, 0.6410050078707399, 1.1974021597685338, [1]
-30.7480415293471, 0.6679819665956757, 1.0527520925764522, [1]
-30.64108395332898, 0.47369018655476736, 0.8987054507230103, [0]
-30.748021986726094, 0.5638417886703215, 0.8683970908252928, [0]
-30.702172594344482, 0.6949662616960819, 0.9012121012580427, [0]
-31.048100588161642, 0.6492546812532812, 1.3586177805834678, [0]
-31.013096742708566, 0.5855032876862752, 1.1530307695754347, [0]
-30.69250694386379, 0.6180437240898953, 0.8154169642119706, [0]
-30.757226770605826, 0.669230985464877, 0.9365787390308817, [0]
-31.262076793386726, 0.5755546010210731, 0.9341155259024874, [0]
-30.953021373922464, 0.5470533075198564, 1.0286248803039857, [0]
-30.882122223228965, 0.6427569270000211, 0.9522863641600714, [0]
-30.917255237501784, 0.7046457891546898, 1.0037499721215126, [0]
-30.58832999377861, 0.585068520589154, 1.095810963177061, [0]
-30.941067287660942, 0.46822587189871095, 0.8899376710497545, [0]
-31.259600599277952, 0.7531974426763991, 1.019720336912883, [0]
-30.800298389817577, 0.4045566438998315, 1.092625718615218, [1]
-30.994261467628718, 0.6828401209414058, 1.0459209460691863, [1]
-30.810652739272346, 0.6329361765508528, 1.0066366968298814, [1]
-30.784167616718605, 0.5992438104590926, 0.882662656167977, [1]
-30.673167610105622, 0.6540549938164172, 0.9020002523414361, [1]
-30.71092544414845, 0.5899332862452958, 1.0571022763215308, [1]
-30.739540066027434, 0.591581564704538, 1.0579901151825473, [1]
-30.703103661168235, 0.6330931788326501, 0.926529067253849, [1]
-31.075657225638054, 0.5336322013417554, 0.7437023981720248, [1]
-30.648248299503095, 0.6424579250853948, 1.2187009371429158, [0]
-31.368618712795797, 0.6528377247060339, 0.7554483521560394, [0]
-30.975938489659974, 0.7185308892362088, 1.090880144805964, [1]
-30.939506562538376, 0.7127820052484296, 1.1068318771701398, [0]
-30.747801572202846, 0.6119728891194531, 1.225175697628054, [0]
-31.31045232637712, 0.7556029796744528, 0.5228461185268118, [0]
-30.641236946670173, 0.7017335035197095, 0.9558502644549074, [1]
-31.701624188727624, 0.5445201825788453, 0.7956555439342233, [1]
-30.804159942121256, 0.6220820042583681, 1.0145561762769373, [1]
-30.673883199221063, 0.8105412726369232, 0.7718008604419283, [0]
-31.008456185825292, 0.5030168296282578, 0.5817994350435597, [0]
-30.723492550070326, 0.6761589715978665, 1.0776857515801528, [1]
-30.560573756665107, 0.6592880868163663, 0.9883666121096231, [1]
-30.813219499138647, 0.5470330923982772, 1.2339729842155853, [1]
-30.951822977789853, 0.41563498494211853, 0.8130974110459052, [1]
-30.812823488779326, 0.6063517789826738, 1.1928489642082378, [1]
-30.541811494902433, 0.6390474558981827, 0.9814636396407762, [1]
-30.827210441394925, 0.676061138276368, 1.206778106885082, [0]
-30.84031427179533, 0.6002913841248398, 0.817337954327427, [0]
-30.98476668077302, 0.5333257349882303, 0.880874954901946, [1]
-30.730137853409193, 0.5075022997505805, 1.0096037862082596, [1]
-30.770290846411882, 0.5666363932967909, 0.9719393247091489, [1]
-30.923235150240572, 0.547329729719709, 0.9665728322202657, [1]
-30.913043949264594, 0.5515180835396143, 0.7661663333386036, [0]
-31.947888086224417, 0.5175361250574735, 0.47371162947359324, [0]
-30.62778101537495, 0.5932865084728409, 1.1279828472251867, [0]
-30.945931434606546, 0.5922575554973708, 1.1941115768753983, [0]
-30.753457025718873, 0.5405640894769703, 0.8219330488646532, [1]
-31.15563687802424, 0.5559330218755065, 1.048267796628684, [0]
-30.75154041006315, 0.6282623558545306, 0.9854725560314925, [0]
-30.864591644621377, 0.7328409713072607, 1.0051589926263862, [1]
-31.050573287294238, 0.5113879290464045, 0.7138942750570199, [0]
-30.634863785732882, 0.688789726703751, 1.082814895423869, [0]
-30.697103231131504, 0.5305189217254498, 0.7507248121810953, [1]
-31.062532740518797, 0.7626190004967585, 0.8701357503415161, [1]
-30.907779249528527, 0.5595256522237904, 1.1041361129514702, [1]
-30.67181224170933, 0.5987426178495224, 1.1276627791438576, [1]
-30.856517569936997, 0.5757003529994063, 0.7577450452570151, [1]
-30.744740265795997, 0.6998589627709116, 1.329321311156335, [1]
-31.353094394866922, 0.5924069763983026, 0.8999167620906308, [1]
-30.755331227683463, 0.7493458978963394, 0.8243489278747386, [1]
-31.114412869697855, 0.8281108602989595, 0.7760203658321592, [1]
-30.91787975341617, 0.5571016223487805, 1.2176307217264495, [1]
-31.02966158554601, 0.5009637472057447, 0.9213833493565637, [0]
-30.926974724915162, 0.6020124467412091, 1.0521626076974755, [1]
-30.816000153547265, 0.7558670167555681, 0.7653931660135807, [0]
-31.30182466857146, 0.5834606071443198, 0.8019668399164148, [1]
-31.16236000995697, 0.6634151600200623, 0.9097842500270004, [1]
-31.17142221590699, 0.7180334515203608, 0.870226952956687, [1]
-30.856560191730452, 0.5529672193480029, 1.083254591258172, [1]
-31.10439096028611, 0.9189532241656404, 0.8615677244858969, [1]
-30.746237076319947, 0.5978859906499406, 0.9284276892759682, [1]
-30.854778163348342, 0.6762049975061291, 0.7532832338273874, [1]
-30.5708113316938, 0.621338508764379, 0.9784986427850714, [1]
-30.825431421497985, 0.5364300547800175, 1.0090786413949513, [0]
-30.95909867471925, 0.6992887677101031, 0.719131630327126, [1]
-30.753340965702854, 0.6165271544316397, 1.1402530933525312, [0]
-30.568425018863437, 0.6811054564443304, 1.4786542400581077, [0]
-31.196504994537342, 0.5978660099732747, 0.9531672781171369, [1]
-31.00634826424285, 0.4788135105878303, 0.929475526781028, [1]
-31.452585552225738, 0.5949659056687242, 1.1210737924870506, [1]
-30.651577268813767, 0.7175004302307035, 0.8681712293084973, [0]
-31.55062726575293, 0.47509888954411944, 0.744990514537506, [1]
-30.59848505826958, 0.5096732167599831, 1.0262177301872601, [0]
-30.709388134791983, 0.6250678984657709, 1.1569098390630916, [0]
-30.77147731462344, 0.633792534335907, 0.8957148761847928, [1]
-31.161706668612634, 0.5985490089658292, 1.2373903108065885, [0]
-30.661599180140783, 0.5647547288032472, 1.003263419310191, [1]
-31.223937242234857, 0.501546071834327, 0.6880000988899149, [1]
-30.711338322102787, 0.6814393085765346, 1.1329025678247566, [1]
-30.641658018340753, 0.600941264062053, 0.8352858887469365, [1]
-31.006858959995068, 0.5596576558417636, 0.7729349608988376, [0]
-30.900415861361463, 0.6729286465979509, 0.9951218677497605, [1]
-31.364958217194314, 0.623613203397638, 1.1663889789121415, [1]
-31.283302339231696, 0.5713842178569809, 1.035975294466224, [0]
-31.26261867359318, 0.7166239190153402, 1.317009403875654, [0]
-30.69817710605507, 0.5532112273168394, 0.9753635344527822, [0]
-30.59004270982925, 0.7091338842886425, 0.7908382123800671, [1]
-30.819483095842003, 0.723580190197858, 1.2039483980282233, [1]
-30.854406302192068, 0.5708899196794808, 1.069409758817606, [1]
-30.908353431180416, 0.5640521898596981, 0.9978003248863183, [1]
-31.310917202112286, 0.8531497555756464, 1.0032731765043252, [1]
-30.80643643908702, 0.7090810003459437, 1.1269716548061526, [1]
-30.561702078593257, 0.627650427986443, 0.8594547835387606, [0]
-30.78099575936735, 0.5603218474541668, 1.180622314958863, [0]
-30.695292014602337, 0.680010223676014, 0.7479222557768552, [0]
-30.818144661023837, 0.6344355999496321, 1.2014681305150319, [0]
-31.21823089643234, 0.6843417594603108, 0.7449847413350625, [0]
-31.631161656899483, 0.5536582215766491, 1.0938924598716606, [1]
-31.66653259689383, 0.7098189863685085, 1.1279705604163721, [1]
-30.935273024559937, 0.5980781303193238, 1.074247189075078, [0]
-30.931942767236478, 0.6904452484658055, 0.8959897583885966, [0]
-31.44641374737944, 0.5481412112986547, 0.9477443924532438, [1]
-31.311033651618807, 0.6610052074075379, 1.1929531559455373, [1]
-30.894892904378935, 0.6674693971153722, 0.6488121227977693, [1]
-31.60080303553989, 0.6920589997472687, 1.2192530023807753, [1]
-30.810209527466608, 0.5031961909770988, 0.9370336204651782, [0]
-30.851021367373868, 0.6098752135306074, 1.163280067723913, [0]
-31.44304018829528, 0.5687234503526215, 1.1042262386133228, [0]
-31.022726516734405, 0.6601320414187624, 1.0164219385605773, [0]
-30.721468085396957, 0.5377113152008787, 0.7174759649120235, [1]
-30.90672779723025, 0.6320332984882209, 1.2743771657982788, [1]
-30.973959283922813, 0.6347820053193287, 1.0818963159178066, [0]
-30.88888459944231, 0.6168041342911619, 1.1613386185959247, [0]
-30.584276227584468, 0.5952107244041972, 1.1005564295618138, [0]
-30.832033598221447, 0.6367095817349274, 0.8503980817456087, [0]
-30.858190249402696, 0.607143366059047, 1.0734750735812333, [1]
-31.009017806496395, 0.69311150652296, 1.0062544429841676, [1]
-30.90849822591524, 0.6037609057287195, 0.8461169070951422, [1]
-30.94747819263249, 0.8044492109094707, 0.8621393027063357, [1]
-30.638352746269053, 0.6665519554406982, 0.8612836446562718, [1]
-31.07417847572082, 0.48468487208586986, 1.07420260017036, [0]
-30.88688911835314, 0.6847806248333067, 1.0560621672687187, [0]
-30.97596395816848, 0.476829401969155, 0.9625932709794591, [0]
-31.287203774411644, 0.5741909666019132, 0.6415989307937724, [1]
-30.785312008566123, 0.6588413655730572, 1.074423571819907, [1]
-30.90539444758526, 0.6399154449376393, 1.4560437045008856, [0]
-30.847625862275788, 0.767241500851439, 0.8570676688773834, [1]
-31.24252416792303, 0.6564950118659145, 0.8074151331336987, [1]
-30.793151722705826, 0.6579174798063572, 1.0547258376163446, [1]
-31.33679331927382, 0.587058998428307, 0.6468633077676931, [0]
-31.29461372626598, 0.5497385784458507, 0.8616475050849816, [0]
-30.800132581839804, 0.6402399892174374, 0.8168987567227685, [1]
-31.24918937186609, 0.6644917622667258, 1.0986410025662372, [0]
-30.741276312434806, 0.6577703788864371, 0.9879289147693158, [0]
-30.837799350554157, 0.5597315225549739, 0.7176072276144121, [0]
-30.644100244645234, 0.5946847815911303, 0.9117263246153787, [0]
-30.799578502216345, 0.6664356906646094, 1.264617080868404, [1]
-30.73417272452142, 0.49723888311237463, 0.7244036322024084, [1]
-31.09585074208421, 0.5823644429700569, 1.0533487750788857, [1]
-30.96256099599031, 0.5960426374666838, 0.8617603102222011, [1]
-30.76079145211713, 0.4632196518114179, 0.7913643277041553, [1]
-30.716015656987214, 0.5790996539804696, 1.0575611688924833, [1]
-30.828914539411443, 0.7510735300573931, 0.77407923371233, [0]
-30.85299145128281, 0.6707742940686892, 0.9558462844576329, [1]
-30.770281880758663, 0.582380386436973, 1.06023041629923, [0]
-30.738095796432567, 0.6015577996624263, 1.2296812840165436, [1]
-30.764472642699065, 0.5756608464632547, 0.6324261448293215, [1]
-30.733099403887643, 0.6902889621818982, 0.9644540880896484, [0]
-30.72509644956545, 0.6552106811490058, 0.8999430410134266, [0]
-31.029129181969196, 0.6688264879616235, 1.098202753123687, [0]
-30.95517814717574, 0.7067722547423614, 1.1800857034993009, [0]
-30.854508628673585, 0.5738524920560462, 0.8030757445340899, [0]
-30.642661679811898, 0.6309505019805738, 0.7976709401688703, [0]
-30.934208643075465, 0.7297799333275283, 1.011735355061489, [0]
-30.893540751767006, 0.6266725533627092, 0.9556894404298935, [1]
-30.759109489885255, 0.4985937811217251, 1.070847847016605, [1]
-31.155791894988553, 0.6362908629988683, 1.0481543649015725, [0]
-31.433485728989183, 0.5988774539524832, 0.802252578642374, [1]
-30.766771996686877, 0.4875409196888501, 0.946427416273527, [0]
-31.16816537081852, 0.6901402466339285, 0.7144707499168127, [1]
-30.824564153025587, 0.5783429750521232, 0.8447409093457681, [1]
-31.188637709790054, 0.47881639130571285, 1.1190010961201775, [1]
-31.012848933708185, 0.6835546764281383, 1.1552045927850059, [0]
-30.857912115873283, 0.4724849268122907, 0.939806704159386, [1]
-30.95195254022148, 0.7145945089654561, 1.0545010581400054, [1]
-30.821819951086365, 0.5783696115720693, 0.8751112905961258, [0]
-31.01461986167134, 0.7241856312582962, 0.6496921504925213, [1]
-30.833512555232637, 0.6240249352012475, 0.8078365967562162, [0]
-30.79147534595945, 0.6362536905445083, 1.0482532782260934, [0]
-30.6790753656148, 0.581446517207059, 1.0573486690268712, [0]
-30.883237124633595, 0.713112997227054, 1.2745786004995554, [1]
-31.222822804893077, 0.7044150193321528, 0.7493445150595521, [0]
-30.603721496952158, 0.6916033632724707, 1.1164192331833773, [0]
-30.92058420548082, 0.6300683819514401, 1.2200398586327066, [0]
-30.763109521923365, 0.6256706725914489, 1.21495078514441, [1]
-30.66502903263213, 0.6417100777080844, 0.7917544649529866, [1]
-30.71997508935072, 0.5830560357087288, 0.950326086563783, [1]
-30.7257092824885, 0.654473985878559, 1.1170098662853194, [1]
-31.535680254089606, 0.6363600925211401, 0.9072692156255211, [1]
-31.037684580518935, 0.6044320841288551, 0.9493273404460844, [1]
-30.94218650291687, 0.6376635034044551, 1.2152120900149757, [1]
-30.831324238315243, 0.5290485403466181, 0.9799104456772063, [1]
-31.364187155858314, 0.5290572693888077, 1.0244411977819334, [1]
-31.170984382762967, 0.421502904330326, 0.6826893667529111, [0]
-30.61778384756974, 0.6137929742121933, 1.0266862471627352, [0]
-31.137549911107474, 0.5269065424712226, 0.7373782089779894, [0]
-31.055801547672633, 0.7409911141844856, 1.0703262187981377, [1]
-30.791197986240757, 0.4988574792183146, 0.9009442581580662, [1]
-30.712798925440133, 0.6295130761525569, 1.0834872287809787, [1]
-31.240867520339492, 0.6746126488039932, 1.1684726489791983, [1]
-31.033593125004163, 0.7246086089991619, 0.8909727798444828, [1]
-31.23164758915533, 0.6867370242296027, 0.8471710921860611, [1]
-30.694334848339576, 0.5796774294271755, 0.8167131029099302, [1]
-31.094495247586416, 0.6975878776703714, 0.8048004055602841, [1]
-30.847001931448712, 0.5569822456377311, 0.8847369984411866, [1]
-31.10868110004298, 0.7034311776570937, 1.0349294808764364, [0]
-30.674470815414335, 0.6919604997842697, 1.1010493791679181, [0]
-31.013599080367975, 0.7446063431245694, 0.9419650892213078, [0]
-30.76016162486473, 0.6276574556131841, 0.6702509873368641, [1]
-30.82631226040681, 0.5721526042230383, 0.9709714333223487, [0]
-30.734787455934892, 0.6229215968374531, 0.7507167926522977, [1]
-30.737008389413592, 0.5613097508299197, 0.9558256615578877, [0]
-31.051644778916593, 0.6907650284415872, 0.7771123796189146, [1]
-30.8061602595343, 0.5228468926633774, 0.7983767977233719, [1]
-30.764291814657163, 0.6631915374511341, 1.1835093971829465, [0]
-31.156326069299382, 0.6447461319002378, 0.7948301035198199, [0]
-31.029312682449408, 0.5907572247607368, 1.049571461635695, [1]
-31.304163459690006, 0.7094708683106725, 1.2196532491253644, [1]
-30.947932609415535, 0.5307294834707381, 0.8627685023287487, [1]
-30.61433809755588, 0.6103859188069185, 1.1198442437898937, [1]
-30.822004780902866, 0.7186224833850001, 1.011226476831796, [1]
-31.078534530206998, 0.6213902402653629, 0.9623085644856543, [1]
-30.888197723925554, 0.5750879320916751, 1.011896301678945, [0]
-30.715250010787297, 0.5918995729726773, 1.1278868630259615, [0]
-31.3124662380176, 0.6637230932620526, 0.9046031498835465, [0]
-31.108567133579413, 0.6268475577385756, 0.6756610745739813, [0]
-30.58223114702309, 0.5946673376930266, 0.8845176004243858, [1]
-30.733321858668205, 0.5640176728823545, 0.9501665866366927, [0]
-30.81183555211185, 0.6459239849557903, 0.7604422974911987, [0]
-30.8243585757229, 0.6942191043895005, 0.8785300367425587, [1]
-30.807892680936533, 0.6756350842998654, 0.8615210543926154, [1]
-30.643493232887643, 0.6812103429088401, 0.7819850856135871, [1]
-30.5968839289614, 0.6850763348289686, 0.9652331838649405, [1]
-30.91858947622534, 0.5207372657397911, 0.9802693243931048, [1]
-30.777027250400316, 0.5767016228809525, 0.99221094472229, [1]
-31.081643890378743, 0.7287832964861983, 1.0579798966896494, [1]
-30.585196141387282, 0.5929891032283251, 1.0790329904608167, [1]
-30.791212125317756, 0.7814926600127232, 0.9745455754919865, [0]
-30.891994939674074, 0.617001154411181, 0.7667511974388592, [0]
-30.966791790980682, 0.6719501166766761, 0.8898263045388501, [1]
-30.91891277410317, 0.5407264685346244, 0.8127377645661651, [0]
-30.857044560097254, 0.5770665735984144, 0.9369323489197912, [0]
-30.85259330063706, 0.6688299099692714, 1.171892024994206, [1]
-30.698620006976824, 0.4844685238848899, 0.6720630016430515, [1]
-31.323330096156134, 0.536410458723424, 0.9830480906320423, [1]
-30.87010118718576, 0.6397910062421043, 0.9262342677207156, [1]
-30.977759990372544, 0.5219026939954319, 0.8717150334746149, [0]
-30.731131881284103, 0.6682295027517869, 1.0900854433869573, [0]
-30.909085150515306, 0.5480959935017085, 1.1349009197959827, [0]
-30.857076742637375, 0.4489804922982611, 0.8789386679041714, [0]
-31.066164739183602, 0.6161809767089704, 0.6570042467187678, [0]
-30.644992702121808, 0.6414527842344262, 0.8480774856549241, [1]
-30.680072209755252, 0.6051730882641886, 0.9311761446702995, [0]
-30.836504216635657, 0.5286967339930844, 0.9711038247890285, [0]
-31.343471326013738, 0.6404706374764656, 0.5328790741173375, [0]
-30.987203730255764, 0.6837609817458226, 1.0418211869274365, [0]
-30.88049213282199, 0.5675239173326895, 0.8976976853012035, [0]
-31.047184612417368, 0.6671421815190768, 0.924293541764363, [1]
-30.704468583432753, 0.7322089892528629, 0.9414453407283438, [1]
-30.652081908197303, 0.5396384148940329, 1.0729027503391229, [1]
-31.05022883742283, 0.5753666550784304, 0.9604572635425666, [0]
-30.693951059266364, 0.6501966307044503, 0.9006580376024433, [1]
-31.228059409401556, 0.5854428799826122, 0.9157970383161069, [1]
-31.057490480415165, 0.8139587603778926, 0.8900557879827826, [1]
-30.63251121471244, 0.5896155036245296, 1.1090323142706495, [0]
-30.667671586090137, 0.6000520553776533, 1.1556601003146016, [0]
-31.304444994196608, 0.6228964209715995, 0.7514222220853073, [1]
-30.755910426278206, 0.7167298259862165, 0.8828241400714197, [0]
-31.01739904033405, 0.6841616746049897, 1.2941101164042403, [1]
-31.227308454427256, 0.5523803139684055, 0.9801651704367154, [0]
-31.003404985612327, 0.655049576756519, 1.0897784882513064, [0]
-31.019929009452056, 0.6018060253374155, 1.263463727173266, [0]
-30.663512268562634, 0.5729956795533496, 0.9122540140598145, [1]
-30.64533339044231, 0.6086856197118329, 1.0450915550573863, [1]
-31.07652947978258, 0.5527372791561271, 1.022510803162725, [0]
-30.987081784924342, 0.6007245562484202, 1.1855600233621582, [1]
-30.791381629770942, 0.5675935973180704, 0.6700556713605454, [1]
-31.117734847435102, 0.533935485164351, 1.0632424903227846, [1]
-30.810183964280736, 0.6583735228739395, 0.8752198883765633, [1]
-30.813703767845368, 0.5358826789280922, 1.0663111627346327, [1]
-31.126110687124495, 0.5775885771383678, 0.5957051935124992, [0]
-30.8260062528613, 0.6007756677861248, 0.9243531076794395, [0]
-31.193247459634758, 0.6839816640572776, 1.2493398386773413, [0]
-31.2620946762231, 0.7877019896109299, 1.1317319775512016, [0]
-30.8045093662083, 0.60635557803928, 1.173934181884194, [0]
-30.816099599157162, 0.5781163727523603, 0.9735177114553104, [0]
-30.63587113833172, 0.651023529434092, 1.0767947470887986, [1]
-30.772560961337433, 0.5419903979772513, 0.8101583489303693, [1]
-31.48366132999182, 0.6358698352582827, 1.173569119345481, [1]
-30.58261938208946, 0.6497762057957619, 0.8220571588179021, [1]
-31.323983694090067, 0.5439206767050017, 0.8543214524840224, [0]
-30.710522784362187, 0.5486846868230558, 0.895481655659671, [0]
-30.805325495368997, 0.5320437339440853, 1.125342631133083, [0]
-30.84255416148099, 0.4960487383405248, 0.8534737971207236, [1]
-30.998157971386348, 0.44504511404472047, 0.9452005694498241, [0]
-31.28213662897114, 0.6856883608307563, 0.851185096000044, [1]
-31.97811927520154, 0.6410075723210158, 1.2146040826652182, [1]
-31.015426310675846, 0.6013789916303939, 1.3242965565059333, [1]
-30.960644023632096, 0.6063354481787093, 1.177341486143536, [1]
-30.93582297985349, 0.5710478473528411, 1.160735451662186, [1]
-30.890485773605302, 0.603869012805728, 0.9528379357110015, [1]
-30.635124403109316, 0.5923695639172637, 1.0129853504689086, [1]
-30.79147872294569, 0.6844534611274172, 0.7638103105670466, [0]
-31.22687347620238, 0.6180909862441933, 0.9222976415481412, [1]
-31.14603877548296, 0.7002233623390584, 1.0552137684058642, [1]
-30.644308130824466, 0.5668092710508896, 0.7738364058293189, [1]
-30.634495336101374, 0.6314988640196955, 1.2063796579814654, [1]
-30.718583684853733, 0.6196158997048474, 0.8914527983510805, [0]
-30.802605988994742, 0.6729535950954952, 0.726994453469738, [1]
-30.857783835539106, 0.5442695527642785, 0.7038360205470443, [1]
-30.802645502622667, 0.601859111201105, 1.2423601088720297, [0]
-30.83801317495078, 0.575936608374157, 1.1600993289081383, [0]
-31.157586715275336, 0.6933897519458199, 0.822765029533895, [0]
-30.74592182467771, 0.6439753571260594, 1.0371225160757331, [0]
-30.698447288291085, 0.6521408801388547, 0.8913248578298528, [0]
-30.85818860732949, 0.5722549275770561, 0.8651833066271011, [0]
-30.572607963236507, 0.6473530890502157, 0.9648047598439833, [0]
-30.740051071934168, 0.5195370265504662, 1.0266980370527115, [0]
-30.611339519729768, 0.66353118649772, 1.080253021112153, [1]
-30.656222721921946, 0.6641720373299121, 0.8650388731548596, [1]
-31.13987580697678, 0.5518325394875206, 0.940468193064977, [1]
-30.74350602920347, 0.5637404343210386, 0.8856413288685108, [1]
-30.8991642443776, 0.6979527639298942, 0.8530473679877171, [0]
-30.956792028641217, 0.49146926468454244, 1.2317230471992338, [1]
-30.829467138277387, 0.7554148274370552, 0.9572190772614357, [1]
-30.87985489713022, 0.5764929284732835, 0.9735817317958747, [1]
-31.160749669705115, 0.6398977947070259, 0.8870318833597571, [1]
-30.69683328534353, 0.6249813425537611, 0.8351769719466513, [0]
-30.657251244474658, 0.6386720583011727, 0.9976074124713294, [1]
-31.468535657508948, 0.6985340282221777, 0.5509076642114499, [1]
-30.627442493518977, 0.5006012181687041, 0.9348704888167332, [1]
-30.816762748936473, 0.5958930739017799, 1.0323692914076457, [1]
-30.718351469063446, 0.5300832732394795, 0.8983004304030018, [1]
-30.565339461833236, 0.6672749841462249, 0.8882761031474234, [0]
-30.66998071918335, 0.6148743762955561, 0.9867983914657336, [0]
-30.921044951465962, 0.5409278166650004, 0.9212317874985578, [0]
-30.72655837622643, 0.6652080004578854, 1.1550460142214136, [0]
-31.284367897052938, 0.5565519227863802, 1.1116949527590927, [1]
-31.280942409857694, 0.522962629637169, 1.190686875988463, [0]
-30.64010115064229, 0.5584076189211757, 1.016987065163351, [0]
-30.775221786022108, 0.7234424421622704, 1.0606354058623326, [1]
-31.10411497208772, 0.41269729976758107, 1.020793784752562, [1]
-31.25229615394471, 0.5964758052430433, 1.0947202864622292, [1]
-30.83842992542197, 0.665206083150125, 0.9738487670120037, [1]
-30.613645523580995, 0.6182627377031531, 0.8228371942003703, [1]
-30.673815496449155, 0.4838638767334525, 1.0514638193955803, [0]
-30.663150679178198, 0.6737048360527891, 1.0573259106031827, [1]
-30.77966124063631, 0.6287656539142781, 1.195550062432679, [1]
-31.08148729418519, 0.776012698273526, 0.5549698052467356, [0]
-30.980795316821357, 0.647153808129792, 1.0783514418923767, [0]
-30.644734100509393, 0.7610342533674771, 1.0471910180120074, [0]
-30.793928466887216, 0.7543399490154632, 0.8035795812892188, [1]
-31.149374487841893, 0.6901291357142878, 1.0888740120218985, [1]
-31.138337869289757, 0.6007827536246652, 0.7524801636579124, [1]
-31.382039123565114, 0.6225928299430299, 1.219065857509153, [0]
-30.876943915117486, 0.5794477135294663, 0.8527368565082465, [1]
-31.311124242277266, 0.6926953463508554, 0.8730694218774264, [1]
-30.630451064321385, 0.6678841476758529, 1.0292308140482374, [0]
-30.966043287718637, 0.5876326007291923, 0.8492660292632713, [0]
-30.730109892506373, 0.5570229925624269, 0.7699841152543921, [0]
-31.013918000272362, 0.5891785140618584, 1.1981796538137628, [0]
-30.735137078878385, 0.6496809670412209, 1.1067827417273277, [0]
-30.944500869079828, 0.5999631699466492, 0.7798005970131656, [0]
-30.922055313417538, 0.48764971761717657, 0.9914036191528303, [0]
-31.09934733775431, 0.6427582611463076, 0.8753651011506077, [1]
-30.78922116474823, 0.5430043973932093, 0.8657550121309289, [1]
-30.8273530999992, 0.6809080863379494, 0.7570514989253635, [1]
-31.05981679330129, 0.5937549931176518, 0.5366073517709785, [1]
-30.748317851237925, 0.5704297458253945, 0.8474753956535913, [1]
-30.63075663008807, 0.6455690448277339, 1.0300641992371335, [1]
-30.62086787420857, 0.6879582378078172, 0.8282211438350213, [1]
-30.596817779796766, 0.6298705171156447, 1.2328681914614101, [1]
-31.315977036220165, 0.6818201804408649, 0.9819826826479952, [1]
-31.003979205770978, 0.574382784297577, 0.8049635516033331, [1]
-31.04094665855585, 0.6869908332521594, 0.7700153877279854, [1]
-31.154322392776216, 0.655419534734594, 0.9153825622553916, [0]
-30.81875815670239, 0.5834541121286342, 1.0757957743318387, [0]
-30.90330319335659, 0.603401194526817, 1.2916654061018296, [0]
-30.910046156159886, 0.6403974339250496, 1.008602935321554, [1]
-30.743074515662745, 0.5364309536674068, 1.175529879424277, [1]
-30.751970598856918, 0.5072740884972067, 1.0428704065653036, [1]
-30.997992218854304, 0.5401018991443911, 0.8602311217193684, [1]
-30.775016032555776, 0.6004485086105219, 1.0475635860689947, [1]
-30.559780353945712, 0.7018244589255365, 0.7803316925351853, [1]
-30.691417265615275, 0.5867160732227595, 0.7626904030992373, [1]
-31.038531508106008, 0.7390836145856816, 0.6995933580630675, [0]
-30.968392231607744, 0.5786592866256739, 0.8880542834231887, [0]
-31.12412201835999, 0.5933090589119907, 0.8864785141474293, [0]
-31.284271567296212, 0.5229775722495672, 0.8307503774330519, [1]
-30.810639111768594, 0.6918809737838966, 1.0657174659304118, [1]
-30.876540277327678, 0.6287327569565448, 1.0353319201112183, [0]
-30.790883509278974, 0.6359891732672651, 1.174635096149009, [1]
-30.937699436861653, 0.6222220131427235, 0.9953991827778234, [1]
-31.197859689615335, 0.4443667022674824, 0.8011747816898327, [0]
-31.363214294471486, 0.6032857150636814, 1.403891305211154, [0]
-30.91573146659567, 0.5467304615256057, 0.67511307761541, [0]
-31.17905673758685, 0.6217578630006381, 0.716832373924112, [1]
-31.07526228199813, 0.6473787032168979, 0.8208637199213024, [0]
-31.09492742734014, 0.5899219677329565, 0.8772589724960846, [0]
-30.738386058238227, 0.5571666368300099, 0.939316342525069, [1]
-31.158842651437382, 0.7344989078840984, 1.0030953230065167, [0]
-30.791103153851285, 0.691158379465385, 1.099451178431531, [0]
-30.71332319517315, 0.6538314551409945, 0.7384302161554379, [1]
-30.93277950260362, 0.5451976302845631, 0.9812455315292379, [1]
-30.70198695185158, 0.6131039269140511, 1.1577156671613544, [1]
-30.955363100260055, 0.691056135203882, 1.173156373927807, [0]
-31.12071360737202, 0.5641011237995207, 1.1911541862794803, [0]
-30.798182594450775, 0.7665243219237198, 1.1222707687332085, [0]
-30.612858929621595, 0.6393978885159509, 1.0046721656907969, [0]
-30.620808091002573, 0.553730368438139, 0.7504666964665713, [0]
-30.791297923026214, 0.6840917863289648, 1.1069741263043045, [0]
-30.6936162531653, 0.5778491116175001, 0.8639734329405303, [0]
-30.783127258022137, 0.5158762119539453, 0.7473689243786693, [0]
-30.926057923149056, 0.6874965267997584, 0.9847850031654023, [1]
-31.007341238429017, 0.5411495683154929, 1.1810822114463724, [0]
-30.726096145913527, 0.6650427324212762, 1.2831967584531596, [0]
-30.770458765115187, 0.6307179888979092, 0.9965914269291576, [0]
-31.17258781875083, 0.40490741943275166, 0.9292708170107566, [1]
-30.78647670267879, 0.6928743081071284, 1.037031685379072, [0]
-30.970270724669938, 0.6680022965323504, 0.985164953575407, [0]
-30.722566363548335, 0.5638251832813782, 1.0301647640438987, [1]
-31.004749734131874, 0.703391368632491, 0.9066585355515517, [0]
-30.801702176390005, 0.6110100710119163, 0.7918180405428015, [0]
-30.90308963599101, 0.5514280809882879, 1.138860009893995, [0]
-30.858590093757346, 0.7219335194909607, 1.2636163408676613, [0]
-30.97213968065763, 0.6863329490643673, 1.265620028518956, [1]
-31.112311275563297, 0.5141650793346317, 0.7886301118830236, [1]
-30.8564492299586, 0.7571809620270882, 0.8106845221913255, [0]
-30.7193297935046, 0.6305408712578258, 1.0616527288311504, [1]
-31.052496452701043, 0.4954774452308864, 1.0249571109510498, [1]
-30.6806485321607, 0.5533513866878936, 1.0167874765021467, [1]
