t=0.19386842551654954
logZ_t=-50.84770327589611
-8.312176573422954, 0.6032869185114028, 1.0236708188198709, [0]
-8.325168879287244, 0.48963722687866973, 1.0468263016603119, [0]
-8.297464526475883, 0.6216071471002015, 1.1317587642848357, [1]
-8.30926532635347, 0.5081591869293303, 1.0652494743656222, [1]
-8.285803729925746, 0.6308699381073419, 0.9901658662721595, [1]
-8.286161180908687, 0.6213874501101351, 0.9011241407804628, [0]
-8.305033163576832, 0.6446480845947155, 1.1715870858170545, [1]
-8.338757535831833, 0.5840448105970512, 1.3008317371697509, [0]
-8.396935910735156, 0.7562407718479407, 1.3377567098540166, [1]
-8.374089149946155, 0.7421937779832866, 1.2007667390959125, [1]
-8.295308192362553, 0.5671780848221563, 0.9943260264763238, [1]
-8.295255270373316, 0.6329434303468187, 1.1134570358683138, [1]
-8.285945554731242, 0.6825191139122281, 0.7391315553545426, [0]
-8.367387743676831, 0.625517205895287, 1.1998250903297185, [1]
-8.319336553092143, 0.5128652738198907, 0.7392318277393728, [1]
-8.354038918076354, 0.8088429522127005, 0.8422624124292283, [0]
-8.319368837765422, 0.6629942090061905, 0.644058118851606, [0]
-8.319368837765422, 0.6629942090061905, 0.644058118851606, [0]
-8.306546156745753, 0.6860135732118049, 1.2934099957177219, [1]
-8.321661128479734, 0.7936864318279929, 0.9666033220794609, [1]
-8.32062768483365, 0.7024232003090853, 0.7972540001623372, [1]
-8.320665185889734, 0.6565734133142761, 1.2378016924785924, [0]
-8.29909985598223, 0.6556732253699844, 1.1254073179341297, [0]
-8.30438118122922, 0.6687969669781899, 1.1447478429032507, [1]
-8.294660501484982, 0.6715212726596683, 0.9654979501083438, [1]
-8.300417968298863, 0.6457058864729541, 0.9957548020007669, [0]
-8.367063119866057, 0.6222597827434683, 1.392206417767823, [1]
-8.35373434385965, 0.6828694523272107, 1.3559578002415238, [0]
-8.314670442005873, 0.43597418153883527, 0.8612051339823767, [0]
-8.36160302576593, 0.4504371631575666, 1.0575337753556837, [0]
-8.302942842426221, 0.7098597027840073, 1.0277317354836466, [0]
-8.32571820431148, 0.631531602325659, 0.9740038773162449, [0]
-8.30064762797154, 0.7072684970744619, 0.9210126635337968, [0]
-8.37029530113, 0.7351720969347993, 1.3041479577872233, [0]
-8.340191406442354, 0.6168669497163093, 1.3177343888979378, [0]
-8.299463101976846, 0.5379646401263868, 0.8863636226507978, [1]
-8.286162691826144, 0.6155889201847974, 0.9039561613363423, [0]
-8.295801109585017, 0.6479937683154892, 1.1049517607656905, [0]
-8.286162691826144, 0.6155889201847974, 0.9039561613363423, [0]
-8.341850142219771, 0.4772554485432434, 1.1128798207012103, [1]
-8.318365418944484, 0.7121526310861281, 0.7510590328829758, [0]
-8.310978782090423, 0.6449350169495688, 0.7587600126142159, [0]
-8.298228110735353, 0.664829957340357, 1.0030569773823952, [1]
-8.312593682223707, 0.5497531642568857, 1.151213387209085, [0]
-8.291350908098114, 0.6980511451668477, 0.8278829457132107, [0]
-8.325242226218432, 0.4973153343767304, 1.234250050800479, [1]
-8.426580552429904, 0.41118879803244746, 1.113966370510349, [1]
-8.3279361347407, 0.639760083923705, 1.097118824040808, [1]
-8.317471793234448, 0.6925393258883166, 1.0736616002561485, [1]
-8.309984338842062, 0.6913132515736392, 0.8214088932195052, [1]
-8.28778247832597, 0.6691298875364984, 0.6257234441582279, [1]
-8.324748885179611, 0.6766017255514606, 1.2361546284170968, [1]
-8.324748885179611, 0.763937751463783, 1.0027420575074422, [1]
-8.304536107582015, 0.531728317544692, 0.9903416064752377, [1]
-8.322384047276529, 0.582157880479843, 1.0455857323131845, [1]
-8.333652460469258, 0.6132704515483937, 1.3693364834958903, [1]
-8.306692793905313, 0.6376374403143336, 0.8966535865874139, [0]
-8.372355418582694, 0.46009203664548076, 1.0336705879729458, [1]
-8.354887629810818, 0.6636407176122932, 1.3472111879642878, [1]
-8.366326951014175, 0.6174158704816516, 1.4438463830224815, [1]
-8.30101864989665, 0.4151119512374757, 1.063452196320066, [1]
-8.296274726471413, 0.6221845233393954, 1.0172035819710807, [1]
-8.30101864989665, 0.6437780320741435, 1.1483308323849082, [1]
-8.30101864989665, 0.6437780320741435, 1.1483308323849082, [1]
-8.30736142072377, 0.6522871016816861, 1.1790994723558639, [0]
-8.33846567148783, 0.8056970331022615, 0.9026820102165214, [1]
-8.336344814635726, 0.5431712889146382, 0.6072914376836994, [1]
-8.30211291285496, 0.7168691736204287, 0.9464407223430199, [0]
-8.317115752449283, 0.7250468286642615, 1.1033008981184076, [0]
-8.369799767082192, 0.8149788295380316, 1.0705072764796137, [0]
-8.286801470993366, 0.6502429006401937, 0.9327407580288946, [1]
-8.313884448313011, 0.6323799725173448, 1.2750586221134212, [1]
-8.3344946985201, 0.5097371468094125, 0.645389176131826, [1]
-8.31269500236606, 0.5135322665637263, 1.0422970648326295, [0]
-8.31269500236606, 0.5135322665637263, 1.0422970648326295, [0]
-8.420309666590198, 0.6598996969844162, 1.0562701350377173, [1]
-8.310805734336425, 0.5190145089430281, 0.8155505976520989, [1]
-8.369258818021514, 0.5136446266236052, 1.308666684200768, [1]
-8.323747005853246, 0.5996696879295561, 0.9486695951345853, [1]
-8.292380222932934, 0.7660711142948793, 0.7491259339396958, [1]
-8.292382596721417, 0.5887470574262539, 0.8311774138093294, [1]
-8.33452701087543, 0.7394421714356166, 1.1627595914485942, [1]
-8.326487644107827, 0.7838569146861243, 1.0044637895217985, [0]
-8.328080683047752, 0.7990271500107772, 0.908370876058274, [1]
-8.314865258499053, 0.44524450725126186, 0.7418274072180557, [1]
-8.298091392547384, 0.5395366451768676, 0.9339929945950411, [1]
-8.305277766331281, 0.6163701017115362, 1.1433856856283162, [0]
-8.306558010448333, 0.5623336433453239, 1.1143162596701235, [0]
-8.347197054576961, 0.4969369672710256, 0.9029059723683945, [0]
-8.353365774003093, 0.5341449213183366, 1.3081355250980649, [1]
-8.29900998059409, 0.693178015786575, 1.0477304240537542, [1]
-8.322793008102769, 0.7201779004261841, 1.1520397701893414, [1]
-8.322793008102769, 0.7201779004261841, 1.1520397701893414, [1]
-8.328171987934924, 0.7037398816714884, 1.2120311106122543, [1]
-8.37067963963348, 0.5842693815633292, 0.8880664899307256, [0]
-8.301568250809206, 0.6545503157427859, 0.7464104064581649, [0]
-8.301568250809206, 0.4443398307009512, 0.921295272459252, [0]
-8.295345085260125, 0.41961395941060936, 0.7031226206886654, [1]
-8.321921070405518, 0.6273188022921166, 1.3009893038523388, [1]
-8.31456246585662, 0.730705734002984, 1.062121642606288, [0]
-8.29298565336184, 0.5678454150630741, 0.751212769381188, [0]
-8.34288782272363, 0.35218168659477, 0.6301324022359389, [1]
-8.296694309887283, 0.5935427919536415, 1.1564777688049088, [1]
-8.293305321849429, 0.5124516752434879, 1.152664763699124, [1]
-8.293305321849429, 0.6863724722435165, 0.9739365420534629, [1]
-8.299817317398745, 0.5987638701390602, 1.0913780491774012, [0]
-8.292727602707858, 0.5731133896930698, 1.0365179573468186, [1]
-8.342405265244464, 0.796734534556425, 1.06689452696885, [0]
-8.370587675780959, 0.830597636141211, 0.8413660056588443, [0]
-8.302945372229422, 0.6124724569017643, 0.7265689339200511, [1]
-8.33614512207717, 0.5965124116793131, 0.5601678366191918, [0]
-8.300648176338012, 0.6354366025280723, 0.7433366098249717, [0]
-8.321170777296338, 0.642134652104527, 0.6261961709455751, [0]
-8.322249612812646, 0.5182467666421661, 1.13285214418541, [1]
-8.38349071388662, 0.7505849488865007, 0.7552632194072271, [1]
-8.311089858998699, 0.4941966639743126, 0.7060538241341973, [0]
-8.301581196865275, 0.4760566730813437, 1.0400823487188642, [0]
-8.349915914508092, 0.7147383573819663, 1.2754938743967963, [0]
-8.337498893768267, 0.800754476967141, 0.905166048022272, [1]
-8.315150749800699, 0.5484399539592378, 0.6796926933219345, [1]
-8.309180525695835, 0.6006020787945806, 0.6908822496366647, [0]
-8.338807056966006, 0.4533526823697174, 0.9399750905128088, [0]
-8.287005750404191, 0.6511567751095436, 0.9261602827949474, [0]
-8.352206671390515, 0.4233248402068854, 1.0939190844898474, [0]
-8.3230359176626, 0.7307782710645401, 0.9371184205266447, [0]
-8.355495692373827, 0.6723799268893265, 1.0991982444327, [0]
-8.287245614807325, 0.641686267634532, 1.0132485826478352, [0]
-8.285974213860019, 0.6300315044579747, 0.9968454374666237, [0]
-8.31541035247925, 0.7299419562785359, 0.9279412275417521, [1]
-8.298616543876122, 0.5603910704005719, 1.0714041112074042, [0]
-8.317070180340423, 0.6015352377415624, 1.230656721517411, [1]
-8.314652673698781, 0.7419505674764781, 0.9809995043514803, [1]
-8.317070180340423, 0.5145984226584275, 0.7888811192233549, [1]
-8.305569842979917, 0.7305436774109744, 1.04701644196055, [0]
-8.319524935022304, 0.5825905598283057, 0.7619616458342141, [0]
-8.290911742107674, 0.6626556240734994, 1.033476463454142, [1]
-8.328157543864652, 0.7596375748674475, 1.2095595554681642, [0]
-8.32294826396739, 0.5370112172688059, 1.1811193343817414, [1]
-8.386160061464418, 0.7555419394084697, 1.1927536782729604, [1]
-8.310617268667333, 0.6438427223265045, 1.2009826754146462, [1]
-8.321221260920826, 0.6179915397889203, 0.5940883464623445, [1]
-8.288518655559383, 0.6640833649503561, 0.9422954582008849, [1]
-8.321372733687324, 0.5673666976876853, 0.669233795782084, [0]
-8.29634892397343, 0.6921210445936485, 1.0133317462466929, [1]
-8.29634892397343, 0.5199196834666262, 0.7058196064507267, [1]
-8.291229371675003, 0.5660955239045604, 0.9317473791318579, [1]
-8.2990844390364, 0.5315282694112262, 0.9470541186113296, [1]
-8.311128033460673, 0.5583570239868587, 0.7120731185745467, [0]
-8.301771012448132, 0.5735788060886451, 1.1350298998900867, [1]
-8.328433083371406, 0.6662421521276669, 1.305000868968511, [1]
-8.292301342677753, 0.6464300714575804, 1.077990253807211, [0]
-8.292301342677753, 0.4576345163394244, 1.1956809824494143, [0]
-8.330906835459597, 0.6272643138329016, 0.5790491999753762, [0]
-8.337143761939, 0.7370682248612858, 0.6456690745722604, [0]
-8.338152722693392, 0.7883650625370557, 0.8058891092295558, [0]
-8.389334540976689, 0.7108670433429737, 0.563363858604826, [0]
-8.342475840880445, 0.6869510212774964, 1.2928049498191776, [0]
-8.36388124081996, 0.5028394140862533, 1.2294139073841257, [0]
-8.311900945589148, 0.5173469336357659, 1.0518350740805882, [1]
-8.31940747296671, 0.7000329945661476, 1.0379583222983184, [0]
-8.358951643692002, 0.6229201858976218, 1.4320223445113835, [1]
-8.290372501797126, 0.7247620549158134, 1.0794066448208048, [0]
-8.343432312125719, 0.7130400289320421, 1.255926982580115, [1]
-8.319110594368036, 0.4936585464454579, 0.818643000133172, [0]
-8.306269866430176, 0.5402377734658007, 1.0844028337318101, [0]
-8.288400076465821, 0.6400517122439424, 1.1003376377563299, [0]
-8.302772655506267, 0.6586007564101745, 0.8720531879046578, [0]
-8.317648223971045, 0.7252542617367148, 1.106369036270545, [0]
-8.387683587240632, 0.515989893867894, 1.361887417147861, [0]
-8.361980171293999, 0.8179435696904702, 1.3805823903327696, [1]
-8.304296779023518, 0.5307715654457164, 0.8353981308947028, [1]
-8.286252240086085, 0.6247330894354688, 1.0075295800673427, [1]
-8.294107974225401, 0.720016250774747, 0.7263610830891898, [0]
-8.307207709818512, 0.6878606671520846, 1.131459030287119, [0]
-8.334493625760226, 0.5243736370381075, 1.2081380968709565, [1]
-8.299796049910452, 0.5846365806879739, 0.7431998602569327, [0]
-8.29591657529095, 0.5887505304656067, 0.7939851215119894, [0]
-8.29591657529095, 0.5887505304656067, 0.7939851215119894, [0]
-8.311262093922275, 0.5622325425151278, 1.2937907194822078, [0]
-8.309779001949341, 0.6490576482855108, 1.1938499574700792, [0]
-8.296421112185396, 0.6979857599735266, 0.9723980940773755, [1]
-8.379530757848174, 0.7685366329490714, 1.2629242268485088, [1]
-8.30347466128701, 0.53392654625162, 1.2150235884605256, [0]
-8.28952930822137, 0.6348374737831187, 0.8467005931761169, [0]
-8.300350735117265, 0.6081773256112326, 1.147983728976961, [0]
-8.291591547501472, 0.6847841356370261, 1.0759602150933922, [1]
-8.318291907562573, 0.6453988459926374, 1.3466312927563526, [1]
-8.303496930613713, 0.6542564213835869, 0.7324377204210377, [0]
-8.340635019290353, 0.7413647101067308, 0.4352136055191105, [1]
-8.303045972760994, 0.5644353163045961, 0.7627318674835775, [1]
-8.303045972760994, 0.5644353163045961, 0.7627318674835775, [1]
-8.303045972760994, 0.5644353163045961, 0.7627318674835775, [1]
-8.301782478638707, 0.7100861815277819, 0.886436628687651, [1]
-8.319774907450896, 0.5240575986466063, 0.7097384334726018, [0]
-8.292453552923659, 0.6824381240615359, 0.9781470263998767, [1]
-8.28818876622245, 0.6168665795935302, 0.9287893443911004, [1]
-8.305453259447678, 0.6477548312692402, 1.032844119521906, [0]
-8.350441123329833, 0.69988319294551, 1.2331417179109718, [1]
-8.36372222421004, 0.670005427482113, 0.4619178470208287, [1]
-8.295890543051225, 0.6135545906489182, 1.119038889405662, [1]
-8.376919727541177, 0.8318630819786772, 0.6554596652640101, [1]
-8.311662686733088, 0.6987854297631139, 0.7267190291090133, [1]
-8.326266662072001, 0.678435985658705, 0.6197351680781081, [1]
-8.407823196335697, 0.5764886656592213, 1.0253569845157733, [1]
-8.346645496305833, 0.5783094447983038, 1.2277673826558617, [1]
-8.33072301467348, 0.5081379324854314, 0.9086593968398362, [1]
-8.290836142651488, 0.4979914425828904, 0.7126465593139552, [1]
-8.290836142651488, 0.573316920741948, 1.0025659633777932, [1]
-8.375785462889807, 0.40671994694079566, 0.7051380153170778, [1]
-8.342319215747047, 0.46911210758525196, 1.0828808824790237, [0]
-8.327408912661937, 0.6249440434540317, 0.6288153769378286, [0]
-8.321107141573108, 0.494672381984341, 0.7868394692975988, [0]
-8.321107141573108, 0.494672381984341, 0.7868394692975988, [0]
-8.344517827709959, 0.5318735050696423, 1.1774358709460246, [0]
-8.298925497662966, 0.5495861178042949, 1.0401286215308851, [0]
-8.298925497662966, 0.5495861178042949, 1.0401286215308851, [0]
-8.298925497662966, 0.5495861178042949, 1.0401286215308851, [0]
-8.298925497662966, 0.5495861178042949, 1.0401286215308851, [0]
-8.298925497662966, 0.5495861178042949, 1.0401286215308851, [0]
-8.298925497662966, 0.5495861178042949, 1.0401286215308851, [0]
-8.298925497662966, 0.5495861178042949, 1.0401286215308851, [0]
-8.298925497662966, 0.584602384431055, 1.2407956743345636, [0]
-8.294927690827354, 0.6403901567284175, 1.10698269488483, [1]
-8.288851370328514, 0.6077026406994968, 1.049448750267341, [0]
-8.300083052532813, 0.520437303516533, 0.9775659448516683, [0]
-8.30969813715818, 0.57705392171221, 0.8148751623381651, [0]
-8.362794539137964, 0.6536618390469301, 1.3740676317009717, [0]
-8.340773702883576, 0.7531837767970648, 0.7057055580139245, [1]
-8.359481987329087, 0.7906330490614246, 1.0497155417035413, [1]
-8.359481987329087, 0.5616091801776867, 1.34459169944297, [1]
-8.290687855913859, 0.5998392187923403, 1.0622561969198734, [1]
-8.32641976817434, 0.5080947129394767, 1.1277454174473303, [1]
-8.315117370125444, 0.550536210242283, 1.1667929308917468, [1]
-8.328778945061256, 0.47926763853025034, 0.8231411466913322, [1]
-8.315117370125444, 0.550536210242283, 1.1667929308917468, [1]
-8.316953342334248, 0.7309667377051658, 0.7575057738646107, [1]
-8.302032026579246, 0.6973377416915085, 1.0668518981559716, [0]
-8.30397883657023, 0.6473777204241823, 0.9699552118414004, [0]
-8.349655769403718, 0.52652363662462, 0.5488875243323909, [1]
-8.304855398999345, 0.7224000778701157, 0.8805460084679664, [1]
-8.357267258106603, 0.7104410260797303, 1.3054000796603178, [1]
-8.357267258106603, 0.7104410260797303, 1.3054000796603178, [1]
-8.357267258106603, 0.7104410260797303, 1.3054000796603178, [1]
-8.357267258106603, 0.7104410260797303, 1.3054000796603178, [1]
-8.291925104386621, 0.5989268186895795, 1.055523960852038, [1]
-8.286158110229445, 0.5269006961685816, 1.1020808089518965, [1]
-8.299548517663935, 0.5751914120023164, 1.110406809884736, [0]
-8.296040793821485, 0.6448337188062409, 0.9596655627133384, [0]
-8.366329309699108, 0.6447320739998855, 1.2310368571180437, [1]
-8.308105579720266, 0.8209568113668966, 0.7066703522263489, [0]
-8.308105579720266, 0.5682110490888054, 1.156706608706999, [0]
-8.308105579720266, 0.5682110490888054, 1.156706608706999, [0]
-8.308105579720266, 0.5682110490888054, 1.156706608706999, [0]
-8.321133086878241, 0.5659134475309395, 1.0334556871373983, [0]
-8.2980049960424, 0.610806051173966, 1.0844016613228158, [1]
-8.301245946432202, 0.6844944012894082, 1.0945440170507603, [1]
-8.29930320665379, 0.5956637779147975, 1.1411957384424034, [1]
-8.339851709519388, 0.6992265177515655, 0.8200939772742917, [0]
-8.287320422954254, 0.5925314291112774, 0.9872401831178488, [0]
-8.287320422954254, 0.5925314291112774, 0.9872401831178488, [0]
-8.31853909637333, 0.6493356486750974, 1.2336325434620112, [0]
-8.321866995200283, 0.5082788097052571, 0.9046611962456301, [1]
-8.346903984847597, 0.5887835927821665, 1.3289950466262115, [1]
-8.297213994018405, 0.5466719595376548, 0.9970147053041947, [1]
-8.294846184114258, 0.5852706362500071, 0.8084151532563196, [1]
-8.342666460012461, 0.44678818283783356, 0.9312515867197901, [0]
-8.30502219825511, 0.5936460375540827, 1.1673165130055658, [1]
-8.30502219825511, 0.5936460375540827, 1.1673165130055658, [1]
-8.29965014639956, 0.6490876928626917, 1.1355211128825187, [0]
-8.309698159239042, 0.7224988439064877, 0.8018072655240908, [1]
-8.308872548847498, 0.6045726475239938, 1.1277639932038839, [0]
-8.313192571610587, 0.6897654526661026, 1.1638125133838353, [0]
-8.299900680442418, 0.6708736998926809, 0.8292877012972377, [0]
-8.313192571610587, 0.6897654526661026, 1.1638125133838353, [0]
-8.313192571610587, 0.7831245468842735, 0.8382981114660532, [0]
-8.289606409026511, 0.6451793353258691, 0.8544348365933908, [0]
-8.300791230463771, 0.7231613476176431, 0.8700404353888735, [0]
-8.286625477156385, 0.6115660863409947, 0.8952638713841365, [0]
-8.286625477156385, 0.6115660863409947, 0.8952638713841365, [0]
-8.307501174851167, 0.6227251796515586, 1.1739071163389203, [1]
-8.30742630973899, 0.6303265791263942, 0.7969215703433046, [1]
-8.367862127622562, 0.840088147902259, 0.5718065776309045, [1]
-8.316111288714621, 0.6306536177894336, 1.1695258931483887, [1]
-8.357966710239321, 0.5906771002385798, 0.9441430082912008, [0]
-8.37025388294997, 0.8141024166543533, 1.077325628680192, [0]
-8.30334354973771, 0.7129337617152676, 1.02202232649636, [0]
-8.30269115325065, 0.7542792544637263, 1.0391041405340766, [0]
-8.336561217658913, 0.7345357035941759, 1.1850042526325195, [1]
-8.334942233412455, 0.5786669268545772, 1.0105513649216669, [1]
-8.31900044042681, 0.5428502461346111, 1.172785769332678, [1]
-8.31900044042681, 0.5428502461346111, 1.172785769332678, [1]
-8.36679647386631, 0.621400933221073, 1.3915391349511466, [1]
-8.31900044042681, 0.5428502461346111, 1.172785769332678, [1]
-8.341585315098646, 0.7338239068377328, 0.6061338114786841, [1]
-8.305863738363435, 0.491636066485847, 0.9190641089210702, [1]
-8.361163010131618, 0.8036817911521007, 0.6567950160985927, [1]
-8.29483389606696, 0.5514711994997468, 0.9189333836070819, [1]
-8.28758681540225, 0.6240584617220366, 0.9805224603904085, [1]
-8.343022448348108, 0.8295508466808534, 0.9660376895904278, [1]
-8.386893098850384, 0.39227446942059097, 0.6804932253279977, [1]
-8.333986302648357, 0.6113152150575907, 1.2969890048309185, [1]
-8.335764256627757, 0.4722106510451024, 1.056432780694545, [1]
-8.326276869136445, 0.6643964662219922, 1.2391104594768592, [1]
-8.333986302648357, 0.6113152150575907, 1.2969890048309185, [1]
-8.333986302648357, 0.5739065878422792, 1.2819535122350707, [1]
-8.293443675084815, 0.6354817161463712, 1.0972497673881396, [0]
-8.296015972585035, 0.5666166725882072, 0.6703526004089282, [1]
-8.304929442378901, 0.5360431681927056, 0.8475344907608814, [0]
-8.327867268649916, 0.4639551948875764, 0.7156072055442321, [1]
-8.327688978872322, 0.5017453324334887, 0.6005961533777872, [0]
-8.389156400389266, 0.4437142570618491, 1.2078930366818978, [0]
-8.349138211000922, 0.5144471319264141, 0.9233788871158982, [0]
-8.3335673349597, 0.7811787626117352, 0.8195432601443015, [0]
-8.336474709011526, 0.6465185927412802, 1.301038585434306, [0]
-8.336474709011526, 0.6465185927412802, 1.301038585434306, [0]
-8.331083063602257, 0.7481189980610065, 1.117756778888745, [1]
-8.303858178391405, 0.7208817423281612, 0.8963850364123948, [1]
-8.305988555098983, 0.674818611389621, 1.1461901918712765, [1]
-8.302842294681778, 0.7164377636990243, 0.9822692110113042, [1]
-8.299605937109229, 0.7096301884772795, 0.9246838796927305, [0]
-8.290390364197334, 0.5941829870136118, 1.0510864450436697, [0]
-8.371373895299241, 0.5698906480639921, 0.43716689616641174, [0]
-8.29062384604849, 0.578496747500924, 1.0186427030217244, [0]
-8.333393570738027, 0.6151883224713216, 1.3038678629504963, [1]
-8.287646959697526, 0.6005237235704224, 1.0176910433340964, [1]
-8.295872752715697, 0.5641731728981817, 1.06248391385845, [1]
-8.30258046749424, 0.6982585828376332, 1.0945285015326434, [1]
-8.323238715747916, 0.5387977723530856, 1.2510958587679477, [0]
-8.291439524008425, 0.6496713564844432, 1.064831873940758, [0]
-8.322454448950042, 0.6990559949279149, 0.9160752640614436, [1]
-8.341300474624283, 0.5112436232087105, 1.190531448441127, [1]
-8.30417438579885, 0.6345040816960128, 0.7189886121947648, [0]
-8.314982687720658, 0.569824007092743, 0.726765210204413, [0]
-8.318952803100487, 0.547559661831172, 1.181297704798973, [0]
-8.354246883311799, 0.6160106794361305, 1.3585659920893733, [1]
-8.295683178287595, 0.5730008900427499, 1.0720935028773062, [1]
-8.29034922981735, 0.6071444429265991, 0.837638287121385, [0]
-8.29034922981735, 0.5176641797349358, 0.8527872331985412, [0]
-8.313653526929015, 0.577167611380782, 1.089672066902438, [1]
-8.303226784898083, 0.7155654555784084, 1.0078583627732116, [0]
-8.340792591265506, 0.4723176422931803, 1.086701748322861, [0]
-8.340792591265506, 0.6563869599764185, 1.1411356845163625, [0]
-8.289494284794714, 0.6460630277087834, 1.0452034621257709, [1]
-8.289494284794714, 0.6460630277087834, 1.0452034621257709, [1]
-8.300421647094826, 0.6352671349780206, 1.1124114497376683, [0]
-8.289777014635739, 0.6278854488779215, 0.9823512056919798, [0]
-8.380521309406243, 0.8121254667122224, 0.7214521740420617, [1]
-8.308772789969474, 0.6690680741943995, 0.709035833975453, [1]
-8.287255456186225, 0.6521276242837968, 0.9193051394102274, [1]
-8.299712345412605, 0.5619577388336292, 0.991337986626636, [1]
-8.299712345412605, 0.7071790030812565, 0.8847622936605437, [1]
-8.3448036185991, 0.7734269316988491, 0.7505318367732291, [1]
-8.293667137680313, 0.6024340241501172, 0.804164324003701, [0]
-8.353076722420496, 0.7449159773009625, 1.2280877767350722, [0]
-8.302029363990986, 0.7156882102785247, 0.8978259524192294, [1]
-8.290980897458068, 0.703375641604669, 0.8489246481007824, [1]
-8.348390589834557, 0.6925637395764447, 1.3016193914041485, [0]
-8.303399523219856, 0.6950084929694863, 1.086486684078561, [0]
-8.345915752255188, 0.4427051073073757, 1.04737862109251, [0]
-8.325634086488796, 0.5073053260769593, 1.1260163994754842, [0]
-8.30525573939468, 0.5537416274953072, 0.7941859074700157, [1]
-8.312531641968663, 0.7084632583380644, 0.7380194899406347, [1]
-8.295149085220343, 0.5756864568481703, 1.0578070831581878, [0]
-8.34876730325019, 0.7680292884948005, 0.7382716687830972, [0]
-8.298168334628347, 0.5763833351585919, 1.101327252726394, [0]
-8.298168334628347, 0.5763833351585919, 1.101327252726394, [0]
-8.32132977041326, 0.6984306198387324, 1.1902762478442588, [0]
-8.314065557276239, 0.7014798814262888, 0.9673705760801524, [0]
-8.29669231082103, 0.6652869418687818, 0.7978957635595706, [1]
-8.29669231082103, 0.5667458765212137, 0.9887397575044488, [1]
-8.299153200162046, 0.6336654680602566, 0.6187694760050091, [0]
-8.327663850855012, 0.6197556555205328, 0.9770245470223048, [0]
-8.310328754774105, 0.7014430226144974, 0.7412140016981372, [0]
-8.309868542848893, 0.5403801878907872, 1.150982580380513, [0]
-8.323678064114457, 0.5891735562024851, 1.2507161918021366, [0]
-8.323678064114457, 0.5891735562024851, 1.2507161918021366, [0]
-8.340038569362138, 0.6742646279847848, 1.3200256935077173, [0]
-8.323901329443368, 0.4894498536024887, 1.0412891933665969, [0]
-8.298687318981917, 0.5717308620508275, 0.7897235686543698, [0]
-8.308699766171607, 0.6921841099839535, 0.9190046059992492, [1]
-8.299701881985792, 0.646752821384557, 1.1377163957375729, [0]
-8.306496957948458, 0.6961371549183368, 0.9383497798639252, [0]
-8.311927097416007, 0.5897624607388574, 0.6798623493783293, [0]
-8.311776980523003, 0.5894310783682329, 1.1433259210323103, [0]
-8.289242746914141, 0.5785127203220692, 0.9145704799053314, [0]
-8.329315417772804, 0.7166932217102472, 1.1924413076528522, [0]
-8.328652825502681, 0.49686170262435775, 0.34414001477533107, [0]
-8.355882957971351, 0.808705272499846, 0.7229208448100641, [1]
-8.306057660474497, 0.6253715422512981, 0.8585767063369993, [0]
-8.314757760969496, 0.534533469502794, 1.34171730757428, [0]
-8.28844728621739, 0.6438140663955475, 1.0325331407541198, [0]
-8.28844728621739, 0.6438140663955475, 1.0325331407541198, [0]
-8.350460324654799, 0.7200429874443335, 1.2684609021041613, [1]
-8.310525974018432, 0.6173808266986702, 0.679336784368438, [0]
-8.314599125559424, 0.7437951420194904, 0.8451840151291624, [0]
-8.314599125559424, 0.7437951420194904, 0.8451840151291624, [0]
-8.314599125559424, 0.7437951420194904, 0.8451840151291624, [0]
-8.308645403906796, 0.671814800390367, 0.7124077863596914, [0]
-8.314599125559424, 0.7437951420194904, 0.8451840151291624, [0]
-8.314599125559424, 0.7437951420194904, 0.8451840151291624, [0]
-8.3977534758485, 0.40762481109758325, 1.2165084930376278, [1]
-8.328089277772863, 0.6641597917090591, 0.7153832849699329, [1]
-8.293622760667242, 0.6886234319588469, 0.9598130205585249, [0]
-8.28586437479193, 0.6279793276124633, 0.9123912475766115, [0]
-8.286683099626845, 0.6453323845716981, 0.9308877192360864, [1]
-8.336084959442184, 0.49656997382421375, 1.2292733021475977, [1]
-8.307498942982185, 0.7193820823373513, 1.0455561573101806, [1]
-8.315354469926781, 0.7475736963499946, 0.9623876526978768, [1]
-8.28876258874555, 0.6282339752196664, 0.8987712186596203, [0]
-8.288037335993632, 0.6233362711158152, 0.8644773615723226, [1]
-8.288888673034558, 0.6743617270175503, 0.9190381069798775, [1]
-8.288037335993632, 0.6233362711158152, 0.8644773615723226, [1]
-8.28718774626205, 0.64838238814334, 0.9798120294595943, [1]
-8.384313314517652, 0.589206192744971, 1.227810838366603, [1]
-8.295903843156015, 0.7295623652259574, 0.5164620939196878, [0]
-8.30711091621258, 0.5298040638268144, 0.8032712248612793, [0]
-8.330929127160747, 0.6746821657492997, 1.2620451444809373, [0]
-8.330929127160747, 0.6746821657492997, 1.2620451444809373, [0]
-8.41156319698801, 0.6504447937549056, 1.4463785970217309, [0]
-8.330365881138325, 0.7875665464005888, 1.0897067996058816, [0]
-8.286563578829362, 0.6094360979248387, 1.0073744902500485, [0]
-8.29629443838016, 0.5517746959237887, 0.8719949510688272, [0]
-8.286563578829362, 0.6094360979248387, 1.0073744902500485, [0]
-8.285847237696167, 0.6144013910367587, 0.9774526936881359, [0]
-8.286563578829362, 0.6094360979248387, 1.0073744902500485, [0]
-8.286563578829362, 0.6094360979248387, 1.0073744902500485, [0]
-8.286563578829362, 0.6094360979248387, 1.0073744902500485, [0]
-8.286617993855426, 0.6505689467398936, 0.9432554456117045, [0]
-8.2949552271021, 0.6348094560075955, 1.0096645279986733, [1]
-8.306773812341822, 0.6874743402076788, 0.744597815290559, [1]
-8.309952243636923, 0.6180573220065295, 0.9359362085633036, [1]
-8.33245145690762, 0.6324851647469024, 1.2919670698453471, [1]
-8.353391352751077, 0.7301271618761327, 0.5462996001049509, [1]
-8.350692766659131, 0.6676865739037042, 1.3324355084393817, [0]
-8.286393513224327, 0.6454817705792366, 0.9755085162841619, [1]
-8.292086329505214, 0.5856434180022918, 0.8395362133598128, [1]
-8.292622431516811, 0.6814432003488546, 0.8977979622789978, [1]
-8.292622431516811, 0.6814432003488546, 0.8977979622789978, [1]
-8.33074362089251, 0.43093002244909206, 0.963753353041737, [0]
-8.37384472582013, 0.5854373459414013, 0.7042078395106022, [0]
-8.302631337740642, 0.5352146933284235, 1.026208198034802, [0]
-8.34812437390254, 0.47469735820344044, 0.7891898853459458, [0]
-8.36625533668745, 0.4121093520962501, 0.908248582847552, [1]
-8.36625533668745, 0.5475430256727851, 0.9343644424402652, [1]
-8.326727824311856, 0.6552831288326701, 1.028719153226611, [1]
-8.3564910634372, 0.708523917406663, 0.5971986165146017, [1]
-8.331135609576059, 0.5992945023090895, 1.2835958492395305, [1]
-8.303469620347206, 0.7073746466002241, 1.045728156885552, [1]
-8.337754124067006, 0.4965713501691884, 1.1176084730075062, [0]
-8.306768877070885, 0.6312227668854163, 1.097875102980979, [1]
-8.31467082564589, 0.7288101521329527, 1.07085425363868, [0]
-8.292682240525613, 0.6642692687884609, 0.8411963003044255, [0]
-8.304296999951566, 0.5646696493800846, 0.7524384938393557, [0]
-8.326961483179296, 0.7624717757047242, 0.9911332230653516, [0]
-8.3370406549386, 0.4163588251126193, 1.0133233743262486, [0]
-8.328159594760494, 0.4727188533378083, 0.9629348752469469, [0]
-8.286314600380184, 0.646561104493361, 0.9460815100423774, [0]
-8.328159594760494, 0.4727188533378083, 0.9629348752469469, [0]
-8.285711227243166, 0.6371136807899763, 0.9712765099075675, [0]
-8.307454010488687, 0.6984813872640907, 1.060585130535655, [1]
-8.295214272855432, 0.6549301826758012, 0.7998322321914153, [0]
-8.290536191088428, 0.6636415792185396, 0.8729147239011836, [1]
-8.290826434948087, 0.6647056828486435, 1.026392403276457, [0]
-8.295814127512717, 0.5500431617265883, 0.8942871871349997, [0]
-8.290826434948087, 0.6647056828486435, 1.026392403276457, [0]
-8.315896644773797, 0.4940919182217015, 0.928253993659723, [1]
-8.300553351606668, 0.5563732762841254, 1.0794659121515886, [1]
-8.292988543966299, 0.6517204319412427, 1.0787538554573906, [1]
-8.378806530043892, 0.7772023063376973, 1.239142638909489, [0]
-8.378806530043892, 0.52590433513263, 1.0453641186139877, [0]
-8.399410855830705, 0.3592162775305068, 0.8740574435929083, [1]
-8.291329037916501, 0.5541569324371275, 1.0309948062184386, [0]
-8.308534038907728, 0.5268070657152826, 1.0581498087916203, [0]
-8.308534038907728, 0.6279955251257071, 1.0049302247257572, [0]
-8.29309146190564, 0.5576938319806136, 0.9354716832658568, [0]
-8.36702083606659, 0.6563006972880047, 0.5274844875659134, [0]
-8.304845603752904, 0.6555320918888279, 0.8146142858569363, [0]
-8.298743223330982, 0.6532295546857851, 0.6850964539695528, [0]
-8.310102192637324, 0.597822927400936, 0.6698411191414321, [1]
-8.326494509313939, 0.6491982082648479, 0.5884258080750355, [0]
-8.293646702103457, 0.5499673454128415, 1.098308876808798, [0]
-8.296467852802737, 0.5450531509068279, 0.9295273486042803, [0]
-8.33498849617259, 0.7194328234015366, 1.2116400461720667, [0]
-8.30455213455153, 0.6720770350590527, 1.0910249733956443, [1]
-8.318345701164333, 0.7247859607861826, 1.1125802892434407, [1]
-8.304888010974105, 0.5494750930804284, 1.098775082203195, [1]
-8.331047180716013, 0.799009537477771, 0.8778710754931518, [1]
-8.313093964498014, 0.6363193346775862, 1.2156948319654763, [1]
-8.30579766062834, 0.6151366839206867, 1.190259703873141, [0]
-8.314953408464914, 0.5615642327455262, 1.2685604000636477, [0]
-8.3268632048406, 0.7533192938100364, 1.068715825686244, [0]
-8.300676173826886, 0.6935087625234176, 0.9544244970144075, [1]
-8.301940336186773, 0.7164865257850499, 0.9198353843576784, [1]
-8.323412848473692, 0.765705418215863, 0.8889217157360194, [1]
-8.29592230467327, 0.6315474170536783, 0.9963184527172819, [0]
-8.302900200442577, 0.6614711515088144, 1.144536017419198, [0]
-8.301612682683682, 0.6101720635166042, 0.5615456026884207, [1]
-8.349993456238824, 0.6557717586695936, 0.8773177997559327, [0]
-8.303109450358127, 0.5080607689396088, 1.1624550378716727, [0]
-8.297086963280266, 0.5340717546271321, 1.1903690894092693, [1]
-8.296721151404359, 0.6770194053449485, 0.8172598663960935, [1]
-8.332108498605967, 0.5835052212066684, 1.2780050492589827, [1]
-8.332108498605967, 0.5835052212066684, 1.2780050492589827, [1]
-8.332108498605967, 0.5835052212066684, 1.2780050492589827, [1]
-8.332108498605967, 0.4417807469747236, 0.8157839694179141, [1]
-8.326197521795557, 0.7165806569031584, 1.1219392031020026, [1]
-8.321827043573863, 0.7111427442517873, 1.1300116220137824, [1]
-8.290358252919422, 0.6725223275390676, 0.9798968500589328, [1]
-8.30443157939535, 0.6548546457870063, 0.6534685366261235, [0]
-8.292124473175273, 0.6622730169860452, 1.04386766063848, [1]
-8.287477052707812, 0.5027117797438099, 0.8965255119729759, [1]
-8.290730891960374, 0.6750040848605446, 0.974243503545612, [1]
-8.290730891960374, 0.5564613064057868, 0.8368274650424359, [1]
-8.29246420260493, 0.5625257299738308, 0.9825917243327345, [0]
-8.31622828877108, 0.5585339834078142, 0.680142919122999, [1]
-8.341316151824913, 0.5329524880381369, 1.2507629826881363, [1]
-8.355010663291578, 0.43743473308426883, 1.1639843217578343, [1]
-8.309506812391344, 0.7358807491322142, 0.9008947188494014, [0]
-8.357688909486837, 0.7791709292575032, 0.6076002034673236, [0]
-8.306266633882164, 0.6024791804940205, 0.7079214206975283, [0]
-8.306266633882164, 0.631157047425145, 1.054353336216333, [0]
-8.346666450315395, 0.4444537428950063, 0.7233206443217399, [1]
-8.39167849233282, 0.4756669260509566, 1.2979997646068941, [0]
-8.318248831172783, 0.5118913954215467, 1.0945676166147555, [1]
-8.327709489847074, 0.4773491726084518, 0.8918412207312716, [0]
-8.33613319277704, 0.6053334131278236, 1.3025873595525228, [0]
-8.30220296366913, 0.5350089295665887, 1.0187656576840685, [1]
-8.289498063396518, 0.6520885040466166, 1.0353196104610103, [1]
-8.30220296366913, 0.5350089295665887, 1.0187656576840685, [1]
-8.285994909280934, 0.6018246751957852, 0.9614177154241705, [1]
-8.311533148313076, 0.7085103064411891, 0.7458715873224451, [0]
-8.285729507204566, 0.6490181899582023, 1.0715749233437728, [0]
-8.288756843548981, 0.6655756718501326, 0.9424836523397652, [1]
-8.323811996919103, 0.5129917758937487, 1.126965146744583, [0]
-8.301404451225308, 0.5302537406038018, 0.9602333143815653, [1]
-8.302930797267685, 0.7695667462772164, 1.1536659813580492, [1]
-8.300870453499298, 0.5825578314884877, 0.9790730708608252, [1]
-8.297816666200147, 0.6846960536351825, 1.061405545678502, [1]
-8.297816666200147, 0.6846960536351825, 1.061405545678502, [1]
-8.297816666200147, 0.6846960536351825, 1.061405545678502, [1]
-8.332738851909571, 0.5576816750433757, 0.5953938015896098, [1]
-8.306395041483885, 0.5162659490624943, 1.0183468659213428, [1]
-8.384794291632254, 0.6718286424493245, 1.4566890079516366, [1]
-8.417528049281998, 0.7646382794814149, 0.33904351800911137, [1]
-8.305327001712072, 0.7030648316396961, 0.9791063657739716, [1]
-8.308867233408304, 0.5442222210065789, 0.7504053214329233, [1]
-8.288046997887726, 0.6081263176013076, 1.0349214861631062, [1]
-8.29146609178211, 0.7417138864094617, 0.9839333343712682, [0]
-8.29146609178211, 0.5907283947032158, 1.0591303347872938, [0]
-8.300999750594446, 0.7709161237450104, 0.9220669286539509, [1]
-8.291143202347541, 0.6671316171040419, 0.8714667958118831, [0]
-8.330000091892169, 0.5694903705612242, 1.084623291170194, [0]
-8.358503684871145, 0.660370504126208, 1.250578355002529, [0]
-8.296097503575098, 0.6634984776053221, 0.8013127208777687, [0]
-8.324834253683395, 0.6158382629094172, 0.6064538936446255, [0]
-8.309804743933316, 0.7119666229491585, 0.7683868966494662, [1]
-8.309804743933316, 0.7119666229491585, 0.7683868966494662, [1]
-8.300146358129227, 0.7102930718654125, 0.9652955945031858, [1]
-8.328200622547394, 0.7272936650908611, 0.6840359464618166, [0]
-8.378714035704512, 0.8310618922049278, 0.6797064145507559, [0]
-8.327895814437861, 0.487854244367797, 1.061845384402475, [0]
-8.302318136920599, 0.5560650155523549, 1.0221069487484917, [0]
-8.338851778128245, 0.4723033252770087, 1.1077658749938073, [0]
-8.345195410193979, 0.5408595937609467, 1.2766561239454544, [1]
-8.332782663335761, 0.6057059295836803, 1.0030845931405745, [1]
-8.293449218990492, 0.6883549613798972, 0.9413040896151468, [0]
-8.293449218990492, 0.6883549613798972, 0.9413040896151468, [0]
-8.293449218990492, 0.6883549613798972, 0.9413040896151468, [0]
-8.293449218990492, 0.7773278211013298, 0.7414691747553765, [0]
-8.293449218990492, 0.6883549613798972, 0.9413040896151468, [0]
-8.293449218990492, 0.6883549613798972, 0.9413040896151468, [0]
-8.309528605216467, 0.5033548239042862, 1.041201270504554, [0]
-8.309591610791408, 0.6850580313852087, 0.7209875793066116, [0]
-8.28607572505462, 0.6006603719791037, 0.9468098217371784, [0]
-8.290580234916296, 0.5690897534977131, 0.957629251159618, [0]
-8.309758900448067, 0.6102700749598365, 0.9101390012926525, [0]
-8.287523442805881, 0.6546213037533766, 0.9824090915539074, [0]
-8.305865235806325, 0.5971220942863248, 1.174484131329681, [0]
-8.29279797265348, 0.6626357207461299, 0.9967497368274577, [0]
-8.299315502084635, 0.5376276007851336, 0.9768245975727007, [1]
-8.296505699650211, 0.5864143712098909, 0.7909466376850129, [1]
-8.296505699650211, 0.5864143712098909, 0.7909466376850129, [1]
-8.341458939213531, 0.7854134071824366, 1.1572043074619196, [1]
-8.296505699650211, 0.7134734196574818, 0.8223570948447417, [1]
-8.309818829582634, 0.4723791252376564, 0.8570334397176002, [1]
-8.298188889834426, 0.612705997512957, 0.7626164985488132, [1]
-8.317938329822622, 0.4991400734569483, 1.0237539593332063, [1]
-8.308181866634504, 0.663642945759152, 1.1731239296882672, [1]
-8.288386383267326, 0.5878703936892037, 1.001887338518304, [0]
-8.288386383267326, 0.5878703936892037, 1.001887338518304, [0]
-8.350807019527858, 0.8123427507545784, 1.1811035149672102, [1]
-8.329377758863373, 0.7645088383940126, 0.6805788484671368, [0]
-8.30208976833082, 0.6641060364425423, 0.9251814398712446, [0]
-8.307655866920673, 0.6255977007113421, 1.1917694378755403, [0]
-8.293062965884857, 0.6514948803346202, 1.0797875689325003, [1]
-8.333853309088896, 0.5762568951239111, 0.40796350294378086, [1]
-8.343579266148659, 0.777716678772465, 1.1304394974568914, [1]
-8.286157839566076, 0.6447047343148911, 0.9608489350433981, [0]
-8.317672698471279, 0.5769253294957795, 1.2156325535937391, [0]
-8.29336166250339, 0.5359117775658441, 1.157666993690087, [1]
-8.29336166250339, 0.5567321357448897, 0.9555064446098913, [1]
-8.29336166250339, 0.5567321357448897, 0.9555064446098913, [1]
-8.297366335762955, 0.6656060156663336, 1.0987588370930599, [1]
-8.297366335762955, 0.6656060156663336, 1.0987588370930599, [1]
-8.293552298585382, 0.6073346725511886, 0.9783773134865515, [1]
-8.296657654587705, 0.6231190114685654, 1.125992213007637, [0]
-8.296657654587705, 0.6231190114685654, 1.125992213007637, [0]
-8.29136517487206, 0.62239571338101, 0.8213149655569703, [1]
-8.297327384617434, 0.660551915205061, 1.0738308208738914, [1]
-8.294361795731941, 0.6771921040301359, 1.0596770582113433, [1]
-8.29942800169307, 0.562208349140044, 0.7991013448531195, [1]
-8.33169065998986, 0.6707329026085656, 0.5178080029089995, [0]
-8.288234195852489, 0.5856574886312789, 0.9129864568573094, [0]
-8.300078757979568, 0.7108325046011259, 0.9514561373304823, [0]
-8.304928476261669, 0.536392718722787, 1.0284223116059572, [0]
-8.291548404857657, 0.6901057526863117, 0.8300567344497988, [1]
-8.340566546290601, 0.5898162149692432, 1.2301116013346955, [0]
-8.287550002103703, 0.6509294646229377, 0.9986441852858585, [0]
-8.289687702267285, 0.6158173281913386, 0.8303808476245937, [1]
-8.302127212453794, 0.42356234113493335, 0.9048171098963896, [0]
-8.302127212453794, 0.6501477137705445, 0.9227170047208579, [0]
-8.325818243540244, 0.6945875507921638, 1.2168612114411157, [1]
-8.32294372671554, 0.8122341817618284, 1.1284078446037966, [1]
-8.314907094325367, 0.7484224654493445, 0.9046553024353082, [1]
-8.298138944519119, 0.5987426178495224, 1.1276627791438576, [1]
-8.29441193403768, 0.5597207536477398, 0.9414062470684608, [1]
-8.295344239284889, 0.6886491211306262, 0.977684724249327, [1]
-8.288666764819641, 0.6529235679829133, 0.661093570988277, [1]
-8.298138944519119, 0.5987426178495224, 1.1276627791438576, [1]
-8.299275060726487, 0.6917705558616138, 1.0186793287916622, [1]
-8.299275060726487, 0.6173178602204521, 1.1436361229143517, [1]
-8.337818897369335, 0.7753681812494512, 1.0502209398094173, [0]
-8.343757444139323, 0.5563207796437417, 1.1834719300301528, [1]
-8.297992964824964, 0.568985102850197, 0.9422972243752641, [0]
-8.327944373189528, 0.7418958008612915, 1.2082303511301318, [1]
-8.31510770607921, 0.7263823230443889, 0.7603290656418124, [1]
-8.31236346610628, 0.6635843530150883, 1.064345619189007, [1]
-8.30683886856468, 0.607252295152337, 0.840846712365795, [1]
-8.314709007128101, 0.7276672728189842, 1.0756270881985799, [1]
-8.285526355001972, 0.6317885230652367, 0.9758570222067936, [1]
-8.285526355001972, 0.6317885230652367, 0.9758570222067936, [1]
-8.287089445503778, 0.5705882728813523, 0.9537081096951993, [1]
-8.31944189734115, 0.4876994300131363, 0.947612118740595, [0]
-8.347870815255273, 0.5100427170533729, 0.488150701435276, [1]
-8.298485377774082, 0.6594885825677043, 0.7749113192807398, [0]
-8.286392481010955, 0.6419036367286306, 0.9166123610037706, [0]
-8.307181028555714, 0.7044209537642515, 1.0915577888597776, [1]
-8.358503527439506, 0.7366702432164871, 0.4201429530822207, [1]
-8.463669279285297, 0.9008642671418197, 0.26761415906166724, [1]
-8.286687012113806, 0.6460602401045028, 0.9078180853561634, [0]
-8.336245740516022, 0.48980089351934397, 0.835323493293438, [1]
-8.293274628890297, 0.6382141933474571, 1.0941789717713042, [0]
-8.293274628890297, 0.6382141933474571, 1.0941789717713042, [0]
-8.328614939509592, 0.555813499431334, 1.2368691093197175, [1]
-8.353306850717539, 0.6466226504318908, 1.4033507326891552, [0]
-8.316015784092372, 0.5195811407946138, 0.8135725745859475, [1]
-8.339087293892334, 0.6701992368636788, 1.2945425130326582, [1]
-8.34147444349686, 0.7896370968437662, 0.6262521245135027, [1]
-8.302389361103867, 0.534063730338737, 0.8495208138115605, [1]
-8.306846276359492, 0.6471018569917343, 0.7064015348149755, [0]
-8.290639701377442, 0.6354237316654707, 0.5898024246254984, [1]
-8.50692029247541, 0.9885786527497763, 0.8996161439003154, [1]
-8.33390998963055, 0.8261314598163094, 0.48786954531589666, [0]
-8.33390998963055, 0.6603688623153608, 0.5740879781603806, [0]
-8.301632800223947, 0.5333265879497524, 0.8680208474048268, [0]
-8.288882410083506, 0.6618254301319689, 0.994397962842062, [1]
-8.288882410083506, 0.6618254301319689, 0.994397962842062, [1]
-8.384812024512797, 0.7953717680576596, 1.0026577884033006, [1]
-8.375069518208473, 0.5387030612637631, 1.1505955401380663, [1]
-8.285962225010055, 0.6090943585664291, 0.9992753937141413, [1]
-8.290017693744023, 0.6717987562931974, 0.9253232339310711, [1]
-8.288312268567571, 0.5831569829068683, 0.9752365926886571, [0]
-8.288312268567571, 0.5831569829068683, 0.9752365926886571, [0]
-8.288312268567571, 0.5831569829068683, 0.9752365926886571, [0]
-8.312267546564554, 0.7361751683239143, 1.00690076961191, [0]
-8.300358597983742, 0.6702451661735541, 0.595905014181414, [0]
-8.319701029712379, 0.7571864355754846, 0.8655045596713403, [1]
-8.352765363325457, 0.43262472345818526, 0.9400756300480633, [1]
-8.313232457144053, 0.5465620273583638, 1.2900051063594131, [0]
-8.355779613314164, 0.50939565467424, 1.1867581882363227, [0]
-8.4008423405156, 0.36592125500832895, 0.816412312409215, [1]
-8.317729949015053, 0.5888958371469661, 1.1581721662190267, [1]
-8.334954827712505, 0.6600806516155074, 1.2322106970623194, [1]
-8.354772417094864, 0.8062838185430246, 0.7524853826930566, [1]
-8.319661145242598, 0.5076643821690779, 1.080520237079064, [0]
-8.341256917084369, 0.7148489267638787, 0.5829054985781663, [0]
-8.391156762584435, 0.8663770764092984, 0.7744049557499139, [0]
-8.41356791442339, 0.4816873742403028, 1.3657293698686996, [0]
-8.308510801439706, 0.7323472595499696, 0.9636842974519003, [1]
-8.308510801439706, 0.7323472595499696, 0.9636842974519003, [1]
-8.319695436084796, 0.669872541285747, 1.2221941891837103, [0]
-8.301267927705531, 0.5684289383437684, 1.111935425770224, [0]
-8.306305254084048, 0.5915704970455734, 0.797943268415106, [0]
-8.324845524020818, 0.7076306572065045, 1.2005524358179418, [0]
-8.298538376771571, 0.6510249573136471, 0.9856770339218153, [1]
-8.300710732216142, 0.5154173159440849, 0.7605183321257967, [1]
-8.301908186694911, 0.49600704490404657, 1.0591404288250177, [1]
-8.301908186694911, 0.716526916279924, 0.9290346771601116, [1]
-8.301908186694911, 0.716526916279924, 0.9290346771601116, [1]
-8.30980752429804, 0.639781816091221, 1.3003291741616552, [0]
-8.303252743626155, 0.6328257731319481, 1.1667183085731376, [0]
-8.303252743626155, 0.6328257731319481, 1.1667183085731376, [0]
-8.325605024604512, 0.7606876674824835, 1.0180159464668224, [1]
-8.29397558614383, 0.615770563842634, 0.8866597314364124, [1]
-8.289507862678494, 0.6616583507364776, 0.8880654193133952, [0]
-8.3515450825365, 0.506480292730883, 0.9834219226006569, [1]
-8.295418130888958, 0.5563272941028349, 0.8678682448101805, [1]
-8.343332382702563, 0.7881909631755593, 1.0116044305389116, [1]
-8.310181712608816, 0.5934800194151839, 1.1074625104092584, [0]
-8.31830327108517, 0.7541946357125974, 0.7594299867087135, [0]
-8.344036748189957, 0.5882601425016227, 1.0963810903107034, [1]
-8.299007847420318, 0.6655017576803152, 0.6178275536016313, [0]
-8.307748368569458, 0.6639086023710262, 0.7112392242573686, [0]
-8.294725811608943, 0.6787667696755045, 1.0419135534765274, [0]
-8.298194343707344, 0.6388705002757749, 0.930705475752321, [0]
-8.290837961950967, 0.618220474559641, 1.0754976819786268, [1]
-8.310773493179333, 0.7212963753407615, 1.0654548592310669, [1]
-8.328808600311987, 0.4715462401933426, 0.9623871122772913, [1]
-8.30853963062356, 0.7273663626293203, 1.0092123068641914, [1]
-8.311535243531331, 0.5838200287219084, 1.133804120521712, [1]
-8.299491945963764, 0.6789764577213299, 0.7922887541265384, [1]
-8.332519204837084, 0.7812881686079506, 0.9338325686799283, [0]
-8.303871317103466, 0.5346744031007644, 1.0399689054650474, [1]
-8.300419638231796, 0.6875073081329979, 1.0798698819997694, [0]
-8.309344886103352, 0.7114280432027632, 1.0878497374898126, [1]
-8.309344886103352, 0.5546677975022714, 0.8541789306549308, [1]
-8.300595443085298, 0.6453443227468927, 0.9189584254789902, [0]
-8.285337993029415, 0.6399216637496579, 0.8911281227284393, [0]
-8.302189505076164, 0.5596218109783722, 1.1013981252606078, [0]
-8.298648456649861, 0.6873997824040026, 1.062491960840049, [0]
-8.298648456649861, 0.6873997824040026, 1.062491960840049, [0]
-8.298648456649861, 0.6873997824040026, 1.062491960840049, [0]
-8.298648456649861, 0.6873997824040026, 1.062491960840049, [0]
-8.299601657784281, 0.5597160299365653, 1.0792295553115832, [1]
-8.299601657784281, 0.5597160299365653, 1.0792295553115832, [1]
-8.365669110120033, 0.7876622339859118, 0.5843049077470779, [0]
-8.353296404885473, 0.7599354960342175, 0.6042838043213639, [1]
-8.28534285894043, 0.6132285930344844, 0.9479536217178074, [0]
-8.473042130504819, 0.8590474171164232, 1.0896104167612553, [1]
-8.298435364875557, 0.7041910832249134, 0.8693021635468737, [1]
-8.361893456215792, 0.6531708790539165, 0.8035486183915211, [1]
-8.340970135918106, 0.5340007133952436, 1.2554058706994702, [0]
-8.315726825367527, 0.47179275342337457, 0.9677128630568981, [1]
-8.287731016632, 0.6154069624538137, 0.9863331198811706, [1]
-8.313313990116082, 0.49654938320465214, 0.6899957922227559, [0]
-8.304661836234061, 0.5848749755842121, 1.1573521942636944, [1]
-8.300470340142072, 0.5373263861395966, 0.8669343021001019, [0]
-8.306484521383622, 0.6474499451211373, 0.9721722028536497, [0]
-8.318672251586985, 0.7196223323813531, 1.155459473708809, [0]
-8.297869707329252, 0.6186856638824092, 0.8726198768142657, [1]
-8.328112265767771, 0.5478668772797597, 0.8602097022587101, [0]
-8.288926436242752, 0.657987416556082, 1.0103001806929992, [0]
-8.342259301684381, 0.7978165812836755, 1.0309520841573752, [0]
-8.307987250257506, 0.7405221892371845, 1.0388090007549715, [1]
-8.312313457389402, 0.5254968011644341, 0.7516700916740416, [1]
-8.309978945246552, 0.5861570301481729, 1.1894814402542475, [1]
-8.304738472560587, 0.5597917747663437, 1.1208586159325469, [1]
-8.329234909709655, 0.7679328225299609, 0.6084582813641293, [1]
-8.349854678405427, 0.6034811282926403, 0.504175015844037, [1]
-8.411995674014277, 0.5120067616727761, 1.1326405720676864, [1]
-8.307098324980146, 0.5516916739693264, 0.9167378526924268, [1]
-8.293283318764546, 0.5914534195057694, 0.81761024693951, [1]
-8.294964454049559, 0.6246113901291342, 1.1904105019544198, [0]
-8.33865010612597, 0.6672874217678327, 1.3379716734145668, [0]
-8.288837205078698, 0.6580218213668035, 1.0081659820279438, [0]
-8.330185274510558, 0.5495839678999339, 0.6525272541913236, [1]
-8.304408691161285, 0.600953746242391, 0.7204479158800127, [1]
-8.319755654728523, 0.6039323549288713, 0.9329170781809488, [1]
-8.33779461048734, 0.7889425289628953, 0.8191204728344361, [1]
-8.30462466256363, 0.5448703383847971, 0.8034021555805968, [1]
-8.320835721065338, 0.6050683143037369, 1.2173652608210124, [1]
-8.31141045352975, 0.5274156289115612, 1.0862147036970198, [1]
-8.31141045352975, 0.5274156289115612, 1.0862147036970198, [1]
-8.317709338671834, 0.7367942080354832, 0.7695024031691923, [1]
-8.324280926490855, 0.6105876118169477, 0.6548624651054795, [0]
-8.332830135666912, 0.5158371682569405, 0.760620513944794, [0]
-8.33959053588797, 0.6315196354464166, 0.9878338833619671, [0]
-8.301240951489936, 0.5622805157078299, 0.9043711304286711, [1]
-8.287113702958354, 0.5987860841950958, 0.9175451185561831, [0]
-8.290315151394704, 0.5231072023058986, 0.9722558279670434, [1]
-8.337833658835274, 0.802306221423703, 0.6937297008943548, [0]
-8.320396298869003, 0.7607756734365291, 1.0621196423022938, [1]
-8.30796031667843, 0.6792502345263212, 1.1278076676880795, [1]
-8.291151115483244, 0.6778521542616912, 0.9284878340722911, [0]
-8.323618147280776, 0.5899220459230801, 1.3791404135440786, [0]
-8.287291800143333, 0.6285107951314015, 1.0012186828743765, [1]
-8.316112486297847, 0.7551874478525181, 0.7313682472034442, [1]
-8.289766044427017, 0.5745054625800364, 0.9213282339030846, [1]
-8.289766044427017, 0.5745054625800364, 0.9213282339030846, [1]
-8.3066532838178, 0.6042099295049635, 0.9229086587993813, [1]
-8.322640712497824, 0.4910119135672888, 1.0290905399108587, [1]
-8.289017038403996, 0.6394968656364943, 0.8573115817384198, [0]
-8.315187699178548, 0.7457754119865208, 0.9850121878492301, [0]
-8.374069020071694, 0.5450999356898758, 1.4788578955720872, [0]
-8.330942010982534, 0.5605748905258359, 1.2223323693054324, [0]
-8.305809771943693, 0.6998522542555524, 1.0933895303343601, [1]
-8.285728597236794, 0.6146017704844295, 0.9190331615129153, [0]
-8.297955417740313, 0.7005022755366265, 0.8802757400569328, [0]
-8.298624149568775, 0.6982424668397192, 1.060735025382088, [1]
-8.295055757367127, 0.6795748721621074, 0.844158934880132, [1]
-8.292564422791587, 0.6846739414130203, 0.9485315878731122, [1]
-8.28949229497817, 0.6194214293809308, 0.9977700372053315, [1]
-8.333032743867566, 0.5072802639595991, 0.799959847948295, [1]
-8.34884471940072, 0.78513205845236, 1.0819949903474277, [1]
-8.30418771776288, 0.6408222352326935, 1.3647156767821285, [1]
-8.288319606987097, 0.5979900424869405, 0.8773534472474175, [1]
-8.351512050731545, 0.4181848756058769, 1.0321245032155872, [0]
-8.361480554504983, 0.6802233231256527, 1.0180878374281346, [0]
-8.330244029169668, 0.6669925952872126, 1.2666441139643805, [1]
-8.362464500120433, 0.6093548101044619, 1.24942656930877, [0]
-8.30615114442798, 0.6615685989074389, 0.7198089750878518, [0]
-8.292985341252317, 0.5808619944679654, 0.9790912988743011, [1]
-8.299854850668543, 0.7007154925623702, 1.0280891581595712, [1]
-8.299854850668543, 0.7259120051210883, 1.1230398450572279, [1]
-8.329643588581396, 0.551774520550129, 1.0667339685248298, [1]
-8.417023953722513, 0.8167405753677879, 1.2485731910885483, [0]
-8.3086280416827, 0.6463808260123901, 1.0364122122463368, [0]
-8.293448543011738, 0.6542715636161923, 0.8171969403414302, [0]
-8.293448543011738, 0.6542715636161923, 0.8171969403414302, [0]
-8.293448543011738, 0.6542715636161923, 0.8171969403414302, [0]
-8.318060598594718, 0.48730699537162125, 0.9930567494834512, [1]
-8.33943076127056, 0.45054959566024916, 0.8593441654600412, [0]
-8.285311262656116, 0.7204828464424483, 0.8670143111953956, [0]
-8.349327458519419, 0.48505612259686515, 0.6105218112192394, [0]
-8.315310557263718, 0.6083661132804237, 0.6545008085675568, [0]
-8.310628006768242, 0.653080747501552, 1.1419322119243323, [0]
-8.321270791428388, 0.7129209711062972, 1.161044011001296, [1]
-8.321270791428388, 0.6430489710368467, 1.0661804780504285, [1]
-8.307156728478995, 0.696615174017552, 0.7571678545023277, [1]
-8.37703078531935, 0.5036162612027537, 1.211223628131711, [0]
-8.289677531681228, 0.5856112645059165, 0.8768079863197507, [1]
-8.306733234978724, 0.5190529786712024, 1.0868501986498171, [1]
-8.428689403122359, 0.633859433124763, 1.027444717435463, [1]
-8.303404081534222, 0.5597020431543187, 1.110975290874904, [0]
-8.288112391759105, 0.6488036896450261, 1.0175515275233877, [0]
-8.315190016622857, 0.6120211006511205, 1.3607396376257488, [1]
-8.288845670363386, 0.5806555553559711, 0.9171302651131343, [0]
-8.338265266406822, 0.6645809528521377, 1.2963087843762433, [1]
-8.301151567219025, 0.5295585403088412, 0.9109591379864072, [0]
-8.347719679864426, 0.5856308226225895, 1.3295978599876621, [0]
-8.30948202350415, 0.5336015067644893, 1.0906067309830747, [0]
-8.291425697395944, 0.5923041442091583, 1.0610906969209144, [1]
-8.291425697395944, 0.5923041442091583, 1.0610906969209144, [1]
-8.31296392945598, 0.5192399921654365, 0.7769158885973291, [0]
-8.396137780188173, 0.4909920127664069, 1.3823420085550646, [1]
-8.293926335675852, 0.688614285778788, 0.9089870881396259, [1]
-8.293926335675852, 0.688614285778788, 0.9089870881396259, [1]
-8.30716923020072, 0.520686507713183, 1.1508495570969373, [1]
-8.29365469378445, 0.6884364839235965, 0.9202001098943414, [1]
-8.338851395238132, 0.7666459694159513, 0.8537898383340515, [0]
-8.304544944668827, 0.5003562422635108, 1.091158923130383, [0]
-8.35210556129358, 0.5275328449721254, 0.5865175006451616, [0]
-8.317405527270688, 0.7548495938334943, 1.0362886876841155, [0]
-8.329538379857597, 0.7513860249434751, 0.7210663373705477, [0]
-8.308067579786224, 0.6700633268328492, 1.1650042828245362, [0]
-8.286456426795635, 0.5980036400944028, 0.9314527437398352, [1]
-8.286456426795635, 0.5980036400944028, 0.9314527437398352, [1]
-8.341036234472872, 0.6124326848203688, 1.3197783528907072, [1]
-8.29541212184777, 0.5967691352364194, 1.105121836331751, [1]
-8.348827594802644, 0.8040318215316088, 0.9649840353570502, [0]
-8.292300490694712, 0.5774193428120299, 0.8524052759816558, [0]
-8.301554854065072, 0.6369268547617318, 1.1552322547471963, [0]
-8.32963249157931, 0.6326902351848808, 0.6263506549443533, [1]
-8.32413032783642, 0.5891153201486874, 1.2524382417222593, [0]
-8.3976349331668, 0.7641056948990206, 0.6254243737209211, [1]
-8.454250494935886, 0.8056321246605105, 1.3674772857846333, [1]
-8.287593608542462, 0.6369506766723262, 1.0266451348600532, [1]
-8.316188086656101, 0.502056618053549, 0.8109180388841637, [1]
-8.316188086656101, 0.5801163884108578, 0.8882302645179374, [1]
-8.302916773885453, 0.6852721617500794, 0.8920932438394804, [1]
-8.302897048656382, 0.6646542927677422, 0.8000378760319033, [1]
-8.297662393068089, 0.5831164782248717, 1.3792420648325125, [0]
-8.329931742656552, 0.6767988322744368, 1.2561614815863051, [1]
-8.329931742656552, 0.7058748395112869, 1.2267710101022904, [1]
-8.329931742656552, 0.6767988322744368, 1.2561614815863051, [1]
-8.307144246307535, 0.6615670594364833, 1.0426471917326188, [1]
-8.297152797505964, 0.6903161455328156, 1.0342735861429353, [0]
-8.294709585766736, 0.5976644233094931, 1.2122391511928468, [1]
-8.30931649297329, 0.7511406141434807, 0.9827839202830295, [1]
-8.288241498946672, 0.5851690678650496, 0.9152132870913734, [0]
-8.299339102088005, 0.6922560676623508, 1.0547899654217732, [0]
-8.299339102088005, 0.6922560676623508, 1.0547899654217732, [0]
-8.331937124744394, 0.7438127712879636, 0.9728155204203438, [0]
-8.29670540482745, 0.6548809486280848, 0.9112762790219506, [0]
-8.28561353106755, 0.6244784865213546, 0.9196935869536343, [0]
-8.320385077488902, 0.6545563702886368, 0.9332808584648642, [0]
-8.28571566119867, 0.6358593497592344, 0.9762166840048653, [0]
-8.293366043402104, 0.7347385465832544, 0.8977143763542883, [1]
-8.288299281839784, 0.604767662642636, 0.9660774903830381, [1]
-8.314495470470945, 0.7816306164679112, 1.1256771592003618, [1]
-8.289660374691447, 0.6412909943614047, 1.0532190497240483, [1]
-8.34102583340838, 0.5550420373309681, 1.0498210104073304, [0]
-8.328099987881652, 0.527102457784674, 1.18530281543213, [1]
-8.328099987881652, 0.527102457784674, 1.18530281543213, [1]
-8.335527582266069, 0.7308949024560204, 0.59591528893168, [1]
-8.309776084841817, 0.7331094987433324, 0.567391614029787, [1]
-8.289404526730916, 0.6693865340634867, 0.9427539293505175, [0]
-8.300487170967143, 0.6561367786659167, 0.9569124405430324, [1]
-8.290643742763987, 0.6718734073031303, 0.9008092582169422, [1]
-8.292215546398529, 0.6190643575750758, 0.7507595614992405, [1]
-8.36235664235018, 0.5011584374883314, 1.2638809068585282, [1]
-8.317658829803548, 0.5563784615836086, 0.6934784039855009, [1]
-8.288855565194488, 0.5238331505356916, 1.020750131979718, [0]
-8.305336866974189, 0.6274649241953381, 0.7606708667077331, [0]
-8.31567440716697, 0.6460336293718263, 1.223146956420579, [0]
-8.329326565418848, 0.681050969551118, 1.1414187009330607, [0]
-8.31084624030947, 0.7843904463412911, 0.9018725050681872, [1]
-8.289222957519298, 0.6121743669239339, 0.8495439471557873, [0]
-8.28810632002127, 0.6025805403619778, 0.8747359857094859, [0]
-8.30068087194043, 0.5954403860147797, 0.7492559299050675, [1]
-8.30068087194043, 0.5072503133331855, 1.2689252223756555, [1]
-8.289905930393017, 0.580392792959691, 0.8871025296272765, [1]
-8.309590522566179, 0.6999818825932806, 1.153691918103377, [1]
-8.289905930393017, 0.580392792959691, 0.8871025296272765, [1]
-8.321562390419611, 0.7161707504181472, 0.7568728616779348, [0]
-8.308716053659271, 0.5709008550261212, 1.1640075153885414, [1]
-8.308716053659271, 0.5709008550261212, 1.1640075153885414, [1]
-8.35475872242657, 0.45935072897694634, 0.6400028759498807, [0]
-8.292314103810869, 0.6677293887179584, 1.040910354555133, [0]
-8.292314103810869, 0.6677293887179584, 1.040910354555133, [0]
-8.354434046185881, 0.4889837735308046, 1.207584135923741, [1]
-8.34461507506013, 0.5782416805080429, 0.5114080400958262, [1]
-8.339064081541261, 0.651980444686535, 1.297575848537517, [1]
-8.379947315313103, 0.44620268254051343, 0.7256670090467532, [0]
-8.35562417701813, 0.4615541478105779, 0.8829442960682671, [1]
-8.425967717650384, 0.7663472211031307, 1.3870737689207653, [1]
-8.304409736145423, 0.7128095301643691, 0.829725870509314, [0]
-8.304409736145423, 0.5107943596543956, 0.9349209425254233, [0]
-8.306521370894501, 0.6428528505635831, 1.1807006202512202, [0]
-8.300676041573345, 0.7119441954693199, 0.9637668699305436, [0]
-8.300676041573345, 0.5304880254308268, 1.1183496721580366, [0]
-8.298219580010993, 0.6500250712860421, 0.814872821691533, [0]
-8.300676041573345, 0.7119441954693199, 0.9637668699305436, [0]
-8.337448456617357, 0.6594780981523357, 0.5585895407389703, [1]
-8.322216044310021, 0.6611555428434548, 0.8821059637574135, [1]
-8.294138341634179, 0.5668619314938457, 0.9673498115801016, [1]
-8.37063933592658, 0.5859127522247207, 0.7300652692855156, [1]
-8.296838523321108, 0.6784532724019854, 1.1097014440665187, [1]
-8.29271642886615, 0.6005428090221985, 0.8633903421103775, [1]
-8.285759985845164, 0.6071096146949297, 0.9333232502097791, [1]
-8.285759985845164, 0.6071096146949297, 0.9333232502097791, [1]
-8.308084761009454, 0.623955210557276, 0.8412167416076443, [1]
-8.317169452377314, 0.5147702544719421, 1.0877551961497334, [1]
-8.28920521605743, 0.4366688289606405, 1.1157975688470367, [1]
-8.293081889035008, 0.6878902207013841, 0.9132693217333983, [0]
-8.293081889035008, 0.5910964456586604, 1.0774642970282555, [0]
-8.312644641036389, 0.5119400691729926, 1.0336150055811197, [0]
-8.322524803796087, 0.6562879609819245, 1.2455215602599434, [1]
-8.296226791844292, 0.6242041362102715, 1.0546159995764421, [1]
-8.318362869523952, 0.738289094918439, 1.1810198588086658, [1]
-8.31040183472629, 0.5067525870195472, 0.89362234549778, [1]
-8.31040183472629, 0.5067525870195472, 0.89362234549778, [1]
-8.300659607613063, 0.7101162825253737, 0.98420559234425, [1]
-8.300659607613063, 0.7101162825253737, 0.98420559234425, [1]
-8.297553418663252, 0.5864160200443465, 1.1110084366639512, [0]
-8.334131352165121, 0.7837122341019636, 0.8380209295512016, [0]
-8.286208007250268, 0.6401250385736884, 0.9871478528703481, [0]
-8.328496998115371, 0.489910456924709, 0.561223003714933, [1]
-8.306937476895971, 0.6333796663303896, 1.1866825098274785, [1]
-8.311414555699281, 0.5523156186471662, 1.149259147435309, [0]
-8.298328398925026, 0.5524524542679915, 1.0433673902014409, [1]
-8.31754985137876, 0.5154272095343428, 0.9190433692753567, [1]
-8.309605951487224, 0.5194110158843064, 1.0365380978070593, [0]
-8.30914034657108, 0.6122475549142358, 1.1981195550479693, [0]
-8.309768835985476, 0.6680347791097611, 1.1647640534753085, [0]
-8.373989261208585, 0.5942870498288028, 1.4034181073962708, [1]
-8.480013974877833, 0.7141247612739656, 1.5582883487724357, [0]
-8.327161669230248, 0.7593253495030751, 0.6762504480476913, [0]
-8.338572604525893, 0.5414473299551795, 0.8439917022294694, [1]
-8.316484618022855, 0.60129880046672, 0.9066804108225732, [0]
-8.286129488493282, 0.6415464624227807, 0.9271281648061547, [0]
-8.306162828710494, 0.5176171119406192, 0.960145058622488, [1]
-8.35284039654244, 0.6171583675673242, 0.7408131461061467, [1]
-8.313811625536363, 0.7205989784377189, 1.0934829455621076, [1]
-8.323488754175152, 0.6266549029405953, 1.3471480390771113, [0]
-8.323479066701237, 0.7234097394757236, 0.6908238656693673, [0]
-8.307091128137552, 0.7114736882861271, 0.7931462844773989, [0]
-8.329036823412528, 0.6207158899965637, 1.0930915567324309, [0]
-8.288537016106172, 0.6447562844878957, 0.8438827029634206, [0]
-8.31196653490429, 0.4306489560672541, 0.87552128111077, [0]
-8.301870724571375, 0.5297727500248615, 0.9719360354071809, [0]
-8.317767818505715, 0.5490544766534385, 1.173236707182663, [0]
-8.319981851009139, 0.6430361879971979, 0.8360754891674196, [1]
-8.332113635542598, 0.6985112431242883, 1.2668749850645564, [0]
-8.316801575906938, 0.6584467719282151, 1.2199554726801047, [0]
-8.324558992211179, 0.6726482648727905, 1.1809991079800388, [0]
-8.288545893504597, 0.5860553394794701, 0.9013229238688552, [1]
-8.29228620837758, 0.6811585749550295, 0.9830540492316968, [0]
-8.285552888863412, 0.6086816251919859, 0.9622732714623063, [0]
-8.31442026965633, 0.4971447641591069, 0.9051823117611996, [1]
-8.295569598148859, 0.6143464793814594, 1.1215443845488406, [0]
-8.312064692123933, 0.635613348688321, 0.6719503304113377, [0]
-8.312064692123933, 0.635613348688321, 0.6719503304113377, [0]
-8.28828361393932, 0.6269414071865023, 0.8611924006792625, [0]
-8.300665109777096, 0.6715574626698775, 1.0277705045743952, [1]
-8.31612879133101, 0.7140534444916486, 1.1286296709588228, [1]
-8.329328258810685, 0.7472103156563997, 1.0396219774363418, [0]
-8.325009078614134, 0.5226001692549318, 1.1113822540312945, [1]
-8.336559288939952, 0.4742657883213231, 0.7319987091946065, [1]
-8.326377013351879, 0.5487925485125195, 0.7571148300573631, [1]
