t=0.246831961383874
logZ_t=-63.26774714669003
-20.62822554068389, 0.45722338091786774, 0.8270672501727662, [0]
-20.732157247657696, 0.6544419228344189, 0.8145666424874969, [0]
-20.61990821417747, 0.7416742758111395, 1.1067609335977662, [1]
-20.689546056389453, 0.6303849092279308, 0.8984933175676695, [1]
-20.613061077627272, 0.668939500254616, 0.9857797163799634, [1]
-20.6181245050117, 0.6528564983021398, 1.1747861931257417, [0]
-20.692429907627275, 0.7339606332357044, 1.0988645565719797, [1]
-20.836064677973166, 0.4692823882882992, 0.9912687749298005, [0]
-21.44986298163547, 0.4864528381246573, 1.067056239862764, [1]
-20.898745113793705, 0.4362201653893685, 0.8548831192940296, [1]
-20.601830673118975, 0.6026273521681377, 1.1281902630153153, [1]
-20.569617507195915, 0.6048300041941622, 1.0509195447328061, [1]
-20.64053439412726, 0.5629466640995914, 1.1925395733418305, [0]
-20.765729784482094, 0.625517205895287, 1.1998250903297185, [1]
-20.685912801295203, 0.530385678333052, 0.832720333372626, [1]
-20.979976126005642, 0.5884627440465153, 0.9510081236803787, [0]
-20.726503868943343, 0.6472129003318153, 1.2596846699271091, [0]
-20.7224779066288, 0.68356012177653, 1.0448088574584111, [0]
-20.673127122220876, 0.7058341642391739, 0.8812087562105905, [1]
-20.607280038945653, 0.5698703400506268, 1.0296474998700589, [1]
-20.75517923575201, 0.5331044548397257, 1.0554849255246643, [1]
-20.64122152975418, 0.6285784705609381, 1.0528974762589163, [0]
-20.76947178461286, 0.6273503987034956, 0.608241190618038, [0]
-20.777899476360577, 0.7806756881112368, 0.7288810456137496, [1]
-20.896538395662485, 0.6728238131063917, 0.8852180629852255, [1]
-20.559010257500567, 0.6097269721625818, 0.9345827034064855, [0]
-20.909624296759556, 0.6238211955550798, 0.7812477743696461, [1]
-20.725604918644116, 0.5259978720956306, 0.7237277891256283, [0]
-20.760561423336092, 0.5067452995598483, 1.0117843621488867, [0]
-20.745733033115926, 0.7002512350410199, 0.9577602839847354, [0]
-20.655219497470338, 0.6410202692234104, 1.2134509693396933, [0]
-20.823998681991988, 0.7441364458779751, 0.9700409579401682, [0]
-20.7108846058922, 0.5905668140427246, 1.1793593771221815, [0]
-21.15361140583817, 0.7345303681511227, 1.065439719963171, [0]
-20.919612713901444, 0.6323909148195942, 1.1367073642555372, [0]
-20.565677195954166, 0.7140590431215945, 1.0853413394126807, [1]
-20.553287751444028, 0.6204089683991656, 1.11218249575919, [0]
-20.60010900511654, 0.6460440721970413, 1.1394805951927065, [0]
-20.695967060678225, 0.7259364598988298, 0.757996612313441, [0]
-20.650631510614122, 0.6649892347366084, 1.0683235763773602, [1]
-20.851665937354838, 0.6965536664456063, 1.021250932630685, [0]
-20.61322895096049, 0.5948735198316987, 1.0816874394040665, [0]
-20.606036811230133, 0.6211269287512527, 1.3058773073793903, [1]
-20.626737705823412, 0.7554826913629572, 1.036749483179351, [0]
-20.540596987090904, 0.6049847679532434, 1.0463634478807118, [0]
-20.88377550443504, 0.6720355999911205, 1.3856919840358635, [1]
-20.831507989408824, 0.6642950294654448, 0.9085477717042991, [1]
-20.80856968827549, 0.49116164312581334, 0.6982580207775326, [1]
-20.79162733184854, 0.5908929536015747, 0.9327899623027296, [1]
-20.813249277133572, 0.6359141744027319, 0.8350612842269451, [1]
-20.875408636439953, 0.6640160786576565, 1.3826382120260925, [1]
-20.701193653233133, 0.49346078130466453, 0.8412401307249318, [1]
-20.760061203377905, 0.6364015244003036, 0.8616634878020379, [1]
-20.64984199935737, 0.6956127993002248, 1.1310181286907388, [1]
-20.643780105390924, 0.6778310220706442, 0.8183688216157365, [1]
-20.94102370321658, 0.8276289174580437, 0.886919236434406, [1]
-20.848963356776657, 0.6590864426892842, 0.9971691635600295, [0]
-20.98752774888155, 0.47185193813438786, 0.971505989171233, [1]
-21.680456259162064, 0.9428885167001313, 0.10782567578205293, [1]
-21.406396476894766, 0.5497101479802748, 1.202469857097487, [1]
-20.77389951095397, 0.543414121766024, 1.0813914068743729, [1]
-20.75361918670193, 0.7200177282280755, 1.085186815794751, [1]
-20.75490861068523, 0.6744591819367313, 0.7531888152869645, [1]
-20.58243741298947, 0.5912048372415613, 1.0086196507732714, [1]
-20.778712339227074, 0.7224380908821056, 0.541489544883119, [0]
-20.626228106372828, 0.6329883884034775, 1.1041302710291854, [1]
-20.87239105940072, 0.7187199089720697, 1.015659969430625, [1]
-20.617531778060098, 0.5874366646326806, 1.2642658106611429, [0]
-20.680255951768025, 0.6902246235261984, 1.1356630586557224, [0]
-20.73601718086876, 0.7011475297543981, 1.0593257152405213, [0]
-20.629949802241526, 0.4961797176830068, 1.0384109607248984, [1]
-20.888166000320485, 0.5127015250331416, 1.306036733998838, [1]
-20.65708392566276, 0.6730857289763502, 0.9028816556594644, [1]
-20.616915967974744, 0.618284832378246, 0.905275992927708, [0]
-20.643360051601565, 0.6455779658753813, 1.0951855694339787, [0]
-20.93155307662789, 0.5898523170486777, 0.8193529720237147, [1]
-21.0304557921429, 0.596453349572827, 1.1283322613810718, [1]
-20.87632499542748, 0.5153335323514747, 0.7545035906384004, [1]
-20.719966581871557, 0.5868723093253627, 1.0689258412179674, [1]
-20.898660184532083, 0.7372338313672421, 0.6522023138827846, [1]
-20.60283808448831, 0.571561607889775, 0.9012799003220462, [1]
-21.04034498409782, 0.6350975244674071, 1.0361542919163051, [1]
-20.799843491862404, 0.6331071529854915, 1.0917896933299396, [0]
-20.71143099676258, 0.6188862790882277, 1.0634650704193853, [1]
-20.72034108997878, 0.5827363895521245, 0.9078875042435858, [1]
-20.745951191899564, 0.6409537574072585, 1.233685627211633, [1]
-20.89667699428958, 0.6585518872704882, 1.0943971932633751, [0]
-20.547929671260647, 0.43316977840859133, 1.0515279655363927, [0]
-20.624513499699155, 0.5871643594097229, 0.9058706736285388, [0]
-20.813785926184213, 0.5885052735378854, 0.8642405529153844, [1]
-20.571206124211106, 0.6690430681905236, 0.8232546423548155, [1]
-20.661596459698966, 0.7147495240178907, 0.8858608359208706, [1]
-20.772373576470464, 0.6675229873991898, 1.0691408044869257, [1]
-20.85262483551838, 0.5927881962336308, 1.1541857252944256, [1]
-20.58793180972097, 0.6405028209293097, 1.0082769804278502, [0]
-20.551323445388803, 0.6113573636976051, 1.0050334346243914, [0]
-20.714545641870604, 0.738216736664526, 1.1662810919228854, [0]
-20.6813598257681, 0.606173129895425, 0.9747020444999497, [1]
-20.909252140059937, 0.6505723848109872, 1.1040218731049563, [1]
-21.05166199875019, 0.6669733874372035, 0.7444324558920704, [0]
-20.858397703494454, 0.5137075461584637, 1.2669362340794263, [0]
-20.871239050159655, 0.5953353794759754, 1.308150017165066, [1]
-20.665050210853103, 0.6297013961448211, 1.041869979189502, [1]
-20.63615594537637, 0.5374357493707554, 0.9935847831074867, [1]
-20.737001824154646, 0.6424938230217913, 1.1083883285639409, [1]
-20.681154690006796, 0.4959834224462559, 1.1154110180604204, [0]
-20.793607680354015, 0.7710582478142796, 1.0783856139330126, [1]
-20.590236620577453, 0.5929453257687425, 1.1996620970361112, [0]
-20.74098102642155, 0.5861739051630143, 0.8677951788232172, [0]
-20.62234566491568, 0.5554274417434193, 1.0356183380592596, [1]
-20.92725362350547, 0.6005083355464247, 1.1241365239876546, [0]
-20.716552326564774, 0.5671188025525848, 0.6778835318976579, [0]
-20.777902943576354, 0.6612488417607381, 1.0994032678817054, [0]
-20.6813261493011, 0.6529548763855596, 0.9456164349990828, [1]
-20.78660678950235, 0.7240208029499999, 1.1165862939772153, [1]
-20.870189251658747, 0.6882057205264086, 0.8020099155864824, [0]
-20.697093560368096, 0.5214892762457399, 1.1623208688009494, [0]
-21.026795442598118, 0.726158040699312, 1.0564710071142687, [0]
-20.808027520932672, 0.6579940118071395, 0.8267393254203128, [1]
-20.7841948670298, 0.5280136859838893, 1.1091177902928013, [1]
-20.75769629041948, 0.6781894445069134, 0.7098190952547578, [0]
-20.74393575527879, 0.5734163826666436, 1.132802762211417, [0]
-20.58173106225506, 0.35618483077424684, 0.6823216695618163, [0]
-20.92216876518309, 0.6228965921739266, 1.046407909487589, [0]
-20.649678155287997, 0.7101084583064406, 1.1009749252759722, [0]
-20.69223832107797, 0.6343130659601179, 1.214624795349136, [0]
-20.645790983724467, 0.5444741105095141, 1.1612821506143867, [0]
-20.71734978043568, 0.5540478532472303, 0.8275978141963983, [0]
-20.669899840258797, 0.6733301993095322, 0.9576263403846219, [1]
-20.704033658047592, 0.5979896665869698, 1.196138189020376, [0]
-20.70004435379488, 0.5529008698117629, 0.4955369998787099, [1]
-20.828174777003806, 0.6080440853976264, 0.9492407667883745, [1]
-20.789887086189403, 0.6960005380880271, 0.9330138629489956, [1]
-20.73053427248721, 0.5807139279081386, 1.1865789990836315, [0]
-20.657797589018575, 0.6405391977769107, 0.9473952538361781, [0]
-20.529910448217624, 0.626768125692205, 1.0845409350268342, [1]
-20.88993188209801, 0.5903111472537141, 0.6325140442330821, [0]
-21.114583073808436, 0.42107158935970423, 0.5746537141053768, [1]
-20.79993140859694, 0.6058826273788273, 1.014654162203466, [1]
-20.598515645077377, 0.6112920923134417, 1.0003787990218125, [1]
-20.67205648978048, 0.6156510288597201, 1.1410730276377217, [1]
-20.545002359489587, 0.6810955445973561, 1.0338660916263276, [1]
-20.75295963440706, 0.6747790289929597, 0.7375937818968316, [0]
-20.50307905279608, 0.6229144411117236, 0.981515755604592, [1]
-20.72227188893971, 0.4881914118567524, 0.7363285159842687, [1]
-20.621077331623766, 0.7176634407599976, 1.317378354950567, [1]
-20.732355608355697, 0.7046572721832238, 0.6540035631287515, [1]
-20.583342947122784, 0.6046525469943002, 0.9621458712005881, [0]
-20.652098042116542, 0.6683276958309272, 1.132178186432787, [1]
-20.67877293687952, 0.5195179136273944, 0.8952220566775884, [1]
-20.744294123270247, 0.5554464939085993, 0.9065502642718034, [0]
-20.792832938771834, 0.7398903853623687, 0.8248481552477553, [0]
-20.80450532544823, 0.536414612762643, 0.6342985925818216, [0]
-20.772044538520053, 0.43002279684566647, 1.031617848994592, [0]
-20.683522425414377, 0.5852589287315382, 1.0860944905620553, [0]
-20.892287501854337, 0.6973988808390887, 1.0176630286469504, [0]
-20.836446241918843, 0.5929383996042368, 0.869083660216827, [0]
-20.873352470545566, 0.4772394832085246, 0.8177626907015338, [0]
-20.736982740197544, 0.682251298527914, 1.0633425941257946, [1]
-20.841168491821993, 0.6570079322328936, 1.1439728936694806, [0]
-21.171091246795065, 0.6860166787942525, 0.8878305812105678, [1]
-20.5732696379103, 0.5579437448590967, 0.8327965453991789, [0]
-20.91171702189474, 0.5578980062073021, 1.204614126214238, [1]
-20.73148125150643, 0.6234870688404671, 1.174814922289164, [0]
-20.633812807793973, 0.6820719693321229, 0.8513076164548132, [0]
-20.808000571176187, 0.7121098480684817, 0.942941241841972, [0]
-20.55661966275563, 0.6642595764623858, 0.7716563191927042, [0]
-20.692867667771225, 0.6892120508068984, 1.0904197030425749, [0]
-20.812850667065174, 0.7388050572815977, 0.7994396550310411, [0]
-20.946515093592794, 0.5689113854179034, 1.1036000812385025, [1]
-20.736900847949226, 0.6158184176949888, 1.2328156504509638, [1]
-20.63922332287381, 0.5747345231095776, 1.0343738888772172, [1]
-20.537104332368774, 0.6451391908410835, 1.0283242293890058, [0]
-20.526702585119555, 0.6380100229875492, 0.9458583730037191, [0]
-20.77370533625564, 0.6614989180877018, 1.1225857600784686, [1]
-20.63896683189476, 0.5846365806879739, 0.7431998602569327, [0]
-20.61140687104135, 0.5660527077542524, 0.9908334543562342, [0]
-20.737800118975322, 0.6475891454531424, 0.5329143493925073, [0]
-20.818605065805812, 0.646756504136066, 0.7505801434995114, [0]
-20.655515008422174, 0.5525104311085858, 0.9576929848087332, [0]
-20.65386277245938, 0.5810203602704268, 0.8507684883153706, [1]
-20.879933279473303, 0.5914353877679946, 1.2414171023912015, [1]
-20.6880635547637, 0.6884593046238291, 0.8493615694506546, [0]
-20.526012113409493, 0.5340635351982881, 0.8985442962918772, [0]
-20.57389808988154, 0.6617904869232313, 1.0548715352219316, [0]
-20.590685365101088, 0.6472589937918676, 1.1339730435511886, [1]
-20.82528592601138, 0.6249162711340858, 1.1429248030604853, [1]
-20.779697613166046, 0.7627375248981417, 0.8761802622519861, [0]
-21.015523805619907, 0.5540196823566562, 0.6224559762520476, [1]
-20.71409003892381, 0.687709249099143, 0.7336153137021661, [1]
-21.024186049195926, 0.5590666307448275, 0.338034817058631, [1]
-20.660319705890124, 0.6800591465481327, 1.1307136495994654, [1]
-20.962648849039763, 0.4533244972099337, 1.3155345830008596, [1]
-20.973089146626382, 0.6183638476400948, 1.0013958554146667, [0]
-20.587714655882767, 0.5163860928856446, 1.019745103264808, [1]
-20.6921823974281, 0.6253381501602888, 1.241614983105339, [1]
-21.13659222871483, 0.6186515261855575, 1.1519059529720326, [0]
-20.94055610331534, 0.48816606145038893, 1.123660157658606, [1]
-20.89879642764045, 0.7442445716671238, 0.9353081930896772, [1]
-20.575872647993606, 0.6135545906489182, 1.119038889405662, [1]
-20.898058900424, 0.5944469576279675, 0.8169493161307599, [1]
-20.674264356447093, 0.701396591941288, 1.0758911228674493, [1]
-20.632827899501986, 0.6564692475767903, 1.0741477270910578, [1]
-21.016278598543384, 0.6057149230684028, 1.2113294981132288, [1]
-20.728927848429606, 0.6827935540247239, 1.1081918588942983, [1]
-20.872477606675037, 0.5333087762458522, 1.103120620362245, [1]
-20.6958664146305, 0.6149885935168286, 0.9658834360292764, [1]
-20.66823448823436, 0.5174186859960993, 0.8245594578092648, [1]
-20.703363880333352, 0.6184447202730604, 1.000030621910607, [1]
-20.65319483189531, 0.6705156978324628, 1.0124182044318135, [0]
-20.618366400112535, 0.6085120810517038, 0.893222397220027, [0]
-20.97901158013691, 0.6227395519398667, 1.3397485408623298, [0]
-20.63018375500998, 0.5658322765515543, 1.001268050943904, [0]
-20.859752131525877, 0.7061722567655425, 1.1177250792061222, [0]
-20.56322523967715, 0.6227263661464133, 1.0853116976517267, [0]
-20.732877331652062, 0.5865094904071417, 0.721858560233301, [0]
-20.580299097728975, 0.5809063854333438, 1.0128063718634615, [0]
-20.837186050126437, 0.5314431923007179, 1.2256233791089814, [0]
-20.666480657058, 0.46630619654866023, 0.8814185429841221, [0]
-20.660888134331, 0.6821807277359213, 1.0703488773993561, [0]
-20.776757445905496, 0.780482868275093, 1.2781244773639588, [0]
-20.79425868284711, 0.5925815695984087, 0.9895900894911012, [0]
-20.728830578254883, 0.5956878150069659, 1.129891739860299, [1]
-20.602186456851296, 0.6996063486722716, 0.7867106576888012, [0]
-20.910917091600947, 0.5757434489912157, 1.3191946650129307, [0]
-20.649158575794196, 0.6132686975852509, 0.9639250011001064, [0]
-21.054731648822433, 0.4295615795597483, 0.753377701555256, [0]
-20.817490083247804, 0.6626355655365502, 0.760759414550588, [1]
-21.315287697769893, 0.7509843223376345, 0.8335665782287438, [1]
-20.874430838696597, 0.6363703331387, 0.9206166474977446, [1]
-20.668422243943862, 0.7612005812540994, 1.0118152080627212, [1]
-20.761677406309985, 0.5021147946767568, 0.9822201916347876, [1]
-20.701843949032888, 0.7548921858369899, 0.7604061366175714, [1]
-20.71970829519742, 0.5219818024850911, 0.952766496647941, [1]
-20.97118934771485, 0.8050186592192174, 0.6937491093018224, [1]
-20.714091261853223, 0.5993535392778796, 0.6550764446007008, [1]
-20.57981977002305, 0.5321836496721384, 0.89692582786845, [0]
-20.585676376147106, 0.5703873763469289, 1.0307678068786754, [0]
-20.95003479370237, 0.7741133710692724, 1.1766918629628602, [1]
-20.724187870781172, 0.5536379653753971, 1.0545266258811488, [1]
-20.793758032003264, 0.6062185058189837, 1.018258093884488, [1]
-20.736179550864975, 0.5717393798272826, 0.7440719739164567, [1]
-20.600311179991262, 0.6314745310297509, 0.8819509649347418, [1]
-20.81128365318322, 0.8129786228950635, 1.2035846040360014, [1]
-20.597156099589164, 0.7106252780514463, 0.9449647129412799, [1]
-20.73018412547397, 0.6471496021254425, 1.1553071380831312, [1]
-20.586643269904126, 0.6651425425860638, 0.6595949482565576, [0]
-20.506595329997513, 0.7156135823564649, 0.8848146273455315, [0]
-20.772876176376958, 0.5482346343920368, 1.1207138497622302, [1]
-20.749701928301565, 0.608140878230214, 1.174550215771843, [0]
-20.630280918524925, 0.5794076413978145, 0.8302473314710244, [0]
-20.738406508793076, 0.6794995320886738, 0.9242590171546756, [0]
-20.74892208951001, 0.6128836706154092, 1.0966388445963842, [0]
-20.583071513336193, 0.6210627336839368, 0.8022601914953601, [0]
-20.54358167497237, 0.7465174416967626, 0.8629535652329656, [1]
-20.659625698986538, 0.6294678746898311, 1.3968294891437614, [1]
-20.629128996980903, 0.5734196007633208, 1.0684806251503505, [1]
-20.707996685189066, 0.6697381653538823, 0.7692942153514191, [0]
-20.57048930700741, 0.7206670833376754, 0.8298129912163572, [0]
-20.64396669279547, 0.5382419704365052, 0.9356514158321323, [0]
-20.693697399879913, 0.6594871140418369, 0.8345791791204633, [0]
-20.79510057682487, 0.6519075926301907, 0.9315271271954977, [1]
-20.74968627058545, 0.6858742886651641, 1.0438236944221813, [1]
-20.65411564564851, 0.6123945830158716, 1.1695747083132257, [1]
-20.543711856335666, 0.6817924955435036, 0.9799362416470674, [1]
-20.642339500395984, 0.6284751461981861, 0.9781348833857157, [0]
-20.597937831976154, 0.6343738850492571, 1.0996099330536602, [1]
-20.560121565859223, 0.5982501997462546, 1.0681044039290948, [1]
-20.623046569501096, 0.48842618319363157, 1.0828002962330963, [0]
-20.64414472979455, 0.5998160130465612, 1.108676115798045, [1]
-20.662038707171455, 0.683076814390863, 0.6668663498269052, [0]
-20.83948238898606, 0.5758582219466126, 1.1690312815487909, [0]
-20.560278001551993, 0.6564929903906097, 0.9938546438485698, [0]
-20.61997646593495, 0.5767777928118614, 0.9403882777174981, [0]
-20.639942116067317, 0.6693590708264628, 0.8749248519699767, [0]
-20.53582225470975, 0.6579782459624014, 1.1646104945622333, [0]
-20.857186505012887, 0.6061696915375439, 0.9232275903145919, [0]
-20.48464522127216, 0.6115660863409947, 0.8952638713841365, [0]
-20.77058065980133, 0.7954820540818603, 0.9577947180707782, [0]
-20.67009915921133, 0.47737312222770556, 0.9925105548445231, [1]
-20.6104494317376, 0.6907673616417965, 0.7810788680731522, [1]
-20.892792958517006, 0.6127811849318826, 1.2841990251832651, [1]
-20.518576758623453, 0.6056417823017614, 1.0193181708348633, [1]
-20.567626216767316, 0.5514351093626767, 1.0814236393776215, [0]
-20.885226780118813, 0.5218285395537282, 1.3390576250077872, [0]
-20.555229893941892, 0.5982552224906301, 0.9270245368367865, [0]
-20.636913321946523, 0.6819343797558395, 0.9902782971780213, [0]
-20.72232693837718, 0.5180844241920055, 1.1249754422315887, [1]
-20.612747941424388, 0.5784054084929201, 1.2766872506508762, [1]
-20.694077498552264, 0.604178632738456, 1.310949595691576, [1]
-20.762817105027352, 0.8053156490085547, 1.029052693256872, [1]
-20.69367338196596, 0.4528174181958352, 0.8473280552470878, [1]
-20.960545062870015, 0.7940200773013368, 1.0995657106124483, [1]
-20.707117956199546, 0.6580567848980039, 1.077217123379438, [1]
-20.56987017556637, 0.6427319569507064, 0.8906124284680704, [1]
-21.15330223410922, 0.6357260469248489, 1.2048361144267374, [1]
-20.897897717557406, 0.5854868638620139, 1.355154899364125, [1]
-20.56976805215848, 0.5816636179146063, 0.8629670202756686, [1]
-20.899066230118237, 0.7078706183254325, 0.9638226344639429, [1]
-20.97085363877327, 0.6219822835523954, 0.9680870054252699, [1]
-20.763415371535626, 0.5471329931742981, 0.9400496008387946, [1]
-20.793276167315206, 0.6683563476921413, 0.6933736911014378, [1]
-21.053965685156573, 0.6491049448959141, 1.2881682504229188, [1]
-20.94389462528158, 0.6954872120673177, 1.1721162088582313, [1]
-20.89682480800032, 0.7460892228950702, 1.1542768407162305, [1]
-20.753540883534022, 0.6732971119797372, 1.3941934431088778, [0]
-20.725095803712588, 0.6528197648920905, 1.1317397239773077, [1]
-20.594818699231876, 0.582672401218828, 0.8090865620316753, [0]
-20.976472606835305, 0.6720094562547931, 1.123027587376896, [1]
-20.829283996707783, 0.7612461346651755, 1.1142935808187553, [0]
-21.42242075356956, 0.6124986723902954, 1.3879236660236431, [0]
-20.80210503873292, 0.6071563419428331, 0.826935519222429, [0]
-20.686507809430164, 0.5381427081931959, 1.1261422153690106, [0]
-20.885384098359914, 0.6039217971510102, 1.1154698780556023, [0]
-20.88300202308213, 0.5461732695386164, 0.7466243633668818, [0]
-20.786915179937097, 0.6951425291669996, 0.8135573308545763, [1]
-20.682733389547444, 0.6914326556482386, 1.0664903383699194, [1]
-20.703086625249348, 0.5911684789386813, 1.0160448242052345, [1]
-20.77231081700011, 0.43917274163283526, 0.8882585698824397, [1]
-20.621560511329683, 0.6056763084944793, 1.098930414157436, [0]
-20.61030437592799, 0.6790517798516716, 1.1536848498419654, [0]
-20.951935905642113, 0.46537212280336065, 1.0333471575488793, [0]
-20.60623592577776, 0.5760558065968961, 0.925272371886116, [0]
-21.033605763633282, 0.4704846676596953, 1.0632522270628344, [1]
-20.49470313394401, 0.6005237235704224, 1.0176910433340964, [1]
-20.701030341515665, 0.6286912679859515, 1.0746995347833126, [1]
-20.632412803937214, 0.5530090441812312, 1.008257919552456, [1]
-20.594683486171796, 0.680117121841081, 1.2093145965049759, [0]
-20.54830504724837, 0.611888617079499, 0.9895903512386283, [0]
-20.604908111788724, 0.5919881905625025, 0.9384684906756191, [1]
-20.87437491773538, 0.536401702835849, 0.799458863910263, [1]
-20.714412600217656, 0.7548422334881999, 0.7313309411665262, [0]
-20.694443277013086, 0.6201206199142293, 1.1358545311278478, [0]
-20.706187971045814, 0.6595365145414674, 0.9410030910464416, [0]
-21.02371184878479, 0.5136838777324368, 1.015909732096506, [1]
-20.6917791213134, 0.6504493910699329, 1.12651250866192, [1]
-20.640275357430486, 0.5510299612188276, 1.1680933277849563, [0]
-20.56833457372016, 0.6928355517712002, 1.0047612419609129, [0]
-20.729231320512962, 0.6270374091144822, 0.7970791077401606, [1]
-20.775882628292496, 0.5961196577198515, 1.213684456912732, [0]
-20.920344718438603, 0.6249323028010099, 0.6387085612920096, [0]
-20.6586433432129, 0.738977445683838, 0.8104042869957678, [0]
-20.862839206678252, 0.867791560350697, 0.5784400647550716, [1]
-20.53625248203672, 0.6395191470424137, 1.0847261633699676, [1]
-20.787819033645782, 0.7373145365420023, 0.8218624899092992, [0]
-20.498227037444167, 0.6282565042922961, 1.0410831016714575, [0]
-20.852935897944967, 0.6962377350741555, 1.0628581274698745, [1]
-20.623221385106795, 0.6542936473477006, 1.033879292251131, [1]
-20.783991109571254, 0.6831452250459431, 0.6240790802407961, [1]
-20.86441555325661, 0.5652551150505086, 1.2213017985498618, [1]
-20.626901192994957, 0.6045025104595886, 1.165121128531955, [1]
-20.75039261820797, 0.6040422303751413, 0.9640077267194328, [1]
-20.599968777168954, 0.5581810865094431, 0.9724423627471985, [0]
-20.763789074987706, 0.5400587594377123, 1.0292375438528816, [0]
-21.01540266753558, 0.6581736699823131, 1.1193248338345858, [1]
-20.745211904227915, 0.492937752484363, 0.8952683554550398, [1]
-20.82207895160797, 0.781324911471277, 0.8206124779329811, [0]
-20.55708821993752, 0.6289705378762651, 0.9894493200476812, [0]
-20.91852363251026, 0.6536898476894887, 0.5935712207002614, [0]
-20.85340999218552, 0.514903017916541, 1.1157207900229114, [0]
-20.573456374430304, 0.6226451302124473, 0.9202010368691795, [1]
-20.583510696161472, 0.4989744875107003, 0.9363391727654213, [1]
-20.736265439345118, 0.48716347394398196, 0.9562436037455356, [0]
-20.6869112834717, 0.617068658020302, 0.8938434594468647, [0]
-20.55834234498824, 0.6743432461185312, 0.9807451512514279, [0]
-20.653682762800997, 0.6237244107484831, 1.160685067531626, [0]
-20.749964441409574, 0.5168338648322752, 1.008243173010422, [0]
-20.610218387115676, 0.6514224145572418, 1.2273287192553584, [0]
-20.633984190066716, 0.6329440742609216, 0.7438471045334687, [1]
-20.590227678775154, 0.6256644072930946, 1.1369940801891179, [1]
-20.649931269947977, 0.600845434775281, 1.1733310802901809, [0]
-20.687525214802392, 0.6215831134854569, 0.8662952663530403, [0]
-20.897213121659163, 0.6759692574860557, 1.2998007072510493, [0]
-20.581472198867573, 0.5947548896474814, 1.0915961858947554, [0]
-20.6790032841551, 0.5797061715318208, 0.9102649627648143, [0]
-20.89327129113758, 0.5019093937118668, 0.9588836951667392, [0]
-21.20586182343659, 0.6439228040357559, 1.3562027697339367, [0]
-20.802398508592965, 0.6932836332735148, 0.9384505731058631, [0]
-20.757743663111413, 0.7047858090243805, 0.9104096375693894, [0]
-20.893658412642576, 0.6705359503283118, 1.109593901990821, [1]
-20.635929131750398, 0.582869077459248, 1.031517727736134, [0]
-20.731448995617903, 0.7211724109223958, 1.3114730443841154, [0]
-20.785471874017176, 0.6106963728092986, 1.2173184663787207, [0]
-20.579639228630935, 0.6347588225095547, 1.1436591544203571, [0]
-20.566949797153313, 0.6104085340954004, 0.8242271536191617, [0]
-20.844290361084635, 0.5804389511509959, 0.9556808420776164, [0]
-21.00082986554207, 0.9430619075972015, 0.6445488764352576, [0]
-21.13790981213613, 0.6201820268110535, 0.9788523451330526, [1]
-20.565164453230786, 0.5874098087192772, 1.0815343939347812, [0]
-20.81719273629331, 0.648944506726882, 0.8853312425165841, [0]
-20.703538847453796, 0.5938967356475169, 0.6933753745121918, [0]
-20.49534826401348, 0.6521086052504594, 0.9886188512871913, [0]
-20.877183647622385, 0.6746345764864178, 1.1980704302662013, [1]
-20.83975772391963, 0.5258955327330921, 1.2361680115922435, [0]
-20.782763375285548, 0.49155926792477134, 1.027169409343264, [0]
-20.710283929264286, 0.5922892518217374, 1.3502240298767003, [0]
-20.687844959706155, 0.6178906562345574, 1.0426596331923632, [0]
-20.74644266385639, 0.693402689517883, 0.6814770652922464, [0]
-20.774297851167546, 0.6277999324407663, 0.574960223197189, [0]
-20.672848679730144, 0.6228023428453372, 0.8715317695354486, [0]
-21.076253890590202, 0.5989776273419739, 0.8863216040522393, [1]
-20.693589431034376, 0.5612931473407432, 1.0359751617210526, [1]
-20.553543184436297, 0.6886234319588469, 0.9598130205585249, [0]
-20.81273128248309, 0.5527108492684804, 0.9065218014299088, [0]
-20.63745569134726, 0.6420347440300832, 1.0596306794618493, [1]
-20.743786668668534, 0.7099035855596509, 0.9568221196612694, [1]
-21.07853746509474, 0.6160431849925893, 0.5548104148242184, [1]
-20.780237394663768, 0.5111766213977611, 1.1622073622308764, [1]
-20.67119144147386, 0.5121833769705388, 0.8690143835240267, [0]
-20.730262121776747, 0.7597623000920738, 0.8571959149667348, [1]
-20.604502058609718, 0.3057839442662137, 0.4288890479243562, [1]
-20.516431523957372, 0.5901007674341611, 0.9440084230625843, [1]
-20.730437868888412, 0.6249848775201897, 1.0658996297471248, [1]
-20.87543476168046, 0.50009766917875, 1.158042966988204, [1]
-20.776060776188803, 0.6452604074203219, 1.0952911169905213, [0]
-20.614528731142514, 0.5433303657579885, 1.0731649151445966, [0]
-20.928878696756083, 0.6811306316776405, 0.37724004352937685, [0]
-21.005713621144253, 0.4906840942184375, 0.5239315052194393, [0]
-20.860280635214036, 0.623076479205154, 0.6601093031370618, [0]
-20.647126078982563, 0.6256673442997167, 1.0346959071505786, [0]
-20.665537640070166, 0.8325796037749745, 0.9109068956736688, [0]
-20.594388687679224, 0.6161190285967579, 0.7010383617309764, [0]
-20.52558823676241, 0.5956825964247938, 1.104072236828281, [0]
-21.042182568533924, 0.433898204319887, 0.654410312218789, [0]
-20.6542955619598, 0.5573423954133, 0.9853049637028625, [0]
-20.538898377872034, 0.5248785150666923, 0.552051621396149, [0]
-20.484035746374023, 0.5936128816228953, 1.130069852019865, [0]
-20.95360665680572, 0.4914149463752137, 1.1229584872086935, [0]
-20.850994948201414, 0.562723544301895, 1.2087198870578402, [1]
-20.84463040135476, 0.5839258219450477, 0.8569871507781337, [1]
-20.70115371913683, 0.6129408033244318, 1.056458620441178, [1]
-20.600780842579155, 0.71571229099586, 0.881544734241951, [1]
-20.97314365708447, 0.598111370114582, 1.0205062190344474, [1]
-20.94617979903691, 0.7331221894754074, 1.3571068083729187, [0]
-20.538539933408604, 0.49898972754620974, 1.066708875220476, [1]
-20.612609418388605, 0.6565893842335434, 0.7794241536735523, [1]
-20.67071807642432, 0.5783687200858738, 0.9832244462885358, [1]
-20.554945665988836, 0.6226401635331749, 1.197425883793668, [1]
-20.692830830480194, 0.5454184265261505, 1.0076575186381562, [0]
-20.977906882450373, 0.6729023442795645, 1.1095128906299396, [0]
-20.787536748150092, 0.6384132078621707, 0.8126628115829069, [0]
-20.892304042656132, 0.6459308410795197, 1.352650108055214, [0]
-20.80588657988237, 0.7676199149637344, 0.9001668971617102, [1]
-20.761517199697582, 0.49373811703029885, 0.9631934564894503, [1]
-20.738047154581903, 0.5517945344877901, 1.205567107841949, [1]
-20.86563948759815, 0.5159675289917096, 1.0337782793660015, [1]
-20.81826444568418, 0.6405038962127972, 0.9853259513020453, [1]
-20.583920704070056, 0.6159274570712349, 1.2793374652518845, [1]
-20.70993198524092, 0.6239949782123785, 1.1458806071777414, [0]
-20.577606370000517, 0.6117404112147174, 0.9195082399318998, [1]
-20.7928014853844, 0.5335313674423755, 1.1717539832596848, [0]
-20.835389230110263, 0.7461122766619432, 1.1034171004814277, [0]
-20.774368748359585, 0.6316055210019758, 1.0614034678264483, [0]
-20.895364571899798, 0.5906575001975339, 1.2362393472389748, [0]
-20.97449267375717, 0.6885018627491398, 1.0038297611898046, [0]
-20.77036067621859, 0.6828773687122435, 1.156667003870577, [0]
-20.498350880677517, 0.5987867521913506, 0.8853971004638833, [0]
-20.820104119857497, 0.5983065162039588, 0.5776176216799798, [0]
-20.677314351816566, 0.6571631341428306, 1.1864071315944482, [0]
-20.646721259344805, 0.6430118904390906, 1.1786535039449197, [1]
-20.577012874034903, 0.6874918551906235, 1.0028709774646793, [0]
-20.709785266019097, 0.5447790782387333, 0.9516798863616924, [1]
-20.585373571873276, 0.627896058332182, 1.0021634283445926, [0]
-20.69152492933233, 0.5788872845880673, 0.6167190715411441, [0]
-20.61907896141961, 0.5017415104569792, 0.8449013820583324, [0]
-21.03084150891696, 0.41016203088529685, 1.1411626861221131, [1]
-20.742574206647703, 0.7293995131354191, 0.896316614998407, [1]
-20.58820017636759, 0.6235779121854085, 0.8538205525363237, [1]
-20.88615678020807, 0.761753661394385, 0.9832655988366868, [0]
-21.069775699006232, 0.625275562109766, 0.6405459526034352, [0]
-21.07720449018742, 0.5946704878080312, 0.9228928670953943, [1]
-20.52938709841578, 0.64945666723198, 1.1762781557612922, [0]
-20.997634344981655, 0.5661454453334505, 1.271935534670419, [0]
-20.712647745899297, 0.6174116909993673, 0.7226907445419891, [0]
-20.896177762440956, 0.6460777352010116, 1.0873739268329574, [0]
-21.001364287296962, 0.8016266151614565, 0.7911689421527142, [0]
-20.683841014964575, 0.6153362218997552, 0.9461922590468949, [0]
-20.712705137146067, 0.5775123978330391, 0.812190065050003, [0]
-20.673535467589172, 0.6437147868870117, 1.1687559894696204, [1]
-20.64986393675234, 0.6793741709994465, 0.9973358675682671, [0]
-20.641419376208116, 0.6703432578913574, 0.9744536332263588, [0]
-20.716209603860285, 0.7134415656626447, 1.0751785346206864, [0]
-20.776202225969058, 0.718170888576696, 0.8686339381485835, [0]
-20.563652649993333, 0.7267617218054114, 1.405813830559863, [1]
-21.06121755581607, 0.7307778449096936, 0.9740418558022134, [1]
-20.9292287400068, 0.5014221278877043, 1.430649238207223, [1]
-20.641409011293234, 0.5667835432128905, 0.9989573067238577, [1]
-20.731851780816164, 0.7384906188861234, 0.8959213182887513, [1]
-20.7078522699752, 0.5766924562272289, 1.1701699575887534, [0]
-20.598554576489814, 0.687330437725885, 1.0705141559293965, [0]
-20.637783839026216, 0.5620301348349948, 0.7990018081478005, [0]
-20.730846813550013, 0.48781108632790116, 1.1440897959698373, [1]
-20.648365420519706, 0.5046177911562636, 0.9803271127088062, [1]
-20.871424611528788, 0.6202327067996344, 1.2833256534362443, [1]
-20.50039006533121, 0.588343482247866, 0.8806384253292425, [0]
-20.638670993310743, 0.787134898175421, 0.8819110386049162, [0]
-21.02538222468833, 0.7563833374996854, 0.42832143817320134, [1]
-20.66780888208302, 0.4744061429772084, 0.8391181121191903, [0]
-20.9354620819872, 0.5568046537918329, 0.9530977828187703, [0]
-20.698964058495, 0.6408376737025139, 0.7104054598284467, [1]
-20.622628838631908, 0.5299753273931893, 0.7665432355651587, [1]
-20.786161873665296, 0.6579443155645563, 1.1183133546812785, [1]
-20.942912421911615, 0.5711542102881455, 1.3644070816892693, [1]
-20.792470582896236, 0.5109568247157259, 1.1324559556546954, [1]
-20.924577028034644, 0.44058451124608483, 0.7910485003127846, [1]
-20.935644918042485, 0.763577926770832, 1.0592743160857276, [1]
-20.735094684878977, 0.647425923978803, 1.2072025143950575, [1]
-20.55751830022447, 0.6619926433637182, 1.0811745082964601, [1]
-20.637971275655808, 0.6128034972297068, 0.733460525056644, [0]
-20.57335442543918, 0.6020382627900607, 0.7732073559300188, [1]
-20.61561952189989, 0.5970437100831429, 0.8122868575161796, [1]
-20.684901362906274, 0.5633843459422452, 1.1364495431936819, [1]
-20.6861437052334, 0.6468259392575877, 1.119957156760314, [1]
-20.670145767123227, 0.7021355659335414, 0.9934293621926579, [0]
-20.64531073998913, 0.5571562682147992, 1.1732301525226834, [1]
-21.083627851036322, 0.6267597131783623, 1.0676322523184618, [1]
-20.894369307679355, 0.697011664407651, 0.8068625559996165, [1]
-20.799478718042625, 0.6438232025025661, 1.305589642309381, [0]
-21.072016606961164, 0.36328288335913306, 0.9365675581340699, [0]
-20.903902571087837, 0.49704962340227027, 1.1683304550338933, [0]
-20.602937136731438, 0.8063011738640666, 0.8068438989044356, [0]
-20.86161359584719, 0.5071287317137475, 0.9785902554405743, [1]
-21.11877321666008, 0.6302796520252829, 1.1350892231416791, [0]
-20.798940225614295, 0.6538791253407296, 0.6759185918326415, [1]
-20.589266354067433, 0.6525032765576898, 1.0373947257199876, [0]
-20.899501075852992, 0.6378265664791122, 1.0286879923730756, [0]
-20.63802718589878, 0.5350089295665887, 1.0187656576840685, [1]
-20.61094927758532, 0.5454716727189429, 0.9525381269388635, [1]
-20.77953202445398, 0.516630673087959, 0.9021902999731576, [1]
-20.5940086716114, 0.7306079841916873, 0.8686538364308557, [1]
-20.7183367739314, 0.5528983201934154, 1.1684198468159244, [0]
-20.653150004323173, 0.6656228342554047, 0.8490196000702739, [0]
-20.511562307240567, 0.6414551825658186, 1.0601041548131525, [1]
-20.61318139474517, 0.5006212354997952, 1.096958321467541, [0]
-20.759443651716875, 0.7241978750927981, 0.9329253244937437, [1]
-20.926932715554372, 0.6912038898075676, 0.9833767012110868, [1]
-20.56887838414492, 0.653121416177666, 1.2583125520137237, [1]
-20.583332809523423, 0.6214439177874735, 0.9522742751317717, [1]
-20.628395849333753, 0.5470996310083454, 1.2854012853573888, [1]
-20.910560120201925, 0.7633959926203959, 1.0080731377498282, [1]
-20.979535467931154, 0.4791729110113154, 0.5130699879384046, [1]
-20.766836395027806, 0.530528985023154, 1.0355828579213222, [1]
-20.969897182438867, 0.7516165428619137, 0.8143235872830841, [1]
-21.07777878145763, 0.6025385778396309, 1.1179014733233845, [1]
-20.6053497054102, 0.7030648316396961, 0.9791063657739716, [1]
-20.70364616650645, 0.5442222210065789, 0.7504053214329233, [1]
-20.48982837447669, 0.5966223687277258, 0.9831420620873639, [1]
-20.628464755375422, 0.6236844496763082, 1.099607856584758, [0]
-20.684978870374415, 0.7893580573457872, 1.0303473140551607, [0]
-20.810367743961685, 0.7041336387648847, 1.2045482506249603, [1]
-20.742898109121978, 0.5000603777376518, 1.0838730839880932, [0]
-20.630478603518863, 0.6645424097743492, 0.8625250504567427, [0]
-20.829080385424515, 0.8116127570609909, 0.8388232264161535, [0]
-21.085641719089082, 0.6654376605373257, 0.9155928238958743, [0]
-20.790497367351133, 0.7239350146917898, 0.9532578389163128, [0]
-20.72312155856896, 0.6898895678839883, 0.6480354950167759, [1]
-20.750715635541255, 0.5773100801784088, 1.2160877502311305, [1]
-20.60579961293976, 0.6371898401650729, 0.7440821737860648, [1]
-20.770844994813228, 0.570441719202569, 0.7683375072053689, [0]
-20.85711528536384, 0.6521065025566125, 1.0696775224531514, [0]
-20.716061354216635, 0.7181580650877393, 1.1661194094627816, [0]
-20.6025377673775, 0.6716376395274095, 0.8156774828396955, [0]
-20.70421436949156, 0.8036277346980143, 0.9715851895103953, [0]
-21.00047971092369, 0.7454864153136855, 1.0512307634938376, [1]
-20.68074706598491, 0.6826217516566592, 0.9032841678954302, [1]
-20.58449145156855, 0.5277099638025974, 1.0105627110142443, [0]
-20.688783505389132, 0.5977746225836827, 0.7811160161870871, [0]
-20.676079875757758, 0.627765523178396, 0.9200164764805001, [0]
-20.70227550089659, 0.5980687608170716, 0.9560449538912641, [0]
-20.855178673162822, 0.7741270247788953, 0.8675622239586275, [0]
-20.63195325212659, 0.5686382094109912, 0.7276939717490111, [0]
-20.706307533976695, 0.6138899878869682, 1.1773788623410453, [0]
-21.045015841229713, 0.6516672347637019, 1.2912427261206314, [0]
-20.783543779673955, 0.6456215284836225, 1.2183321653890242, [0]
-20.692903748167048, 0.5928379676571575, 1.2517799433314785, [0]
-20.790801195445702, 0.6659662902600861, 1.2858389433117516, [0]
-20.530523545732237, 0.585068520589154, 1.095810963177061, [0]
-20.76531182208447, 0.5796853334174468, 1.121624519219472, [0]
-20.761058817443804, 0.7416535292111501, 0.5782892622644764, [0]
-20.659271230903, 0.6616007761874381, 0.7664036855823886, [1]
-20.790778483169053, 0.6894142891717762, 0.9730353699458584, [1]
-20.676614286490256, 0.695873645626405, 1.1460850188488414, [1]
-20.730198846178087, 0.6015977016171676, 0.9503358362112497, [1]
-20.672958427712985, 0.6540549938164172, 0.9020002523414361, [1]
-20.678420677552694, 0.5091138890667003, 0.8704349451416613, [1]
-20.69655587075234, 0.5390141914506049, 1.1435071586170098, [1]
-20.630688226603276, 0.5482098657121611, 0.9414151629925824, [1]
-20.904051529952536, 0.5144726585484696, 1.1020962696488517, [1]
-20.5338447645189, 0.6247858168742898, 0.9289723999645553, [0]
-21.012238672818306, 0.5868298168038995, 1.4262647580619014, [0]
-20.845811129543637, 0.7402397322678806, 0.8913570895448065, [1]
-20.81742919336498, 0.7043490378783589, 0.8193567851627692, [0]
-20.633581677206287, 0.6701562535992802, 0.795997702887263, [0]
-20.71717536739239, 0.5508606031469234, 0.6856757332685737, [0]
-20.528756996440663, 0.6506029834497898, 1.0315262459542052, [1]
-21.34167600002823, 0.5839810887749335, 0.48352574091717293, [1]
-20.812287205071886, 0.6156645395630956, 0.8993190668638306, [1]
-20.501347590267606, 0.6566862645110586, 1.0806201887665146, [0]
-20.687438625120585, 0.5674737355598644, 0.7496269433892139, [0]
-20.66049108412943, 0.5995951874923093, 1.1336129631093095, [1]
-20.55796692077422, 0.6592880868163663, 0.9883666121096231, [1]
-20.55028722466482, 0.8158418723787193, 1.0968524953410794, [1]
-20.593060166723998, 0.6532038094371435, 1.130997647454963, [1]
-20.664292993517748, 0.6063517789826738, 1.1928489642082378, [1]
-20.555935501996032, 0.6390474558981827, 0.9814636396407762, [1]
-20.65790573399506, 0.6470482948257014, 0.7138859809896722, [0]
-20.6295858581827, 0.4705700358679908, 1.0369360010829498, [0]
-20.879783350897934, 0.7819623230021422, 0.6814728027637047, [1]
-20.536268852269743, 0.5840516734926455, 1.0179819946311799, [1]
-20.630985375448756, 0.5911101863257389, 1.1639141175490468, [1]
-20.771563496777652, 0.6300744283907533, 1.2936720941996127, [1]
-20.772330400657577, 0.8615313432121936, 0.7384107623830264, [0]
-21.1435244837659, 0.8247882222370758, 0.4741528307367787, [0]
-20.590072653388372, 0.5781208282578361, 1.0857313022967074, [0]
-20.731340571554007, 0.8162167938172735, 0.8270465819820787, [0]
-20.58716236278275, 0.5030735793119875, 1.11459729064299, [1]
-20.978715885269516, 0.6809089700564283, 0.6209845631382557, [0]
-20.54446547724058, 0.7390073652168762, 0.7154696793156836, [0]
-20.583511854600193, 0.705712465497117, 0.5402207905133511, [1]
-20.94354274705922, 0.7412880895992878, 0.9313748197666878, [0]
-20.548659718568505, 0.6683377973697401, 0.8630275147665489, [0]
-20.69869880956426, 0.5932483148413804, 0.9245050331988032, [1]
-20.846471892301263, 0.8397506667874941, 0.7805692962815833, [1]
-20.796999075060736, 0.7158209058066298, 0.9890240148536273, [1]
-20.598011279545805, 0.5987426178495224, 1.1276627791438576, [1]
-20.77524448092582, 0.5539419650221863, 1.1927376892283048, [1]
-20.56570582806605, 0.5790376834723119, 0.9462273088528246, [1]
-21.04812923139593, 0.515309822714161, 1.337307751854009, [1]
-20.577778535155836, 0.5785937060434013, 0.783147364034124, [1]
-20.96948842619784, 0.6602018810684522, 1.1450640657364703, [1]
-20.73450638388917, 0.5630198617532978, 1.0031067264992277, [1]
-20.839306476530187, 0.5156413675793547, 0.789252958006429, [0]
-20.899431678106723, 0.5667288491749728, 1.2464779196462632, [1]
-20.609579154455115, 0.6117042174514449, 0.8826846627783979, [0]
-21.041015286563695, 0.6559947251243797, 0.47455950805308056, [1]
-20.852809648117493, 0.7099996606430273, 1.1623586626048368, [1]
-21.010007452731315, 0.5793827906601159, 0.9359727443882813, [1]
-20.613762391330695, 0.631388031050226, 0.6463791942700579, [1]
-20.613114943556592, 0.57973252109477, 1.09959889298925, [1]
-20.694202327201953, 0.7174474105538324, 0.8544515221025699, [1]
-20.538909834075938, 0.7158094410863989, 0.7736356985194649, [1]
-20.55384239594431, 0.7354271959132482, 0.795985355190524, [1]
-20.787439015599574, 0.7123982453454103, 0.9047379538870317, [0]
-20.884535306584045, 0.5656834993475103, 1.0452872208427184, [1]
-20.63494911504408, 0.5826562898996052, 1.157960105433478, [0]
-20.510198892240457, 0.5580412996580192, 0.964544122383858, [0]
-20.972848939982253, 0.4435075985329324, 0.9686246798643514, [1]
-20.8328396866934, 0.5170432648527022, 1.0140575186173488, [1]
-21.32350286725058, 0.7360560930996122, 0.7081176346442476, [1]
-20.539774314723882, 0.633044396594246, 0.9540133376409763, [0]
-21.24241946047126, 0.775649630802614, 0.6062324820886456, [1]
-20.55011534414554, 0.6382141933474571, 1.0941789717713042, [0]
-20.585222190125815, 0.5148141501469197, 0.7794543252365344, [0]
-20.7809845318558, 0.633792534335907, 0.8957148761847928, [1]
-20.917272711130618, 0.46599490768008267, 1.0048729195698973, [0]
-20.646012410801394, 0.5786508664817036, 0.9445505044824591, [1]
-20.946196965976974, 0.5270618488937153, 1.1631202260508178, [1]
-20.625627712285922, 0.5410370000423748, 0.8635040578223675, [1]
-20.527946621231838, 0.6965945041491755, 0.8162081238192171, [1]
-20.793156856837225, 0.8244741693979346, 0.6929030686800018, [0]
-20.781752945083383, 0.700447566899757, 0.7796090934847626, [1]
-21.22144743998475, 0.6931255365617347, 1.1919458454406482, [1]
-21.087176524015955, 0.5199847822901003, 1.2135921530586646, [0]
-20.777064293874286, 0.6029886924644059, 0.6017452065118846, [0]
-20.649189936457596, 0.7119196010846107, 0.9899730957134447, [0]
-20.571375898875264, 0.6870151202675158, 0.9244999338736843, [1]
-20.58503529557197, 0.608431166464124, 1.1797004734046113, [1]
-20.649447401880938, 0.5834360161179414, 1.0730300658691911, [1]
-20.823986985209668, 0.6199646443029219, 0.8547144080823899, [1]
-20.82627822521348, 0.5510299959818455, 1.2553697701753737, [1]
-20.618760208942824, 0.7090810003459437, 1.1269716548061526, [1]
-20.558390404825136, 0.627650427986443, 0.8594547835387606, [0]
-20.72432519052952, 0.5617901581810458, 1.1808806633762419, [0]
-20.57559965893334, 0.5501170948680795, 0.941610112646158, [0]
-20.754564908363477, 0.6894066918876963, 0.9187213049123977, [0]
-20.99973947254623, 0.7838721613612322, 0.7945171979508114, [0]
-21.272758642930096, 0.8456534356677049, 0.795450082894548, [1]
-21.292666006836054, 0.7952072062161543, 1.0558871304387427, [1]
-20.828558094400957, 0.7186683383789128, 0.7162227745256213, [0]
-20.849206053011624, 0.5863274927466097, 0.7046993994817016, [0]
-21.26399687260016, 0.7784224380801135, 0.839838253583999, [1]
-21.14526250567127, 0.6454697459139401, 1.2027074956069403, [1]
-20.690040017368787, 0.7014275322324411, 0.7996543747184214, [1]
-21.1394192187111, 0.7537304174907303, 0.9407062098458074, [1]
-20.664113157560184, 0.5665464188684872, 1.1033505990674508, [0]
-20.812299283721707, 0.6183316133475351, 1.0102237360592912, [0]
-21.253801424070655, 0.4465518491156174, 0.9690997987568919, [0]
-21.02052989286738, 0.564796764193009, 0.7523254768596279, [0]
-20.547805500241086, 0.6790696944990994, 0.9278633198092343, [1]
-20.673610128298552, 0.6498168608278359, 0.844756925472164, [1]
-20.802536799786207, 0.7329426088916664, 1.1040983032496632, [0]
-20.798679235092354, 0.5472825411212341, 1.0422775967741846, [0]
-20.56345062600045, 0.6259691928322796, 0.9044364381089842, [0]
-20.77528937861061, 0.5568171217590321, 0.8078911035218744, [0]
-20.75473122068444, 0.7042287556791467, 0.8629970070396266, [1]
-20.911931018172734, 0.590057855829609, 1.1632829629236783, [1]
-20.78426957561837, 0.7638751447634293, 1.1128824695993074, [1]
-20.719814118391145, 0.5572119067148953, 0.8715250607392966, [1]
-20.61160219020041, 0.6665519554406982, 0.8612836446562718, [1]
-20.84700899549459, 0.5840695343275251, 1.0646966720087778, [0]
-20.652019255939255, 0.7037751094571025, 0.9625726434703773, [0]
-20.81591770763119, 0.49432975392768524, 0.823591054958853, [0]
-20.89540186339938, 0.6438938262123952, 1.3035907082362959, [1]
-20.65162708818489, 0.6743827471812491, 0.5228595362721653, [1]
-20.637792740723825, 0.6352825843740951, 1.1763247418362868, [0]
-20.697845180230836, 0.7060131734141165, 0.7560155586448134, [1]
-21.182967335302585, 0.4775808566017497, 1.1196034183378156, [1]
-20.71572571808911, 0.6143483894711455, 1.1388464706978652, [1]
-20.888292057108636, 0.4357356894406786, 0.9748684705057771, [0]
-21.145787599662782, 0.694760162707329, 0.6534157417386461, [0]
-20.681145304418806, 0.5510373009193997, 1.2521603887091177, [1]
-20.751917404871875, 0.541483509332741, 1.2374645219816582, [0]
-20.561820847226787, 0.6065571786022915, 1.3371880329309171, [0]
-20.663004683937736, 0.7289406940048946, 0.991668850010485, [0]
-20.58477038577958, 0.5353311488371603, 0.9009709465064306, [0]
-20.65236683211137, 0.5827182892941016, 1.2126677161703225, [1]
-20.57412170292724, 0.5784505838428031, 1.14213511656574, [1]
-21.035691332614913, 0.6739612047413046, 0.8924576134022496, [1]
-20.69896491071505, 0.8207402720843834, 0.9152386846954922, [1]
-20.688595518890395, 0.5889767697204954, 0.8354049603918285, [1]
-20.685118899587682, 0.6820951977124703, 0.949795396062202, [1]
-20.670244988336677, 0.6513209849599253, 0.9652877747140257, [0]
-20.625640711659663, 0.7955738503579664, 0.9675810240413183, [1]
-20.563264691140542, 0.4729417248274831, 0.9983186717392754, [0]
-20.65354841807084, 0.5442753013037074, 0.898992903784032, [1]
-20.60933296680416, 0.5815297369702406, 0.7783387340538184, [1]
-20.523343365541482, 0.6652534295634507, 1.070188125304911, [0]
-20.644659184405135, 0.562101583846165, 0.8017359050015873, [0]
-20.80922863457164, 0.8008630673555464, 0.9825304025893191, [0]
-20.54707435336324, 0.6999137431693891, 0.7882442217481763, [0]
-20.635378595847587, 0.5525164069382207, 1.173291131822859, [0]
-20.600131547184255, 0.6309505019805738, 0.7976709401688703, [0]
-20.778786756007808, 0.682759403601069, 0.7226463289556435, [0]
-20.684763706522165, 0.7465735944039306, 0.9456569035658111, [1]
-20.598409918183965, 0.5968241986409886, 1.0212567901397027, [1]
-21.096536527414955, 0.4658978017846095, 0.983387698332229, [0]
-21.049068230117236, 0.6942992781462638, 1.4042208024162899, [1]
-20.584751018250316, 0.7015730343699617, 0.5971261701686592, [0]
-21.04432020778093, 0.5848194154718587, 0.7314717279169591, [1]
-20.705458407508445, 0.5005119931364892, 0.9125234018563162, [1]
-20.753971538393042, 0.46387475472984613, 0.9259145269834022, [1]
-20.83019620669514, 0.455595216914711, 0.9971802008462674, [0]
-20.785715865217735, 0.6859292458830613, 0.8233285466807023, [1]
-20.83527089846907, 0.46825801245428383, 0.8950929749518256, [1]
-20.638620200875714, 0.4479242797669152, 0.8278883509279533, [0]
-20.66631078380037, 0.7230327359627716, 0.568934738006213, [1]
-20.611023417262743, 0.691805537049729, 1.1292105293052164, [0]
-20.549089119769178, 0.6989556963701975, 0.6283564997285943, [0]
-20.664058126674618, 0.638831509166545, 1.047136300097678, [0]
-20.63486368708534, 0.5352402167575535, 1.1735780825810505, [1]
-20.797568492821522, 0.8242918895961457, 0.9244872482989959, [0]
-20.50730135548893, 0.657987416556082, 1.0103001806929992, [0]
-20.72883466109245, 0.7231269344253376, 1.1679542479537082, [0]
-20.680855889044544, 0.5398539558317955, 0.8662725199773931, [1]
-20.59889278931118, 0.6605785969422516, 0.9300924429170034, [1]
-20.65549584790219, 0.6653997379684421, 1.1001773270251267, [1]
-20.669230729109852, 0.5179837440403912, 0.8358775326013517, [1]
-21.220136393419715, 0.4134933636558846, 0.7339728902555503, [1]
-20.868348518058124, 0.7045201486145364, 1.17824730621738, [1]
-20.760089458042973, 0.6376635034044551, 1.2152120900149757, [1]
-20.711716996007866, 0.8675495425216392, 1.0930091281566177, [1]
-20.878900027225583, 0.5236608438229361, 0.7310038513100265, [1]
-20.696976706003422, 0.6004761164271523, 1.2571931013495588, [0]
-20.622513729862845, 0.6137929742121933, 1.0266862471627352, [0]
-20.846497680655755, 0.632047705020098, 1.3487695786588383, [0]
-20.751842661899413, 0.4993898294909466, 0.9203605336010431, [1]
-20.593183330023912, 0.5319165200114278, 0.8674124464718393, [1]
-20.632183287850996, 0.6170075916933785, 0.7197575587346411, [1]
-21.133744823990998, 0.726593033278151, 0.8931430911824425, [1]
-20.848536874105427, 0.526629474226003, 1.1295559330162863, [1]
-20.95758176406228, 0.7451275653942492, 1.0301034899928991, [1]
-20.644723863634372, 0.5796774294271755, 0.8167131029099302, [1]
-20.871521290388557, 0.6671072349279743, 0.5503247398367788, [1]
-20.72243358949029, 0.684104895394607, 1.1564714783967391, [1]
-20.859356032535548, 0.49602920947011175, 1.2709145802790975, [0]
-20.60981489028116, 0.6421694861903597, 0.8093186834363971, [0]
-20.713298486984026, 0.5677636738611795, 0.650560508768034, [0]
-20.60847361156713, 0.5111054092040843, 0.8795181726194969, [1]
-20.688654114717288, 0.563304496748871, 1.2724318505249694, [0]
-20.568355009857953, 0.5886086560843118, 0.6490564119217601, [1]
-20.626385293409722, 0.659263510409496, 0.9885698294668692, [0]
-20.950781783582666, 0.5507693686977673, 0.7760193015201438, [1]
-20.643773350320842, 0.56997879112592, 1.175701579948247, [1]
-20.650776669112147, 0.5985702592867228, 1.2554081084612783, [0]
-20.940211396898093, 0.6943885626138926, 0.8787722415242929, [0]
-20.82799668684344, 0.7250538811027839, 0.959229307454292, [1]
-20.953963391614423, 0.76756038739233, 0.670419273793759, [1]
-20.841597472841524, 0.5487823239887547, 0.895386108092772, [1]
-20.600760976868695, 0.6343198322539972, 0.8808819963553889, [1]
-20.69183844428212, 0.5290670030223449, 1.052460453748002, [1]
-20.83932430933742, 0.5228930935384558, 0.8367151742177377, [1]
-20.862349199981857, 0.5683629632842326, 0.8815162501209464, [0]
-20.62770435651294, 0.7260596733081124, 1.1084877904869077, [0]
-21.289746607049135, 0.5825058668181698, 0.91302744139598, [0]
-20.865715410703007, 0.7060722409679207, 0.6219444201377501, [0]
-20.583908877927918, 0.6195760681301292, 0.9885846617258955, [1]
-20.578348180132224, 0.7811083638116663, 0.9262458629571818, [0]
-20.655940557160243, 0.5059068802247144, 0.7537435116037614, [0]
-20.751955575752884, 0.4933365238097485, 0.9267713799913803, [1]
-20.605599989415094, 0.47759067137917777, 0.8032425107599905, [1]
-20.55118156070228, 0.6598215039233092, 0.810531006640291, [1]
-20.576158882700636, 0.716337513911656, 1.1736911578675604, [1]
-20.837583171551067, 0.6609832492282408, 0.9376859064633865, [1]
-20.750569485909132, 0.5167846176537013, 0.8822215811190737, [1]
-20.898381697014408, 0.7287832964861983, 1.0579798966896494, [1]
-20.54869742400066, 0.5929891032283251, 1.0790329904608167, [1]
-20.725739454022335, 0.6811729902900603, 1.0261117925729932, [0]
-20.86783843831661, 0.6364562050318694, 1.0349589582815728, [0]
-20.903729428025017, 0.7265576212959775, 1.0488173073634277, [1]
-20.719798731518466, 0.736016223551924, 1.2143007443614209, [0]
-20.696587879943966, 0.5306905394928219, 0.9407898134431657, [0]
-20.739910944448354, 0.5977627444369298, 1.144051192378512, [1]
-20.60062005103291, 0.5241405936326078, 0.9580287144650934, [1]
-20.99378808984641, 0.5782075093147214, 1.3369207744876654, [1]
-20.772369375383125, 0.7372459044109997, 0.720547462389848, [1]
-20.886899016728876, 0.5593562953652964, 1.0382716134103154, [0]
-20.648906887221166, 0.5451115448395637, 1.1164782273812326, [0]
-20.641622533974918, 0.5259103032267275, 1.3462695215740663, [0]
-20.639685129225462, 0.7781306134342498, 0.8684890989390092, [0]
-20.82752622085349, 0.5113069837411716, 0.679485902069443, [0]
-20.627298998926275, 0.6286193318254379, 1.1112675898264137, [1]
-20.672034232468192, 0.6160210697187349, 0.9886960912651052, [0]
-20.632384086007317, 0.46513289253852375, 1.0219998868988356, [0]
-20.75633465825187, 0.48005910690177134, 0.6371987439540496, [0]
-20.772613610393986, 0.6560324696999853, 1.0373054147188387, [0]
-20.693987111497318, 0.7719168750558871, 1.1347661584582638, [0]
-21.02062968273994, 0.6548876082815518, 0.8273990912143036, [1]
-20.56225756120649, 0.5343417867943587, 1.0730481924547919, [1]
-20.594275070117515, 0.6086010855805507, 1.0884477222931008, [1]
-20.952255222678268, 0.6337774478921478, 1.2028462001350784, [0]
-20.588313620308465, 0.5526334245169864, 0.8840903961294209, [1]
-21.010496434160235, 0.6765175050259714, 1.3568681101635693, [1]
-20.646433044535257, 0.7613542049831094, 1.0804884983453094, [1]
-20.586352809832604, 0.5547497692798571, 0.8073189723859674, [0]
-20.593855869673988, 0.5297230398630175, 0.9372711676812355, [0]
-21.093905151367874, 0.6620154239104072, 1.2833185241656118, [1]
-20.553165396537796, 0.6016042762205567, 0.9483904427201955, [0]
-20.85161347374145, 0.5482714020274304, 0.6851342117233683, [1]
-21.108939641746147, 0.5659292448932193, 0.9637177528019036, [0]
-20.82211642170536, 0.7106208360234737, 0.8132097270776086, [0]
-20.70724449320354, 0.7879086324747858, 1.320737569244772, [0]
-20.57940682301332, 0.5477123387495344, 0.8760718529001206, [1]
-20.556687812623018, 0.6779273077996051, 0.8643981944480579, [1]
-20.94777522556936, 0.5165492652683092, 0.860468258023467, [0]
-20.844765450288207, 0.7299330408928992, 0.8869235489404889, [1]
-20.58503185400327, 0.5675935973180704, 0.6700556713605454, [1]
-20.919065078707035, 0.7333587904339969, 1.0327571041626478, [1]
-20.7585640203629, 0.6053492596503688, 1.1557364234782568, [1]
-20.6280255551065, 0.6163963131524225, 1.1743556344622248, [1]
-20.823072329405193, 0.5775885771383678, 0.5957051935124992, [0]
-20.698505246675936, 0.5722617658248416, 0.6518607542285138, [0]
-20.833187481243268, 0.7878385823372772, 1.1134255751149258, [0]
-20.910225462983057, 0.48476071170565116, 1.0457867172101392, [0]
-20.689672442880013, 0.7110627473099451, 1.1803257866828554, [0]
-20.751110422406583, 0.7367247774565663, 0.845803089096394, [0]
-20.529949718434185, 0.7078553735692994, 0.894925757444581, [1]
-20.66321464354627, 0.5419903979772513, 0.8101583489303693, [1]
-21.076472782848583, 0.6795646505748844, 0.8564073993933671, [1]
-20.554786057664842, 0.6768196641266773, 0.9920440526057553, [1]
-20.83115706921668, 0.4960851144336387, 1.171582996427713, [0]
-20.64440032989012, 0.41666094307200396, 0.8751496638236846, [0]
-20.678396040636443, 0.5963606984075662, 0.846757061162766, [0]
-20.640726261252137, 0.6796284622139128, 1.199739860100363, [1]
-20.866162322988615, 0.6171037375160139, 0.9481152967853004, [0]
-21.140348357596192, 0.7068078593017455, 0.960448967621227, [1]
-21.53652754648617, 0.4828467970616901, 0.6286073515226607, [1]
-20.674908216199793, 0.7663324765375097, 0.9497636454084372, [1]
-20.82547954526377, 0.5739666757069855, 1.2463237551753945, [1]
-20.856153084562667, 0.5778112181789989, 1.0952656922036117, [1]
-20.78835304179688, 0.5690991826617301, 0.8532868989064841, [1]
-20.54348930720118, 0.6657539105608107, 0.869863440411488, [1]
-20.734333460715362, 0.6418584656076958, 0.7838901201951637, [0]
-20.94353186265097, 0.7100222896528523, 1.1955760892345102, [1]
-20.904055848983212, 0.593936857232729, 1.2850098734126638, [1]
-20.609783988728296, 0.670829370914033, 0.9659130425648053, [1]
-20.576164799750988, 0.6583083725265872, 0.8569504354028661, [1]
-20.612674690857425, 0.43151005145395915, 0.8998554745230426, [0]
-20.683332581479007, 0.7771391068258037, 1.0013425851539148, [1]
-20.68902135354889, 0.5766743884091029, 0.8658374623265843, [1]
-20.591641419076417, 0.6259938286173509, 1.0218287950364622, [0]
-20.716193669854082, 0.636515095552166, 1.1731690787694955, [0]
-20.81564745529833, 0.4946686101635817, 1.1800986238877398, [0]
-20.673601498291063, 0.8150769880592148, 1.0652618256512474, [0]
-20.693404700333584, 0.5717085227521814, 0.8610860344914972, [0]
-20.76264538674359, 0.6838965830403199, 0.9275517942611711, [0]
-20.540007528098663, 0.6203836337914401, 1.1040215750208975, [0]
-20.678205076757276, 0.6220941302638315, 0.7898210693182579, [0]
-20.56069274363945, 0.66353118649772, 1.080253021112153, [1]
-20.57616697226495, 0.7344882094542485, 0.9455683117592247, [1]
-21.052499762153094, 0.5329564112590496, 1.0432047087015366, [1]
-20.588060524883296, 0.7289057419495752, 0.7780491311589423, [1]
-20.821583174976386, 0.6979527639298942, 0.8530473679877171, [0]
-20.72816208849052, 0.6698863234093726, 1.1573561553714433, [1]
-20.67822578667819, 0.7244150255594985, 1.0799259664783074, [1]
-20.79464664244751, 0.5207888136593981, 0.735645825931331, [1]
-20.954817434180242, 0.5033759157759952, 1.0765224804883942, [1]
-20.64600785771867, 0.6652973735908132, 0.9857477018125941, [0]
-20.614945607100324, 0.6744832705927822, 0.9231129343091963, [1]
-21.281289845696083, 0.6437706427243247, 1.2067891376213566, [1]
-20.567945445999687, 0.6540908727431899, 1.2258003249455551, [1]
-20.805557645742876, 0.5819583780107918, 1.0547084401319764, [1]
-20.619510843044054, 0.5300832732394795, 0.8983004304030018, [1]
-20.549999280371058, 0.5607693719716652, 0.958403360479085, [0]
-20.567954525306398, 0.5338186119709055, 0.8370335472787878, [0]
-20.708456639353372, 0.7123077556472426, 0.8616657338297073, [0]
-20.61261729564939, 0.6700004320713244, 0.8488172878441613, [0]
-20.908885366794095, 0.6406429966465166, 1.3814870167314188, [1]
-20.975221726737733, 0.7291188312720123, 1.2604447073255463, [0]
-20.596349296129425, 0.6319310835457429, 1.0085372792838163, [0]
-20.629577640605724, 0.644675546507065, 1.2292701510493815, [1]
-20.855045206489624, 0.594501694840955, 0.9113107493099614, [1]
-20.816121287645927, 0.7452025541463836, 1.3484419210245955, [1]
-20.678700825133905, 0.5516292074951086, 1.2284132379360435, [1]
-20.58973095699456, 0.6182627377031531, 0.8228371942003703, [1]
-20.61804613461049, 0.6287127593740228, 0.9040754580669532, [0]
-20.613483595517472, 0.6737048360527891, 1.0573259106031827, [1]
-20.665846653293364, 0.49130824940315176, 0.7324002300031096, [1]
-20.860232700224937, 0.6872426014315027, 1.108006467244425, [0]
-20.926517842860854, 0.6864375111486904, 0.7883354348532932, [0]
-20.566451091332905, 0.6131278607719584, 0.8179563012235039, [0]
-20.643075951665015, 0.5447340899352064, 0.763058840954756, [1]
-20.836541829712363, 0.6072317102471314, 0.940883625661443, [1]
-20.913413003821383, 0.5172414767077295, 0.7110865733468081, [1]
-20.80370320582177, 0.6583351297872675, 1.301357955075106, [0]
-20.80021708499158, 0.6907385525028241, 1.0216202416482996, [1]
-21.153536190292172, 0.6729114822152154, 1.074095526372041, [1]
-20.604238257470694, 0.6678841476758529, 1.0292308140482374, [0]
-20.78633904265375, 0.6885277998219808, 1.2400518068321433, [0]
-20.670703240973538, 0.6933364477388678, 1.124768621247287, [0]
-20.638734052308067, 0.5723910023428284, 0.7420735899418327, [0]
-20.698319570943376, 0.6031004750032344, 0.9951766135482576, [0]
-20.808198479140128, 0.5591593072506161, 1.1309242642431467, [0]
-20.791585740875995, 0.690779307142865, 0.8828628862414951, [0]
-20.955500515974745, 0.7557394730759501, 1.0657279105847504, [1]
-20.694571238969, 0.5115217418243457, 0.8963494060483931, [1]
-20.630796358546764, 0.7183359433162425, 0.7139304720915884, [1]
-20.759412394062558, 0.707487326185415, 0.6310062965829417, [1]
-20.698234671764958, 0.7373397325495088, 0.9717247382687427, [1]
-20.603697729048825, 0.528769262044348, 0.8577030313926854, [1]
-20.57925666679076, 0.6919449987678636, 1.072348526902409, [1]
-20.5126185797975, 0.5496250333726014, 1.0692979993812166, [1]
-21.075448156926768, 0.5141589554092894, 1.327659011456575, [1]
-20.960870098207767, 0.5836490483689651, 1.0683814630095634, [1]
-20.919316455900304, 0.6847334241674696, 0.8469793847181333, [1]
-21.10674930756939, 0.5759412395427628, 0.6654673976915603, [0]
-20.743487206761966, 0.6886711626217991, 1.0798431582276098, [0]
-20.660422373439484, 0.6839301635916151, 0.9177018409776683, [0]
-20.817187566750064, 0.6785363123269307, 1.21774160814128, [1]
-20.50668997987892, 0.500815869401269, 0.8272197333822382, [1]
-20.59073250014603, 0.6928709917789013, 1.1168602310870273, [1]
-20.956993543604174, 0.5970389343185514, 1.1885075566475631, [1]
-20.769234619246696, 0.5921864827127076, 1.0090772005958026, [1]
-20.499595356132318, 0.6453758415478217, 0.9778811035373218, [1]
-20.606131690201792, 0.6883551027100897, 0.809997013562271, [1]
-20.801985507708057, 0.5235455205235071, 0.8290011419973786, [0]
-20.855649581688514, 0.540915333013777, 0.8624890897572863, [0]
-20.62266591330059, 0.47590025945801484, 0.8194713409294081, [0]
-20.8976678935012, 0.6026995605722897, 1.2587230734936998, [1]
-20.60232878100487, 0.6183186490727721, 1.1769931127189668, [1]
-20.732737248000227, 0.6036534674541606, 1.1958264356712363, [0]
-20.59987672099307, 0.6881283487306882, 0.9079268823575005, [1]
-20.74755183796046, 0.728585917387399, 0.8016789797670694, [1]
-20.800952052367414, 0.5577414193260671, 0.6186363224964846, [0]
-20.911180140890774, 0.4273414868681289, 0.988269423323257, [0]
-20.68993516087862, 0.5793730079709227, 1.2462580284471456, [0]
-21.106123071322124, 0.5490558786138204, 1.026162354911664, [1]
-21.04475045242806, 0.6201279736497234, 0.8140169528879393, [0]
-20.973787402965556, 0.7130053203374671, 1.0453020209004067, [0]
-20.66308890668994, 0.6295454118716615, 1.1370066168650528, [1]
-20.747150008818817, 0.8262047710522373, 0.9747988082345073, [0]
-20.71262606471881, 0.6987269751438973, 0.929835871392986, [0]
-20.565526821120564, 0.5207755502469243, 0.8579850889377966, [1]
-20.8267376435768, 0.5255242286512847, 0.9614043237709926, [1]
-20.644595520757548, 0.6913702546045983, 0.7222725868422105, [1]
-20.79647333951619, 0.5502657087100402, 1.065459888274949, [0]
-20.847519935579076, 0.7234097394757236, 0.6908238656693673, [0]
-20.675580755096018, 0.667188082626134, 1.0031354507658672, [0]
-20.545833408693213, 0.6613957300762124, 0.908565949136479, [0]
-20.540518563297493, 0.6293026458362311, 0.8380841490202365, [0]
-20.657094574115256, 0.5368863537083701, 1.0968084392527766, [0]
-20.64043547010417, 0.5673981224671347, 1.0674728291743938, [0]
-20.72474497847214, 0.6597837328272753, 0.893010943984694, [0]
-20.61101998421673, 0.6265968903452166, 0.8133554435608312, [1]
-20.92786255743986, 0.6258623103345382, 0.8499893147678232, [0]
-20.708292669729627, 0.6049336175515792, 1.0150982964889137, [0]
-20.666237818214846, 0.5158325224355641, 0.9024420033607422, [0]
-20.716030296214036, 0.7079305595443963, 1.0565814255087504, [1]
-20.563664719347774, 0.6902260813327424, 1.0737248069644632, [0]
-20.8024673587981, 0.8144060952992127, 0.9575550574233567, [0]
-20.635650281028145, 0.5412745255134458, 0.9865756112370828, [1]
-20.920812388269763, 0.5694097560274174, 1.002080978692789, [0]
-20.780291791938566, 0.5817535695285622, 0.972446984713867, [0]
-20.772545367590258, 0.5446588642480671, 0.782815768763427, [0]
-20.60024245160065, 0.6907862521876836, 1.1364794175668402, [0]
-20.73691426491267, 0.5761322913395132, 1.1160974336412377, [1]
-20.878038499987735, 0.4276697054454465, 0.891899678845386, [1]
-20.73319099953052, 0.5062890703816811, 0.8230214336600776, [0]
-20.66163055817124, 0.678032712195741, 1.0638892993745412, [1]
-20.810109555456986, 0.7338629543509467, 0.719786303232371, [1]
-20.62941963518703, 0.644339448957225, 0.8745941247785123, [1]
