t=0.0015910345698773197
logZ_t=-2.279478988311843
-9.22455759207946, -0.2019324470178141, 2.126962846374833, [0]
-8.54151810352739, -0.5458968606640381, 1.866227204302473, [0]
-9.904533157444442, 0.5688135142364121, 2.037783978007789, [1]
-9.305208025406545, -0.7992770831517878, 1.424626669265784, [1]
-9.330545580562648, 0.6505488737032746, 1.6672314877758565, [1]
-9.392530317268198, 1.3772892428052224, 1.08534198654039, [1]
-9.868210424432814, 0.6233911920939779, 2.9055062401234, [1]
-9.649966310296943, 1.429897126340006, 1.85644789757029, [0]
-9.453703740000172, 1.1464892069593415, 1.9126451590481077, [1]
-9.135702294605686, 2.4559509269595488, 1.6010595589948022, [0]
-9.203229876673381, 0.8019703767144701, 2.0628935344693473, [1]
-9.569928118720204, 0.45079117668274704, 1.8815391440688882, [0]
-8.86662358436095, 0.4571302462521627, 1.6002848561705714, [1]
-9.224645568370967, 0.06365893476303963, 1.898300797339181, [0]
-9.266019927071241, 0.9845999134628187, 1.9890613516532443, [0]
-9.890420602439917, 0.9443237703742562, 3.038661285836578, [1]
-9.684222197990277, 0.9938682379181413, 0.7625055293287493, [1]
-8.531225100302334, 0.610954824000081, 0.9117819134616383, [0]
-10.388147963122517, 0.38266904150989123, 1.5644919016094276, [1]
-9.428681026141426, 0.19949703661274826, -0.5216546635874972, [1]
-9.658499267579545, 0.3652292926760148, 1.8515524746196035, [1]
-9.642157188744532, 0.6587266671037151, 1.663564755441658, [0]
-8.538097095571342, 0.8764303803438876, 2.3555008949931113, [0]
-8.797939366536587, 1.060280204839341, 2.197507462140365, [0]
-9.4723380954712, 0.873098805825929, 2.3629575064265547, [0]
-8.386834502433885, 1.1053948437760683, 1.6993970650095538, [1]
-9.603027701616588, 1.3099900677582685, 1.5155275112468378, [0]
-10.128945501425909, 0.3084288673794412, 1.5470633998760155, [0]
-9.407048230153952, 0.21056019913985868, 1.693452578339463, [1]
-9.718829716098323, 1.3795324371140334, 1.6692586225738892, [1]
-8.298275734701294, 0.11714526283412299, 0.9767777948712664, [0]
-9.718204487954926, 0.42724527807153806, 1.8315119562703448, [0]
-9.592449158367655, 1.598537847909513, 0.3582409286335596, [1]
-9.59507183480515, 0.6869572073957629, 0.7031597061363429, [0]
-9.955089685715583, 0.8501004513350254, -0.6252883989276352, [1]
-9.25427221908308, 1.135545084736174, 2.121506246811268, [0]
-9.627628727484497, -1.7423299727297514, -0.5406409821205079, [0]
-9.94224611843071, 0.17839157819392532, 1.4191117149965584, [0]
-10.92058458132066, 0.031630135208897514, 2.756039806196982, [0]
-9.482325814584131, -0.20303741311530807, 2.3133664372157137, [0]
-10.303797744108747, 1.7131511074480035, 2.0848525889085217, [0]
-9.408203286128302, 0.6540872751151176, 1.8793379180936043, [0]
-8.954349890273944, 0.29934140427979916, 2.7721593575380776, [1]
-9.546087114052943, 0.6753455902356529, 2.373778889166974, [0]
-8.621309204473437, 0.6951702534348598, 1.9958569121932705, [0]
-9.68374062513431, 1.4316272393867273, 0.33474981619024724, [1]
-8.597489207277563, 0.4126470661987749, 1.732757146853698, [0]
-9.838408219761838, 0.3459130324261062, 2.5293357900620617, [1]
-9.02431063641436, 0.9143159186435497, 2.130794792761112, [0]
-9.38046363716308, 1.2080350502773256, 1.6861140111417579, [0]
-9.958172354695503, 1.5068654743997396, 2.5364536757030174, [0]
-9.186415888102417, 0.09703385908322892, 1.7717868888789012, [1]
-9.451001082711256, 0.14805372627654484, 1.891243580899337, [0]
-8.82151849452663, 0.9262327862211996, 0.7624070906347333, [0]
-8.954696521966254, 1.0379146318277537, 1.3922682883836763, [1]
-8.851048866191359, -0.6638013304619061, 2.010279528229178, [1]
-9.468004782855559, 1.7978225374025185, 0.6989576391121124, [0]
-9.506716357063636, 0.7815876441471734, 3.0776666613388297, [1]
-9.421114509571018, 1.3471412299331336, 2.6926313574564276, [0]
-9.64224929128213, -0.30376059912836784, 1.8909976261230994, [1]
-9.458103038586255, 0.05214545302671525, 1.6169962786087226, [1]
-9.846384577974185, 0.6933348627269399, 2.362703624484085, [1]
-8.77475698740219, -0.36942842295464207, 1.2567426745420476, [1]
-8.917442061804113, -0.030688927615249523, 2.3026526851010627, [1]
-9.300832839946112, -1.2671344918087237, 0.191392568710258, [1]
-9.159646728485528, 1.4058889527393035, 2.3213377259819072, [1]
-9.456111816618488, 1.2806537646831773, 1.8209682499862732, [0]
-9.516909422483344, -0.19742202160518163, 0.776891600750884, [1]
-9.038268708532058, 0.20551229842727242, 1.3817206187473212, [1]
-9.417471609570331, 0.5472583534249749, 2.912312985402682, [1]
-8.696182463757005, 0.3801051003080344, 2.310879680780693, [1]
-9.750114749614434, 0.9505765323660573, 1.448109493702316, [0]
-8.574872002411846, 1.1881085181288014, 2.2358793622445425, [1]
-10.913278802733197, 1.3342340111207358, 0.47361334801974597, [0]
-9.911871420163374, 0.32948357045724896, 1.0620799205946345, [1]
-9.476340087924362, 0.7149735148033399, 1.1927205553710136, [1]
-8.856008520836024, 0.1771486428300144, 1.8163355187614916, [1]
-9.374275741922114, 1.1013586552731236, -0.4998350196561083, [0]
-9.980001188534194, 1.1600706646679921, 2.5827459698830184, [1]
-9.186151434959168, 1.4549829884925312, 1.8675126769121113, [0]
-9.384386435873102, 0.26189397435293726, 1.5364032205891658, [0]
-8.796319111356969, 0.6411209475154764, 1.490637168433418, [1]
-8.877168441489276, 0.9760717969498638, 1.3462625690926577, [1]
-10.441183981478316, 0.5300217671634877, 2.399733479543487, [0]
-9.792963644004823, -1.9965354099817583, 0.06171464702799967, [1]
-8.962648782231035, -0.8155909947432041, 0.25233392559818757, [1]
-9.326855846531444, -0.23196343460989044, 0.6870920513862515, [0]
-9.412670992591767, 1.1187206019244824, 2.3168307297080344, [1]
-9.653462103320559, 0.5521193999608308, 2.834632535898812, [0]
-9.388763158994802, 0.6851094084543214, 1.038718054031608, [1]
-8.771072287949357, 0.22683381694801186, 1.8568571614779237, [1]
-9.741265944438583, 0.49322644780830394, 3.455734510478385, [1]
-9.04279792339109, -0.09045342204050932, 2.2493107537929085, [1]
-9.172720535601302, 0.7347199114379125, 2.267341026797002, [1]
-9.859435362019221, 0.7392331226649838, 2.911646095638754, [1]
-9.138890978082744, 1.024498783308236, 2.982536900597136, [1]
-10.153375055430743, -0.9352395894254062, 0.9540387948100061, [0]
-8.92464791279001, 1.1191029664066499, 1.4641649567348909, [0]
-9.475583755900189, 0.8230769377251406, 1.9178871472435608, [0]
-8.986248742974855, -0.7373109783651743, 0.30501882478999054, [0]
-8.931943256207084, 0.3219690916101421, 2.1222385153255083, [1]
-8.921434002788386, 0.3190476380069769, 0.013372752119036768, [0]
-8.637471548405543, -0.23869631890125675, 2.0161399700362557, [1]
-8.578454737397742, 1.9263014347368046, 1.3829234229341867, [0]
-10.070414339743747, 0.18459884706112142, 1.7353419205225529, [0]
-8.880806014182618, -0.17535331001272447, 2.2508005851151704, [0]
-9.208975703032324, 0.988412843474128, 1.098519181175905, [1]
-9.472633950476189, 0.9267873608499132, 2.17463861267691, [0]
-8.729911354597167, 0.8101977434787492, 1.026779995597535, [0]
-9.470801734305162, 0.931949235789924, 1.8894998631040856, [0]
-9.873271712285945, 0.31915164277513675, 1.4613720172175286, [0]
-9.056325369265823, 0.6667635688195053, 2.3674285414738185, [1]
-8.712649282589382, 2.1517078520846415, 1.782055860045746, [1]
-8.761818993841821, 0.5693899429513721, 2.4409240444485225, [0]
-9.611050972138287, 1.1649556692961236, 2.3763383607815305, [0]
-8.484847884577597, 1.480511660547963, 1.5511113286417744, [1]
-8.97537626306287, 1.5596732691372395, 2.1619874476591923, [0]
-9.024046859907504, -0.9756382324128338, -0.32421078960699845, [0]
-8.567032204677576, 0.8249629498173929, 1.3598422244264312, [1]
-8.744652454771428, 1.0139213444165054, 0.12266880198695329, [0]
-8.863276708802374, 1.972460905294537, 0.8847617397412669, [0]
-9.05276265886383, 0.4930480721038639, 3.1521127577419668, [0]
-9.341872046562976, 0.9572235964992764, 2.3012255571587925, [1]
-8.982334986529455, 0.25948190173270025, 1.4487403509961272, [0]
-9.637968693876877, 0.3163138583467583, 2.029162387048948, [1]
-8.755471442244907, 1.0504092314770899, 1.8903524239997003, [1]
-8.938692118469941, 0.890589595654619, 2.2915617180345196, [0]
-10.013051323686145, 0.5233997106513728, 2.2714652106284796, [0]
-10.500312453199422, 1.6637332155239377, 0.23953897871646876, [0]
-9.508201921863709, 0.8711575410889644, 2.0542549452172625, [1]
-9.055230204726138, 1.7985988891049, 1.8464999300152423, [1]
-9.113698290901596, 0.02335883640395564, 0.9358272060259183, [0]
-9.205247497896668, 3.5658755113336533, -0.7575801870972985, [1]
-8.756308533684642, 0.31294518448583175, 2.4647814832547175, [0]
-8.868473457749783, -0.6506329114369481, 2.0593551401317094, [0]
-9.618850900220016, 1.4185278449490002, 1.4337020458027538, [0]
-9.904967620432016, 1.0927539491363856, 2.333460624409439, [0]
-9.105961954831736, 0.21816609638016748, 2.1826296841127557, [0]
-9.172738290807688, 0.42156953199018576, 1.8337378911481843, [1]
-9.305923839961922, 0.46780514418452307, 2.857174599776951, [0]
-8.504202477026753, 0.7894970350167376, 2.473047593130593, [1]
-9.16569134323544, 0.5127374071116867, 1.9866215806284013, [0]
-9.071754501151938, 0.758650711158769, 2.4583418876700462, [0]
-8.873231452407152, 1.5152519530494302, 1.7669799360488894, [1]
-9.996625810845082, 0.6732375743485688, 2.9737138539634707, [0]
-8.559333960088969, 0.3652423562744435, 2.0311149789903467, [1]
-8.85132690675499, 0.7044221989714062, 2.3196355977403798, [1]
-9.76246228950223, 1.5269897792395275, 1.3517906284135568, [0]
-9.856532000174292, 1.3674828750455332, 0.452154487097735, [1]
-9.66357447652697, 0.4146759589345071, 1.9000646380821968, [1]
-8.970507403888792, 1.678743113556553, 1.5520950176641035, [1]
-9.001404303398308, -3.2619045532967537, -0.4522801084907816, [1]
-8.482270879029368, 0.41385261367668325, 1.0021092772452767, [0]
-8.667910992812539, 1.0832667970340495, 2.379109763289888, [1]
-9.359675610143569, 1.5235176007572562, 0.7053760706194306, [0]
-9.199891438775312, 0.5640733472898607, 1.5500637188986475, [1]
-8.9262299092612, 1.7439840567166356, -0.9767195533681848, [0]
-9.641479431544795, 0.3184995675673333, 2.4687060935866034, [1]
-8.778376460512161, 0.5874495940202837, 1.0951217495472598, [1]
-9.874100489727814, -0.7335553468439893, 0.4045654344823145, [1]
-9.158287401178606, 1.1464670133053594, 0.28684615172780625, [0]
-8.578017133388672, 1.338782587286879, 2.2282732253539352, [0]
-9.460828350098724, 0.45135549385126184, 1.5710532050703683, [0]
-9.129359970613798, -0.5502959501463789, 1.7113634132626485, [1]
-9.44929635027382, 0.4003325312751182, 1.9648767450398337, [0]
-9.444205975837392, 0.7161244495117216, 2.0747006710025095, [0]
-9.365167654205509, 0.9924137805670857, 0.31054710411115793, [1]
-8.905399304665892, 1.4713848303161572, 1.1731546992317514, [0]
-8.887630349694563, -0.12723462284671017, 1.5207426751404551, [1]
-9.899177404088242, 0.3617608299984638, 3.3640551069612665, [0]
-9.70508775352829, -0.1740480724088992, 1.8110086662056752, [1]
-9.54101148183756, 0.572643228334373, 3.1428563855250067, [1]
-9.562868980496035, 0.1405174732922409, 1.8378461871568026, [0]
-9.12456366880151, 0.8602410233565484, 2.5976594828304655, [1]
-9.377330160946798, -0.515114948119352, 0.9196016665123194, [1]
-9.43985282259924, 0.6161629700277559, 2.2557147282507204, [0]
-10.921637595501092, -0.5501294581132503, 1.2783692453505566, [1]
-9.456861553604627, 0.18981197510432313, 2.1231314906229812, [0]
-9.58267356171001, 0.03244367106849555, 2.4393312725553598, [0]
-9.483502750860023, 1.2869854239481326, 0.9396994709803236, [0]
-9.995417070462283, 2.5426494387214866, 1.241958973402316, [1]
-9.126139475308388, 0.5646746341208532, 2.943992030590164, [0]
-8.759984912551609, 0.5445229041281395, 2.136275260757066, [1]
-9.704637238037696, -0.28290129428319827, 1.6205612255000248, [1]
-9.189376306613301, -3.008375874266208, -0.9109772040059557, [0]
-9.823041642575657, -0.25028205042989526, 1.4275166483077733, [0]
-10.387948725858402, 0.21886463352914523, 1.3683303631709587, [1]
-9.646141047049996, 1.7352469350616953, 1.586710031255235, [1]
-9.977575090972215, 0.3004754832343153, 1.3284123285423197, [1]
-8.627583754533092, 0.7402379378061209, 1.235691522011137, [1]
-9.382227999883211, 0.9998047028436979, 2.359720941432718, [1]
-9.717539285689028, 0.7650504175492064, 2.780292325426678, [1]
-9.067232906781095, 0.736541956404551, 1.639638727580793, [0]
-9.428227980583998, 0.5087597175237599, 2.815971821573263, [0]
-9.279278420562138, 0.7808847682794654, 2.5282629773663094, [1]
-9.207937461993064, 0.315989752253311, 1.8409514355527807, [0]
-9.62819363583399, 0.8491841425175566, 2.5868125258037766, [0]
-9.748794841479858, 0.5761261041684187, 0.7074049105326308, [0]
-10.080687010499082, 0.15527560434598472, 1.3938693607934485, [0]
-10.424054463664508, 2.5725440923614453, -0.5824007626681921, [1]
-9.511094376388789, 0.3029268034600082, 2.88258057856573, [1]
-9.914673450126697, -0.44275634716534784, 1.6830750139973591, [0]
-9.493765517711203, 0.4687220729839359, 1.1374693145767378, [0]
-9.629366026449727, 0.4300418751159246, 0.5808534727203796, [0]
-8.449302459810498, 1.283347084098174, 1.20901159067118, [0]
-8.91194404778881, 0.7949991406906853, 1.5597161225844494, [1]
-9.184698499682899, 0.5322944786103346, 2.221897221258606, [1]
-9.191214294171578, -0.3026949443890496, 0.6773543819802019, [0]
-8.406285658042924, 1.0033743351843114, 2.578703640242211, [1]
-9.833155270116592, 0.179039825147568, 2.4200298624653316, [1]
-8.949325357823989, 1.0590065286387431, 2.0357897451263436, [0]
-10.436686613471581, -0.36536816681571127, 1.4610843837039085, [1]
-9.65491741866453, -0.5465474594041766, 1.5701369625740382, [1]
-9.290340179158001, -0.0844379387835561, 1.458285851915243, [1]
-9.481584368005922, -1.3321158334155385, 1.1031200995157904, [0]
-10.555256355783253, 1.407656495468576, 0.692195068195268, [0]
-9.178347752440493, 1.0673106766186544, 1.1812928017708222, [0]
-8.610209969773532, 0.371619711071534, 0.8606427349907791, [1]
-9.135062491894955, 0.10962406776004374, 2.7485148516002553, [0]
-9.441143340785542, 2.4792414524408906, 0.2675380009253494, [1]
-8.185535291040807, 0.5578188288803458, 2.442355689685027, [1]
-8.780704865589689, 0.8345052279857876, 2.5450351187300404, [1]
-9.184981264258633, 0.8253379071595041, 0.3580138651933461, [1]
-10.168219333025814, 0.8894871409961584, 0.7944905890894558, [1]
-8.822032047336474, 0.7635142846044343, 1.8362617772364178, [0]
-8.266482269416628, 0.3241291913414771, 1.5652704213021555, [0]
-9.302531712641334, 0.48005768692985495, 1.6018972864591805, [0]
-8.151492499560895, 0.7632040784057409, 2.919632785219875, [0]
-9.023671215043912, 0.9071270402022403, 1.3648563438913792, [1]
-8.864272686635372, 0.7181667433074093, 2.8923195095158407, [1]
-10.05542118355196, 0.12571013916759433, 2.2932620974694338, [1]
-9.07790169108382, 0.5614252376612937, 3.0835508788477144, [0]
-9.111249366347398, 1.7566788221467964, 1.2197515005198454, [0]
-9.360147370991282, 1.6287396620105976, 1.2859749103172566, [1]
-8.325867943323441, 0.21024438511361626, 2.035243155941361, [0]
-9.388828582350873, 0.6007205464999172, 2.178790000799319, [1]
-8.734178259550081, 0.718610210571573, 2.626844463394788, [1]
-9.28867775456908, 0.8816433653906892, 0.7987206222218526, [0]
-9.77209119783335, 2.3687172231541895, 0.850694451123851, [1]
-10.098166664576203, -0.25572796450319657, 1.9829110764430877, [0]
-8.710548851628266, 0.7005334713176389, 0.8870235213790152, [1]
-10.307644029482189, 1.3613113042622498, 2.5387133127041372, [1]
-9.648554145903109, 0.9981778631533701, 1.8311683009857054, [0]
-9.483135738425608, 1.7185498440844618, 2.8925988844405226, [0]
-8.833964037057822, 1.0190193612613632, 2.3772904444667686, [1]
-10.044227977662826, 1.1888789207612172, 0.7115203677839057, [0]
-9.655715059883462, 0.957671361362975, 2.1080392430489714, [1]
-9.166885006310851, 0.5951445911794266, 2.3419576187200706, [1]
-9.516284587700383, 1.302606610674063, 2.4935018411074514, [1]
-9.552567196269532, 0.9303658202408678, 2.196190840837544, [1]
-10.264376575129809, 0.43919497835195637, 1.3073791107819728, [1]
-9.496255656327367, 0.478326425789412, 2.349749379365596, [0]
-9.618094986953095, 0.9785362360875633, 1.632109476030663, [0]
-9.982509446231111, -0.6482381029666326, 2.1977732379332875, [0]
-9.815364367065989, 1.5193217296112016, 1.6499744300306511, [0]
-9.596953357715991, 0.11083009307143027, 0.880566944455073, [1]
-9.750831486682026, 0.2124845848196939, 1.7328540208336252, [1]
-9.095661570310439, 1.3820366178738555, 1.9708668138135175, [1]
-9.354783434573605, 1.8403515169949143, 0.8020359081881381, [1]
-8.80496784798201, 0.7091665371623341, 2.9527181445606248, [1]
-8.953515253019624, 0.16902656653098247, 2.903460583597245, [1]
-9.164242096118725, 0.2767177656743408, 1.0110315337423823, [1]
-11.785156206371745, -0.326791965664889, 0.17645698601647986, [1]
-9.411651146464393, -0.9852516427976434, 0.5802744017456269, [0]
-9.169004915965084, 0.2515264202109758, 3.186652546888489, [1]
-9.055532242957126, -0.5253503161728031, 0.9484552229009948, [1]
-9.26080569028376, -0.016273124015803386, 1.6029074348852586, [1]
-8.539542066675205, 0.6761730311268289, 2.050522348911779, [0]
-9.509992043366994, 0.23484184696119492, 2.868519270865735, [0]
-9.42001621167475, 1.2388972522916295, 2.816632350257808, [0]
-9.865310685463548, 0.9501265550015553, 1.5428967531018287, [1]
-9.233935772478587, 0.23769842548248288, 2.0794515637247923, [0]
-8.710580024757922, 0.4331016448828664, 1.8287673424246518, [1]
-8.874928614240769, 1.0660969550097952, 2.753231441517064, [0]
-8.817689373247537, 0.5791531555321668, 1.3191303473383567, [0]
-8.676577283473135, 0.8407819793856375, 3.114275600906594, [0]
-8.81639134245248, 1.0048212819465452, 1.8617706526247957, [1]
-8.407262619656722, 0.6580042598362849, 1.090163346959321, [1]
-10.591930415186608, 0.06474290625261281, 0.9014249135614714, [1]
-9.596340617063436, -0.10105743358196795, 2.1380485481453975, [1]
-8.898613978956146, 0.6436141304420772, 2.364726517865855, [0]
-9.075679255025392, 0.7377359442118574, 1.7877796071153778, [1]
-9.480012786907702, -0.3669176629655726, 2.2051462394653485, [1]
-9.74934865116632, -0.07763216772932566, 0.45035517637295985, [1]
-8.604859900696093, -0.17648671934574067, 2.4795406676727465, [0]
-9.03262168783261, 0.6501693690651245, 3.426619627389499, [1]
-9.531305895164962, 0.09045699092330706, 1.4917000383804173, [1]
-9.094378543758532, 0.5597745053386479, 2.128564183205741, [1]
-8.783177217573074, 0.6544589412101597, 2.321445956199754, [0]
-9.23194295200459, -0.21961497082882536, 2.2876208343930653, [0]
-11.168796569329208, 1.5657023225942257, 1.133232039783921, [1]
-9.41911852018699, 0.20983613751794716, 1.5789138651015773, [0]
-8.812708582447499, -1.529396994900499, 0.10102049608253216, [0]
-8.48576897676696, 1.5104798694288168, 1.869800819030338, [1]
-9.441473809948214, 0.36799843454494724, 2.7313350501326834, [0]
-9.267841727655817, 1.5169495087498617, 2.309836381445043, [1]
-9.641490242123014, 0.10294341014869457, 2.867664463007449, [0]
-9.993804957138883, -1.080405978862222, 0.9433577610401442, [1]
-9.825879316737637, 0.2257894154140393, 1.9823312270850362, [1]
-10.379679715119407, -0.8048087055154873, 1.8618998230416197, [0]
-9.223231190856694, -0.4736668326047597, 1.9409685509750678, [0]
-10.72805558100015, 1.3967808349138775, 2.149236164295735, [0]
-8.938208359672895, -0.11608567319061203, 1.6164904687384412, [1]
-9.505063213846014, 0.10351818926084255, 1.3405120579387155, [0]
-8.288979194562145, 1.7705034425776827, 0.7084037410058208, [1]
-8.76138916635542, 1.0326771168082876, 2.515135212820054, [1]
-9.555813350786941, 1.1083644820704461, 1.8610507192938677, [1]
-9.68214175197681, 0.6927106325405787, 2.5698439175756835, [0]
-8.865920785159108, 0.374107818734308, 1.2120563292692, [1]
-8.383833577119047, 0.6348826221322251, 1.7291253974643026, [1]
-8.718166964515246, 1.2450281456043228, 2.7395680128708646, [0]
-9.2199401855671, 0.5860877429993114, 2.5010405997568634, [1]
-9.175337944261562, 1.0357994217822173, 2.1386150283150753, [0]
-10.058777287420314, -1.9888051225752466, -2.115540326387606, [1]
-9.565735531872605, 0.47015049672846654, 1.4419455900112732, [0]
-9.159371020518453, 0.4384935493639232, 2.9672029801404953, [0]
-9.820353130024618, 0.1626469458415462, 1.7398378115188993, [1]
-8.742954356986441, 0.7740769961004579, 2.6917262751479, [0]
-9.074564537578516, 4.378665664570629, -0.4085599441610862, [0]
-8.990230820484083, 0.5114577315880089, 1.9317091904006922, [1]
-8.584037056341359, 0.7139741245071964, 2.3082596479290443, [1]
-10.166218978721819, 0.2647275240622141, 2.005772756389136, [0]
-9.117260003181318, 1.3824479623633588, 1.7707753830703368, [0]
-8.492282874653842, 0.1344756237693303, 1.1821287000432115, [0]
-9.08195707449167, 0.2816269300678027, 2.107063665695568, [0]
-9.431092523634167, 1.1170531854523837, 0.756895245560288, [1]
-10.083948917000757, -0.2720522118836555, 2.66256316302326, [1]
-10.102971973615713, 1.803885431868777, 2.5759538922484317, [1]
-9.620879064976485, 0.23348408358341388, 2.5103599647344397, [1]
-8.580896379293037, 0.8571305726606047, 1.7162375969924468, [1]
-9.386023019386489, -0.9615826263641851, 1.5441076967274283, [0]
-9.391106774435876, 0.5460770474358501, 2.419176698734616, [1]
-9.131640312604059, 1.567213344189867, 2.071651745219239, [1]
-8.622098065393217, 0.8431301744559618, 1.2034062071057372, [0]
-9.501270403245588, 0.8172621892332375, 2.156607153217012, [1]
-9.311216293637427, 0.8536712921242957, 2.807929286252926, [1]
-9.064270610045236, 1.3688025106297925, 2.0200900927495846, [0]
-9.514025698382737, 0.23714725622761257, 1.2086817728541472, [1]
-8.830648471777325, 0.7715753120750444, 1.3662950871316333, [0]
-8.689785421178863, 0.7960218886048496, 0.7191995595971123, [0]
-8.945915827332561, 0.5490181098108107, 0.6952126359791325, [1]
-8.92138236183594, 0.29391815922517994, 1.8615834944281286, [0]
-10.440775378580243, 0.15395779807133048, 1.6436473441999482, [0]
-9.395199181855485, 0.3889784632209079, 2.676776617825399, [1]
-8.699094214749703, 1.481831286734461, 1.4948468896120506, [1]
-8.695465378489807, 0.5825525582779767, 2.8809585868760994, [0]
-8.469823978025895, 0.23173618112812222, 2.789767558083775, [1]
-10.15929545015338, 0.5573337033007, 1.0444180618133045, [1]
-9.081412393985428, 0.7960051422541339, 2.4797312968624263, [1]
-8.69412156162356, -0.3855684564474926, 0.8732882722909956, [1]
-9.429839997425765, 0.9788413010655641, 1.8868537274366104, [0]
-9.29955888464041, -0.23482596443007986, 0.9229786785676923, [1]
-9.959181301160381, 1.4949535961781266, 1.54214053023761, [0]
-9.87923055985169, -3.9165016098365104, -0.8173438124119448, [1]
-10.604111287028832, 1.5931396707901158, 2.607254985727832, [0]
-9.598120383715221, 0.6976416174838616, 1.7218574474765291, [0]
-8.83718374150536, 0.7726773755570119, 2.5866255451638427, [1]
-9.020771246482797, 1.5688812582772287, 2.047383830633711, [1]
-9.427185444667733, 1.3436228214788988, 2.1374916497547685, [0]
-9.331543368016987, 0.3454631901896772, 0.9502471900605223, [0]
-9.3035248461342, 0.7954559907633245, 1.8763652645988282, [0]
-8.785564933376008, 0.6529183576060311, 1.7367371480448823, [0]
-8.67218273326797, -0.4321936476959968, 1.4145113161935297, [0]
-9.137369683854422, 0.18059680726479385, 1.078640442377944, [0]
-9.074690822136052, 1.6693428934792145, 2.232685357536118, [1]
-9.625566434958431, -0.07203426074323449, 1.3894740100748149, [0]
-9.737685122794801, 0.38761814978061515, 1.4948464302942277, [0]
-9.199097433035845, 0.15160365372087975, 1.7256074936472436, [1]
-9.231183859645279, 1.1310513245930465, 1.3414816159418606, [0]
-9.154904103677426, 1.5142315664548862, 1.535395475731155, [0]
-9.320713623834637, 1.8650247467128178, 1.4521487492765457, [0]
-9.452582095622823, 0.7942900548940852, 2.950206107652026, [1]
-8.988739971763634, 1.7732048766947766, 2.0712203203777957, [1]
-9.139042581037417, 2.266966731734443, -2.1490657844426835, [0]
-9.306327920378775, 1.9762483939927658, 0.08108087650265494, [0]
-9.52787201606548, -3.2429769952909715, -0.32444253271228507, [1]
-10.720270519914543, 1.0742990984088676, 1.4465981567013033, [0]
-9.823778772047081, 0.8323836879611723, 1.8622601507981753, [1]
-8.62643991406391, 1.4328639177675648, 2.5764492488112967, [0]
-9.753284550416785, 1.1755568884225056, 1.826452117263206, [0]
-9.296663077120696, 0.11155488335840591, 2.3392575832815297, [0]
-10.148251153423598, 2.4796552158187755, -0.2674094516016787, [1]
-9.159993088027973, 1.2723454816427433, 1.933849600732947, [0]
-9.35527808252132, 1.1477270488556848, 2.2836678438919185, [0]
-9.571423453206531, 0.5243721824725949, 2.674670345011414, [0]
-8.514718834740565, -0.590650375225807, -0.2684235943385383, [0]
-8.798177210110142, 0.05393051983726782, 2.5400041626922345, [1]
-9.202773199435883, -0.29124991981690895, 1.9711441926620532, [0]
-10.296791446327127, 1.007167247854511, 1.7103828269124182, [1]
-9.85379676962567, 0.5523359074133742, 3.0796094925074406, [0]
-9.216711865188996, -0.09568973447125728, 2.301915633709682, [1]
-8.70952371999205, 0.43222374065051095, 1.9335986397941363, [0]
-9.15846942166521, 0.952435555545128, 1.4148657986992927, [0]
-8.92109913329612, -0.0063712533318396325, 2.4222147157489387, [0]
-9.49468638314175, 0.4134216861947202, 2.258024191283956, [0]
-9.965190143821745, -0.3803455544064503, 1.152800670757127, [1]
-8.851531636289817, 0.24133922159625987, 2.090691695454452, [0]
-8.985280825085116, -0.028589232657897257, 1.3603707722366538, [0]
-8.796617138582324, 1.0730506383188723, 1.994714779846324, [0]
-9.180839990483435, 1.8869601126925746, 0.0735454182502551, [1]
-9.566393678134176, 0.6266761190075667, 3.016926093589081, [0]
-9.603168340306988, 1.5959106568308659, 2.1611768507079177, [0]
-9.400571273625596, 0.9559671607991445, 2.5196677720536558, [0]
-8.670270078304219, 1.3787489319667974, 1.880112163684964, [0]
-8.677921774636703, 1.0703738822531412, 0.3385074569863623, [1]
-9.378614967472533, 0.5249700042986691, 1.4332085710570515, [0]
-9.530274362004064, 0.9218001949207565, 2.4693854442472896, [1]
-8.997150696301388, 1.1165495690500638, 1.6130941306392421, [0]
-8.742109116337234, 1.0053120003163825, 1.1117985962040087, [1]
-8.895950802641279, 2.007386688473724, 0.9095117614324268, [1]
-9.595524742262533, -0.2901588827278945, 1.1297525244382576, [0]
-8.996477043805639, 1.5687596619102342, 1.437979711143996, [0]
-8.477706352041348, 0.5463779556196172, 2.7261730197289227, [1]
-9.41171982554962, 0.947938227263055, 1.6481121177791715, [1]
-9.069386430368018, -0.18945869948958444, 1.6166346338922302, [0]
-9.258122020790465, 0.7146150996573875, 0.7905773988699978, [0]
-8.882798290909662, -0.028898023455721455, 2.814306201744027, [0]
-9.97429409311243, 4.044431653926509, 0.5467212641589456, [1]
-9.854990712272938, 1.5769411110530465, 2.1028720167109123, [0]
-10.448943019491253, 0.14587708914352526, 0.9207549252266997, [0]
-9.73789801618418, 0.4381808397972161, 1.7708304201480003, [0]
-8.549028734491463, -0.8738355615067753, 1.5480344272963282, [0]
-8.731714429647704, 0.5276190435376367, 1.5426641628631772, [1]
-9.76770525642091, 0.3367660726636199, 1.3818568611243698, [1]
-9.19641801245444, 0.6293576728706411, 1.1805090686429907, [0]
-9.452499185858295, -0.08261619404702747, 2.057854959364775, [1]
-8.66318032986688, 0.18519426178704096, 2.194819574124232, [0]
-9.9174895590811, 1.0151214928917898, -0.2955361318867482, [0]
-8.701355623353669, -0.23774543203008525, 2.126003236722461, [0]
-8.960893338510797, 0.5297765699095809, 1.6020091457652894, [1]
-9.453547687131534, 0.5355999899176398, 1.4068835190884574, [1]
-9.036121306073193, 2.1330810176274495, 0.27302794179803236, [0]
-9.114913051255677, 0.5274081875019737, 0.671359636396629, [1]
-9.827565194430402, 1.1068232856326556, 1.1176909651700104, [1]
-9.38605673280137, 2.4011979328213275, 0.4824030608548316, [0]
-8.60926577813365, 1.1799943376556334, 1.812739924564074, [0]
-9.406160935207211, 0.2891538776944659, 2.624116236269806, [0]
-8.525287274753621, 0.658253183244571, 1.4872804787399767, [1]
-9.97569061341402, 1.6877873667447687, 1.1320327910791725, [0]
-10.258664420362825, 0.34220902043347584, -0.2328302759117839, [1]
-10.020878443339129, 0.6755808068926304, 1.7760532867121803, [1]
-9.100925763809252, 1.4818670071551638, 2.6101544400557617, [0]
-8.589597718183013, 0.6971366355832787, 2.335274059130585, [0]
-9.721346097993457, 0.44851602064679563, 2.3862584932937274, [1]
-9.297107081619638, -0.27212460486929324, 1.276856823648541, [0]
-9.095363372702376, 0.5503749562998465, 2.8080384604702147, [0]
-9.240553419546437, 0.2975463473911204, 2.5480258531190083, [1]
-8.448031126472877, -0.09607939688183964, 1.0457152782398096, [0]
-9.484749719174266, 0.6346269686654831, 1.6952157868059212, [0]
-9.38266521566215, -1.3330129821819665, 0.49707884539366554, [1]
-9.564314090030765, 0.2834088296873194, 1.3924162656957995, [0]
-10.433243693784052, 0.7177543761518248, 1.7403813865325963, [1]
-9.320272097650175, 0.47089440037093, 2.261968220000642, [1]
-9.09199883697982, -0.40096396966715486, 0.14268237688906138, [0]
-9.435821544981845, -0.3555866248604006, -2.400428791816103, [1]
-9.504998619460581, -0.11974995093429974, 2.2961797758932647, [0]
-8.631711799580508, 0.6093170010672418, 0.351654702047641, [1]
-9.711611361906698, 0.32859280142247416, 1.3278947569239974, [1]
-9.802454561411977, 1.3410070031001973, 1.8105281508450997, [1]
-8.684787392996435, 0.601259204021189, 0.8088361720341233, [0]
-10.582064420088248, -0.02299411553489683, 2.73992743566935, [0]
-9.650351084622175, 0.8437972889813494, 2.677232820733514, [1]
-9.12500551362668, 0.7612307382906038, 1.0628334622097708, [0]
-8.502304501550844, 0.48814610478184695, 1.6430154241704247, [0]
-8.976441093820045, 0.4547415726966545, 1.7980126018601157, [0]
-9.831004361853346, 0.31432776664564666, 1.725882099678076, [1]
-8.9172902982832, -0.9938987369772623, 1.2182436866785635, [0]
-9.10632847564028, 0.4718290166157769, 1.7145782272179444, [1]
-9.754411109808867, 1.8913848192915257, -0.14801461960834428, [0]
-9.23642678532969, 0.6075355824069515, 1.6961070903580198, [0]
-9.090188439194032, -2.8444783566975547, 0.545683463315308, [0]
-9.00328689940409, 1.9079831868164785, 1.302701904517122, [1]
-9.194035163463038, 0.12861634102585118, 2.2803414491185032, [1]
-9.282655836491676, 1.5905573129667052, 2.800552182601974, [0]
-9.047613349645632, 0.47974682428550963, 2.948457662876614, [0]
-10.585424217773673, 0.5218976826276506, 1.129941240678531, [0]
-9.904543172341995, -0.6115658756492794, 1.559840908279897, [1]
-8.599987979836907, 0.7578534898189807, 2.6443643929015876, [0]
-9.995896725741645, -0.22371707755877912, 0.5983564725945427, [1]
-9.704708093517057, 0.999455283852193, 2.938149007102975, [1]
-9.326229537113957, 0.2985210366119451, 3.022519317272622, [0]
-8.976302214404367, 1.4106124537219673, 1.1985043404761635, [0]
-8.759382037222968, 1.2471957940422507, 1.1166691616917706, [1]
-9.290314155998695, 0.31913779954387866, 1.515118511053507, [1]
-8.470999515666152, 0.5179729198364423, 1.3237963760659945, [1]
-9.183650093532709, 1.0165317038330286, 2.8377349803829466, [1]
-9.167520698108396, 0.0035223526857999232, 2.4276475728218574, [1]
-8.812890914404843, 1.686412637431359, 1.1550238255194611, [0]
-8.62153883618518, 0.06454144250703722, 1.288255051344243, [1]
-9.663851514155365, 1.239806989177275, 2.991894646563499, [0]
-10.18866267804738, -0.09635023124583375, 2.43438222279413, [1]
-9.663868132676617, 0.24918391357888736, 3.333296665279815, [1]
-9.58593207380043, 0.382666194495511, 1.8635077511715805, [0]
-9.762838815001183, 0.8427406637904673, 1.0705190669781501, [0]
-9.331732086676023, 1.2671521517617967, 3.0612690275061034, [0]
-8.552507892668016, 0.2230605022855885, 2.4180742212612936, [1]
-8.415561951125127, 0.5447004012393029, 2.248494609429085, [1]
-9.759629698936502, 0.6873516096359369, 2.119976018445157, [1]
-9.479997816444197, 2.282692425894206, 1.3828533655685804, [1]
-9.112482576812662, -0.6402598538403422, 0.9749787567200825, [0]
-8.734042599356888, -0.031770920988115486, 2.511880081464983, [1]
-9.420648912607572, 0.4183197068500494, 1.9374310522236136, [1]
-8.587391362515836, 0.3053654638764264, 2.3357441059932724, [1]
-10.599152035173187, -0.00780860256501148, 1.479268294583655, [1]
-8.195107622091045, 0.11006219864914973, 1.2490950179030387, [1]
-9.57450477231958, -0.8097345189244349, -0.5889085216458669, [1]
-9.352836081893976, -0.47125253519736043, 2.474722313809259, [0]
-8.737352169697223, 0.5384035464831302, 2.3403545798542638, [1]
-9.684322715221874, 0.22146085430549056, 0.26400480569734863, [1]
-9.762288303068214, 0.8939114934319421, 3.0436057970643384, [0]
-9.501402684609104, 0.889806458599146, 1.2677109303718161, [1]
-9.664298141091068, 0.21759777991248427, 1.2398273744023482, [0]
-8.948265506091264, 1.1461075104103726, 1.897369497299667, [0]
-8.98046209860545, -0.20238766287186127, 0.3272343448466374, [1]
-9.838663625691074, 0.8456380896332156, 1.4680636916102698, [0]
-8.137188806234324, -0.45716507100960874, 1.33814393752177, [0]
-9.921315696912854, 2.740972198364594, -0.11693589669689586, [1]
-9.74229413225081, 1.5960941865951133, 0.9315698555468703, [1]
-9.429878670008408, 0.8289898139654557, 2.330701401156045, [1]
-8.625925156004593, 0.8993073772132334, 2.5644450052735746, [0]
-8.870243100760161, -0.25009130684998115, 1.3776223747840377, [0]
-8.884385691540004, 1.2018593374278042, 1.0358171872203694, [0]
-8.920747601891048, 0.3788983021654323, 2.933928898514804, [1]
-9.455947647251636, 0.8343581560908149, 2.385514044475253, [1]
-9.197202601000187, 0.39058827808363483, 0.6901066844562089, [0]
-9.199936066793136, 0.39835316797910747, 1.2881798253981245, [0]
-8.779062876022078, 1.32865525759251, 1.324454392824686, [1]
-9.44554911057604, 0.567685671490847, 2.1323272063934113, [0]
-9.11241384294975, -0.32766728461836836, 2.6557163383386797, [1]
-11.30719229515571, -0.9504877821654412, 2.385239953874175, [0]
-8.95589975318008, -0.784362585775729, 1.7922789782574213, [1]
-9.834978804390161, -1.3107857086824937, -0.4344382783934724, [1]
-9.237932798662897, 0.2438155753343767, 1.8996557593970163, [0]
-9.973382569586176, 0.3662056511248326, 2.4565069187895032, [0]
-9.033356808817699, 0.33946614844640344, 1.7500900826485806, [1]
-8.54370013393215, 0.3463648682453379, 2.3786306643082464, [1]
-9.260687333586962, 0.4843198238314834, 2.2171605264880614, [1]
-9.13905451750268, 1.5472486466941602, 0.20170317681706773, [1]
-8.811196495462859, 1.2387356520067438, 2.6421117302372714, [0]
-9.438403453771262, 0.39244723379824686, 1.1336734643770197, [1]
-9.873831412441406, 1.3402024686571068, 2.2664046211952558, [1]
-9.027923166479686, 1.8120911357178415, 2.018808826256615, [1]
-9.227803135741311, 1.3980604889912867, 0.467071028089859, [0]
-9.312343419805785, 1.3440209980549973, 1.5315496116786993, [0]
-9.694739976977333, -0.5192700422156102, 0.8575489418682962, [0]
-9.335838482596154, 0.5696748396173636, 2.051409174611364, [1]
-10.12310326264562, 0.040498660402449205, 0.7971955541370408, [1]
-8.36998907942495, 0.529796334199436, 1.3201712296919608, [0]
-9.547965429366494, 0.42333986447160044, 0.6396330418609377, [0]
-8.944989526872892, 0.056178265605047795, 0.2874997362935794, [0]
-10.093579443285162, 0.41464882998134456, 0.507709231940418, [1]
-9.1075716390774, -2.543293316226691, -1.392105414060354, [0]
-9.270506408553478, 0.449686210371663, 2.5639129577903637, [0]
-9.176120331795124, 0.5076193282611114, 2.262238559803222, [1]
-9.710996563536384, 1.2581255468282317, 2.112161566461025, [1]
-9.37214504118316, 0.6901258380942612, 1.0877065106146535, [0]
-9.201690259736795, 1.2797489514510096, 2.1977181390514833, [0]
-8.616370037102405, 0.4763708652320723, 2.7171071954626105, [0]
-9.752393272415505, 1.0486992967617927, 1.1594142934938398, [1]
-8.496184342640907, -0.09763387177202576, 0.5907169011957245, [0]
-9.71965880395849, 0.7709963027048189, 1.2679952347387773, [1]
-9.307221396559836, 0.009664323574272382, 1.1792580224761255, [0]
-9.20104343793814, 0.5567897691926882, 1.6575517706887555, [1]
-9.376286742972283, -0.2710657935706709, 2.1396216689113823, [1]
-9.041811320840482, 1.2056707913852809, 2.200808815154022, [0]
-9.150259439577733, 1.185239188087317, 1.8203063862384745, [0]
-9.12439644562213, 1.1228301527168014, 2.61743839452065, [0]
-8.790356873009602, 0.4886084801195943, 2.63317530296656, [0]
-10.45681132868722, 1.3566543270407863, 1.8492426552596497, [1]
-9.528978472075625, 0.9706774199677599, 3.0120955402691054, [0]
-9.713364740099491, 0.1214133224180054, 1.5858015110916388, [1]
-9.879098736994308, 0.9721576706576618, 3.0345352627362123, [0]
-9.111001286935526, 0.07779198999029768, 1.3475512344877134, [0]
-9.328264012747525, 0.4390528250188225, 1.6548222131940968, [1]
-9.081368665872432, 0.23957697982843196, 0.9069300136268355, [1]
-9.429317069672344, 0.4877588488317678, 0.8549159480371229, [1]
-9.857024445478197, -0.041677303324821446, 2.482180066723005, [1]
-8.59168832306294, 0.4200470081686819, 2.040330867277518, [0]
-8.993995393451577, 0.547959574573432, 1.749678874183161, [1]
-9.978976583607475, -1.238087799223412, 0.7087325773878457, [1]
-8.918215428126524, 0.2749493766010782, 2.381644928834881, [0]
-9.389806655268297, -1.0506953431458792, 1.7016643327036365, [0]
-9.718413613000006, 0.10369979615041913, 2.036386863831165, [0]
-8.819984357538816, 0.9756170677980813, 1.5555194804050143, [1]
-8.903045192162452, 1.5558026675817167, 1.098799392905377, [1]
-9.398253920316709, 1.3611074484461527, 1.8472540353499682, [0]
-9.355180290176374, 1.272098386972559, 1.3427630477052857, [0]
-9.126327548975796, 0.43322844656038395, -0.005775863252331481, [1]
-9.869284670716079, 0.8611537772503973, 2.1963366365980255, [0]
-8.85871610324029, 0.3168513325601598, 2.5145425104252634, [1]
-9.121143860774618, 1.0388282801425759, 1.3859516331592867, [0]
-8.749878194138082, 0.6398279028952709, 1.7466554539941028, [0]
-8.370088817159287, -0.041549474076470805, 2.976033159344964, [1]
-9.332224512540087, 0.815186819222864, 1.1159569886348177, [1]
-9.501034113520983, 0.8495403270660566, 2.305723161091438, [0]
-9.817388956566363, -0.43235510844645253, 1.0721789985922558, [1]
-9.597324274494913, 0.2857733561365336, 1.5089847167381327, [1]
-9.7711743106637, 0.6791274397714748, 2.3294053738591174, [0]
-9.197433192087413, 0.44905432843235693, 1.7873328765838115, [0]
-9.24973871436739, 0.5297374688314389, 1.7548418179992928, [0]
-9.154810940557521, 1.4738125780361553, 0.9886441182471069, [1]
-9.757810133176605, 0.1319569642273187, 2.435396871395198, [0]
-10.088329179736537, 1.5966143831784134, -0.07410063367011599, [0]
-9.98817489780124, 0.3006770427775295, 3.4532499694473966, [0]
-10.142287241151976, 1.6831764412799972, 1.438510782982688, [0]
-9.803171882546744, 0.6946359677594229, 2.879161995135499, [1]
-8.910853309987111, 0.3003264312279721, 2.161095414815192, [0]
-9.33102847093282, -0.5305549238463861, 1.4272575693026317, [1]
-8.988237459775723, 1.1961742944227773, 3.35348100001004, [1]
-9.640273951829514, 1.638322959841335, 0.3840086416119283, [0]
-9.765242522815468, 0.8872469817057846, 1.5251194141785867, [1]
-9.378765463192234, 1.1545233705709255, 0.23819282160197908, [0]
-9.139236636802053, 1.4002467844298454, 1.3648371233830348, [1]
-8.588983507263963, 0.9943053160368055, 2.1577808253834876, [1]
-9.423965730343182, 1.056114986751337, 2.016702239994098, [1]
-9.659601936123714, 2.3789654441594945, 0.5320109530270607, [1]
-8.647489391327852, 0.9580784914537164, 1.8644707818967639, [1]
-9.18686012126361, 0.819218900919364, 2.234657466243453, [1]
-9.344263184371957, 1.9475490127975021, 1.297701083516419, [0]
-10.391134958625564, 0.3481644661320476, 1.777414643803377, [1]
-9.480621632553923, 0.09557328898824391, 1.7649375202468502, [0]
-9.396533920415624, -0.6624120351023257, 1.8990943513713183, [0]
-9.081989583380409, 0.8576184092343144, 2.176147556694405, [0]
-9.47081522611128, 0.7281978432912488, 1.9990643215524633, [1]
-10.251862557392835, 0.5367047713705502, 3.35934550192848, [1]
-8.359139639201969, 0.5866285040035956, 1.5222397507858423, [1]
-9.175066429215903, 0.7930266148053673, 1.038840879999852, [1]
-8.797341978909838, -0.09953562381800818, 2.742691754481195, [1]
-9.506674133006468, -1.223544768997931, 1.1974801997350217, [0]
-9.021898214394016, 1.1825041659027908, 1.5941690922447602, [0]
-9.750341202921122, 0.8548974393011038, 2.870498014749345, [1]
-9.018912770205437, 0.4014540417839848, 0.9528537729888402, [1]
-9.543970174545077, 1.0375563139300141, 2.6232712357217007, [1]
-9.419914246427526, 0.49082291213823337, 1.4571002590797326, [0]
-9.593134102808797, 0.9693707144420737, 0.37455729350166433, [0]
-8.605357967543323, 0.6372295169153239, 0.12150244405049326, [1]
-9.305501625911464, 1.4528029843398949, 1.2270428045583972, [1]
-8.890492996824383, 0.8473213406193586, 2.8285751127563334, [1]
-9.45506967622377, -0.23039471229034025, 2.64771242781857, [0]
-9.250082183714216, -0.23236553276052596, 1.3507273414731693, [1]
-9.341185604604664, 0.9310430162752957, 2.5324558367144228, [0]
-8.95414031391166, -0.34075747410529333, 1.7322521837525582, [1]
-9.415846432943612, 0.7148851685475821, 3.0294712952839697, [0]
-10.22952014768679, 0.8000562395426571, 2.964136293679808, [0]
-9.631282362711177, 0.2251374851801562, 2.027767588870886, [1]
-8.84486113836352, -0.5557352572042966, -0.008670011977422565, [0]
-10.167084536606698, 1.2516938496235759, 0.3030142106495779, [0]
-9.742643043276678, 0.6952056035561744, 2.371378179516296, [1]
-9.115574770828847, -0.32224866900562293, 2.0906882230432355, [1]
-10.847950646116693, 0.4972494964402238, 2.9306440397923788, [1]
-9.587330812649641, -0.39894206836080026, 0.590535327295242, [0]
-9.028516434468012, 1.1102379289119024, 1.737866000079828, [1]
-9.797737306003397, 0.4585533342975734, 2.086992609604594, [1]
-8.998628193481917, 0.8424372676406859, 2.1784002908933124, [1]
-8.813538653551626, 2.2781883648097363, 0.7752270764235003, [0]
-9.293773097482736, -0.49201480203177494, 1.7472492750781228, [0]
-8.976811606451717, 3.0031084579791307, 0.5744586130989774, [1]
-9.690568680778876, 0.8983956999781832, 0.9164851991575235, [1]
-9.35195621112065, 1.6527201308492727, 1.6936366611090403, [1]
-8.950455493448164, -0.2469838435982663, 0.7486625051338118, [1]
-9.266484220268328, 0.9573684432693569, 1.5318601911228793, [1]
-8.91509929581949, 0.6935759470229701, 2.6086402719368027, [1]
-8.936891938612728, 0.5308488843922358, 0.7614058360580398, [0]
-9.299509142357037, 0.7874774303178949, 2.164220711258751, [1]
-8.832648569308413, 1.7358563311235664, 1.1540985349924007, [0]
-8.945067187104796, 0.17178687077126087, 1.5443813893936795, [0]
-9.036618773794043, 0.7802182822661878, 1.2754973508586156, [0]
-9.249621264121643, 0.7750187207844904, -0.47238557954108473, [1]
-9.510555690552604, -0.18869507459234258, 2.0303032061604043, [1]
-9.282407750053236, 0.42503125004696085, 1.5141049415625738, [0]
-8.699036774471542, -0.33247449603549106, 0.943815446005128, [1]
-9.928869371795807, 0.5446795766296559, 3.863327368027544, [1]
-9.504770506318826, 0.6528149279675757, 1.5153303936525422, [1]
-8.891509766144178, 0.35154336347270676, 0.2545040364443002, [1]
-8.69743447385174, 0.8172689352359737, 2.028384783081461, [0]
-8.887649084188068, 0.5453107968083792, 2.9042069546533287, [1]
-8.798708097209317, 1.0337465056789414, 1.7406252776418614, [0]
-9.73127778862986, -0.016649110162365144, 1.942566690802256, [0]
-10.265334114842206, 0.5852590689344133, 2.865301083942277, [0]
-8.83359155429159, 0.9552294901885854, 2.8809113500923336, [1]
-9.218388131149597, 0.8595156774752033, 1.856072575318611, [1]
-9.052411816157484, -0.37883502415897796, 1.65323041306342, [0]
-9.163701736050793, 1.3933055253732771, 1.197514804031778, [0]
-9.34364381920341, -2.2723119588519234, 0.021944961860984602, [0]
-9.396612914860432, -3.1501546309183066, -0.5887195944812424, [0]
-9.54416798235493, 0.22163306349983775, 1.7820749984231088, [0]
-9.13961677463137, 1.3373490227197067, 2.321470264044666, [1]
-10.614723078618841, 1.9522452116133202, 0.6288759414498107, [1]
-8.868065507105833, 0.43214279993978144, 2.638270132139484, [0]
-9.602516995549616, 1.4715171186670297, 1.6660999795702427, [1]
-9.34815133142659, -0.6955954039857445, 1.0371835748121332, [1]
-8.47963653714848, 2.183989955211539, 1.1444027891031157, [1]
-8.95009977060831, -0.2368097797678257, 2.7622571387776897, [0]
-9.989777154406575, 0.520836843039481, 1.7593098951021393, [0]
-9.3629992501418, 0.01397592850483309, 2.2866859328797835, [1]
-8.678965897573498, 0.785156252098146, 1.6181580493903602, [1]
-9.82187378874169, -0.22138196290049583, 2.5510663625664303, [0]
-9.067104008124012, 1.2533198165718413, 1.7784169641607837, [1]
-9.610267670143967, 0.6122643722586492, 3.0034691474595685, [1]
-9.684495742869846, 0.7961262087774338, 2.660238707622806, [1]
-9.940976843426306, 0.1743910251263756, 1.7517250251029508, [1]
-8.901151335637845, 0.36779078081992966, 1.5773538867311603, [0]
-8.92937259948546, -0.11552699767370389, -0.5358515551313916, [0]
-9.045715224031389, 0.9429875078673369, 0.6211338485019117, [1]
-9.24021861731565, 0.5771122820178477, 1.659979988063218, [1]
-8.773465841361064, -1.117187663439211, 0.31043405089226406, [0]
-9.061212488376944, 0.37750924209202996, 2.1201426311301823, [0]
-8.883833914489708, 0.8831963865980583, 2.5810611207774192, [0]
-8.93471260209292, 1.267957101594275, 2.5893602683240178, [0]
-8.572975528351797, 2.1188095088820003, 0.33443020213363284, [1]
-9.412194867380745, 0.8173106841616469, 2.556230382216601, [1]
-8.965854480465861, 0.012255910532413372, 2.175958940586418, [1]
-9.71647317413116, 1.4579087318728015, 2.227367751388397, [1]
-9.01747048721837, -0.21349135957799747, 1.3699502496696119, [1]
-9.183938076663182, 0.674153187782955, 1.0345640901421405, [1]
-9.58995775571161, 1.330911239383453, 1.5375242155377495, [0]
-9.03236018296093, 0.2821681755672626, 2.423329634396358, [1]
-9.946644374511454, -0.20148399229333144, 0.9617414504545714, [0]
-8.746655787600124, 1.1120955748457566, 1.0378229217980726, [1]
-8.719312602676819, 0.4217658056493467, 2.48131415680687, [0]
-9.186750754734918, 0.3948126236389373, 0.9924249137670567, [0]
-9.899940694181673, 0.05851348102744325, 2.476341703500265, [1]
-9.575228358941924, 0.0472399035241402, 1.3564598061279822, [1]
-9.677986107392341, 0.6811384533071703, 3.173587083536811, [0]
-8.781030103161859, -0.2047902845936016, 0.9449146063508993, [1]
-9.959155629933631, 0.5109662895581395, 2.5515256311633636, [1]
-10.008925678489591, 0.26582815807185867, 1.038322038623667, [0]
-8.870581768906, -0.003939714867929378, 2.280735291713834, [1]
-9.09245404904376, 1.1011636515886836, 1.2806179617791245, [0]
-8.865402829257146, 0.800210772137298, 1.6363674070488337, [1]
-8.870884260453199, 1.068224987201668, 1.234812528281806, [0]
-9.650304046367312, 0.1466899638367669, 2.68679572458463, [1]
-9.144060339391666, 0.3657666781165883, 1.967992010037848, [0]
-8.417691521776295, -0.5427232916138724, 1.3501699840184593, [0]
-9.51636558671851, 0.4468395580730998, 2.0796681962550805, [0]
-8.662604074219878, 0.25767797153284866, 2.050063005119148, [1]
-9.335658205537687, 0.1801612877237478, 1.7754646656380784, [0]
-9.524702647648562, 0.5944062793732192, 1.2643753539890614, [0]
-9.015079094468424, -0.1972725345393439, 2.146740629023969, [0]
-8.388786103899983, 1.3273760497767133, 2.390370128258254, [1]
-9.361036786405489, 1.193833102842291, -1.434391195339158, [1]
-9.152208515956406, 0.8700841133850215, 0.14152552743905433, [0]
-9.534960602022217, 1.3573338547499474, 1.8399007365379503, [0]
-8.796845675263695, 0.5919161316304626, 1.8438248564062034, [1]
-9.524467210942213, 0.9169675843882551, 1.3390984003356088, [0]
-9.251888379032588, -0.9843578563022972, 1.6401245947138074, [1]
-9.048883975489886, 1.0429225350975502, 1.4774144280586634, [1]
-8.974266154497547, 0.9979778499894244, 2.1547364282598283, [0]
-8.594396614874087, 0.5398655642616628, 1.5634048019172946, [1]
-9.354904621562367, 0.3362178885904431, 2.14106768531142, [1]
-8.697118215524137, 0.5776960654675599, 2.316904756450108, [1]
-8.558374284363067, 1.0951420971916868, 2.4387068188026233, [1]
-9.875512373487746, -1.2448139460161318, 0.08348344846541056, [0]
-9.142919510405326, 1.334042051705182, 0.9458247806656008, [0]
-9.226056191634457, 1.2982741351279203, 2.317021140426033, [0]
-9.740854614065066, 0.1920522018578421, 2.0662607218875837, [1]
-9.344096978587068, 1.6018828825526363, 1.5887910698854122, [0]
-9.399464687249642, 0.7061166310982308, 2.4819256347778587, [1]
-9.166111035996323, 2.1555519410618325, 1.7046081075396982, [1]
-8.814724079850777, 1.2782670806085068, 1.9381120760602635, [0]
-8.902538963780813, 1.0043359411417583, 1.970806697672027, [1]
-8.990818023683097, 0.28349096147938424, 2.7450466182323545, [0]
-10.296784640582269, 0.6254160706552752, 0.9932339512324335, [1]
-9.220719786270635, 0.09682301824426065, 2.184224812248012, [1]
-8.994070004431075, 0.321910796142754, 2.4275620342118667, [1]
-8.62598138338678, -0.2699530209840848, 0.6929673903280467, [1]
-9.089977706731135, 0.3054018707255317, 1.8029364385022624, [0]
-10.311030159596806, 1.2204862340618639, 1.1095144802847443, [0]
-8.271661411017138, -0.11274740729771826, 1.4503208656036093, [0]
-10.141840231952017, 1.51547701732558, 2.1987270218117203, [1]
-9.146734730785258, 0.9568897779381528, 2.973842989374052, [0]
-8.91229130602183, 1.2828893104239913, 1.9651118739273568, [0]
-8.551249836462873, 1.1861549035974854, 3.248786641374106, [0]
-10.040168559886554, -0.44687322466778856, 1.0030973741598128, [0]
-10.069693473885678, 1.0038811249410473, -0.2580867449883357, [1]
-9.462718582820221, 0.35303324162979677, 3.0179231725344975, [1]
-8.665321010806005, 0.3950781207522266, 2.1473169013459774, [1]
-9.4189798035757, -0.26570565622970543, 1.714002126833796, [1]
-10.766207134177325, 0.16189103769514104, 1.6537129136938655, [0]
-9.37708118989918, -0.6826239692926657, -0.645086800736153, [1]
-9.540732725149274, -0.3339585560624524, 1.4255257203833727, [0]
-8.96924565869624, 0.286809885757797, 1.6205099877724245, [0]
-9.216886843889416, 2.1935449131665363, 1.3379330760409367, [1]
-9.33423043258609, -0.36793202279013604, 1.7061478787411901, [1]
-9.363255777133395, 0.3864645718177193, 2.3798589831834014, [1]
-9.562865664565368, 0.535259924431552, 0.9221341305948657, [1]
-8.450784917835119, 0.40154163575832347, 2.2327719708033644, [0]
-9.538968771428818, 0.5688638304669563, 2.486504750446376, [0]
-8.933383978187486, -0.09587622785713923, 1.035603019542388, [1]
-9.447156121181361, 0.8265486439939849, 2.57077644301595, [0]
-9.12393041983336, 1.0724254384545135, 1.7533259659323508, [0]
-9.1397395790887, -0.47377951995771533, 2.5337418209861338, [1]
-8.894282425134882, 0.8032393319185793, 1.5924832954890915, [1]
-9.541791162529309, 1.4300693815479613, 1.6456300686130154, [0]
-9.015478975530034, 0.45110971222736407, 0.7137631785613638, [0]
-8.34475517120646, 1.0767650122533117, 1.135018415565239, [0]
-8.964309168058463, 1.5937993966025708, 1.8815711407763094, [0]
-8.815040371299778, -0.10969749364636139, 1.5451507842895134, [1]
-9.416274401962013, 2.911038008480665, 0.4367170765402669, [0]
-9.046461968968217, -0.8308331453736861, 0.57813246170749, [0]
-8.905429133578647, 0.3993511940769011, 1.766719700263954, [1]
-10.31793584799774, 2.237548048343477, 1.6202456236146285, [0]
-8.537615781418216, 0.06604670671372281, 2.058889828235268, [0]
-9.081725087206836, 1.2046509231500584, 2.2176877995365247, [1]
-9.386708334002684, -0.16641088883936528, 1.8191126537670503, [1]
-9.692906112318717, -0.8975720983463967, 0.5945309553423057, [1]
-10.025581820261607, 1.535898847397035, 2.2030553761363803, [0]
-9.89737169196924, 0.49233742637715794, 2.212922043174058, [1]
-9.274325569208987, 1.071294828195195, 1.9865100047384845, [1]
-8.897909821646444, 1.5706044557952983, 1.8726528125611823, [1]
-9.77416787325926, 0.6238484300284506, 1.0907125949624141, [1]
-9.699013911708745, 1.3046622710044469, 0.5236639049565824, [0]
-9.034609183559269, 0.824362931758816, 2.6349168976911774, [0]
-9.266614677981106, 1.080422983909092, 1.2589306795391626, [0]
-9.80611317518501, 1.1743113864690944, 2.176318125107223, [0]
-8.590709331292656, 0.5333316308103175, 1.8426793368856127, [1]
-9.271217757914895, 1.1857627134162492, 1.7663245712506426, [0]
-9.406345452207784, 2.7384096078371947, 0.8538202169931906, [1]
-9.311001980861983, 0.5127850792207965, 1.5667221226171206, [1]
-10.982454220445536, 1.5810375258141356, 1.857422387910286, [1]
-9.340256326856545, -0.538822308202489, 0.8903158843933859, [0]
-8.408038651614358, 0.6926461204001614, 1.7198887569045622, [0]
-9.317484757127081, 1.8311230848587359, 1.7957869230021168, [1]
-9.386646853924937, 0.4247455075003179, 2.645743993823205, [0]
-8.977018236741946, 0.14492315133439196, 2.44706605483813, [1]
-9.218369325909025, 0.6206919839626935, 2.0021103639491953, [1]
-8.806717230985416, 0.49086346990058527, 1.592920100776565, [1]
-8.219768787004385, 0.19842083675598518, 1.7181648514058703, [0]
-9.519456452892692, 0.6993638480167688, 2.7723422643427336, [1]
-8.96710997650108, -0.70998943874982, 1.352773701515887, [0]
-9.775525781048655, 0.9621512883335688, 2.927746369164571, [0]
-11.156028597677846, 1.0182745786128793, 2.7796812398276978, [0]
-10.144945557370587, 0.027089444233220128, 1.757121628833798, [1]
-9.800291532733613, 0.6073120014347303, 1.4035401621366013, [0]
-9.108029792715453, 0.6473910973704708, 2.236542256387068, [1]
-9.355625494497769, 0.5603798926525747, 1.6925975098518151, [1]
-10.2745102367396, 0.6283102386266208, 0.38490251781331186, [1]
-9.460832777468637, 0.014796077817307074, 1.88876437007072, [0]
-9.682730937646276, 0.4391335274821553, 2.744210835344985, [0]
-8.895190476564215, -0.1333577416437246, 2.8354596891633284, [0]
-8.89460824082127, 0.7789796473443256, 2.0231518287592762, [1]
-7.993027095738625, 1.513159551864845, 0.1878405811935514, [0]
-8.82399021882044, 0.5630465821291746, 2.083702172472221, [0]
-9.319101163596818, 0.4747213672756577, 3.00196070769632, [1]
-8.908910541288204, 2.003594042564511, 1.7026776805053827, [1]
-9.431441510750219, 1.194664043143683, 1.7187452123661002, [0]
-9.030133383438372, 0.31056620631714976, 1.8857772708631027, [1]
-8.968106551013925, 0.608502571266328, 2.752769422313339, [1]
-8.776351435135595, 0.7492253908968501, 2.1126196204384478, [0]
-9.184669790556818, 0.501129514904076, 1.7184104224447998, [1]
-9.352109580003148, 3.1288119904641047, 0.5277946167664799, [0]
-9.047483234399822, 1.4205107429512265, 1.7734216705713874, [0]
-10.596620372351625, 0.16176087685985496, 2.306312272512978, [1]
-8.578104442808904, -0.4918057847022428, -0.25679227668813, [1]
-9.843047396399504, 0.9124474589259787, 3.0924867333968633, [0]
-11.33623866265266, -0.4450611041083903, 2.3871720119450375, [0]
-9.659993198291513, 0.72938835135272, 1.970699079915529, [1]
-8.673137330079594, 1.319718920365546, -0.9187949535943406, [1]
-9.062063122529198, 0.843953531086985, 1.9459598498119002, [0]
-10.058927240461609, 0.7694288800312843, 1.56199478033131, [0]
-8.829002261145328, 0.4845132056997511, 1.7063054372379265, [0]
-9.369388616425415, 0.8176407416892015, 1.5777701834361186, [1]
-9.835844847148888, 0.8438412109627471, 1.2964260072227858, [1]
-9.174896504709755, 0.5991861235016233, 2.6936421808064974, [1]
-10.000545807998009, 0.7148244057437148, 3.135792576677588, [0]
-8.458836928411362, 0.6002114772862011, 1.5784953899677938, [0]
-9.558191291697225, -0.93430857821492, 0.6156504113254924, [0]
-9.5235441741396, 0.3231454668737892, 2.6280342045774554, [0]
-8.548073476605861, 0.2895063167254398, 2.4708306559205897, [0]
-9.309138824707116, -0.2838592397254675, 2.0452214362681334, [0]
-10.445786663137547, -0.054640429269152246, 0.5968616897092669, [0]
-9.406013505908442, 1.6465292252241281, 0.4093761533190414, [1]
-8.901576972319894, 0.9717351259017082, 1.3336664604999044, [1]
-9.400240622019174, 0.5030232343209771, 1.7523039143232162, [1]
-8.62783669983969, 1.1073465315182105, 2.3842814723455708, [0]
-9.11470031453372, 0.4697409713318842, 2.0989568348811054, [0]
-8.677637766892316, 0.863344638391648, 0.967585002587274, [1]
-9.136624972549903, 0.3733936668084527, 1.9699593543685363, [1]
-9.225298875185228, 1.2002692742665386, 2.0096791522686197, [1]
-9.967605154944142, 0.2118368137274187, 2.761019587480798, [0]
-8.918631401453643, 0.4619585811144281, 1.3999192645034364, [1]
-9.442664639396645, 1.3760816599033343, 1.5270825010731923, [1]
-8.791583226068155, 0.7172041644028216, 0.5687978530296542, [1]
-9.322890643537741, 0.33427204151449363, 2.6964210710054206, [1]
-9.03709433232174, 0.22704786635424706, 1.3397725842171495, [1]
-9.212010962118637, -0.497124654062907, -0.3394219673690013, [0]
-8.828634697008086, -0.02378976181982373, 0.8813376123228114, [0]
-8.81971967063419, 0.339844516425696, -0.3934623209592306, [0]
-9.281899585056715, -0.735989066938084, 0.5450868019261704, [1]
-9.14902002951327, 1.0418276035540062, 2.3652455737421025, [0]
-9.270284826049801, 0.37896685977420996, 1.6970542541845834, [0]
-9.975620876784037, 0.7356096776544336, 1.1146286193641501, [1]
-9.78147707650155, 2.1469422661763584, 1.979790936046307, [0]
-9.524076405664868, 0.5979298866311183, 1.527037162703823, [1]
-9.141734007687004, 1.4865856629428222, 2.140088119745357, [1]
-8.68120749477464, 0.8612946507979555, 2.7719155254957957, [1]
-9.05847729468651, 0.9431270775254617, 3.4522162039918154, [0]
-8.778133432398768, 0.640456484030385, 1.698614276158422, [0]
-9.300153403504615, 2.5839742241557992, -0.3436620079980992, [1]
-8.962620303003183, 0.8907779677521535, 1.0557520783288767, [1]
-9.27947011990404, 0.6907787525904278, 1.9932140075784233, [0]
-9.106920280799258, 0.24344462111000365, 2.8762231769530833, [0]
-10.121188122027272, 1.8226501883168327, -1.0106472036505696, [1]
-9.561060761318183, -0.11487757479778793, 0.7276415814342164, [1]
-9.480319783456947, 0.48351153237410915, 1.899757648364, [1]
-9.429373081768732, 1.7724497407790862, 0.05813995358970603, [1]
-8.457759055688657, 0.20203221003009703, 2.7560177045720797, [1]
-8.853205584514532, 0.5014268186343102, 2.3158830137530977, [0]
-9.712750481623813, 1.5920949356425964, 1.7190511164151092, [1]
-10.007779393786523, 1.5921273266164655, 1.8431250978058036, [0]
-9.746218144310657, 2.294288988290784, 0.8668403897614736, [1]
-8.567283650624875, 1.9865215021916038, 1.498153253790711, [1]
-10.458450791405877, -0.13382279219392051, 2.382930992756171, [1]
-9.774233556072375, 0.9447394569015798, 1.09919666402219, [0]
-9.72043467376067, 1.5049308143874756, 2.2081998451411016, [1]
-9.469462447345393, 1.420518320695623, 0.1760838141529702, [0]
-10.534079583952352, 0.3235461448563649, 2.20567134911847, [0]
-9.157026427411266, 0.7814629084594934, 1.8822085894940541, [0]
-8.902291871985948, -0.09811788804758903, 1.6928711148821123, [0]
-8.791558944574586, 0.6413403262036055, 2.271683700641217, [1]
-9.464145933337022, 0.559146350385787, 2.565611199758426, [1]
-8.8636420714636, 0.3192297244905584, 1.7851008004274156, [0]
-9.826331226140086, 1.119564765523955, 2.733205173118756, [1]
-9.114593596691071, 1.1508104080992716, 3.182660414070093, [1]
-9.95899807736866, 0.45524260174669373, 1.5834283586691398, [1]
-10.832972710649022, 1.4588596317758, 0.15223532973462814, [1]
-9.147728625868023, -1.9069329357870082, 0.8011740454941512, [1]
-9.676204146871019, 1.7129939306245703, 1.1422888767819983, [0]
-9.291362579387014, 1.1117816913212333, 1.935922069699394, [0]
-9.43671941954855, -0.4593466315310512, 1.1007858144496225, [1]
-9.337696871101464, 1.222822610588537, 0.2436670508279165, [1]
-9.982063633402447, -0.06924061859797867, 1.3622640978781078, [0]
-10.035660638097779, -0.6562478365394523, -1.1891648563029196, [1]
-9.54668619073036, 0.6328866369305925, 2.5874275740197614, [1]
-9.263985251734791, 0.4902932506357776, 1.6030174672370614, [0]
-11.061216308195599, 1.4348933358491225, 2.0675653986465945, [1]
-9.848745870240435, -2.020768764434611, 0.5808054416656765, [0]
-8.850685890740047, 0.7013410222848271, 2.179222886582019, [0]
-8.796184213199345, 0.7238818185398845, 3.591376662962724, [1]
-8.79311657489329, 0.10893223060011403, 2.0716142857974122, [1]
-9.718216884850289, 1.5558141099665719, 2.04757034452442, [1]
-8.74197442467342, 0.6517710036772075, 2.442892374805469, [1]
-8.678198825361545, -0.19362138614350355, -1.441978771817348, [1]
-8.744532673507257, 0.8841604220987921, 2.476268049127265, [0]
-8.205101956203457, 0.007380438154954705, 3.0165758926014297, [0]
-9.845938056435823, 0.77947104687795, 2.562234246988993, [1]
-9.359206232420533, 0.06694366461832135, 1.7375630264788584, [1]
-9.486056461006598, 0.10241620682216346, 1.5347576794785445, [1]
-8.726765537918112, 0.35080918305286296, 2.2055393988820633, [1]
-9.352319241661332, 1.5181842173644637, 2.596603821202229, [0]
-9.105845277654145, -0.4495877608746628, 1.4219003969744426, [0]
-9.155097624663025, -1.0513632274037559, 1.3688212975361091, [1]
-9.46203832683067, 1.051791768244094, -0.18255047545120506, [0]
-9.635240892612574, 2.106802061850226, 0.34611840604204525, [1]
-9.711253369676385, 0.43417245952092864, 1.9251081374924173, [0]
-9.763778857331701, -2.4108158317993507, -0.18638945791440306, [0]
-9.242309127007772, -0.03236937306170118, 1.5273225419729797, [0]
-9.434437225256923, 0.5212003349269623, 2.554290202331444, [1]
-9.007980376173109, 0.7855013998840006, 1.702290284002916, [0]
-9.100697255319181, 0.27686005544583414, 1.667143020481945, [1]
-9.260967059935286, 0.12322209694387076, 1.5361997380211614, [0]
-8.735272753549554, 0.6227303226501949, 2.7199418197131675, [1]
-9.048703283316236, -0.013387282225967856, 2.1008409540069057, [0]
-9.674305880142485, -0.6011841823698452, 1.6390837392370767, [0]
-9.409096514284675, 0.41892350691752844, 1.6663744335351187, [0]
-9.118149870800897, -0.06386577979860569, 1.8714920861959434, [0]
-10.355776939409651, 0.6917274240817638, 2.201179298415704, [0]
-8.877526855166883, 1.3557634767446454, 1.2235590923278186, [1]
-9.311074280894323, 1.2909606451832654, 1.989346261924407, [1]
-8.98977099357583, 0.43431747928845776, 2.789519374279028, [0]
-8.701743927618665, 0.33146051255496745, 2.41756667698645, [0]
-8.961225829213829, 1.4478839980958491, 2.1718434623184804, [0]
-8.82327869453727, 0.765104915870765, 2.2973037202662376, [0]
-9.589589529067926, 1.2620171238767646, 2.9595886580127084, [0]
-9.390017725009022, 0.9664007161206413, 2.105578138461316, [1]
-8.985504052857932, 0.9858668636459367, 2.2441054218679612, [0]
-9.190421163577852, 1.8681806366465734, 1.7971614070057278, [0]
-8.848414748090269, 1.0953554466169835, 1.8810755030167323, [0]
-9.145100470448533, 1.001999898353586, 2.1013596042310554, [1]
-9.790862379105713, 2.7698616541950014, 0.8678241568294234, [0]
-9.329956620843122, 1.4063365795563325, 1.006499834299377, [0]
-9.168489249552977, 0.39771690154643136, 1.9933190858872485, [0]
-9.166436320466714, 0.6397269220222264, 2.801339201167558, [1]
-8.849628920892304, 0.8539587132494985, 2.931459672159581, [0]
-9.155141353088931, 0.44069053489837795, 2.155106955567322, [1]
-9.040413721280673, -2.084540330951726, -1.1069367348354588, [1]
-9.984171188601971, 0.2845736793360655, 1.4338667260971758, [1]
-8.964817633766247, 0.23211031477101862, 0.7303831277441468, [0]
-9.943092304162265, 0.366182498029166, 1.4324062999644367, [0]
-9.187170501805747, 2.0951720250214625, 1.5951182106884385, [0]
-8.714551893554608, -1.6316538649286736, 0.5737852554266694, [0]
-9.162973123674606, -0.31550200487951485, 1.9389584610486337, [0]
-9.024585305850204, 0.32803105701200197, 1.2817267975285378, [1]
-9.619013554682102, 0.034645018013604756, 2.7918139669344706, [0]
-9.212265092846168, 0.2162150983823392, 1.4881609910433011, [1]
-9.287925444791243, 0.5595741341985273, 1.117463112564802, [0]
-9.789988907943886, 0.5628160018506858, 2.7550081724150197, [0]
-10.68733967394291, 1.3092018092621265, -0.3404535614181064, [1]
-9.39663334476377, 1.3333250301674107, 2.1617596087651796, [1]
-9.09063001911129, 1.0553118312003291, 1.7528281391167397, [1]
